Time(s)              GasTemp(K)           NearWallTemp(K)      [O2(X)](m^-3)        [O2(a1Dg)](m^-3)     [O2(b1Sg+)](m^-3)    [O2(A3Su+_C3Du_c1Su-)](m^-3) [O2(+,X)](m^-3)      [O(3P)](m^-3)        [O(1D)](m^-3)        [O(+,gnd)](m^-3)     [O(-,gnd)](m^-3)     [O3(X)](m^-3)        [O3(exc)](m^-3)      [CO2(X)](m^-3)       [CO2(e1)](m^-3)      [CO2(+,X)](m^-3)     [CO(X)](m^-3)        [CO(a3P)](m^-3)      [CO(+,X)](m^-3)      [C(X)](m^-3)        
0.00000000000000e+00 3.73766619950000e+02 3.21177478977500e+02 1.04733166710421e+20 1.04733166710421e-05 1.04733166710421e-05 1.04733166710421e-05 0.00000000000000e+00 0.00000000000000e+00 0.00000000000000e+00 0.00000000000000e+00 0.00000000000000e+00 0.00000000000000e+00 0.00000000000000e+00 1.04733166710421e+20 1.04733166710421e-05 0.00000000000000e+00 0.00000000000000e+00 0.00000000000000e+00 0.00000000000000e+00 0.00000000000000e+00 
3.59992658046441e-14 3.73766619666290e+02 3.26289367554736e+02 1.04733166710407e+20 5.02791448620109e+06 1.16340751207242e+06 2.09141519786901e+06 6.59304522525086e+03 9.48854129274622e+06 3.61220845084793e+06 2.69047206445688e+00 2.79126834043212e+05 8.88098855506391e-07 7.99032385282398e-13 1.04733166710417e+20 3.46265849678177e+06 2.94943292354074e+03 6.46502319227965e+05 3.38682885997297e+05 8.73107389718776e-12 1.25434960864345e-10 
7.19985316092882e-14 3.73766619382580e+02 3.26289367391589e+02 1.04733166710392e+20 1.00558289724026e+07 2.32681502440330e+06 4.18283039311852e+06 1.31860904510715e+04 1.89770825940624e+07 7.22441689320735e+06 5.38094411969610e+00 5.58253668080989e+05 2.80294491104407e-06 2.52184061121901e-12 1.04733166710412e+20 6.92531699277666e+06 5.89886583117206e+03 1.29300463853449e+06 6.77365771907288e+05 2.75563006305223e-11 3.95887555821678e-10 
1.07997797413932e-13 3.73766619098871e+02 3.26289367228442e+02 1.04733166710378e+20 1.50837434586151e+07 3.49022253700878e+06 6.27424558570399e+06 1.97791356774740e+04 2.84656239041293e+07 1.08366253268993e+07 8.07141616552333e+00 8.37380502113216e+05 5.76618368874806e-06 5.18789939730246e-12 1.04733166710408e+20 1.03879754879788e+07 8.84829872255858e+03 1.93950695792123e+06 1.01604865772813e+06 5.66884814427792e-11 8.14414995473998e-10 
2.75656719321726e-13 3.73766617777552e+02 3.26289367065295e+02 1.04733166710310e+20 3.85001855266959e+07 8.90854552402136e+06 1.60145668791861e+07 5.04848412050546e+04 7.26564865468474e+07 2.76597175292278e+07 2.06017172247758e+01 2.13735434938194e+06 3.25074505825030e-05 2.92473139070795e-11 1.04733166710387e+20 2.65145707646328e+07 2.25846547436609e+04 4.95045397287205e+06 2.59339214506129e+06 3.19587107679578e-10 4.59134787472917e-09 
4.43315641229520e-13 3.73766616456234e+02 3.26289366305473e+02 1.04733166710243e+20 6.19166275950129e+07 1.43268685168897e+07 2.57548881158583e+07 8.11905467450425e+04 1.16847349376171e+08 4.44828095467248e+07 3.31320180833198e+01 3.43732819653230e+06 8.16054554660452e-05 7.34213339480516e-11 1.04733166710366e+20 4.26411660243813e+07 3.63210104183463e+04 7.96140098953349e+06 4.17073563049341e+06 8.02279186498664e-10 1.15259433720499e-08 
6.10974563137315e-13 3.73766615134916e+02 3.26289365545651e+02 1.04733166710175e+20 8.53330696635695e+07 1.97451915157003e+07 3.54952092948799e+07 1.11896252297621e+05 1.61038212394862e+08 6.13059013766553e+07 4.56623187381856e+01 4.73730204356255e+06 1.53391003847336e-04 1.38007589229267e-10 1.04733166710346e+20 5.87677612669739e+07 5.00573657414892e+04 1.09723480079309e+07 5.74807911399635e+06 1.50801691906333e-09 2.16649244137857e-08 
7.78633485045109e-13 3.73766613813598e+02 3.26289364785830e+02 1.04733166710108e+20 1.08749511732367e+08 2.51635145204839e+07 4.52355304159544e+07 1.42601957862855e+05 2.05229075603893e+08 7.81289930180550e+07 5.81926191883258e+01 6.03727589047208e+06 2.47980751569524e-04 2.23111036646029e-10 1.04733166710325e+20 7.48943564923227e+07 6.37937207112819e+04 1.39832950280731e+07 7.32542259556020e+06 2.43794715859408e-09 3.50247674569926e-08 
1.29822295490531e-12 3.73766609718720e+02 3.26289364026008e+02 1.04733166709899e+20 1.81319086809837e+08 4.19553652130652e+07 7.54216259019474e+07 2.37761589740904e+05 3.42180376072137e+08 1.30265204839638e+08 9.70251004886096e+01 1.00660070437751e+07 6.86134827566740e-04 6.17323137393747e-10 1.04733166710261e+20 1.24872066894234e+08 1.06363868119057e+05 2.33144797334925e+07 1.22137461752417e+07 6.74552492301467e-09 9.69095893224485e-08 
1.81781242476551e-12 3.73766605623842e+02 3.26289361671255e+02 1.04733166709690e+20 2.53888661889622e+08 5.87472159630684e+07 1.05607720830855e+08 3.32921221740620e+05 4.79131678370260e+08 1.82401414848741e+08 1.35857579820722e+02 1.40947381959175e+07 1.34352183781209e-03 1.20878156447853e-09 1.04733166710196e+20 1.74849777130367e+08 1.48934012129826e+05 3.26456644556865e+07 1.71020697362814e+07 1.32084236556910e-08 1.89758840958642e-07 
2.33740189462572e-12 3.73766601528964e+02 3.26289359316501e+02 1.04733166709480e+20 3.26458236971722e+08 7.55390667704952e+07 1.35793815202659e+08 4.28080853862006e+05 6.16082982498319e+08 2.34537623045306e+08 1.74690057184601e+02 1.81234693468992e+07 2.22014869546240e-03 1.99749254756319e-09 1.04733166710132e+20 2.24827487200716e+08 1.91504152743485e+05 4.19768491946554e+07 2.19903932786785e+07 2.18267109376089e-08 3.13573498828789e-07 
2.85699136448592e-12 3.73766597434086e+02 3.26289356961748e+02 1.04733166709271e+20 3.99027812056138e+08 9.23309176353453e+07 1.65979909017363e+08 5.23240486105063e+05 7.53034288456305e+08 2.86673829429344e+08 2.13522532580257e+02 2.21522004967203e+07 3.31601414251547e-03 2.98345496493644e-09 1.04733166710068e+20 2.74805197105283e+08 2.34074289960051e+05 5.13080339503994e+07 2.68787168024334e+07 3.26003740054407e-08 4.68353385304282e-07 
8.05288606308794e-12 3.73766556485319e+02 3.26289354606995e+02 1.04733166707180e+20 1.12472356302763e+09 2.60249429442097e+08 4.67840816524216e+08 1.47483681522741e+06 2.12254744868106e+09 8.08035793581743e+08 6.01847178285729e+02 6.24395119310938e+07 2.63326703133982e-02 2.36918030697382e-08 1.04733166709425e+20 7.74582287032990e+08 6.59775475287727e+05 1.44619882430452e+08 7.57619510146627e+07 2.58881343305795e-07 3.71922279190187e-06 
1.32487807616900e-11 3.73766515536570e+02 3.26289331059474e+02 1.04733166705090e+20 1.85041931423065e+09 4.28167946991131e+08 7.69701668321544e+08 2.42643315651666e+06 3.49206079189682e+09 1.32939757648298e+09 9.90171627170725e+02 1.02726823249400e+08 7.12730055943773e-02 6.41251443510658e-08 1.04733166708783e+20 1.27435936038256e+09 1.08547632090959e+06 2.37931732587985e+08 1.24645183362672e+08 7.00697672288774e-07 1.00665897184920e-05 
1.84446754602920e-11 3.73766474587840e+02 3.26289307511965e+02 1.04733166702999e+20 2.57611506566519e+09 5.96086470282439e+08 1.07156246440941e+09 3.37802950997279e+06 4.86157431810339e+09 1.85075917813327e+09 1.37849587923550e+03 1.43014134451640e+08 1.38137002487460e-01 1.24283472713793e-07 1.04733166708141e+20 1.77413641715401e+09 1.51117682682638e+06 3.31243584422998e+08 1.73528413846464e+08 1.35804881199545e-06 1.95104517426810e-05 
2.36405701588940e-11 3.73766433639130e+02 3.26289283964469e+02 1.04733166700908e+20 3.30181081733125e+09 7.64004999316020e+08 1.37342320478782e+09 4.32962587559578e+06 6.23108802730067e+09 2.37212059853272e+09 1.76681993448018e+03 1.83301445537813e+08 2.26924658142007e-01 2.04166795698269e-07 1.04733166707498e+20 2.27391345734734e+09 1.93687699303863e+06 4.24555437935490e+08 2.22411642466037e+08 2.23093433961107e-06 3.20508085131872e-05 
7.55995171449143e-11 3.73766024153062e+02 3.26289260416986e+02 1.04733166679999e+20 1.05587683467257e+10 2.44319060547587e+09 4.39202754455816e+09 1.38455902009998e+07 1.99262351837361e+10 7.58572483375644e+09 5.65004966185876e+03 5.86174550015859e+08 2.32060249753143e+00 2.08787843183087e-06 1.04733166701074e+20 7.27168294748460e+09 6.19385997158790e+06 1.35767406532175e+09 7.11243826129811e+08 2.28140386106631e-05 3.27761613040618e-04 
1.27558464130934e-10 3.73765614668886e+02 3.26289024942876e+02 1.04733166659090e+20 1.78157258992723e+10 4.12237678586000e+09 7.41062631340186e+09 2.33615557430792e+07 3.36214006391589e+10 1.27993109439781e+10 9.53325970734532e+03 9.89047642887214e+08 6.60664627938081e+00 5.94410113389286e-06 1.04733166694650e+20 1.22694507798116e+10 1.04508089802418e+07 2.29079286045588e+09 1.20007582337187e+09 6.49501313264687e-05 9.33121960219813e-04 
1.79517411116955e-10 3.73765205186602e+02 3.26288789470068e+02 1.04733166638180e+20 2.50726834749711e+10 5.80156354046597e+09 1.04292195113338e+10 3.28775225018246e+07 4.73165843934993e+10 1.80128789292677e+10 1.34164500710385e+04 1.39192072415188e+09 1.30850559932866e+01 1.17728445406632e-05 1.04733166688226e+20 1.72672169543296e+10 1.47077240194683e+07 3.22391182333782e+09 1.68890763419229e+09 1.28638835464556e-04 1.84813189760219e-03 
2.31476358102975e-10 3.73764795706210e+02 3.26288553998564e+02 1.04733166617271e+20 3.23296410738219e+10 7.48075086929121e+09 1.34478071383697e+10 4.23934904772259e+07 6.10117864466838e+10 2.32264287896982e+10 1.72996207530415e+04 1.79479379380985e+09 2.17558316195299e+01 1.95741187395210e-05 1.04733166681802e+20 2.22649814710401e+10 1.89646050897576e+07 4.15703095396749e+09 2.17773925859113e+09 2.13879756066995e-04 3.07279147374527e-03 
7.51065827963177e-10 3.73760701006325e+02 3.26288318528363e+02 1.04733166408181e+20 1.04899218335663e+11 2.42726557386763e+10 4.36333770151060e+10 1.37553237143727e+08 1.97964813388437e+11 7.53609305532598e+10 5.61302451175130e+04 5.82352385202123e+09 2.29043705215842e+02 2.06079703461348e-04 1.04733166617563e+20 7.22425354592372e+10 6.15315476784582e+07 1.34882314863667e+10 7.06604524941858e+09 2.25151797801971e-03 3.23501348357582e-02 
1.27065529782338e-09 3.73756606495596e+02 3.26285963898023e+02 1.04733166199091e+20 1.77468797912611e+11 4.10646180270608e+10 7.38183898201117e+10 2.32713105464489e+08 3.34919670130864e+11 1.27493619914591e+11 9.49589014310478e+04 9.85225274956269e+09 6.55568145316335e+02 5.89849889199454e-04 1.04733166553323e+20 1.22219923668283e+11 1.04095093933398e+08 2.28194487934667e+10 1.19543325981696e+10 6.44392673016052e-03 9.25924972344395e-02 
1.79024476768358e-09 3.73752512174015e+02 3.26283609397990e+02 1.04733165990001e+20 2.50038379804584e+11 5.78566377319973e+10 1.04002845568328e+11 3.27873095430037e+08 4.71876356603978e+11 1.79624496943612e+11 1.33785589792318e+05 1.38809804864337e+10 1.30132913128074e+03 1.17089430549234e-03 1.04733166489084e+20 1.72197146099518e+11 1.46655244322478e+08 3.21506828752063e+10 1.68426013049121e+10 1.27907290648363e-02 1.83799924774637e-01 
2.30983423754378e-09 3.73748418041572e+02 3.26281255028255e+02 1.04733165780912e+20 3.22607964011493e+11 7.46487148509230e+10 1.34186744275402e+11 4.23033207030449e+08 6.08834872734479e+11 2.31753561713551e+11 1.72610310304666e+05 1.79097070626338e+10 2.16632664149510e+03 1.94922303797151e-03 1.04733166424845e+20 2.22174202754346e+11 1.89211999335675e+08 4.14819337315213e+10 2.17308513697169e+10 2.12915302691614e-02 3.05972465745133e-01 
6.20168914397884e-09 3.73717757980052e+02 3.26278900788811e+02 1.04733164214797e+20 8.66172348930794e+11 2.00427391945001e+11 3.60253973890861e+11 1.13581007756888e+09 1.63474653685022e+12 6.22155659907358e+11 4.63354602723031e+05 4.80858384621766e+10 1.56164456513765e+04 1.40531696949326e-02 1.04733165943683e+20 5.96509568743880e+11 5.07864809915885e+08 1.11375866675151e+11 5.83444725355079e+10 1.53415907598530e-01 2.20567928225895e+00 
1.00935440504139e-08 3.73687108525330e+02 3.26261271089406e+02 1.04733162648710e+20 1.40973686368549e+12 3.26209288962900e+11 5.86289958815361e+11 1.84859376756467e+09 2.66076081684354e+12 1.01245611830134e+12 7.53988540504384e+05 7.82619047433625e+10 4.13665655873001e+04 3.72303320403772e-02 1.04733165462531e+20 9.70835634709211e+11 8.26327360193065e+08 1.81270740706344e+11 9.49570478508265e+10 4.06200012202492e-01 5.84267093534270e+00 
1.39853989568489e-08 3.73656469673379e+02 3.26243648695960e+02 1.04733161082651e+20 1.95330150823895e+12 4.51994404825769e+11 8.12294705634074e+11 2.56138427284707e+09 3.68687768186812e+12 1.40265496771180e+12 1.04451216713786e+06 1.08437905905965e+11 7.94166773478039e+04 7.14849570319521e-02 1.04733164981389e+20 1.34515240124118e+12 1.14459985603663e+09 2.51166555798107e+11 1.31568577345568e+11 7.79478147392905e-01 1.12169677571879e+01 
1.78772538632840e-08 3.73625841420173e+02 3.26226033605078e+02 1.04733159516618e+20 2.49686628255456e+12 5.77782738455524e+11 1.03826822092648e+12 3.27418158925186e+09 4.71309710110475e+12 1.79275223892795e+12 1.33492552607465e+06 1.38613841949757e+11 1.29766771835526e+05 1.16821289595312e-01 1.04733164500256e+20 1.71945986893010e+12 1.46268250292796e+09 3.21063311923457e+11 1.68179061049613e+11 1.27308501925240e+00 1.83285900691392e+01 
2.17691087697191e-08 3.73595223761691e+02 3.26208425813369e+02 1.04733157950613e+20 3.04043118659574e+12 7.03574288774813e+11 1.26421051126662e+12 3.98698571262122e+09 5.73941904376014e+12 2.18274796271307e+12 1.62522866072957e+06 1.68789712874512e+11 1.92416839956875e+05 1.73243572767601e-01 1.04733164019133e+20 2.09375803836582e+12 1.78057550596985e+09 3.90961009055427e+11 2.04788498992828e+11 1.88685572789329e+00 2.71775581823880e+01 
6.06876578340696e-08 3.73289629004195e+02 3.26190825317442e+02 1.04733142292066e+20 8.47608735387853e+12 1.96166647322126e+12 3.52191748526037e+12 1.11154004203105e+10 1.60082704999006e+13 6.07712684370771e+12 4.52220720064123e+06 4.70544840525122e+11 1.49541407042522e+06 1.34812700249136e+00 1.04733159208428e+20 5.83622845825755e+12 4.94911989022705e+09 1.08998972980763e+12 5.70825368148306e+11 1.45976904904458e+01 2.11225724757738e+02 
9.96062068984201e-08 3.72985089309291e+02 3.26015220882410e+02 1.04733126636248e+20 1.39117564535555e+13 3.22007914368070e+12 5.77650917468953e+12 1.82444912869151e+10 2.62873405260217e+13 9.96138472051735e+12 7.40821092827098e+06 7.72293456022390e+11 4.02839866065015e+06 3.63627213508156e+00 1.04733154398682e+20 9.57776969975428e+12 8.09892323473906e+09 1.78911252156443e+12 9.36757694065374e+11 3.91460221818885e+01 5.69030801809512e+02 
1.38524755962771e-07 3.72681600682052e+02 3.25840342310860e+02 1.04733110983153e+20 1.93474384491923e+13 4.47881122693533e+12 8.02799211329938e+12 2.53742542246485e+10 3.65765985241693e+13 1.38355521611239e+13 1.02832829860886e+07 1.07403555913893e+12 7.79136151512247e+06 7.04192089812811e+00 1.04733149589894e+20 1.33183823490223e+13 1.12301862326596e+10 2.48832935737168e+12 1.30258550659558e+12 7.53718244783382e+01 1.10061307842858e+03 
1.77443305027121e-07 3.72379159144491e+02 3.25666186240795e+02 1.04733095332775e+20 2.47831333044492e+13 5.73786165240861e+12 1.02763728089922e+13 3.25046851903264e+10 4.68760140216646e+13 1.76996596082443e+13 1.31474663416957e+07 1.37577114964682e+12 1.27842935368098e+07 1.15693145748261e+01 1.04733144782062e+20 1.70580669898756e+13 1.43431067697912e+10 3.18764021028392e+12 1.66830883558156e+12 1.23118166575043e+02 1.80599282995639e+03 
2.16361854091472e-07 3.72077760735425e+02 3.25492749327167e+02 1.04733079685110e+20 3.02188409830795e+13 6.99722935214737e+12 1.25216577440611e+13 3.96357801846970e+10 5.71855566699933e+13 2.15537373804414e+13 1.60008037890960e+07 1.67750022731766e+12 1.90071856271431e+07 1.72226937659484e+01 1.04733139975186e+20 2.07968242037979e+13 1.74378799772526e+10 3.88704505336434e+12 2.03392771085710e+12 1.82231134124947e+02 2.68519031807224e+03 
4.18443882214672e-07 3.70529387996325e+02 3.25320028241748e+02 1.04732998479032e+20 5.84436034098382e+13 1.35414738300539e+13 2.41306310600688e+13 7.66740504674075e+10 1.10878837263488e+14 4.14056981629053e+13 3.06438403240297e+07 3.24410407213762e+12 7.10927497338841e+07 6.48432467911153e+01 1.04733115031138e+20 4.01951893155417e+13 3.32228598988181e+10 7.52016912618360e+12 3.93070173524704e+12 6.66189993957043e+02 1.00455974519917e+04 
6.20525910337873e-07 3.69008488658270e+02 3.24434566565360e+02 1.04732917345206e+20 8.66687055797182e+13 2.00940958120458e+13 3.56572046283213e+13 1.13729582892631e+11 1.64840170665131e+14 6.09922292282229e+13 4.50014917166383e+07 4.81053228342925e+12 1.56338213417155e+08 1.43529370168115e+02 1.04733090112739e+20 5.95686453424165e+13 4.85494817446103e+10 1.11558228117786e+13 5.82466451885309e+12 1.43269538409640e+03 2.20957445609394e+04 
8.22607938461073e-07 3.67514528909622e+02 3.23567859645433e+02 1.04732836282909e+20 1.14894142534074e+14 2.66549490413903e+13 4.71022545345011e+13 1.50801869184272e+11 2.19065460498985e+14 8.03174227723179e+13 5.90795344071311e+07 6.37678482858012e+12 2.74742300981995e+08 2.53873531412218e+02 1.04733065219886e+20 7.89172708336537e+13 6.34418734290619e+10 1.47940023499905e+13 7.71582022708672e+12 2.46359365804167e+03 3.88384509264957e+04 
1.02468996658427e-06 3.66046986164136e+02 3.22719462495435e+02 1.04732755291433e+20 1.43119909377122e+14 3.32238890314780e+13 5.84666399979153e+13 1.87890427341579e+11 2.73550692181785e+14 9.93852892056131e+13 7.28836285177147e+07 7.94286167463436e+12 4.26303735644779e+08 3.96467302977695e+02 1.04733040352479e+20 9.82411428063469e+13 7.79225697874670e+10 1.84347039866749e+13 9.60417301914006e+12 3.74236053979903e+03 6.02765262255269e+04 
1.22677199470747e-06 3.64605348826196e+02 3.21888941430998e+02 1.04732674370088e+20 1.71346001274781e+14 3.98007730357144e+13 6.97512038274332e+13 2.24994799838021e+11 3.28291930718016e+14 1.18199759357887e+14 8.64193201815270e+07 9.50876278829983e+12 6.11021239523943e+08 5.71901185096430e+02 1.04733015510421e+20 1.17540336788090e+14 9.20126415941927e+10 2.20779239736770e+13 1.14897270479882e+13 5.25392725298277e+03 8.64127705277152e+04 
1.42885402283068e-06 3.63189116072808e+02 3.21075873789759e+02 1.04732593518193e+20 1.99572413453615e+14 4.63854600201551e+13 8.09567728378921e+13 2.62114552062472e+11 3.83285318694277e+14 1.36764686483859e+14 9.96920436889440e+07 1.10744881359547e+13 8.28893533631453e+08 7.80764440549417e+02 1.04732990693617e+20 1.36814926856105e+14 1.05731804804003e+11 2.57236585688079e+13 1.33724864603920e+13 6.98453934357950e+03 1.17249974294178e+05 
1.99664928882509e-06 3.59341689229199e+02 3.20279847663981e+02 1.04732366712528e+20 2.78882590797814e+14 6.49272038789714e+13 1.12025473242408e+14 3.66489747758919e+11 5.39119065506808e+14 1.87623614467293e+14 1.35622617304227e+08 1.54728074013577e+13 1.61849339889321e+09 1.55156887018370e+03 1.04732921099574e+20 1.90840191661673e+14 1.42448426787998e+11 3.59806028403843e+13 1.86476041256130e+13 1.29148152662250e+04 2.29078131735669e+05 
2.56444455481951e-06 3.55680546157331e+02 3.18131034439095e+02 1.04732140435774e+20 3.58195157526962e+14 8.35264337977203e+13 1.42494254780276e+14 4.70974808414768e+11 6.96833020459024e+14 2.36622786267377e+14 1.69632407477635e+08 1.98697380353749e+13 2.66979732499318e+09 2.60388351512313e+03 1.04732851702265e+20 2.44673342632908e+14 1.76742093641268e+11 4.62572867498118e+13 2.39007837552991e+13 2.02418800132015e+04 3.78101504733127e+05 
3.13223982081393e-06 3.52195844749747e+02 3.16105149978642e+02 1.04731914674519e+20 4.37510014983809e+14 1.02180226529696e+14 1.72379609133748e+14 5.75562440829384e+11 8.56350599440867e+14 2.83838694622286e+14 2.01828738927424e+08 2.42652792533904e+13 3.98277679910444e+09 3.95055310500202e+03 1.04732782499903e+20 2.98315856028415e+14 2.08916701323958e+11 5.65536280337943e+13 2.91321165483655e+13 2.87802404699051e+04 5.64380777996596e+05 
3.70003508680835e-06 3.48878310029047e+02 3.14194305036220e+02 1.04731689416064e+20 5.16827067817433e+14 1.20885753355158e+14 2.01697216898869e+14 6.80246248759607e+11 1.01759917184447e+15 3.29343879189785e+14 2.32312971084498e+08 2.86594302533527e+13 5.55740323661024e+09 5.60427179710134e+03 1.04732713490818e+20 3.51769135418010e+14 2.39228304693130e+11 6.68695447889895e+13 3.43416933216203e+13 3.83817487405675e+04 7.87976043459471e+05 
4.26783035280277e-06 3.45719198738558e+02 3.12391160280477e+02 1.04731464648364e+20 5.96146223823788e+14 1.39640275950846e+14 2.30462008006927e+14 7.85020579687333e+11 1.18050977494823e+15 3.73207212158485e+14 2.61180844797973e+08 3.30521902168193e+13 7.39364798010237e+09 7.57755788414198e+03 1.04732644673448e+20 4.05034517478682e+14 2.67894464341620e+11 7.72049554682333e+13 3.95296045115833e+13 4.89263964649695e+04 1.04894680237706e+06 
4.83562561879719e-06 3.42710267963963e+02 3.10688886514768e+02 1.04731240359985e+20 6.75467393806305e+14 1.58441142773946e+14 2.58688213670627e+14 8.89880408569449e+11 1.34501686947929e+15 4.15494142682050e+14 2.88522791319527e+08 3.74435583098762e+13 9.49148229848811e+09 9.88273145701384e+03 1.04732576046323e+20 4.58113276999107e+14 2.95100918441502e+11 8.75597788773305e+13 4.46959401761984e+13 6.03166652768138e+04 1.34735196733042e+06 
6.00963731981735e-06 3.36932115338773e+02 3.09081128601762e+02 1.04730778080138e+20 8.39483201702614e+14 1.97451103137052e+14 3.15400315053377e+14 1.10694792965614e+12 1.68996094135853e+15 4.98194639019463e+14 3.40579826312405e+08 4.65190285698169e+13 1.46586020121744e+10 1.57533504948799e+04 1.04732434745724e+20 5.67275811380396e+14 3.47393031649815e+11 1.09031327975593e+14 5.53101628078392e+13 8.62152623131669e+04 2.08332634467728e+06 
7.18364902083751e-06 3.31700355235063e+02 3.06031574981505e+02 1.04730317714257e+20 1.00350652729311e+15 2.36626669479165e+14 3.69979398944748e+14 1.32432825549120e+12 2.04095504334391e+15 5.74929820126843e+14 3.87166151871042e+08 5.55885369147758e+13 2.09437031389614e+10 2.31978934335532e+04 1.04732294241333e+20 6.75655714386370e+14 3.95239061031130e+11 1.30584816125880e+14 6.58333153800330e+13 1.14869218102278e+05 2.98009845113621e+06 
8.35766072185767e-06 3.26959252721111e+02 3.03314306271501e+02 1.04729859181322e+20 1.16753669103665e+15 2.75947586755824e+14 4.22527877387685e+14 1.54199431207846e+12 2.39753571908682e+15 6.46162362399428e+14 4.28896582137092e+08 6.46520754383929e+13 2.83465286116268e+10 3.23150364030947e+04 1.04732154523004e+20 7.83262227921832e+14 4.39466734160071e+11 1.52219539641712e+14 7.62661787850170e+13 1.45909581100229e+05 4.03816535410979e+06 
9.53167242287783e-06 3.22659275034886e+02 3.00888803773021e+02 1.04729402407290e+20 1.33157305659689e+15 3.15394883229655e+14 4.73139854251607e+14 1.75992400995239e+12 2.75928152403114e+15 7.12312937946302e+14 4.66317286795197e+08 7.37096360382065e+13 3.68668199299048e+10 4.31979810674594e+04 1.04732015581485e+20 8.90103900759916e+14 4.80701512634625e+11 1.73934801012588e+14 8.66095271869041e+13 1.79049552234108e+05 5.25801359403370e+06 
1.07056841238980e-05 3.18756329124582e+02 2.98720007959626e+02 1.04728947324092e+20 1.49561502742093e+15 3.54950778681416e+14 5.21902217418908e+14 1.97809877995533e+12 3.12580789508089e+15 7.73765344869512e+14 4.99913815522674e+08 8.27612104386125e+13 4.65043171369420e+10 5.59340799126613e+04 1.04731877408254e+20 9.96188693564084e+14 5.19429805830073e+11 1.95729908822536e+14 9.68641280844775e+13 2.14062101425719e+05 6.64011926330864e+06 
1.18796958249181e-05 3.15211139610157e+02 2.96777525371582e+02 1.04728493868865e+20 1.65966204390082e+15 3.94598607235683e+14 5.68895493093384e+14 2.19650267315963e+12 3.49676312834415e+15 8.30870529470971e+14 5.30117772012010e+08 9.18067902100509e+13 5.72587587993672e+10 7.06046083876580e+04 1.04731739995398e+20 1.10152406044246e+15 5.56034558896740e+11 2.17604177679805e+14 1.07030742370470e+14 2.50774423092495e+05 8.18494808229158e+06 
1.44991705540441e-05 3.08417009102550e+02 2.95034973675082e+02 1.04727487688059e+20 2.02570208177652e+15 4.83314947077898e+14 6.67745604260358e+14 2.68456713906888e+12 4.33880392564462e+15 9.44215854656818e+14 5.87176226659281e+08 1.11967787560919e+14 8.52792424481974e+10 1.10683019489862e+05 1.04731436101304e+20 1.33388391602950e+15 6.31543097374871e+11 2.66692327953305e+14 1.29401317337326e+14 3.38125196791045e+05 1.22206759366058e+07 
1.71186452831701e-05 3.02908315506616e+02 2.91754933181324e+02 1.04726488744042e+20 2.39175940526429e+15 5.72256571756292e+14 7.58903444365306e+14 3.17358285260484e+12 5.19819340141771e+15 1.04060700827141e+15 6.32731518215189e+08 1.32098801747519e+14 1.18855983516208e+11 1.61479934682915e+05 1.04731135881241e+20 1.56261924583207e+15 7.00289387924713e+11 3.16163753304965e+14 1.51345874172581e+14 4.32112637445484e+05 1.70736200489828e+07 
1.97381200122961e-05 2.98753314511839e+02 2.89154180719330e+02 1.04725496469957e+20 2.75782947825639e+15 6.61294974507524e+14 8.43073354043105e+14 3.66345601209320e+12 6.07221838565695e+15 1.12274937516607e+15 6.69482722436154e+08 1.52199733420995e+14 1.57985995921053e+11 2.23499774174929e+05 1.04730839246402e+20 1.78781664833132e+15 7.63673752967729e+11 3.66011155043284e+14 1.72872518396913e+14 5.31838894114499e+05 2.27484076042214e+07 
2.23575947414220e-05 2.95670715208212e+02 2.85538922207227e+02 1.04724510448578e+20 3.12390826879215e+15 7.50311317009450e+14 9.20799900411687e+14 4.15410814765244e+12 6.95874076917574e+15 1.19277318278874e+15 6.99510887934220e+08 1.72270481708901e+14 2.02666254626501e+11 2.97000113166142e+05 1.04730546139744e+20 2.00953142989500e+15 8.22641831964679e+11 4.16227374183132e+14 1.93989201097150e+14 6.36484477072296e+05 2.92494213355224e+07 
2.49770694705480e-05 2.93190368362376e+02 2.84338026552039e+02 1.04723530352026e+20 3.48999225981340e+15 8.39199066108116e+14 9.92525465877241e+14 4.64547310483124e+12 7.85605102733709e+15 1.25238006673480e+15 7.24422736600406e+08 1.92310944633893e+14 2.52893695210805e+11 3.82147906846493e+05 1.04730256524343e+20 2.22779903910457e+15 8.77891639427091e+11 4.66805388482866e+14 2.14703722007810e+14 7.45422591367701e+05 3.65808039354474e+07 
2.75965441996740e-05 2.91033413641478e+02 2.83395064489775e+02 1.04722555837403e+20 3.85607844499584e+15 9.27870019382790e+14 1.05868846889205e+15 5.13749442102262e+12 8.76264325699471e+15 1.30306829477799e+15 7.45447315763234e+08 2.12321019301412e+14 3.08665213605102e+11 4.79151623590289e+05 1.04729970356199e+20 2.44266216917689e+15 9.29965655271979e+11 5.17738309731082e+14 2.35023732361519e+14 8.58231352970101e+05 4.47464622889194e+07 
3.15923021362679e-05 2.88334793298392e+02 2.82592333074350e+02 1.04721079233999e+20 4.41450656181028e+15 1.06256022616375e+15 1.14989183028373e+15 5.88918285380551e+12 1.01604874065611e+16 1.36614721191538e+15 7.72013428407050e+08 2.42785706160974e+14 4.04410798612169e+11 6.50432472844406e+05 1.04729540343780e+20 2.76398546784312e+15 1.00414303826393e+12 5.96100011184616e+14 2.65276958707152e+14 1.03702728009134e+06 5.88174549478243e+07 
3.55880600728619e-05 2.86201026317230e+02 2.81611148429872e+02 1.04719613581496e+20 4.97292625784681e+15 1.19637846196286e+15 1.23059430064830e+15 6.64213189316894e+12 1.15728487919178e+16 1.41551199614328e+15 7.94103589570175e+08 2.73179074367125e+14 5.13037992822861e+11 8.50293138320691e+05 1.04729118027180e+20 3.07770614282935e+15 1.07294537461007e+12 6.75248450587128e+14 2.94655626201188e+14 1.22294032501177e+06 7.48501829607694e+07 
3.95838180094559e-05 2.84536295344340e+02 2.80853912161765e+02 1.04718157827623e+20 5.53133136232000e+15 1.32916522138089e+15 1.30202768944029e+15 7.39620921567317e+12 1.29966407071259e+16 1.45422482021697e+15 8.13300473242866e+08 3.03500755587752e+14 6.34535244690561e+11 1.07895682886259e+06 1.04728703221484e+20 3.38400583795684e+15 1.13711903995587e+12 7.55160866594193e+14 3.23185019483914e+14 1.41505544838997e+06 9.28555355032435e+07 
4.35795759460498e-05 2.83240233132893e+02 2.80274733858838e+02 1.04716711048579e+20 6.08971702135928e+15 1.46080157336145e+15 1.36525299660067e+15 8.15129981655298e+12 1.44295307964072e+16 1.48459428950098e+15 8.30590841377177e+08 3.33750382475720e+14 7.68890774151232e+11 1.33643906982291e+06 1.04728295750485e+20 3.68305779246865e+15 1.19718322396751e+12 8.35815181267179e+14 3.50889664200469e+14 1.61266939625836e+06 1.12843195382927e+08 
4.75753338826438e-05 2.82223290035323e+02 2.79830965001262e+02 1.04715272420180e+20 6.64807934658250e+15 1.59119831689600e+15 1.42120049682797e+15 8.90729966002921e+12 1.58697103559340e+16 1.50840608950562e+15 8.46635764955507e+08 3.63927589340685e+14 9.16092577480691e+11 1.62263756451910e+06 1.04727895443704e+20 3.97502970299032e+15 1.25354650556835e+12 9.17189962400034e+14 3.77793368509189e+14 1.81522894781487e+06 1.34821706489966e+08 
5.51114179592846e-05 2.80863565370350e+02 2.79487195430669e+02 1.04712578827904e+20 7.70108870305080e+15 1.83354511802301e+15 1.50966745392312e+15 1.03352777356098e+13 1.86011123508805e+16 1.54003693012200e+15 8.75039545054138e+08 4.20644067106093e+14 1.22863655163569e+12 2.23988179021618e+06 1.04727159373260e+20 4.50699820992587e+15 1.35092184404017e+12 1.07255301926250e+15 4.26434825947705e+14 2.20915029656373e+06 1.81716206357973e+08 
6.26475020359254e-05 2.79980385491719e+02 2.79033699985086e+02 1.04709907325036e+20 8.75398819946394e+15 2.07096664926368e+15 1.57981803991554e+15 1.17655697092629e+13 2.13465588647239e+16 1.56000416077531e+15 9.02273059587000e+08 4.77099236724430e+14 1.58674782690184e+12 2.95712579666068e+06 1.04726447112472e+20 5.01543039455532e+15 1.43822698817963e+12 1.23027146046103e+15 4.72457628596591e+14 2.61649908372992e+06 2.35757809549507e+08 
7.01835861125662e-05 2.79397207759266e+02 2.78742945163220e+02 1.04707254337460e+20 9.80676636098052e+15 2.30330664615197e+15 1.63547097493323e+15 1.31976592681052e+13 2.41012808049264e+16 1.57294089775479e+15 9.29427954366675e+08 5.33290715561914e+14 1.99033960013524e+12 3.77274011494646e+06 1.04725757617035e+20 5.50135501564123e+15 1.51693016089079e+12 1.39021819254907e+15 5.16002948194428e+14 3.03540007400918e+06 2.96974630013510e+08 
7.77196701892070e-05 2.79014361528611e+02 2.78552609881915e+02 1.04704617003613e+20 1.08594159105391e+16 2.53053152269632e+15 1.67960121451493e+15 1.46310915810796e+13 2.68625916310082e+16 1.58140542189021e+15 9.56777395884006e+08 5.89216161990014e+14 2.43932218072928e+12 4.68494256789631e+06 1.04725089887987e+20 5.96575664519077e+15 1.58813851532641e+12 1.55227326309091e+15 5.57204018314405e+14 3.46449820499739e+06 3.65382468133584e+08 
8.52557542658478e-05 2.78767017325452e+02 2.78428377281403e+02 1.04701993020520e+20 1.19119319595911e+16 2.75267310587127e+15 1.71455342752492e+15 1.60654571425303e+13 2.96289281381797e+16 1.58683962539412e+15 9.84170245229551e+08 6.44873273815350e+14 2.93360308175995e+12 5.69194215396269e+06 1.04724442969111e+20 6.40957806582188e+15 1.65273793019535e+12 1.71632326523630e+15 5.96186795903157e+14 3.90269257267577e+06 4.40985978657580e+08 
9.74789167272765e-05 2.78546199781399e+02 2.78348418863050e+02 1.04697760933760e+20 1.36187686489172e+16 3.10231625066807e+15 1.75625464135847e+15 1.83929740482851e+13 3.41236418540611e+16 1.59175668021362e+15 1.02853973417845e+09 7.34570049939027e+14 3.83137525874603e+12 7.52259160151709e+06 1.04723435631619e+20 7.08795859942569e+15 1.74531302000323e+12 1.98637612759878e+15 6.54998178887997e+14 4.63033385419006e+06 5.78888458653853e+08 
1.09702079188705e-04 2.78438671680849e+02 2.78277237835552e+02 1.04693553041422e+20 1.53252322930980e+16 3.43906496654111e+15 1.78471128752785e+15 2.07205221618051e+13 3.86253959119097e+16 1.59412495267461e+15 1.07336891953356e+09 8.23545503981692e+14 4.84764170181937e+12 9.59156212132355e+06 1.04722476948935e+20 7.71820660451134e+15 1.82508083089501e+12 2.26097053908322e+15 7.08758520273568e+14 5.37604290121280e+06 7.35627421219304e+08 
1.21925241650134e-04 2.78382962094573e+02 2.78242645090851e+02 1.04689364934992e+20 1.70313145664774e+16 3.76331697129319e+15 1.80418126084177e+15 2.30468137272805e+13 4.31323193261286e+16 1.59539422589776e+15 1.11877011273513e+09 9.11790422542986e+14 5.98196310144949e+12 1.18930902854123e+07 1.04721563462714e+20 8.30373509945009e+15 1.89413389730923e+12 2.53971490218093e+15 7.57902654049989e+14 6.13725581683534e+06 9.11072395710862e+08 
1.34148404111563e-04 2.78354711129618e+02 2.78224740699237e+02 1.04685193571739e+20 1.87370096200965e+16 4.07550386808311e+15 1.81749989903576e+15 2.53707038084269e+13 4.76433943104027e+16 1.59619750114270e+15 1.16451361859769e+09 9.99295858641497e+14 7.23388109078881e+12 1.44217092018689e+07 1.04720691965633e+20 8.84771046099132e+15 1.95409236771586e+12 2.82225264330144e+15 8.02826479460530e+14 6.91183848605746e+06 1.10503898681359e+09 
1.46371566572991e-04 2.78342643522649e+02 2.78215665909950e+02 1.04681036803458e+20 2.04423129657808e+16 4.37606409545483e+15 1.82658180524005e+15 2.76911575979557e+13 5.21580302468532e+16 1.59677275619746e+15 1.21040360660833e+09 1.08605312855997e+15 8.60291896091671e+12 1.71721240881420e+07 1.04719859479499e+20 9.35307372409098e+15 2.00624300704493e+12 3.10825813378489e+15 8.43891496159741e+14 7.69795649132258e+06 1.31729762127463e+09 
1.67919049576165e-04 2.78341054048018e+02 2.78211790622843e+02 1.04673740358555e+20 2.34475254467607e+16 4.87888657850475e+15 1.83580010575923e+15 3.17705839672912e+13 6.01240797004089e+16 1.59748238430144e+15 1.29154456424651e+09 1.23714502152381e+15 1.12999921993931e+13 2.25457238559417e+07 1.04718478746443e+20 1.01580133900996e+16 2.08218325580660e+12 3.62000923562620e+15 9.07857424708183e+14 9.10733104899674e+06 1.73515824766845e+09 
1.89466532579340e-04 2.78345048565053e+02 2.78211280635900e+02 1.04666478569788e+20 2.64514910382710e+16 5.34916046878606e+15 1.84046380338854e+15 3.58317677253469e+13 6.80979952991469e+16 1.59811064847894e+15 1.37286032559395e+09 1.38584179204650e+15 1.43566361419281e+13 2.85674846982770e+07 1.04717197016651e+20 1.08649221914305e+16 2.14178956041261e+12 4.14017867962854e+15 9.62448891769937e+14 1.05407625870085e+07 2.20732260684698e+09 
2.11014015582514e-04 2.78348560727522e+02 2.78212563853623e+02 1.04659247731425e+20 2.94541944154795e+16 5.78901664018961e+15 1.84294712648501e+15 3.98706054006564e+13 7.60783309821186e+16 1.59873094624435e+15 1.45424399713138e+09 1.53210173557298e+15 1.77698502762409e+13 3.52127104085497e+07 1.04716002142289e+20 1.14858080172882e+16 2.18848814326623e+12 4.66752044434101e+15 1.00904843849882e+15 1.19926977411840e+07 2.73187383718781e+09 
2.32561498585688e-04 2.78352242978306e+02 2.78213692238916e+02 1.04652045547781e+20 3.24556221198789e+16 6.20044535412774e+15 1.84424056153449e+15 4.38834871744415e+13 8.40639240657396e+16 1.59933360090426e+15 1.53554671385762e+09 1.67588580757402e+15 2.15364657919754e+13 4.24573507986627e+07 1.04714883538833e+20 1.20311378613788e+16 2.22473292217282e+12 5.20098096916954e+15 1.04882470442400e+15 1.34586595622005e+07 3.30671001380202e+09 
2.54108981588862e-04 2.78356491290204e+02 2.78214875316914e+02 1.04644870266184e+20 3.54557617893425e+16 6.58530444119176e+15 1.84483101607959e+15 4.78671796236249e+13 9.20537644143265e+16 1.59991985725855e+15 1.61665625371968e+09 1.81715757064559e+15 2.56531548880057e+13 5.02782618553686e+07 1.04713831936300e+20 1.25100821351143e+16 2.25246370364917e+12 5.73966344583530e+15 1.08277213215682e+15 1.49349926177854e+07 3.92961899444817e+09 
2.98386219305249e-04 2.78364279658838e+02 2.78216240280447e+02 1.04630204278659e+20 4.16165637892439e+16 7.29982685040653e+15 1.84494386866052e+15 5.59498413370608e+13 1.08481698357361e+17 1.60111950404307e+15 1.78255077343961e+09 2.09943009505711e+15 3.51960376743658e+13 6.80667273859413e+07 1.04711849207058e+20 1.33176764800308e+16 2.28900190013887e+12 6.85999303020418e+15 1.13753948227272e+15 1.79898997192491e+07 5.35082009594207e+09 
3.42663457021636e-04 2.78370259311781e+02 2.78218742990507e+02 1.04615634146917e+20 4.77717895741037e+16 7.92297331286462e+15 1.84477661813893e+15 6.38754281507816e+13 1.24917756871306e+17 1.60232448501070e+15 1.94724422080504e+09 2.37069568580820e+15 4.61700964165140e+13 8.80153877677488e+07 1.04710057530701e+20 1.39358877207830e+16 2.30654457757320e+12 7.99393589571674e+15 1.17704259195723e+15 2.10575711416103e+07 6.94578244052976e+09 
3.86940694738022e-04 2.78374549950210e+02 2.78220664938801e+02 1.04601150416090e+20 5.39213606304960e+16 8.46670694769739e+15 1.84463919087372e+15 7.16259435685286e+13 1.41357237995030e+17 1.60353235461932e+15 2.11068052533550e+09 2.63073750132988e+15 5.85409303368117e+13 1.09955085694735e+08 1.04708411331989e+20 1.44098656998751e+16 2.31158233800726e+12 9.13757159888964e+15 1.20562083184386e+15 2.41255435490722e+07 8.69539390313567e+09 
4.31217932454409e-04 2.78377869764895e+02 2.78222044429952e+02 1.04586744945394e+20 6.00652093432325e+16 8.94134626228041e+15 1.84444477711871e+15 7.91869802441110e+13 1.57796699013125e+17 1.60473668036342e+15 2.27282744524614e+09 2.87938518854962e+15 7.22717683361704e+13 1.33729382591369e+08 1.04706876604487e+20 1.47733249105098e+16 2.30807129157945e+12 1.02881658281467e+16 1.22629651496408e+15 2.71861730184426e+07 1.05816437280926e+10 
4.75495170170795e-04 2.78380569071105e+02 2.78223112107013e+02 1.04572410402469e+20 6.62032771261347e+16 9.35583842407574e+15 1.84417535993798e+15 8.65470410675908e+13 1.74233530930429e+17 1.60593763658400e+15 2.43372211342942e+09 3.11651264834284e+15 8.73237444105073e+13 1.59193465831004e+08 1.04705427582513e+20 1.50518263211770e+16 2.29881695747340e+12 1.14437685052843e+16 1.24122164635346e+15 3.02348693905893e+07 1.25880112353956e+10 
5.47370987257222e-04 2.78383755522858e+02 2.78223980478998e+02 1.04549275713985e+20 7.61548495532485e+16 9.91973004284698e+15 1.84372093956846e+15 9.80459199557587e+13 2.00905191418457e+17 1.60788438026372e+15 2.69254489398851e+09 3.47673867837766e+15 1.14464591843804e+14 2.03792280336686e+08 1.04703210948696e+20 1.53695895976959e+16 2.27659521270940e+12 1.33270065648060e+16 1.25687286812080e+15 3.51532088308854e+07 1.60638614292230e+10 
6.19246804343648e-04 2.78385898320888e+02 2.78225006116642e+02 1.04526286785405e+20 8.60908774114239e+16 1.03733324624690e+16 1.84329318480488e+15 1.08966617214622e+14 2.27558063422922e+17 1.60982763556597e+15 2.94890009004982e+09 3.80627077516014e+15 1.44796077366781e+14 2.51975793094835e+08 1.04701107196905e+20 1.55756397100606e+16 2.25047785865359e+12 1.52155534851588e+16 1.26605004021308e+15 4.00304746933981e+07 1.97626555162350e+10 
6.91122621430074e-04 2.78387368860269e+02 2.78225696459723e+02 1.04503423863860e+20 9.60112204721712e+16 1.07392165985432e+16 1.84288806465373e+15 1.19296569577621e+14 2.54187517256235e+17 1.61176663903475e+15 3.20321856201035e+09 4.10523004350053e+15 1.78126453381728e+14 3.03284614252668e+08 1.04699075710843e+20 1.57103521044218e+16 2.22341273469688e+12 1.71068855053315e+16 1.27151487195734e+15 4.48692097622680e+07 2.36391698184055e+10 
7.62998438516500e-04 2.78388418447359e+02 2.78226170810233e+02 1.04480671134317e+20 1.05915775120320e+17 1.10350915621240e+16 1.84248220265481e+15 1.29035751074598e+14 2.80790356489390e+17 1.61370136551185e+15 3.45587965623798e+09 4.37399447761873e+15 2.14256362610562e+14 3.57317317656130e+08 1.04697091717919e+20 1.57983801690618e+16 2.19697641453532e+12 1.89996433244377e+16 1.27474432545857e+15 4.96752982576403e+07 2.76573719167258e+10 
8.34874255602926e-04 2.78389184558575e+02 2.78226509904435e+02 1.04458015832932e+20 1.15804466913647e+17 1.12750152730491e+16 1.84207205287807e+15 1.38194313601323e+14 3.07364199406415e+17 1.61563224163279e+15 3.70730208141600e+09 4.61316875027513e+15 2.52981442059494e+14 4.13721688739661e+08 1.04695139410486e+20 1.58554676937832e+16 2.17222722007180e+12 2.08930382203646e+16 1.27658995043877e+15 5.44559227757946e+07 3.17885327264387e+10 
9.58186471227282e-04 2.78390059056338e+02 2.78226757910303e+02 1.04419347009417e+20 1.32732715692682e+17 1.15861789960868e+16 1.84137418217317e+15 1.52615712605045e+14 3.52882580911331e+17 1.61893648204119e+15 4.13692590291835e+09 4.95710526894173e+15 3.24866858945743e+14 5.15165983157985e+08 1.04691837013700e+20 1.59080044647367e+16 2.13525329872265e+12 2.41416300042536e+16 1.27788785773158e+15 6.26199772735834e+07 3.90782390903612e+10 
1.08149868685164e-03 2.78390650763780e+02 2.78227042046957e+02 1.04380894702385e+20 1.49614006651757e+17 1.18078446856759e+16 1.84068364819135e+15 1.65518656118256e+14 3.98303418015578e+17 1.62223061468920e+15 4.56551436348570e+09 5.22158342481449e+15 4.02738522653096e+14 6.21374374139855e+08 1.04688564347781e+20 1.59327578273484e+16 2.10609369404471e+12 2.73891936296106e+16 1.27825847096741e+15 7.07667239722716e+07 4.65474207501712e+10 
1.20481090247599e-03 2.78391111330398e+02 2.78227235305200e+02 1.04342629782543e+20 1.66448340664553e+17 1.19695626083947e+16 1.83999771776428e+15 1.77070858869370e+14 4.43622408112453e+17 1.62551517547058e+15 4.99398466319257e+09 5.41289038806483e+15 4.85569835071360e+14 7.31277255727401e+08 1.04685305677342e+20 1.59453844412926e+16 2.08445892432361e+12 3.06351863665667e+16 1.27832359698799e+15 7.89279429138964e+07 5.41366523268227e+10 
1.32812311810035e-03 2.78391497818562e+02 2.78227386417068e+02 1.04304531903336e+20 1.83235826342167e+17 1.20904168229403e+16 1.83931434079115e+15 1.87461101933078e+14 4.88837348186470e+17 1.62879069454996e+15 5.42318500768053e+09 5.53819962969438e+15 5.72373691619993e+14 8.44033721507944e+08 1.04682055253865e+20 1.59515580253266e+16 2.06974809446625e+12 3.38795451980880e+16 1.27822168981240e+15 8.71298015149782e+07 6.18079157391864e+10 
1.45143533372470e-03 2.78391837421227e+02 2.78227513719509e+02 1.04266585912774e+20 1.99976644145504e+17 1.21831663035476e+16 1.83863364632781e+15 1.96881781062778e+14 5.33947496163672e+17 1.63205760355821e+15 5.85386668899935e+09 5.60517368339309e+15 6.62223334193382e+14 9.58975744450342e+08 1.04678810386950e+20 1.59538690784375e+16 2.06128106427779e+12 3.71223181235477e+16 1.27800535649034e+15 9.53921294851310e+07 6.95358779450176e+10 
1.66721871637463e-03 2.78392371662511e+02 2.78227625951165e+02 1.04200516229254e+20 2.29159752834141e+17 1.23011954281082e+16 1.83744917541324e+15 2.11569427509898e+14 6.12635747805057e+17 1.63775469647753e+15 6.61251809624358e+09 5.60545591214366e+15 8.24330261580907e+14 1.16389714314860e+09 1.04673140351951e+20 1.59534518774165e+16 2.05903878254941e+12 4.27932414146317e+16 1.27752288022458e+15 1.10033970535628e+08 8.31492654844069e+10 
1.88300209902456e-03 2.78392880466666e+02 2.78227803047516e+02 1.04134824876664e+20 2.58202064947420e+17 1.23897866442044e+16 1.83627196902211e+15 2.24701447718221e+14 6.91012711851815e+17 1.64342833534512e+15 7.37767247767336e+09 5.49129658787882e+15 9.89300365987795e+14 1.37176736911385e+09 1.04667475560685e+20 1.59518455102426e+16 2.06917754525604e+12 4.84601024817090e+16 1.27703561678610e+15 1.24937598580819e+08 9.68249190913401e+10 
2.09878548167450e-03 2.78393381395085e+02 2.78227971965871e+02 1.04069474578949e+20 2.87105081797357e+17 1.24643677290335e+16 1.83510095639857e+15 2.36965391443654e+14 7.69091133085328e+17 1.64908011956372e+15 8.15093950979644e+09 5.29939349460765e+15 1.15401689992733e+15 1.58112423666324e+09 1.04661813954322e+20 1.59503398128116e+16 2.08771757308276e+12 5.41236446146205e+16 1.27657328051602e+15 1.40098200752029e+08 1.10533673884900e+11 
2.31456886432443e-03 2.78393873947269e+02 2.78228138353730e+02 1.04004437689532e+20 3.15870290534159e+17 1.25312636527060e+16 1.83393565930194e+15 2.48857676983634e+14 8.46886306955434e+17 1.65471145258154e+15 8.92995055542130e+09 5.06063313174275e+15 1.31622226555868e+15 1.79104754902506e+09 1.04656155058463e+20 1.59486789400815e+16 2.11137176296546e+12 5.97846212563017e+16 1.27611597033729e+15 1.55483490136307e+08 1.24264611430100e+11 
2.53035224697436e-03 2.78394357570684e+02 2.78228302052186e+02 1.03939692146928e+20 3.44499069963606e+17 1.25935199436598e+16 1.83277571742719e+15 2.60706414798754e+14 9.24413694819101e+17 1.66032356589618e+15 9.71357917059302e+09 4.79932146836005e+15 1.47441442247093e+15 2.00094339735930e+09 1.04650498343373e+20 1.59467517047903e+16 2.13742137690832e+12 6.54436834563802e+16 1.27565628209435e+15 1.71049163874880e+08 1.38013057046704e+11 
2.83046611791865e-03 2.78395018705411e+02 2.78228462885178e+02 1.03850095469369e+20 3.84091728765567e+17 1.26758409749552e+16 1.83117068186992e+15 2.77442782578863e+14 1.03182061448434e+18 1.66809892744084e+15 1.08085142138535e+10 4.42997063494983e+15 1.68629382934146e+15 2.29213745388442e+09 1.04642633262662e+20 1.59439636168260e+16 2.17377103192622e+12 7.33121281237512e+16 1.27502489600726e+15 1.92907540971507e+08 1.57159223233701e+11 
3.13057998886294e-03 2.78395669292826e+02 2.78228682889037e+02 1.03760993033055e+20 4.23425690467227e+17 1.27560805640430e+16 1.82957456483640e+15 2.94714583948990e+14 1.13876802429606e+18 1.67584135746365e+15 1.19044941149458e+10 4.08162597606428e+15 1.88779118509550e+15 2.58185211340363e+09 1.04634769801651e+20 1.59412278632669e+16 2.20676822109851e+12 8.11788898361857e+16 1.27440775677806e+15 2.14876267137768e+08 1.76331116355663e+11 
3.43069385980723e-03 2.78396310504668e+02 2.78228899516864e+02 1.03672362741879e+20 4.62503309109422e+17 1.28353621005632e+16 1.82798693128708e+15 3.12548518504788e+14 1.24527886425811e+18 1.68355238628474e+15 1.29977117533601e+10 3.76856686691809e+15 2.07910379393648e+15 2.86973736900693e+09 1.04626907317294e+20 1.59385613981141e+16 2.23451533279280e+12 8.90445970360399e+16 1.27380441262747e+15 2.36856399133540e+08 1.95528798186427e+11 
3.73080773075151e-03 2.78396942728127e+02 2.78229113146476e+02 1.03584192002450e+20 5.01326568876582e+17 1.29138453491074e+16 1.82640754293947e+15 3.30846754345123e+14 1.35136888023396e+18 1.69123299921273e+15 1.40856937571036e+10 3.49384299713456e+15 2.26110528414500e+15 3.15564352087321e+09 1.04619045550475e+20 1.59359013482965e+16 2.25660531591119e+12 9.69095748645504e+16 1.27321211628943e+15 2.58787409742649e+08 2.14753405673140e+11 
4.03092160169580e-03 2.78397566762557e+02 2.78229323902385e+02 1.03496473452791e+20 5.39897235466078e+17 1.29915503484702e+16 1.82483625911535e+15 3.49477374821573e+14 1.45704880411844e+18 1.69888384255446e+15 1.51670412519570e+10 3.25505316323083e+15 2.43487217600054e+15 3.43950744584671e+09 1.04611184377877e+20 1.59332263485299e+16 2.27342011544062e+12 1.04773968451513e+17 1.27263003802032e+15 2.80636975094590e+08 2.34005683586834e+11 
4.50627646322217e-03 2.78398540760127e+02 2.78229532041171e+02 1.03358445293386e+20 6.00477984717864e+17 1.31132907175977e+16 1.82236379443733e+15 3.79339036501462e+14 1.62362026065919e+18 1.71094257131289e+15 1.68657114863121e+10 2.93884547558566e+15 2.69618247631956e+15 3.88488867502117e+09 1.04598733940419e+20 1.59289965461440e+16 2.29088735181866e+12 1.17229487958673e+17 1.27172973850510e+15 3.15049382423039e+08 2.64556711482824e+11 
4.89902611028317e-03 2.78399334445543e+02 2.78229857110202e+02 1.03245240883980e+20 6.50060620107893e+17 1.32127426136653e+16 1.82033598959708e+15 4.04158090325735e+14 1.76049830160282e+18 1.72085117055110e+15 1.82545134630695e+10 2.72561261243777e+15 2.90076460244613e+15 4.24896028744295e+09 1.04588448037199e+20 1.59255135295775e+16 2.29862040301835e+12 1.27519565312265e+17 1.27100556596803e+15 3.43288463284315e+08 2.89851410536800e+11 
5.29177575734416e-03 2.78400119872313e+02 2.78230122163087e+02 1.03132789780264e+20 6.99221205860431e+17 1.33112493379426e+16 1.81832167998769e+15 4.28905838134198e+14 1.89670864723799e+18 1.73071085773293e+15 1.96295577790173e+10 2.54386241485423e+15 3.09694860239280e+15 4.60951554757067e+09 1.04578163076666e+20 1.59220418295311e+16 2.30221562177808e+12 1.37808675445308e+17 1.27029870004528e+15 3.71370542840911e+08 3.15193568933760e+11 
5.68452540440515e-03 2.78400896671982e+02 2.78230384584053e+02 1.03021084624685e+20 7.47963279152695e+17 1.34088386961717e+16 1.81632074796764e+15 4.53489804586463e+14 2.03226075869682e+18 1.74052221716631e+15 2.09946279252007e+10 2.38840594728142e+15 3.28591561953768e+15 4.96659764526203e+09 1.04567879014534e+20 1.59185795873441e+16 2.30192912441388e+12 1.48096864671745e+17 1.26960871661065e+15 3.99287016448339e+08 3.40582941328535e+11 
6.07727505146614e-03 2.78401666914684e+02 2.78230644253320e+02 1.02910121394504e+20 7.96290223358200e+17 1.35055299326345e+16 1.81433311362070e+15 4.77821362458211e+14 2.16715984052053e+18 1.75028560525328e+15 2.23457736403624e+10 2.25234478710739e+15 3.46868038757559e+15 5.32025431117147e+09 1.04557595916658e+20 1.59151262500583e+16 2.29944150492240e+12 1.58384066326658e+17 1.26893529873423e+15 4.27069883411009e+08 3.66019239744720e+11 
6.62085280863091e-03 2.78402721610722e+02 2.78230901835844e+02 1.02757758052720e+20 8.62497360998762e+17 1.36379037642776e+16 1.81160392534706e+15 5.11016850640899e+14 2.35279850630712e+18 1.76372004392509e+15 2.41986288136796e+10 2.09045842890051e+15 3.71264340264758e+15 5.80416152514002e+09 1.04543365345401e+20 1.59103615673211e+16 2.29247123984936e+12 1.72620279123856e+17 1.26803009196005e+15 4.65277891453464e+08 4.01300809787774e+11 
7.16443056579568e-03 2.78403764495093e+02 2.78231254724120e+02 1.02606788946237e+20 9.27924639117198e+17 1.37686340376467e+16 1.80889974333560e+15 5.43590857607041e+14 2.53721404526316e+18 1.77706445721369e+15 2.60305138985446e+10 1.95264362694644e+15 3.94763527811774e+15 6.28172626312086e+09 1.04529136547060e+20 1.59056142141639e+16 2.28260864189029e+12 1.86854673996359e+17 1.26715536786677e+15 5.03224484476116e+08 4.36671142449875e+11 
7.70800832296045e-03 2.78404796515555e+02 2.78231603851736e+02 1.02457198464537e+20 9.92581231354572e+17 1.38977575920583e+16 1.80622028738578e+15 5.75509955413990e+14 2.72042081324128e+18 1.79031985516235e+15 2.78421399377337e+10 1.83372557589520e+15 4.17489747796520e+15 6.75307433723350e+09 1.04514909481824e+20 1.59008841459149e+16 2.27075392229349e+12 2.01087290566264e+17 1.26631046062862e+15 5.40922861419364e+08 4.72129688251632e+11 
8.25158608012523e-03 2.78405818302774e+02 2.78231949521654e+02 1.02308971932035e+20 1.05647609031735e+18 1.40253048395054e+16 1.80356529525429e+15 6.06761348401586e+14 2.90243130922495e+18 1.80348713172027e+15 2.96342090835566e+10 1.72979854286285e+15 4.39537734361153e+15 7.21832282769049e+09 1.04500684124368e+20 1.58961711773243e+16 2.25749433972019e+12 2.15318154357726e+17 1.26549476961501e+15 5.78383958515767e+08 5.07675912259325e+11 
8.79516383729000e-03 2.78406830262819e+02 2.78232291934894e+02 1.02162094986142e+20 1.11961797027144e+18 1.41513021953841e+16 1.80093451040923e+15 6.37347477109472e+14 3.08325713706291e+18 1.81656712485046e+15 3.14075660802951e+10 1.63825032393449e+15 4.60980752145225e+15 7.67758204608007e+09 1.04486460443553e+20 1.58914751535731e+16 2.24314771964871e+12 2.29547296906181e+17 1.26470773609746e+15 6.15611138024913e+08 5.43309261252181e+11 
1.01167373770367e-02 2.78409252372003e+02 2.78232631220305e+02 1.01810544556323e+20 1.27004401815632e+18 1.44513176243941e+16 1.79463785504519e+15 7.08977214191888e+14 3.51801425152767e+18 1.84800859469847e+15 3.56433609050265e+10 1.45437267657990e+15 5.10958174372751e+15 8.76982583108859e+09 1.04451885973472e+20 1.58801278952936e+16 2.20586017326266e+12 2.64134861619739e+17 1.26291056654446e+15 7.05210380510338e+08 6.30302741222442e+11 
1.11447718888629e-02 2.78411101160947e+02 2.78233443943096e+02 1.01542415680043e+20 1.38409356209864e+18 1.46786561550310e+16 1.78983549894635e+15 7.62133299475959e+14 3.85149672078665e+18 1.87211952683047e+15 3.88689417399367e+10 1.34082409243346e+15 5.48008852269471e+15 9.59634167655375e+09 1.04424997553231e+20 1.58713686865595e+16 2.17583073012480e+12 2.91033290484820e+17 1.26162309112592e+15 7.74083012173450e+08 6.98322226446833e+11 
1.21728064006891e-02 2.78412920750118e+02 2.78234064897470e+02 1.01278864342919e+20 1.49560976646468e+18 1.49008587298250e+16 1.78511523790126e+15 8.13144768465062e+14 4.18092275053929e+18 1.89593166155141e+15 4.20365384143185e+10 1.24489949733507e+15 5.83702888972612e+15 1.04033219012707e+10 1.04398114886149e+20 1.58626677858621e+16 2.14609744572255e+12 3.17925813875161e+17 1.26042902882171e+15 8.42336027188035e+08 7.66642084679163e+11 
1.32008409125152e-02 2.78414712122237e+02 2.78234676548967e+02 1.01019807020877e+20 1.60464730877627e+18 1.51180521115914e+16 1.78047557140599e+15 8.62124927810039e+14 4.50634873413127e+18 1.91944923770242e+15 4.51488654344916e+10 1.16259890131623e+15 6.18202139980851e+15 1.11913716154215e+10 1.04371237935551e+20 1.58540244104331e+16 2.11681933908710e+12 3.44812471905341e+17 1.25932556672402e+15 9.09979484225412e+08 8.35258107860394e+11 
1.42288754243414e-02 2.78416476085783e+02 2.78235279204150e+02 1.00765161440049e+20 1.71125967913714e+18 1.53303512378814e+16 1.77591501779237e+15 9.09193089220666e+14 4.82782958946701e+18 1.94267638968250e+15 4.82096309526983e+10 1.09242507262362e+15 6.51631588691545e+15 1.19610688401612e+10 1.04344366630150e+20 1.58454377556625e+16 2.08775874974311e+12 3.71693339579004e+17 1.25831003376640e+15 9.76953207148413e+08 9.04166173609369e+11 
1.52569099361675e-02 2.78418213857113e+02 2.78235873114073e+02 1.00514849796570e+20 1.81549907692839e+18 1.55378673716214e+16 1.77143217426297e+15 9.54436472641114e+14 5.14541584075020e+18 1.96561695109445e+15 5.12205874711109e+10 1.03141673850404e+15 6.84098659139341e+15 1.27129668989788e+10 1.04317500995033e+20 1.58369070589167e+16 2.05990535410549e+12 3.98568394099575e+17 1.25737991780435e+15 1.04345248390925e+09 9.73362102457346e+11 
1.62849444479937e-02 2.78419925903425e+02 2.78236458661701e+02 1.00268796654150e+20 1.91741656980910e+18 1.57407125043238e+16 1.76702568744856e+15 9.97943089668928e+14 5.45915565076475e+18 1.98827458560559e+15 5.41829059643244e+10 9.77186326132652e+14 7.15686852791349e+15 1.34475947928186e+10 1.04290641087062e+20 1.58284316248812e+16 2.03312964918083e+12 4.25437581804120e+17 1.25653284868080e+15 1.10946302555483e+09 1.04284154075845e+12 
1.79169251351563e-02 2.78422592306900e+02 2.78237035988645e+02 9.98867571476840e+19 2.07456141810237e+18 1.60533891716796e+16 1.76018403832031e+15 1.06367519215202e+15 5.94942658301332e+18 2.02367081956593e+15 5.87912040279838e+10 9.03544228111727e+14 7.64174349466341e+15 1.45795665071782e+10 1.04248013444237e+20 1.58150888331543e+16 1.99242751054046e+12 4.68079676823382e+17 1.25535317567304e+15 1.21325501251196e+09 1.15371011117415e+12 
1.95489058223190e-02 2.78425197661999e+02 2.78237936030029e+02 9.95149729319337e+19 2.22617514638815e+18 1.63549671330049e+16 1.75352624022065e+15 1.12560353522195e+15 6.43030774749259e+18 2.05837719849518e+15 6.32893572808342e+10 8.41823796963303e+14 8.10822173883137e+15 1.56712333505118e+10 1.04205400487065e+20 1.58018807422165e+16 1.95422673659526e+12 5.10706753313831e+17 1.25436849118463e+15 1.31595295440965e+09 1.26526494723839e+12 
2.11808865094816e-02 2.78427743876295e+02 2.78238816520325e+02 9.91531648790864e+19 2.37244618217879e+18 1.66458373495437e+16 1.74704727408563e+15 1.18402084001292e+15 6.90197649812156e+18 2.09240726685416e+15 6.76825697689436e+10 7.89251718320710e+14 8.55804283948783e+15 1.67244234527505e+10 1.04162802448648e+20 1.57888046792827e+16 1.91845848793563e+12 5.53318588953298e+17 1.25357077413256e+15 1.41766326794530e+09 1.37748880016218e+12 
2.28128671966443e-02 2.78430232679128e+02 2.78239678044401e+02 9.88010635969253e+19 2.51355638453712e+18 1.69263766887643e+16 1.74074229672545e+15 1.23919120330658e+15 7.36460429241914e+18 2.12577412748748e+15 7.19755529741305e+10 7.43845723530894e+14 8.99255340082536e+15 1.77408602724134e+10 1.04120219597588e+20 1.57758580658255e+16 1.88497190299098e+12 5.95914925407902e+17 1.25295250309508e+15 1.51848494339994e+09 1.49036440331213e+12 
2.44448478838069e-02 2.78432665670053e+02 2.78240521131477e+02 9.84584082293185e+19 2.64968145828032e+18 1.71969472464044e+16 1.73460661886842e+15 1.29135541862478e+15 7.81835803382114e+18 2.15849053563633e+15 7.61724478379007e+10 7.04281175849601e+14 9.41283204748241e+15 1.87221762937550e+10 1.04077652215361e+20 1.57630383862158e+16 1.85358125764070e+12 6.38495490998020e+17 1.25250660044969e+15 1.61847272602198e+09 1.60387457654285e+12 
2.69847229021490e-02 2.78436344629310e+02 2.78241346270665e+02 9.79433234789342e+19 2.85201764722510e+18 1.75990283921914e+16 1.72538365078726e+15 1.36706455292055e+15 8.50727343102070e+18 2.20814301580917e+15 8.25218258869728e+10 6.52160672521883e+14 1.00407607096098e+16 2.01831755717028e+10 1.04011435405527e+20 1.57433336427143e+16 1.80839697344438e+12 7.04732239434250e+17 1.25213989169891e+15 1.77248482429747e+09 1.78175436040062e+12 
2.95245979204910e-02 2.78439897378658e+02 2.78242595808854e+02 9.74495892994642e+19 3.04330297969620e+18 1.79790606007615e+16 1.71654327768004e+15 1.43673655016960e+15 9.17568672412294e+18 2.25629577426808e+15 8.86599034384514e+10 6.08508901899506e+14 1.06392054222439e+16 2.15682788436445e+10 1.03945257865705e+20 1.57239214362163e+16 1.76755065989984e+12 7.70929041501443e+17 1.25215123510635e+15 1.92498188999591e+09 1.96106662161798e+12 
3.20644729388330e-02 2.78443328698966e+02 2.78243804621392e+02 9.69763298864950e+19 3.22411906950339e+18 1.83382308946580e+16 1.70806976804802e+15 1.50101110743366e+15 9.82417687511321e+18 2.30299296665126e+15 9.45968677921354e+10 5.71518386202890e+14 1.12103151341894e+16 2.28825006193897e+10 1.03879120718950e+20 1.57047931095175e+16 1.73027372744759e+12 8.37084805102741e+17 1.25251915879084e+15 2.07600525158047e+09 2.14174903077895e+12 
3.46043479571751e-02 2.78446643228068e+02 2.78244974170887e+02 9.65227075717932e+19 3.39501783992522e+18 1.86776617844984e+16 1.69994807770893e+15 1.56043957525154e+15 1.04533067807275e+19 2.34827746072131e+15 1.00342754200927e+11 5.39929311641456e+14 1.17558969856394e+16 2.41304718765069e+10 1.03813025045052e+20 1.56859402664973e+16 1.69615479759362e+12 9.03198479093368e+17 1.25322388695907e+15 2.22565520687176e+09 2.32374062625975e+12 
3.71442229755171e-02 2.78449845347704e+02 2.78246105881712e+02 9.60879211002123e+19 3.55652307756671e+18 1.89984170910409e+16 1.69216382116550e+15 1.61550174821109e+15 1.10636238399549e+19 2.39219088471040e+15 1.05905578536893e+11 5.12476714825616e+14 1.22774997330917e+16 2.53164681229144e+10 1.03746971909058e+20 1.56673547842578e+16 1.66488940485896e+12 9.69269025165515e+17 1.25424716639961e+15 2.37419581088037e+09 2.50698190612211e+12 
3.96840979938591e-02 2.78452939183952e+02 2.78247201102672e+02 9.56712036530286e+19 3.70913171913346e+18 1.93015046047159e+16 1.68470323468318e+15 1.66662834781359e+15 1.16556608261252e+19 2.43477369793180e+15 1.11293039557248e+11 4.88335617838516e+14 1.27764174543775e+16 2.64444392554357e+10 1.03680962362610e+20 1.56490287961340e+16 1.63611705008684e+12 1.03529541685495e+18 1.25557210462153e+15 2.52176259752004e+09 2.69141482157522e+12 
4.33014541639639e-02 2.78457166197633e+02 2.78248261106541e+02 9.51074679866184e+19 3.91203721971872e+18 1.97045195468449e+16 1.67461078972595e+15 1.73335349377744e+15 1.24683133019845e+19 2.49320101822475e+15 1.18677011448823e+11 4.58974183006850e+14 1.34500279889324e+16 2.79578754225076e+10 1.03587026983003e+20 1.56233614632130e+16 1.59876987017745e+12 1.12925385910935e+18 1.25794930857395e+15 2.73003410526926e+09 2.95603521702760e+12 
4.69188103340687e-02 2.78461192367473e+02 2.78249712352640e+02 9.45768899764612e+19 4.09912439900984e+18 2.00761996142736e+16 1.66511219329668e+15 1.79376738923918e+15 1.32463881574975e+19 2.54911871053688e+15 1.25738171126321e+11 4.33946749256103e+14 1.40828434924830e+16 2.93706392075891e+10 1.03493184728383e+20 1.55981837808094e+16 1.56525824162670e+12 1.22311814192349e+18 1.26086533520155e+15 2.93672679143951e+09 3.22280131244797e+12 
5.05361665041735e-02 2.78465027850381e+02 2.78251097991766e+02 9.40775717725046e+19 4.27158219509913e+18 2.04189412405866e+16 1.65617340882345e+15 1.84867086512815e+15 1.39912875974392e+19 2.60263266094965e+15 1.32492285438374e+11 4.12354680099344e+14 1.46773570312810e+16 3.06913528625619e+10 1.03399438225754e+20 1.55734753658914e+16 1.53501002378980e+12 1.31688569675250e+18 1.26428283048212e+15 3.14198148374601e+09 3.49156305917046e+12 
5.41535226742783e-02 2.78468682229078e+02 2.78252421189174e+02 9.36077323793413e+19 4.43050949343636e+18 2.07349549751610e+16 1.64776250262541e+15 1.89872806552492e+15 1.47043615324076e+19 2.65384450493115e+15 1.38955515487133e+11 3.93656890408741e+14 1.52357818496643e+16 3.19277776351991e+10 1.03305789918479e+20 1.55492166964244e+16 1.50751652849814e+12 1.41055413447822e+18 1.26816772419653e+15 3.34582026523075e+09 3.76217764327521e+12 
5.77708788443831e-02 2.78472164581104e+02 2.78253684942925e+02 9.31656973615571e+19 4.57692404586922e+18 2.10262848997316e+16 1.63984945993571e+15 1.94449917938262e+15 1.53869103448599e+19 2.70285191607739e+15 1.45141596311077e+11 3.77271136592264e+14 1.57601325949435e+16 3.30869059588487e+10 1.03212242102196e+20 1.55253890790047e+16 1.48245398319648e+12 1.50412120942279e+18 1.27248920767899e+15 3.54846706566696e+09 4.03450969943041e+12 
6.68489896440119e-02 2.78480200821289e+02 2.78254892104257e+02 9.21688862641164e+19 4.89513284373109e+18 2.16604834138014e+16 1.62200546601940e+15 2.04338982696022e+15 1.69734424652207e+19 2.81673206601501e+15 1.59531200868856e+11 3.43789045725200e+14 1.69372584990964e+16 3.56955244930384e+10 1.02977931051479e+20 1.54673746496665e+16 1.42828269227456e+12 1.73847705052097e+18 1.28507675784191e+15 4.05278357113307e+09 4.72466976579715e+12 
7.42317840804768e-02 2.78486062617227e+02 2.78257689557011e+02 9.14644650799674e+19 5.10927396010000e+18 2.20885614339093e+16 1.60939585623487e+15 2.11033975178094e+15 1.81406007860714e+19 2.90050348559422e+15 1.70137174240480e+11 3.22726812147113e+14 1.77626703646922e+16 3.75453171287572e+10 1.02787875116375e+20 1.54219310075187e+16 1.39155063554735e+12 1.92856602984329e+18 1.29694512490143e+15 4.45849940631828e+09 5.29205009192615e+12 
8.16145785169417e-02 2.78491383967746e+02 2.78259741426024e+02 9.08439024448627e+19 5.28980974938769e+18 2.24508097931512e+16 1.59828760156601e+15 2.16772317625664e+15 1.92072558956153e+19 2.97708006903956e+15 1.79855564377943e+11 3.05428614323519e+14 1.84827634623886e+16 3.91899287001004e+10 1.02598281707067e+20 1.53779065107304e+16 1.35999732714004e+12 2.11818977658008e+18 1.31009139576558e+15 4.86161763026676e+09 5.86399794731668e+12 
8.89973729534067e-02 2.78496217636905e+02 2.78261613521682e+02 9.02979056801453e+19 5.44177393875866e+18 2.27572398447926e+16 1.58851431114928e+15 2.21726596336011e+15 2.01818582513218e+19 3.04708510656419e+15 1.88767335780891e+11 2.91008864244120e+14 1.91080958919518e+16 4.06596848317876e+10 1.02409163833076e+20 1.53351836912046e+16 1.33251539680444e+12 2.30733554980300e+18 1.32436634398244e+15 5.26238614837702e+09 6.43972043635720e+12 
9.63801673898716e-02 2.78500610991379e+02 2.78263322816705e+02 8.98182318941339e+19 5.56947741639542e+18 2.30163833143250e+16 1.57992848139406e+15 2.26032874109852e+15 2.10722122253343e+19 3.11109336973547e+15 1.96942384060197e+11 2.78879192750377e+14 1.96482433253119e+16 4.19787109817744e+10 1.02220533033094e+20 1.52936554972848e+16 1.30844814850015e+12 2.49599204313151e+18 1.33964598579904e+15 5.66099917001087e+09 7.01859441941580e+12 
1.03762961826336e-01 2.78504606907792e+02 2.78264884637100e+02 8.93975540583748e+19 5.67661887123425e+18 2.32355465437902e+16 1.57239899519329e+15 2.29800620114631e+15 2.18855215280082e+19 3.16963239128536e+15 2.04446425032387e+11 2.68533089242012e+14 2.01119338397910e+16 4.31673607054221e+10 1.02032399628839e+20 1.52532236982797e+16 1.28719955177686e+12 2.68414914477405e+18 1.35581978764709e+15 6.05788754669855e+09 7.60005461755056e+12 
1.18659688985303e-01 2.78511608597106e+02 2.78266312932895e+02 8.87035258843755e+19 5.84203188481548e+18 2.35793615008747e+16 1.55997826347146e+15 2.36084682904464e+15 2.33178150138256e+19 3.27297329159223e+15 2.17775635745338e+11 2.51789008453154e+14 2.08453575231961e+16 4.52352839749754e+10 1.01654340915050e+20 1.51746305957029e+16 1.25114485222721e+12 3.06225032213955e+18 1.39080542708021e+15 6.85420834107373e+09 8.77919980301738e+12 
1.33556416144269e-01 2.78517417844020e+02 2.78268837053610e+02 8.81790480185632e+19 5.95684749886493e+18 2.38254853583590e+16 1.55059452375262e+15 2.41057358044545e+15 2.45109706589491e+19 3.35946647307402e+15 2.29035210036721e+11 2.38929847676802e+14 2.13552154634896e+16 4.69494372550789e+10 1.01278409959212e+20 1.50995004215906e+16 1.22206598581489e+12 3.43821766755680e+18 1.42838971526524e+15 7.64660692296360e+09 9.96381353985253e+12 
1.48453143303235e-01 2.78522258447618e+02 2.78270957350503e+02 8.77882589940172e+19 6.03631791606168e+18 2.40036864394275e+16 1.54360634683857e+15 2.45072891073252e+15 2.55059451190777e+19 3.43206545965547e+15 2.38583184917054e+11 2.28897903433035e+14 2.16886466332234e+16 4.83886400195677e+10 1.00904660522016e+20 1.50272928625114e+16 1.19817088718598e+12 3.81199849657010e+18 1.46804066821042e+15 8.43516382514748e+09 1.11517564734960e+13 
1.63349870462201e-01 2.78526309732240e+02 2.78272748095544e+02 8.75034841946616e+19 6.09104354870730e+18 2.41345691003644e+16 1.53851858987992e+15 2.48360616727193e+15 2.63366838373479e+19 3.49319585004887e+15 2.46714215023438e+11 2.20901931250522e+14 2.18839966647513e+16 4.96113931223566e+10 1.00533134534368e+20 1.49575644623394e+16 1.17821081430002e+12 4.18355175118481e+18 1.50933158485403e+15 9.22055904568674e+09 1.23414888455031e+13 
1.78246597621168e-01 2.78529716787950e+02 2.78274269192333e+02 8.73030374637076e+19 6.12851668966952e+18 2.42326288783285e+16 1.53494314663539e+15 2.51089773995394e+15 2.70314154449010e+19 3.54486083984466e+15 2.53672040859377e+11 2.14405808127982e+14 2.19723050572066e+16 5.06618195524337e+10 1.00163865272578e+20 1.48899498832947e+16 1.16128508628123e+12 4.55284487092507e+18 1.55191394308442e+15 1.00034778478751e+10 1.35319336775422e+13 
1.99803342831599e-01 2.78533745446870e+02 2.78275569388229e+02 8.71273753625304e+19 6.16318409354176e+18 2.43375516949929e+16 1.53182202317108e+15 2.54312268939080e+15 2.78435259407508e+19 3.60622816728576e+15 2.62073525565177e+11 2.06982493275523e+14 2.19614859583214e+16 5.19439858415144e+10 9.96335510727073e+19 1.47952392892098e+16 1.14086997488995e+12 5.08318875977462e+18 1.61523223250194e+15 1.11317608470149e+10 1.52545443220592e+13 
2.21360088042031e-01 2.78536951310502e+02 2.78277140533007e+02 8.70528832423765e+19 6.18380367091202e+18 2.44161122268752e+16 1.53051742854132e+15 2.56909640945173e+15 2.84769649987571e+19 3.65524491583419e+15 2.68932453580270e+11 2.01235537787992e+14 2.18376386454212e+16 5.30108817411909e+10 9.91080722811740e+19 1.47035998334741e+16 1.12403187897847e+12 5.60869277583012e+18 1.67994143604486e+15 1.22549658365433e+10 1.69759100589140e+13 
2.42916833252462e-01 2.78539541594566e+02 2.78278427337316e+02 8.70514108390804e+19 6.19678476368017e+18 2.44804784438053e+16 1.53052487735975e+15 2.59065826624366e+15 2.89750244506391e+19 3.69492833620704e+15 2.74621196563937e+11 1.96626079998164e+14 2.16422274655079e+16 5.39170041945798e+10 9.85874655797594e+19 1.46144847147631e+16 1.10977669545333e+12 6.12932133466582e+18 1.74549286564767e+15 1.33743393403426e+10 1.86952146790427e+13 
2.64473578462894e-01 2.78541671794687e+02 2.78279500490497e+02 8.71023449678032e+19 6.20609658206303e+18 2.45381159374674e+16 1.53147476236220e+15 2.60907665208308e+15 2.93708644944156e+19 3.72758023541629e+15 2.79425456058545e+11 1.92864151051222e+14 2.14047590950803e+16 5.47019778729764e+10 9.80717518745372e+19 1.45274778402308e+16 1.09743585436972e+12 6.64505437994593e+18 1.81145406482091e+15 1.44888162787769e+10 2.04120150875237e+13 
2.86030323673326e-01 2.78543458540855e+02 2.78280413277599e+02 8.71906249298558e+19 6.21409572237242e+18 2.45934068511617e+16 1.53309685413114e+15 2.62518402150729e+15 2.96898149128333e+19 3.75495163619787e+15 2.83564185883566e+11 1.89764593213290e+14 2.11464776202898e+16 5.53952367740405e+10 9.75609347179665e+19 1.44422619527012e+16 1.08653832122876e+12 7.15588901977102e+18 1.87748243352198e+15 1.55967489856363e+10 2.21260503936348e+13 
3.07587068883757e-01 2.78544988779726e+02 2.78281205821187e+02 8.73054487890145e+19 6.22200415862360e+18 2.46485792831267e+16 1.53519715507961e+15 2.63957969765515e+15 2.99509945490046e+19 3.77835738131862e+15 2.87202952279988e+11 1.87108746912646e+14 2.08819566309420e+16 5.60188981710048e+10 9.70550053475082e+19 1.43585972571887e+16 1.07670894252070e+12 7.66183452586162e+18 1.94330913974415e+15 1.66993900202064e+10 2.38370962276311e+13 
3.47021278070001e-01 2.78547308818608e+02 2.78281908125552e+02 8.75621492188047e+19 6.23748232399532e+18 2.47513188489216e+16 1.53988048343112e+15 2.66278314921764e+15 3.03208472869329e+19 3.81374901672535e+15 2.92925162114125e+11 1.83108495708518e+14 2.04069313174426e+16 5.70282540402973e+10 9.61420805454523e+19 1.42090318305853e+16 1.06075461139976e+12 8.57478645485529e+18 2.06264037141777e+15 1.87003576051562e+10 2.69582035108134e+13 
3.86455487256245e-01 2.78549242847670e+02 2.78283023152451e+02 8.78514973125637e+19 6.25550767096469e+18 2.48584267959236e+16 1.54515364567005e+15 2.68349381501026e+15 3.06040476593754e+19 3.84315989539447e+15 2.97903641811072e+11 1.79776455865361e+14 1.99712374770670e+16 5.79284711435868e+10 9.52452969554220e+19 1.40633022095710e+16 1.04649850565927e+12 9.47159557511703e+18 2.17974355469338e+15 2.06803883737609e+10 3.00666176085650e+13 
4.25889696442488e-01 2.78550947388459e+02 2.78283999978819e+02 8.81558487988082e+19 6.27565218163621e+18 2.49688413253626e+16 1.55069863519658e+15 2.70261651150997e+15 3.08369260336769e+19 3.86905837867942e+15 3.02458249980567e+11 1.76914648157996e+14 1.95848830003900e+16 5.87625003625797e+10 9.43644379246176e+19 1.39209265542243e+16 1.03337004258387e+12 1.03524795746494e+19 2.29406780221897e+15 2.26354140917608e+10 3.31604572343542e+13 
4.65323905628732e-01 2.78552503179687e+02 2.78284893181895e+02 8.84667033649637e+19 6.29701684286785e+18 2.50807283687698e+16 1.55636180865652e+15 2.72059480122670e+15 3.10385522267522e+19 3.89273654947512e+15 3.06760202989562e+11 1.74359279068247e+14 1.92452972621727e+16 5.95538747288857e+10 9.34992422350768e+19 1.37816302019290e+16 1.02104446884030e+12 1.12177002441092e+19 2.40531727092391e+15 2.45656093221653e+10 3.62378694482028e+13 
5.04758114814976e-01 2.78553956495173e+02 2.78285730968752e+02 8.87794403672709e+19 6.31897699952374e+18 2.51928087867430e+16 1.56205986059826e+15 2.73773202323506e+15 3.12197137960338e+19 3.91490598095625e+15 3.10896331812975e+11 1.72016954843261e+14 1.89459939247243e+16 6.03154617927073e+10 9.26494340812628e+19 1.36452145960024e+16 1.00929687565500e+12 1.20675335000621e+19 2.51358353155290e+15 2.64706285543203e+10 3.92949456412388e+13 
5.78230422560383e-01 2.78556475716571e+02 2.78286529518444e+02 8.93585738517670e+19 6.36060288257042e+18 2.54004082632346e+16 1.57261396566068e+15 2.76800394934819e+15 3.15225571262560e+19 3.95355661709757e+15 3.18344446920757e+11 1.68069196866605e+14 1.84746054657481e+16 6.16793846506443e+10 9.11062071579870e+19 1.33983343476133e+16 9.88636549741792e+11 1.36108081469154e+19 2.70711954110019e+15 2.99550297473090e+10 4.49328272144374e+13 
6.51702730305790e-01 2.78558844715619e+02 2.78287942368462e+02 8.99239056513941e+19 6.40190679987576e+18 2.56039749407068e+16 1.58292048114634e+15 2.79666135860257e+15 3.18027247030338e+19 3.99028319304768e+15 3.25662616528861e+11 1.64518646696315e+14 1.80866194358738e+16 6.29999996655162e+10 8.96136573777519e+19 1.31603827002352e+16 9.69205880445531e+11 1.51034073287388e+19 2.89013393661513e+15 3.33525072563006e+10 5.04845422704618e+13 
7.25175038051197e-01 2.78561104332677e+02 2.78289291201167e+02 9.04723803664775e+19 6.44226890777037e+18 2.58023523807055e+16 1.59292375608127e+15 2.82394478846370e+15 3.20694249383308e+19 4.02570806907656e+15 3.32926269941319e+11 1.61276716566291e+14 1.77560201953816e+16 6.42886014235886e+10 8.81700067209120e+19 1.29309040381525e+16 9.50795458349006e+11 1.65471089500073e+19 3.06320733920340e+15 3.66642945110722e+10 5.59404845642884e+13 
7.98647345796604e-01 2.78563263956304e+02 2.78290590416288e+02 9.10042513232338e+19 6.48150687274737e+18 2.59952671176810e+16 1.60262799295347e+15 2.84997435010052e+15 3.23242834218771e+19 4.05994129765576e+15 3.40141987557293e+11 1.58298432776285e+14 1.74660873647996e+16 6.55469603924172e+10 8.67735383546623e+19 1.27095451512714e+16 9.33303474885303e+11 1.79436294966502e+19 3.22704826847624e+15 3.98932826894262e+10 6.12923228897577e+13 
8.72119653542011e-01 2.78565329675725e+02 2.78291843270134e+02 9.15199587277142e+19 6.51959182788232e+18 2.61827411240216e+16 1.61204085837804e+15 2.87485032466835e+15 3.25681398177269e+19 4.09304180897028e+15 3.47310964454277e+11 1.55553070245416e+14 1.72069817232186e+16 6.67757554813458e+10 8.54226194864551e+19 1.24959802553450e+16 9.16654963523056e+11 1.92946014332025e+19 3.38231703110309e+15 4.30417568416722e+10 6.65336182295651e+13 
1.00985305684065e+00 2.78568975875854e+02 2.78293051877675e+02 9.24436509833115e+19 6.58787967493017e+18 2.65197703295015e+16 1.62890925825589e+15 2.91866476532338e+15 3.30000092446231e+19 4.15235171416644e+15 3.60643069322300e+11 1.50937580589840e+14 1.67861225742195e+16 6.90039799932261e+10 8.30075922504581e+19 1.21155628015264e+16 8.87476943704195e+11 2.17097296774245e+19 3.65223841464237e+15 4.87338273602620e+10 7.60449537672635e+13 
1.14758646013929e+00 2.78572354898490e+02 2.78295207868448e+02 9.33132695494307e+19 6.65218084345173e+18 2.68385470191514e+16 1.64480057240452e+15 2.95913406012590e+15 3.34028382801896e+19 4.20838068389793e+15 3.73841225146232e+11 1.46925194100306e+14 1.64272385967069e+16 7.11380949509621e+10 8.07375632075489e+19 1.17595681135618e+16 8.60695111596889e+11 2.39798606687220e+19 3.89721355428614e+15 5.41591734731139e+10 8.51375380485821e+13 
1.28531986343794e+00 2.78575493413776e+02 2.78297231004241e+02 9.41317228216491e+19 6.71269390051666e+18 2.71399097128782e+16 1.65976616661446e+15 2.99667862225081e+15 3.37793790659713e+19 4.26134042883710e+15 3.86888382023419e+11 1.43349016658575e+14 1.61146736072223e+16 7.31799473330488e+10 7.86036122693041e+19 1.14262853301464e+16 8.35915060852927e+11 2.61139129988231e+19 4.12047382554422e+15 5.93378487020442e+10 9.37879702760325e+13 
1.42305326673658e+00 2.78578405811177e+02 2.78299131252611e+02 9.49022232523722e+19 6.76965629952072e+18 2.74247634252812e+16 1.67386318017702e+15 3.03138555099682e+15 3.41311919826161e+19 4.31136326052195e+15 3.99758763065948e+11 1.40289083071012e+14 1.58433646722194e+16 7.51306919670828e+10 7.65972937458480e+19 1.11141398995311e+16 8.13180775400463e+11 2.81203318194879e+19 4.32410553018651e+15 6.42574138029011e+10 1.02022275233944e+14 
1.56078667003522e+00 2.78581118136536e+02 2.78300914471434e+02 9.56274014295206e+19 6.82328133281647e+18 2.76939539230282e+16 1.68713825485138e+15 3.06383954985548e+15 3.44601675057761e+19 4.35861601467443e+15 4.12432312056406e+11 1.37399651470251e+14 1.56024031407386e+16 7.69927109211767e+10 7.47110606877739e+19 1.08217356703600e+16 7.91818063526313e+11 3.00066628784839e+19 4.51073673308618e+15 6.89697801013267e+10 1.09811102016977e+14 
1.71576888507230e+00 2.78583941495837e+02 2.78302590689457e+02 9.63924482815601e+19 6.87985805205832e+18 2.79790953359316e+16 1.70115073996023e+15 3.09757020778273e+15 3.48051050026690e+19 4.40866361202364e+15 4.26451157297846e+11 1.34637420393933e+14 1.53635607541535e+16 7.89851160882944e+10 7.27231948505939e+19 1.05146858069999e+16 7.69821863012155e+11 3.19946361807380e+19 4.70206017495628e+15 7.39839183211670e+10 1.18089653569359e+14 
1.87075110010939e+00 2.78586547843606e+02 2.78304353900955e+02 9.71069290794446e+19 6.93269453630073e+18 2.82464602512928e+16 1.71424415067013e+15 3.12868034797759e+15 3.51253923141952e+19 4.45559367577755e+15 4.40183912146635e+11 1.32167114298241e+14 1.51546649150686e+16 8.08718664346871e+10 7.08685252957450e+19 1.02292251077967e+16 7.49502663121854e+11 3.38494095260021e+19 4.87597425520222e+15 7.87302689335461e+10 1.25861415890737e+14 
2.02573331514647e+00 2.78588955478303e+02 2.78305997383094e+02 9.77741204196996e+19 6.98203630778908e+18 2.84970831623453e+16 1.72647712062501e+15 3.15746791321544e+15 3.54229661708206e+19 4.49959353455770e+15 4.53610240858689e+11 1.29964339582023e+14 1.49707229818146e+16 8.26566950265406e+10 6.91380847049310e+19 9.96376246467005e+15 7.30728493324294e+11 3.55799498803384e+19 5.03440140308593e+15 8.32178028713688e+10 1.33147682488932e+14 
2.18071553018356e+00 2.78591180918585e+02 2.78307529303921e+02 9.83970913989613e+19 7.02811201131119e+18 2.87319436456404e+16 1.73790469789141e+15 3.18411113665877e+15 3.56995591090953e+19 4.54083753940102e+15 4.66711148494288e+11 1.27997491485266e+14 1.48074563931973e+16 8.43434715424789e+10 6.75235568052846e+19 9.71684227473738e+15 7.13369980545588e+11 3.71945733161950e+19 5.17897374371545e+15 8.74567099764462e+10 1.39972574073069e+14 
2.33569774522064e+00 2.78593239460393e+02 2.78308957248446e+02 9.89787189455628e+19 7.07113339528923e+18 2.89519633787579e+16 1.74857857122603e+15 3.20877953163155e+15 3.59567474272393e+19 4.57948860592740e+15 4.79468712709847e+11 1.26232720758344e+14 1.46617991545100e+16 8.59360138868732e+10 6.60171960935956e+19 9.48712036492587e+15 6.97294723850346e+11 3.87010251828720e+19 5.31116714149260e+15 9.14584992774304e+10 1.46358332351977e+14 
2.76598419601317e+00 2.78598186170371e+02 2.78310288402240e+02 1.00397875561628e+20 7.17611889068661e+18 2.94918777441408e+16 1.77464155964488e+15 3.26822201078688e+15 3.65802423220724e+19 4.67440620250133e+15 5.12950745989925e+11 1.22189551455965e+14 1.43324213172109e+16 8.98943767235489e+10 6.23456362973382e+19 8.92983765695212e+15 6.58533919397252e+11 4.23728149286326e+19 5.62290794483377e+15 1.01411363493320e+11 1.61980137256615e+14 
3.19627064680569e+00 2.78602191477942e+02 2.78313528351713e+02 1.01569412834039e+20 7.26280157030496e+18 2.99409493475402e+16 1.79617733058222e+15 3.31656133198245e+15 3.70910633895213e+19 4.75346130231642e+15 5.43437391934403e+11 1.19102058265018e+14 1.40838390586749e+16 9.32410837968988e+10 5.93184768097318e+19 8.47315100500376e+15 6.26942473549739e+11 4.54001717419605e+19 5.86937586732192e+15 1.09841132653822e+11 1.74897358388135e+14 
3.62655709759821e+00 2.78605446056390e+02 2.78316194996990e+02 1.02536667116237e+20 7.33438006225556e+18 3.03140512274731e+16 1.81397171002664e+15 3.35599183328806e+15 3.75103152032989e+19 4.81922830661821e+15 5.70848855022928e+11 1.16715863533823e+14 1.38931850733785e+16 9.60587065930499e+10 5.68215928507562e+19 8.09833942012804e+15 6.01109294393054e+11 4.78972234090531e+19 6.06582972507276e+15 1.16951945644701e+11 1.85567029205299e+14 
4.05684354839073e+00 2.78608097523966e+02 2.78318391142551e+02 1.03335108733709e+20 7.39347481009714e+18 3.06236500721435e+16 1.82866990041899e+15 3.38822547457511e+15 3.78547328789501e+19 4.87386310445470e+15 5.95199285709973e+11 1.14849223901809e+14 1.37456979484508e+16 9.84219601009469e+10 5.47620957656935e+19 7.79045138577089e+15 5.79930713233970e+11 4.99568619937182e+19 6.22343081840203e+15 1.22928717364052e+11 1.94370564181028e+14 
4.48712999918326e+00 2.78610262042818e+02 2.78320200181805e+02 1.03993883075651e+20 7.44223922249432e+18 3.08802111267528e+16 1.84080343739107e+15 3.41462864865744e+15 3.81378497141622e+19 4.91918605123079e+15 6.16590204295631e+11 1.13368977095032e+14 1.36299711038826e+16 1.00397572522111e+11 5.30638748417190e+19 7.53742900649493e+15 5.62526587245797e+11 5.16552016315099e+19 6.35049628839744e+15 1.27937275228011e+11 2.01626615631519e+14 
5.26840118655061e+00 2.78613222688464e+02 2.78321690334963e+02 1.04905539966461e+20 7.50973195451824e+18 3.12369368757573e+16 1.85760419604103e+15 3.45086290091333e+15 3.85280804732642e+19 4.98227651930077e+15 6.48362070082435e+11 1.11419723398686e+14 1.34786724870192e+16 1.03170137080761e+11 5.07152767675936e+19 7.18877268305754e+15 5.38567788611650e+11 5.40039668827827e+19 6.52195968047242e+15 1.34982723782290e+11 2.11658834341954e+14 
6.04967237391797e+00 2.78615284646843e+02 2.78323748554958e+02 1.05547444570938e+20 7.55726017637967e+18 3.14893128277094e+16 1.86944042191480e+15 3.47620148551496e+15 3.88019336083052e+19 5.02697623134629e+15 6.72396171726380e+11 1.10098617600711e+14 1.33766475701624e+16 1.05149697246808e+11 4.90624931171458e+19 6.94428600159613e+15 5.21734124241067e+11 5.56568700516470e+19 6.63988994197486e+15 1.40030950164953e+11 2.18706685821292e+14 
6.83094356128532e+00 2.78616730720697e+02 2.78325195528476e+02 1.06001076200166e+20 7.59085198716935e+18 3.16682708081784e+16 1.87780837291938e+15 3.49402694784738e+15 3.89950147563192e+19 5.05870464064549e+15 6.90330916049129e+11 1.09187581930722e+14 1.33065835038800e+16 1.06562355380435e+11 4.78949114484337e+19 6.77200611861171e+15 5.09846341717246e+11 5.68245370227161e+19 6.72190410232442e+15 1.43643703279603e+11 2.23676132003602e+14 
7.61221474865268e+00 2.78617747266578e+02 2.78326216995765e+02 1.06321681739499e+20 7.61459564129951e+18 3.17950546686711e+16 1.88372411749817e+15 3.50658876377480e+15 3.91312479955984e+19 5.08119854619607e+15 7.03491327464261e+11 1.08552609481200e+14 1.32580674677229e+16 1.07567621428922e+11 4.70699380836994e+19 6.65049514474928e+15 5.01442103441355e+11 5.76495710789784e+19 6.77922196213443e+15 1.46220537218438e+11 2.27182167182840e+14 
8.39348593602003e+00 2.78618462452056e+02 2.78326938375849e+02 1.06547624152924e+20 7.63133121442445e+18 3.18845906439593e+16 1.88789404577671e+15 3.51545649321624e+15 3.92272751318642e+19 5.09710203156352e+15 7.13059062671382e+11 1.08093078265531e+14 1.32231918665796e+16 1.08279650054317e+11 4.64885271437229e+19 6.56495499592034e+15 4.95466787295789e+11 5.82310246954469e+19 6.81963580094131e+15 1.48056683306051e+11 2.29636454768352e+14 
9.55428901043795e+00 2.78619139589972e+02 2.78327447112168e+02 1.06763328444274e+20 7.64730460267168e+18 3.19701114117555e+16 1.89187549629612e+15 3.52381271112534e+15 3.93185969256006e+19 5.11227878817708e+15 7.22346200590775e+11 1.07707392773240e+14 1.31931925331916e+16 1.08961648035633e+11 4.59338136206753e+19 6.48344285323443e+15 4.89907323318347e+11 5.87857797646601e+19 6.85723186606414e+15 1.49797077843569e+11 2.32009616912765e+14 
1.07150920848559e+01 2.78619544442857e+02 2.78327931112214e+02 1.06891595104719e+20 7.65680662188546e+18 3.20210972502189e+16 1.89424344774786e+15 3.52883527161307e+15 3.93730960039708e+19 5.12134883481502e+15 7.28102472357025e+11 1.07446907896051e+14 1.31741448665555e+16 1.09368478274013e+11 4.56037590884193e+19 6.43495024785511e+15 4.86495522965524e+11 5.91158583285494e+19 6.88031362724955e+15 1.50854650729985e+11 2.33388243658357e+14 
1.18758951592738e+01 2.78619786259584e+02 2.78328220127422e+02 1.06969406084741e+20 7.66256774039030e+18 3.20519591080308e+16 1.89567992034026e+15 3.53182503551589e+15 3.94058942322120e+19 5.12681921731919e+15 7.31464751816069e+11 1.07319869050854e+14 1.31638908346395e+16 1.09615824141451e+11 4.54038021781256e+19 6.40562690829064e+15 4.84528775774608e+11 5.93158307231550e+19 6.89327868133154e+15 1.51478242871092e+11 2.34259784252967e+14 
1.30366982336917e+01 2.78619934385585e+02 2.78328393999634e+02 1.07016489447240e+20 7.66605630885358e+18 3.20706959011139e+16 1.89654924091204e+15 3.53366441853438e+15 3.94258471263918e+19 5.13015106454620e+15 7.33520481867004e+11 1.07224636685422e+14 1.31571580721522e+16 1.09765473236966e+11 4.52826981280632e+19 6.38784484762912e+15 4.83274984438139e+11 5.94369436021982e+19 6.90172030897874e+15 1.51868380218948e+11 2.34767356078894e+14 
1.41975013081096e+01 2.78620021924175e+02 2.78328499982476e+02 1.07044516212432e+20 7.66813230050734e+18 3.20818223953206e+16 1.89706671546450e+15 3.53476251751023e+15 3.94377080173906e+19 5.13212630545483e+15 7.34744975149927e+11 1.07168500966355e+14 1.31527103959037e+16 1.09854929941260e+11 4.52106287307442e+19 6.37728576230834e+15 4.82538947586540e+11 5.95090185423529e+19 6.90642606430459e+15 1.52096358748169e+11 2.35075042392502e+14 
1.60265844817655e+01 2.78620096962973e+02 2.78328562833272e+02 1.07068871487414e+20 7.66993567975821e+18 3.20914711950035e+16 1.89751636869789e+15 3.53569264469092e+15 3.94479019148726e+19 5.13383110954959e+15 7.35601754605152e+11 1.07130730180938e+14 1.31498296037363e+16 1.09932471267599e+11 4.51481114714927e+19 6.36812988060427e+15 4.81933076455055e+11 5.95715407526018e+19 6.91035031617182e+15 1.52288852042266e+11 2.35351088311456e+14 
1.78556676554213e+01 2.78620128237728e+02 2.78328617015676e+02 1.07078792128292e+20 7.67067058189249e+18 3.20954204707356e+16 1.89769953165480e+15 3.53607629879348e+15 3.94521159069388e+19 5.13453417701503e+15 7.36002125431557e+11 1.07112849683773e+14 1.31485760462987e+16 1.09963972507331e+11 4.51225834002903e+19 6.36437928674778e+15 4.81673808939838e+11 5.95970706351157e+19 6.91217712822924e+15 1.52370822839939e+11 2.35455943046925e+14 
1.96847508290771e+01 2.78620140435469e+02 2.78328639386136e+02 1.07082459200498e+20 7.67094286062803e+18 3.20968967277722e+16 1.89776727764249e+15 3.53623651165907e+15 3.94537351027457e+19 5.13480173925696e+15 7.36304185006043e+11 1.07097109338402e+14 1.31473614626976e+16 1.09975787188011e+11 4.51130862370227e+19 6.36298330191393e+15 4.81550661385962e+11 5.96065683747258e+19 6.91295768400028e+15 1.52405484903996e+11 2.35489201174981e+14 
2.15138340027330e+01 2.78620144855669e+02 2.78328647925583e+02 1.07083753716902e+20 7.67103923397291e+18 3.20974247193162e+16 1.89779120967653e+15 3.53629906623101e+15 3.94543182950677e+19 5.13489864904279e+15 7.36454614011861e+11 1.07088543984652e+14 1.31466190029044e+16 1.09980025795004e+11 4.51097224124620e+19 6.36248921537248e+15 4.81498096127846e+11 5.96099324010385e+19 6.91323621907812e+15 1.52419298742348e+11 2.35501385834772e+14 
2.70388069782633e+01 2.78620147689557e+02 2.78328650988726e+02 1.07084502331639e+20 7.67109518748410e+18 3.20977405262831e+16 1.89780507126185e+15 3.53633986050244e+15 3.94546822083213e+19 5.13495898546430e+15 7.36571504435747e+11 1.07081207134508e+14 1.31459999635927e+16 1.09982526949630e+11 4.51077514583166e+19 6.36219764410203e+15 4.81458973549571e+11 5.96119034143818e+19 6.91347382856531e+15 1.52429267199143e+11 2.35505502525325e+14 
3.25637799537935e+01 2.78620147908034e+02 2.78328652877515e+02 1.07084628270218e+20 7.67110426803500e+18 3.20977832071944e+16 1.89780737813913e+15 3.53633944437828e+15 3.94547190806465e+19 5.13496503382643e+15 7.36533029944925e+11 1.07083711432676e+14 1.31462003169901e+16 1.09982867953367e+11 4.51074443673380e+19 6.36215284204126e+15 4.81464388640496e+11 5.96122105651053e+19 6.91346250407678e+15 1.52428674466330e+11 2.35508131396674e+14 
3.80887529293238e+01 2.78620147912645e+02 2.78328653085938e+02 1.07084662849389e+20 7.67110668711470e+18 3.20977950233592e+16 1.89780801423462e+15 3.53633723730948e+15 3.94547251947704e+19 5.13496653751896e+15 7.36500990795540e+11 1.07085423067214e+14 1.31463481527773e+16 1.09982968821219e+11 4.51073638226023e+19 6.36214152419027e+15 4.81468641297782e+11 5.96122911269617e+19 6.91345700983982e+15 1.52428192631930e+11 2.35509033695681e+14 
9.33384826846265e+01 2.78620148191041e+02 2.78328653120362e+02 1.07084735046731e+20 7.67111179463856e+18 3.20978155296739e+16 1.89780929391213e+15 3.53633611811502e+15 3.94547553428694e+19 5.13496953960758e+15 7.36456754478381e+11 1.07087459046389e+14 1.31465215654485e+16 1.09982998494324e+11 4.51071729348455e+19 6.36210714540708e+15 4.81473049738180e+11 5.96124819313522e+19 6.91349098243637e+15 1.52427541255831e+11 2.35510111098803e+14 
1.48588212439929e+02 2.78620147776420e+02 2.78328653304239e+02 1.07084628883371e+20 7.67110430464250e+18 3.20977837311758e+16 1.89780739212591e+15 3.53633804208965e+15 3.94547086814905e+19 5.13496459779109e+15 7.36469698068160e+11 1.07084325719731e+14 1.31462595699248e+16 1.09982919139504e+11 4.51074425092151e+19 6.36215536072446e+15 4.81466298534709e+11 5.96122123689026e+19 6.91343179806006e+15 1.52428458641723e+11 2.35509235719344e+14 
2.03837942195232e+02 2.78620148186171e+02 2.78328653035503e+02 1.07084718415252e+20 7.67111061241335e+18 3.20978101148329e+16 1.89780898719572e+15 3.53633666542590e+15 3.94547529725220e+19 5.13496894029443e+15 7.36495353271147e+11 1.07086914851176e+14 1.31464738177551e+16 1.09982964940204e+11 4.51072041543179e+19 6.36211197263689e+15 4.81471744898286e+11 5.96124506481796e+19 6.91349836806886e+15 1.52427671748454e+11 2.35509361589459e+14 
3.03837942195232e+02 2.78620148098287e+02 2.78328653289353e+02 1.07084696157454e+20 7.67110905784887e+18 3.20978036708388e+16 1.89780859165057e+15 3.53633740812133e+15 3.94547431630536e+19 5.13496794384695e+15 7.36509492185259e+11 1.07086076584453e+14 1.31464045648004e+16 1.09982955647410e+11 4.51072626511172e+19 6.36212262139779e+15 4.81469863699058e+11 5.96123921062026e+19 6.91348404612976e+15 1.52427925467070e+11 2.35509165494852e+14 
4.03837942195232e+02 2.78620147960776e+02 2.78328653231954e+02 1.07084673570143e+20 7.67110745129073e+18 3.20977970258468e+16 1.89780819063541e+15 3.53633716913457e+15 3.94547291462184e+19 5.13496670445165e+15 7.36511570188995e+11 1.07085684647054e+14 1.31463725253958e+16 1.09982947403427e+11 4.51073269257026e+19 6.36213448272672e+15 4.81469216827742e+11 5.96123278444881e+19 6.91345988299620e+15 1.52428056878796e+11 2.35509537227504e+14 
5.03837942195232e+02 2.78620148002897e+02 2.78328653153184e+02 1.07084676186882e+20 7.67110763920294e+18 3.20977975650947e+16 1.89780823611215e+15 3.53633748472864e+15 3.94547328224438e+19 5.13496688894889e+15 7.36507562072632e+11 1.07085613119674e+14 1.31463660801351e+16 1.09982939472595e+11 4.51073187685416e+19 6.36213254313032e+15 4.81468975385146e+11 5.96123359891284e+19 6.91346885776746e+15 1.52428052413620e+11 2.35509193711484e+14 
6.03837942195232e+02 2.78620147944035e+02 2.78328653172735e+02 1.07084669743732e+20 7.67110717867195e+18 3.20977956818238e+16 1.89780812228541e+15 3.53633720564366e+15 3.94547271450675e+19 5.13496644929661e+15 7.36503876063552e+11 1.07085588834685e+14 1.31463646495746e+16 1.09982940905951e+11 4.51073383879088e+19 6.36213637629511e+15 4.81469050275568e+11 5.96123163810092e+19 6.91345686417303e+15 1.52428067310303e+11 2.35509563088275e+14 
7.03837942195232e+02 2.78620147982623e+02 2.78328653142173e+02 1.07084672463663e+20 7.67110737508804e+18 3.20977964535837e+16 1.89780816963640e+15 3.53633747736932e+15 3.94547307150215e+19 5.13496669202228e+15 7.36502489773850e+11 1.07085536392360e+14 1.31463597428230e+16 1.09982937878961e+11 4.51073287084871e+19 6.36213438674317e+15 4.81468836232145e+11 5.96123260480849e+19 6.91346545961844e+15 1.52428074949891e+11 2.35509221652501e+14 
8.03837942195232e+02 2.78620147949561e+02 2.78328653160911e+02 1.07084670384421e+20 7.67110722388790e+18 3.20977958643685e+16 1.89780813299492e+15 3.53633720987334e+15 3.94547276755029e+19 5.13496649359214e+15 7.36502928101680e+11 1.07085603195863e+14 1.31463657779471e+16 1.09982940241211e+11 4.51073358984743e+19 6.36213590466806e+15 4.81469069237481e+11 5.96123188639279e+19 6.91345804996658e+15 1.52428064004846e+11 2.35509541930929e+14 
9.03837942195232e+02 2.78620147972197e+02 2.78328653145272e+02 1.07084670726208e+20 7.67110725153566e+18 3.20977959255690e+16 1.89780813823662e+15 3.53633745444489e+15 3.94547296334017e+19 5.13496659445640e+15 7.36503723493781e+11 1.07085508827201e+14 1.31463575043162e+16 1.09982936704264e+11 4.51073331313192e+19 6.36213521131565e+15 4.81468790950144e+11 5.96123216246258e+19 6.91346360176198e+15 1.52428084451539e+11 2.35509257262341e+14 
1.00000000000000e+03 2.78620147962908e+02 2.78328653155091e+02 1.07084670388845e+20 7.67110722636677e+18 3.20977958398802e+16 1.89780813251585e+15 3.53633736584981e+15 3.94547288095206e+19 5.13496654699810e+15 7.36504066822629e+11 1.07085538411862e+14 1.31463601091876e+16 1.09982937878955e+11 4.51073346746976e+19 6.36213556210274e+15 4.81468882994094e+11 5.96123200831113e+19 6.91346140838538e+15 1.52428078371702e+11 2.35509362281848e+14 
