Time(s)              GasTemp(K)           NearWallTemp(K)      [O2(X)](m^-3)        [O2(a1Dg)](m^-3)     [O2(b1Sg+)](m^-3)    [O2(A3Su+_C3Du_c1Su-)](m^-3) [O2(+,X)](m^-3)      [O(3P)](m^-3)        [O(1D)](m^-3)        [O(+,gnd)](m^-3)     [O(-,gnd)](m^-3)     [O3(X)](m^-3)        [O3(exc)](m^-3)      [CO2(X)](m^-3)       [CO2(e1)](m^-3)      [CO2(+,X)](m^-3)     [CO(X)](m^-3)        [CO(a3P)](m^-3)      [CO(+,X)](m^-3)      [C(X)](m^-3)        
0.00000000000000e+00 3.58872879968000e+02 3.25475295985600e+02 1.53157679855767e+22 1.53157679855767e-03 1.53157679855767e-03 1.53157679855767e-03 0.00000000000000e+00 0.00000000000000e+00 0.00000000000000e+00 0.00000000000000e+00 0.00000000000000e+00 0.00000000000000e+00 0.00000000000000e+00 0.00000000000000e+00 0.00000000000000e+00 0.00000000000000e+00 0.00000000000000e+00 0.00000000000000e+00 0.00000000000000e+00 0.00000000000000e+00 
1.72482037309037e-16 3.58872879967986e+02 3.31624583780734e+02 1.53157679855766e+22 1.16789334347373e+07 2.76534643880449e+06 3.78839299321855e+06 3.58358781377823e+02 1.04004531205797e+07 1.71494327382816e+06 1.12179503877940e-02 4.84516073173423e+05 1.08016877636900e-06 9.65934813711826e-11 0.00000000000000e+00 0.00000000000000e+00 0.00000000000000e+00 0.00000000000000e+00 0.00000000000000e+00 0.00000000000000e+00 0.00000000000000e+00 
3.44964074618074e-16 3.58872879967972e+02 3.31624583780726e+02 1.53157679855766e+22 2.33578668679491e+07 5.53069287621336e+06 7.57678598490192e+06 7.16717562755638e+02 2.08009062413383e+07 3.42988654747745e+06 2.24359007751081e-02 9.69032146345592e+05 3.40914027309454e-06 3.04860439097206e-10 0.00000000000000e+00 0.00000000000000e+00 0.00000000000000e+00 0.00000000000000e+00 0.00000000000000e+00 0.00000000000000e+00 0.00000000000000e+00 
5.17446111927111e-16 3.58872879967958e+02 3.31624583780717e+02 1.53157679855766e+22 3.50368003011670e+07 8.29603931376105e+06 1.13651789765816e+07 1.07507634413345e+03 3.12013593622795e+07 5.14482982094410e+06 3.36538511619324e-02 1.45354821951648e+06 7.01324130843363e-06 6.27155133999997e-10 0.00000000000000e+00 0.00000000000000e+00 0.00000000000000e+00 0.00000000000000e+00 0.00000000000000e+00 0.00000000000000e+00 0.00000000000000e+00 
1.26999282400482e-15 3.58872879967898e+02 3.31624583780709e+02 1.53157679855765e+22 8.59925003431772e+07 2.03613674027674e+07 2.78941041586969e+07 2.63861146278953e+03 7.65789935944358e+07 1.26272027198149e+07 8.25982618996558e-02 3.56751314884908e+06 3.66607335413176e-05 3.27836534438778e-09 0.00000000000000e+00 0.00000000000000e+00 0.00000000000000e+00 0.00000000000000e+00 0.00000000000000e+00 0.00000000000000e+00 0.00000000000000e+00 
2.02253953608253e-15 3.58872879967837e+02 3.31624583780674e+02 1.53157679855764e+22 1.36948200385302e+08 3.24266954943683e+07 4.44230293407436e+07 4.20214658144547e+03 1.21956627830005e+08 2.01095756152723e+07 1.31542672628223e-01 5.68147807815772e+06 9.01394840075444e-05 8.06067233232653e-09 0.00000000000000e+00 0.00000000000000e+00 0.00000000000000e+00 0.00000000000000e+00 0.00000000000000e+00 0.00000000000000e+00 0.00000000000000e+00 
2.77508624816025e-15 3.58872879967777e+02 3.31624583780638e+02 1.53157679855763e+22 1.87903900427543e+08 4.44920235886046e+07 6.09519545227205e+07 5.76568170010126e+03 1.67334262069041e+08 2.75919485072623e+07 1.80487083347490e-01 7.79544300744203e+06 1.67825859011740e-04 1.50077324417374e-08 0.00000000000000e+00 0.00000000000000e+00 0.00000000000000e+00 0.00000000000000e+00 0.00000000000000e+00 0.00000000000000e+00 0.00000000000000e+00 
3.52763296023796e-15 3.58872879967716e+02 3.31624583780602e+02 1.53157679855762e+22 2.38859600469901e+08 5.65573516854909e+07 7.74808797046273e+07 7.32921681875689e+03 2.12711896311564e+08 3.50743213957661e+07 2.29431494057404e-01 9.90940793670188e+06 2.69852685693735e-04 2.41314236645997e-08 0.00000000000000e+00 0.00000000000000e+00 0.00000000000000e+00 0.00000000000000e+00 0.00000000000000e+00 0.00000000000000e+00 0.00000000000000e+00 
5.76106989061082e-15 3.58872879967536e+02 3.31624583780567e+02 1.53157679855758e+22 3.90087877016234e+08 9.23652941399980e+07 1.26536056383836e+08 1.19695361768715e+04 3.47385375736986e+08 5.72807939672819e+07 3.74690589099578e-01 1.61833139502941e+07 7.16143091185687e-04 6.40406905534051e-08 0.00000000000000e+00 0.00000000000000e+00 0.00000000000000e+00 0.00000000000000e+00 0.00000000000000e+00 0.00000000000000e+00 0.00000000000000e+00 
7.99450682098367e-15 3.58872879967356e+02 3.31624583780461e+02 1.53157679855755e+22 5.41316153563598e+08 1.28173236617870e+08 1.75591233062426e+08 1.66098555349848e+04 4.82058855193144e+08 7.94872665080577e+07 5.19949684059295e-01 2.24572199636707e+07 1.37705017410260e-03 1.23141932344617e-07 0.00000000000000e+00 0.00000000000000e+00 0.00000000000000e+00 0.00000000000000e+00 0.00000000000000e+00 0.00000000000000e+00 0.00000000000000e+00 
1.02279437513565e-14 3.58872879967176e+02 3.31624583780355e+02 1.53157679855752e+22 6.92544430111993e+08 1.63981179119108e+08 2.24646409740399e+08 2.12501748930967e+04 6.16732334680041e+08 1.01693739018093e+08 6.65208778936552e-01 2.87311259768315e+07 2.25258060822595e-03 2.01435745842207e-07 0.00000000000000e+00 0.00000000000000e+00 0.00000000000000e+00 0.00000000000000e+00 0.00000000000000e+00 0.00000000000000e+00 0.00000000000000e+00 
1.24613806817294e-14 3.58872879966997e+02 3.31624583780250e+02 1.53157679855749e+22 8.43772706661418e+08 1.99789121643712e+08 2.73701586417753e+08 2.58904942512073e+04 7.51405814197676e+08 1.23900211497387e+08 8.10467873731349e-01 3.50050319897766e+07 3.34273287778382e-03 2.98921995504117e-07 0.00000000000000e+00 0.00000000000000e+00 0.00000000000000e+00 0.00000000000000e+00 0.00000000000000e+00 0.00000000000000e+00 0.00000000000000e+00 
3.47957499854580e-14 3.58872879965198e+02 3.31624583780144e+02 1.53157679855717e+22 2.35605547221235e+09 5.57868548174853e+08 7.64253353157302e+08 7.22936878322384e+04 2.09814061106458e+09 3.45964934599606e+08 2.26305881714409e+00 9.77440921073625e+07 2.60483276355585e-02 2.32935695734022e-06 0.00000000000000e+00 0.00000000000000e+00 0.00000000000000e+00 0.00000000000000e+00 0.00000000000000e+00 0.00000000000000e+00 0.00000000000000e+00 
5.71301192891866e-14 3.58872879963399e+02 3.31624583779086e+02 1.53157679855685e+22 3.86833823786634e+09 9.15947977042547e+08 1.25480511983504e+09 1.18696881413134e+05 3.44487541100522e+09 5.68029654627779e+08 3.71564975231096e+00 1.60483152203376e+08 7.02159141184306e-02 6.27901838804406e-06 0.00000000000000e+00 0.00000000000000e+00 0.00000000000000e+00 0.00000000000000e+00 0.00000000000000e+00 0.00000000000000e+00 0.00000000000000e+00 
7.94644885929152e-14 3.58872879961601e+02 3.31624583778028e+02 1.53157679855654e+22 5.38062100362338e+09 1.27402740824679e+09 1.74535688645097e+09 1.65100074993894e+05 4.79161021401961e+09 7.90094371581908e+08 5.16824067923195e+00 2.23222212277816e+08 1.35845473745172e-01 1.21479046307505e-05 0.00000000000000e+00 0.00000000000000e+00 0.00000000000000e+00 0.00000000000000e+00 0.00000000000000e+00 0.00000000000000e+00 0.00000000000000e+00 
1.01798857896644e-13 3.58872879959802e+02 3.31624583776971e+02 1.53157679855622e+22 6.89290376948347e+09 1.63210684178759e+09 2.23590865300509e+09 2.11503268574519e+05 6.13834502010773e+09 1.01215908546199e+09 6.62083159790707e+00 2.85961272330684e+08 2.22937003514262e-01 1.99360154220258e-05 0.00000000000000e+00 0.00000000000000e+00 0.00000000000000e+00 0.00000000000000e+00 0.00000000000000e+00 0.00000000000000e+00 0.00000000000000e+00 
3.25142550933930e-13 3.58872879941815e+02 3.31624583775913e+02 1.53157679855304e+22 2.20157314337524e+10 5.21290130570581e+09 7.14142631514680e+09 6.75535204373317e+05 1.96056932500447e+10 3.23280605519048e+09 2.11467403311353e+01 9.13351871672861e+08 2.27426071954438e+00 2.03374480717463e-04 0.00000000000000e+00 0.00000000000000e+00 0.00000000000000e+00 0.00000000000000e+00 0.00000000000000e+00 0.00000000000000e+00 0.00000000000000e+00 
5.48486243971216e-13 3.58872879923828e+02 3.31624583765337e+02 1.53157679854987e+22 3.71385591083267e+10 8.79369600327907e+09 1.20469439711076e+10 1.13956714015857e+06 3.30730417873557e+10 5.45345271751467e+09 3.56726482397764e+01 1.54074246885777e+09 6.47178153950353e+00 5.78735414574898e-04 0.00000000000000e+00 0.00000000000000e+00 0.00000000000000e+00 0.00000000000000e+00 0.00000000000000e+00 0.00000000000000e+00 0.00000000000000e+00 
7.71829937008501e-13 3.58872879905841e+02 3.31624583754761e+02 1.53157679854669e+22 5.22613867932064e+10 1.23744909345073e+10 1.69524616208875e+10 1.60359907593028e+06 4.65403906320406e+10 7.67409907243461e+09 5.01985553238304e+01 2.16813306388540e+09 1.28154994678604e+01 1.14601882214463e-03 0.00000000000000e+00 0.00000000000000e+00 0.00000000000000e+00 0.00000000000000e+00 0.00000000000000e+00 0.00000000000000e+00 0.00000000000000e+00 
9.95173630045787e-13 3.58872879887855e+02 3.31624583744184e+02 1.53157679854351e+22 6.73842144883915e+10 1.59552860993906e+10 2.18579792644865e+10 2.06763101168844e+06 6.00077397840994e+10 9.89474511995034e+09 6.47244615832973e+01 2.79552365675576e+09 2.13054144998583e+01 1.90522470797702e-03 0.00000000000000e+00 0.00000000000000e+00 0.00000000000000e+00 0.00000000000000e+00 0.00000000000000e+00 0.00000000000000e+00 0.00000000000000e+00 
3.22861056041865e-12 3.58872879707987e+02 3.31624583733608e+02 1.53157679851174e+22 2.18612492007039e+11 5.17632505992342e+10 7.09131553605265e+10 6.70795036852513e+06 1.94681248210238e+11 3.21011886878915e+10 2.09983478825697e+02 9.06942946680944e+09 2.24245403040568e+02 2.00530214493277e-02 0.00000000000000e+00 0.00000000000000e+00 0.00000000000000e+00 0.00000000000000e+00 0.00000000000000e+00 0.00000000000000e+00 0.00000000000000e+00 
5.46204749079150e-12 3.58872879528119e+02 3.31624583627846e+02 1.53157679847998e+22 3.69840770556224e+11 8.75712384645375e+10 1.19968330838476e+11 1.13482697240073e+07 3.29354787373719e+11 5.43076015154601e+10 3.55242413609451e+02 1.53433350611359e+10 6.41805094158428e+02 5.73930710048427e-02 0.00000000000000e+00 0.00000000000000e+00 0.00000000000000e+00 0.00000000000000e+00 0.00000000000000e+00 0.00000000000000e+00 0.00000000000000e+00 
7.69548442116436e-12 3.58872879348251e+02 3.31624583522084e+02 1.53157679844821e+22 5.21069050135947e+11 1.23379249695269e+11 1.69023505698334e+11 1.59885890781351e+07 4.64028357274503e+11 7.65139836026969e+10 5.00501265934608e+02 2.16172404397353e+10 1.27398448137526e+03 1.13925377545897e-01 0.00000000000000e+00 0.00000000000000e+00 0.00000000000000e+00 0.00000000000000e+00 0.00000000000000e+00 0.00000000000000e+00 0.00000000000000e+00 
9.92892135153722e-12 3.58872879168383e+02 3.31624583416321e+02 1.53157679841644e+22 6.72297330746206e+11 1.59187284291397e+11 2.18078679940102e+11 2.06289084309083e+07 5.98701957912547e+11 9.87203349496444e+10 6.45760035801221e+02 2.78911456026074e+10 2.12078355791029e+03 1.89649945441818e-01 0.00000000000000e+00 0.00000000000000e+00 0.00000000000000e+00 0.00000000000000e+00 0.00000000000000e+00 0.00000000000000e+00 0.00000000000000e+00 
3.22632906552658e-11 3.58872877369704e+02 3.31624583310559e+02 1.53157679809877e+22 2.18458019352793e+12 5.17268915337712e+11 7.08630388362793e+11 6.70321018841389e+07 1.94543965482690e+12 3.20782157718585e+11 2.09834319926633e+03 9.06301853663351e+10 2.23928547827011e+04 2.00247157984807e+00 0.00000000000000e+00 0.00000000000000e+00 0.00000000000000e+00 0.00000000000000e+00 0.00000000000000e+00 0.00000000000000e+00 0.00000000000000e+00 
5.45976599589944e-11 3.58872875571026e+02 3.31624582252936e+02 1.53157679778110e+22 3.69686315936211e+12 8.75352882886536e+11 1.19918203497642e+12 1.13435295201906e+08 3.29218042541869e+12 5.42840906507154e+11 3.55091811693672e+03 1.53369203557347e+11 6.41268871940822e+04 5.73452434129497e+00 0.00000000000000e+00 0.00000000000000e+00 0.00000000000000e+00 0.00000000000000e+00 0.00000000000000e+00 0.00000000000000e+00 0.00000000000000e+00 
7.69320292627230e-11 3.58872873772349e+02 3.31624581195313e+02 1.53157679746342e+22 5.20914622824780e+12 1.23343918690686e+12 1.68973361978099e+12 1.59838488384200e+08 4.63892426964731e+12 7.64896581355937e+11 5.00348478886229e+03 2.16108200175645e+11 1.27322874318855e+05 1.13858124014964e+01 0.00000000000000e+00 0.00000000000000e+00 0.00000000000000e+00 0.00000000000000e+00 0.00000000000000e+00 0.00000000000000e+00 0.00000000000000e+00 
9.92663985664516e-11 3.58872871973672e+02 3.31624580137690e+02 1.53157679714575e+22 6.72142940018396e+12 1.59152782736620e+12 2.18028514277652e+12 2.06241681431008e+08 5.98567118747025e+12 9.86949182307444e+11 6.45604321509528e+03 2.78847175221229e+11 2.11980809377218e+05 1.89563401297052e+01 0.00000000000000e+00 0.00000000000000e+00 0.00000000000000e+00 0.00000000000000e+00 0.00000000000000e+00 0.00000000000000e+00 0.00000000000000e+00 
3.22610091603737e-10 3.58872853986933e+02 3.31624579080068e+02 1.53157679396900e+22 2.18442667869551e+13 5.17254272435533e+12 7.08579697323685e+12 6.70273604443245e+08 1.94533093980063e+13 3.20730614285164e+12 2.09811739832387e+04 9.06235739178279e+11 2.23896484323788e+06 2.00221379894839e+02 0.00000000000000e+00 0.00000000000000e+00 0.00000000000000e+00 0.00000000000000e+00 0.00000000000000e+00 0.00000000000000e+00 0.00000000000000e+00 
5.45953784641023e-10 3.58872836000249e+02 3.31624568503863e+02 1.53157679079222e+22 3.69671144776154e+13 8.75379122814561e+12 1.19913026228010e+13 1.13430551389385e+09 3.29212549194099e+13 5.42735576222719e+12 3.55054802418158e+04 1.53362214586539e+12 6.41213592521233e+06 5.73415377248384e+02 0.00000000000000e+00 0.00000000000000e+00 0.00000000000000e+00 0.00000000000000e+00 0.00000000000000e+00 0.00000000000000e+00 0.00000000000000e+00 
7.69297477678309e-10 3.58872818013621e+02 3.31624557927691e+02 1.53157678761542e+22 5.20899724711961e+13 1.23352733077355e+13 1.68968020914764e+13 1.59833740977188e+09 4.63895077111001e+13 7.64709808101020e+12 5.00289620407097e+04 2.16100639528370e+12 1.27314875821010e+07 1.13854250283463e+03 0.00000000000000e+00 0.00000000000000e+00 0.00000000000000e+00 0.00000000000000e+00 0.00000000000000e+00 0.00000000000000e+00 0.00000000000000e+00 
9.92641170715595e-10 3.58872800027048e+02 3.31624547351552e+02 1.53157678443860e+22 6.72128407666830e+13 1.59169889306591e+13 2.18022953792704e+13 2.06236929206588e+09 5.98580677305795e+13 9.86653314169314e+12 6.45516194321632e+04 2.78838848743444e+12 2.11970130341027e+07 1.89560712430393e+03 0.00000000000000e+00 0.00000000000000e+00 0.00000000000000e+00 0.00000000000000e+00 0.00000000000000e+00 0.00000000000000e+00 0.00000000000000e+00 
3.22607810108845e-09 3.58872620164346e+02 3.31624536775445e+02 1.53157675266904e+22 2.18442089959673e+14 5.17469783067674e+13 7.08568883114948e+13 6.70268736373824e+09 1.94560550090794e+14 3.20439999141886e+13 2.09732869832025e+05 9.06209075966304e+12 2.23889373218961e+08 2.00243944984604e+04 0.00000000000000e+00 0.00000000000000e+00 0.00000000000000e+00 0.00000000000000e+00 0.00000000000000e+00 0.00000000000000e+00 0.00000000000000e+00 
5.45951503146131e-09 3.58872440307154e+02 3.31624431016183e+02 1.53157672089708e+22 3.69672368185220e+14 8.76002849533273e+13 1.19910863164286e+14 1.13430040639177e+10 3.29293706714795e+14 5.41907893860796e+13 3.54831739150476e+05 1.53355773065157e+13 6.41191367680455e+08 5.73519146066979e+04 0.00000000000000e+00 0.00000000000000e+00 0.00000000000000e+00 0.00000000000000e+00 0.00000000000000e+00 0.00000000000000e+00 0.00000000000000e+00 
7.69295196183417e-09 3.58872260455465e+02 3.31624325260196e+02 1.53157668912274e+22 5.20903674477298e+14 1.23476877953269e+14 1.68964219944909e+14 1.59833193816649e+10 4.64057497132333e+14 7.63069420228301e+13 4.99848277206135e+05 2.16088481291455e+13 1.27309652322787e+09 1.13882327415137e+05 0.00000000000000e+00 0.00000000000000e+00 0.00000000000000e+00 0.00000000000000e+00 0.00000000000000e+00 0.00000000000000e+00 0.00000000000000e+00 
9.92638889220703e-09 3.58872080609275e+02 3.31624219507480e+02 1.53157665734600e+22 6.72136007825429e+14 1.59376724967123e+14 2.18016958660975e+14 2.06236333055231e+10 5.98851879011241e+14 9.83925001515939e+13 6.44782536145171e+05 2.78819032287581e+13 2.11959806007217e+09 1.89619984586357e+05 0.00000000000000e+00 0.00000000000000e+00 0.00000000000000e+00 0.00000000000000e+00 0.00000000000000e+00 0.00000000000000e+00 0.00000000000000e+00 
2.58713695566542e-08 3.58870796808303e+02 3.31624113758032e+02 1.53157643041608e+22 1.75184551103349e+15 4.16346138556612e+14 5.68196923516186e+14 5.37517785782395e+10 1.56206268779763e+15 2.55180817985983e+14 1.67711306564358e+06 7.26603086201808e+13 1.43971909615458e+10 1.28875198404409e+06 0.00000000000000e+00 0.00000000000000e+00 0.00000000000000e+00 0.00000000000000e+00 0.00000000000000e+00 0.00000000000000e+00 0.00000000000000e+00 
4.18163502211014e-08 3.58869513284991e+02 3.31623358884880e+02 1.53157620336585e+22 2.83160694517412e+15 6.74487444090765e+14 9.18345389796930e+14 8.68798480521629e+10 2.52681524821703e+15 4.10427226826073e+14 2.70527153613403e+06 1.17427719460414e+14 3.76095937537539e+10 3.36863851394947e+06 0.00000000000000e+00 0.00000000000000e+00 0.00000000000000e+00 0.00000000000000e+00 0.00000000000000e+00 0.00000000000000e+00 0.00000000000000e+00 
5.77613308855486e-08 3.58868230037121e+02 3.31622604176781e+02 1.53157597619650e+22 3.91141994759980e+15 9.33789036158469e+14 1.26846236027771e+15 1.20007837552171e+11 3.49309436883720e+15 5.64146916277446e+14 3.72927681937107e+06 1.62184136180439e+14 7.17543341588760e+10 6.43084079907065e+06 0.00000000000000e+00 0.00000000000000e+00 0.00000000000000e+00 0.00000000000000e+00 0.00000000000000e+00 0.00000000000000e+00 0.00000000000000e+00 
7.37063115499958e-08 3.58866947062499e+02 3.31621849632430e+02 1.53157574890921e+22 4.99128415952275e+15 1.19423943338875e+15 1.61854783773140e+15 1.53135742906975e+11 4.46088502058085e+15 7.16354913592500e+14 4.74914768626075e+06 2.06929559205644e+14 1.16828941173171e+11 1.04769032933829e+07 0.00000000000000e+00 0.00000000000000e+00 0.00000000000000e+00 0.00000000000000e+00 0.00000000000000e+00 0.00000000000000e+00 0.00000000000000e+00 
8.96512922144429e-08 3.58865664358955e+02 3.31621095250537e+02 1.53157552150516e+22 6.07119922594330e+15 1.45582727615279e+15 1.96860182492932e+15 1.86263559948945e+11 5.43017233371776e+15 8.67066086678242e+14 5.76490280864926e+06 2.51663988955969e+14 1.72830944968190e+11 1.55083540333652e+07 0.00000000000000e+00 0.00000000000000e+00 0.00000000000000e+00 0.00000000000000e+00 0.00000000000000e+00 0.00000000000000e+00 0.00000000000000e+00 
2.38913651931938e-07 3.58853669617284e+02 3.31620341029824e+02 1.53157338730268e+22 1.61827815162663e+16 3.95770682397433e+15 5.24396121329559e+15 4.96370907195073e+11 1.45736822274771e+16 2.20795182822475e+15 1.50772646393656e+07 6.69893851575309e+14 1.22654648349941e+12 1.10667943746390e+08 0.00000000000000e+00 0.00000000000000e+00 0.00000000000000e+00 0.00000000000000e+00 0.00000000000000e+00 0.00000000000000e+00 0.00000000000000e+00 
3.88176011649433e-07 3.58841696776634e+02 3.31613288292145e+02 1.53157124386868e+22 2.62985169943607e+16 6.54956168658411e+15 8.51656362687980e+15 8.06466740989447e+11 2.38356484701184e+16 3.43036530103760e+15 2.40454264920494e+07 1.08716072840985e+15 3.23558685230990e+12 2.93481287041634e+08 0.00000000000000e+00 0.00000000000000e+00 0.00000000000000e+00 0.00000000000000e+00 0.00000000000000e+00 0.00000000000000e+00 0.00000000000000e+00 
5.37438371366928e-07 3.58829744309059e+02 3.31606248587947e+02 1.53156909202773e+22 3.64181556451891e+16 9.22339759306391e+15 1.17864113355555e+16 1.11654766471872e+12 3.32056064292697e+16 4.54476965344103e+15 3.26836311203965e+07 1.50346490740097e+15 6.19792674124229e+12 5.65023291213282e+08 0.00000000000000e+00 0.00000000000000e+00 0.00000000000000e+00 0.00000000000000e+00 0.00000000000000e+00 0.00000000000000e+00 0.00000000000000e+00 
6.86700731084422e-07 3.58817810821380e+02 3.31599221018094e+02 1.53156693253156e+22 4.65414694264598e+16 1.19719265729072e+16 1.50535066083227e+16 1.42661029331464e+12 4.26740159388339e+16 5.56070357412215e+15 4.10055195029291e+07 1.91880664879745e+15 1.01115401454634e+13 9.26274069879948e+08 0.00000000000000e+00 0.00000000000000e+00 0.00000000000000e+00 0.00000000000000e+00 0.00000000000000e+00 0.00000000000000e+00 0.00000000000000e+00 
8.35963090801917e-07 3.58805895042595e+02 3.31592204762765e+02 1.53156476606590e+22 5.66682502156813e+16 1.47885009545865e+16 1.83178517129196e+16 1.73665125391820e+12 5.22321749111330e+16 6.48686768051971e+15 4.90241575474427e+07 2.33318618959138e+15 1.49744006829489e+13 1.37812754357989e+09 0.00000000000000e+00 0.00000000000000e+00 0.00000000000000e+00 0.00000000000000e+00 0.00000000000000e+00 0.00000000000000e+00 0.00000000000000e+00 
9.85225450519412e-07 3.58793995813386e+02 3.31585199074033e+02 1.53156259325612e+22 6.67983080991100e+16 1.76670583523954e+16 2.15794489153216e+16 2.04666718670394e+12 6.18721473314676e+16 7.33119652477311e+15 5.67520582832394e+07 2.74660374709926e+15 2.07844820159477e+13 1.92139854184145e+09 0.00000000000000e+00 0.00000000000000e+00 0.00000000000000e+00 0.00000000000000e+00 0.00000000000000e+00 0.00000000000000e+00 0.00000000000000e+00 
1.46973065617006e-06 3.58755472766405e+02 3.31578203269696e+02 1.53155550319778e+22 9.97010264955325e+16 2.73740582819290e+16 3.21476751893970e+16 3.05276532732321e+12 9.36435785456112e+16 9.59161033673969e+15 7.99746006737137e+07 4.08192910550760e+15 4.61471023041919e+13 4.32342954765095e+09 0.00000000000000e+00 0.00000000000000e+00 0.00000000000000e+00 0.00000000000000e+00 0.00000000000000e+00 0.00000000000000e+00 0.00000000000000e+00 
1.95423586182070e-06 3.58717083617042e+02 3.31555555827787e+02 1.53154836811827e+22 1.32631634487969e+17 3.75226077154719e+16 4.26870493708514e+16 4.05845107348897e+12 1.26000116022264e+17 1.12666236055974e+16 1.00631201115599e+08 5.40712668186905e+15 8.13994411444397e+13 7.71710701593374e+09 0.00000000000000e+00 0.00000000000000e+00 0.00000000000000e+00 0.00000000000000e+00 0.00000000000000e+00 0.00000000000000e+00 0.00000000000000e+00 
2.43874106747135e-06 3.58678806305075e+02 3.31532988713888e+02 1.53154119990103e+22 1.65586504735885e+17 4.79975481761733e+16 5.31976486145264e+16 5.06361232703039e+12 1.58790995054752e+17 1.25069527218341e+16 1.19047811149193e+08 6.72220179416515e+15 1.26472154633239e+14 1.21178755946495e+10 0.00000000000000e+00 0.00000000000000e+00 0.00000000000000e+00 0.00000000000000e+00 0.00000000000000e+00 0.00000000000000e+00 0.00000000000000e+00 
2.92324627312199e-06 3.58640624390895e+02 3.31510488945829e+02 1.53153400739237e+22 1.98562926329593e+17 5.87131756466151e+16 6.36795499016212e+16 6.06813843592422e+12 1.91904003695111e+17 1.34247621562844e+16 1.35508516200364e+08 8.02715961979013e+15 1.81295868514171e+14 1.75371795858584e+10 0.00000000000000e+00 0.00000000000000e+00 0.00000000000000e+00 0.00000000000000e+00 0.00000000000000e+00 0.00000000000000e+00 0.00000000000000e+00 
3.40775147877263e-06 3.58602525526438e+02 3.31488046848384e+02 1.53152679722778e+22 2.31558855509978e+17 6.96052272344562e+16 7.41328300354603e+16 7.07192021235096e+12 2.25254994256240e+17 1.41041529337769e+16 1.50261326634467e+08 9.32200559374684e+15 2.45801180308883e+14 2.39835570321743e+10 0.00000000000000e+00 0.00000000000000e+00 0.00000000000000e+00 0.00000000000000e+00 0.00000000000000e+00 0.00000000000000e+00 0.00000000000000e+00 
3.89225668442328e-06 3.58564500524908e+02 3.31465655153509e+02 1.53151957433447e+22 2.64572764022447e+17 8.06260063983901e+16 8.45575656375015e+16 8.07484994987613e+12 2.58781502815454e+17 1.46075431035644e+16 1.63522669733398e+08 1.06067456233805e+16 3.19918663816739e+14 3.14633269558403e+10 0.00000000000000e+00 0.00000000000000e+00 0.00000000000000e+00 0.00000000000000e+00 0.00000000000000e+00 0.00000000000000e+00 0.00000000000000e+00 
4.62845207875537e-06 3.58506848856684e+02 3.31443308452839e+02 1.53150858288783e+22 3.14768621367445e+17 9.75413351710240e+16 1.00343263658184e+17 9.59691145066939e+12 3.09959539436642e+17 1.51361916860419e+16 1.81236551675534e+08 1.25395515213800e+16 4.50781773520058e+14 4.48169808622418e+10 0.00000000000000e+00 0.00000000000000e+00 0.00000000000000e+00 0.00000000000000e+00 0.00000000000000e+00 0.00000000000000e+00 0.00000000000000e+00 
5.36464747308747e-06 3.58449336242244e+02 3.31409430484110e+02 1.53149757884958e+22 3.65000680920686e+17 1.14591486479603e+17 1.16063501363769e+17 1.11163950027116e+13 3.61330072608139e+17 1.54709703117392e+16 1.96496436431208e+08 1.44490658900275e+16 6.03433590427149e+14 6.05780633050032e+10 0.00000000000000e+00 0.00000000000000e+00 0.00000000000000e+00 0.00000000000000e+00 0.00000000000000e+00 0.00000000000000e+00 0.00000000000000e+00 
6.10084286741956e-06 3.58391952286424e+02 3.31375637853394e+02 1.53148656770771e+22 4.15267142440756e+17 1.31723541169701e+17 1.31718545048519e+17 1.26329428536680e+13 4.12823720289135e+17 1.56811093223473e+16 2.09756104449426e+08 1.63353186324038e+16 7.77630387636216e+14 7.87533037310686e+10 0.00000000000000e+00 0.00000000000000e+00 0.00000000000000e+00 0.00000000000000e+00 0.00000000000000e+00 0.00000000000000e+00 0.00000000000000e+00 
6.83703826175165e-06 3.58334689824399e+02 3.31341924429053e+02 1.53147555320516e+22 4.65566732924499e+17 1.48901500870072e+17 1.47308659963644e+17 1.41462055334306e+13 4.64393249709037e+17 1.58136930493123e+16 2.21386508696129e+08 1.81983438279619e+16 9.73128448111330e+14 9.93469868359245e+10 0.00000000000000e+00 0.00000000000000e+00 0.00000000000000e+00 0.00000000000000e+00 0.00000000000000e+00 0.00000000000000e+00 0.00000000000000e+00 
7.57323365608375e-06 3.58277544118435e+02 3.31308285979478e+02 1.53146453777342e+22 5.15898575760781e+17 1.66102082222583e+17 1.62834110314268e+17 1.56558419572608e+13 5.16008072511540e+17 1.58991646173887e+16 2.31690510030752e+08 2.00381798307398e+16 1.18968411211262e+15 1.22361725672678e+11 0.00000000000000e+00 0.00000000000000e+00 0.00000000000000e+00 0.00000000000000e+00 0.00000000000000e+00 0.00000000000000e+00 0.00000000000000e+00 
8.30942905041584e-06 3.58220512334676e+02 3.31274719700317e+02 1.53145352281508e+22 5.66262105494260e+17 1.83311977097605e+17 1.78295159256281e+17 1.71615195164458e+13 5.67650658693079e+17 1.59549119372000e+16 2.40914332913192e+08 2.18548692336239e+16 1.42705382452686e+15 1.47798943669025e+11 0.00000000000000e+00 0.00000000000000e+00 0.00000000000000e+00 0.00000000000000e+00 0.00000000000000e+00 0.00000000000000e+00 0.00000000000000e+00 
9.58709781644058e-06 3.58121798993336e+02 3.31241223906462e+02 1.53143440976037e+22 6.53742227254376e+17 2.13180384708931e+17 2.04975746764924e+17 1.97642759957038e+13 6.57313908216422e+17 1.60091725964344e+16 2.54935871356822e+08 2.49529340847413e+16 1.88769726205472e+15 1.97697835094473e+11 0.00000000000000e+00 0.00000000000000e+00 0.00000000000000e+00 0.00000000000000e+00 0.00000000000000e+00 0.00000000000000e+00 0.00000000000000e+00 
1.08647665824653e-05 3.58023417084172e+02 3.31183256213961e+02 1.53141530339510e+22 7.41315040440278e+17 2.43028169089061e+17 2.31464510647179e+17 2.23525048728101e+13 7.46996184131410e+17 1.60373763962772e+16 2.67088445318259e+08 2.79816960251545e+16 2.40902817552084e+15 2.54896120325134e+11 0.00000000000000e+00 0.00000000000000e+00 0.00000000000000e+00 0.00000000000000e+00 0.00000000000000e+00 0.00000000000000e+00 0.00000000000000e+00 
1.21424353484901e-05 3.57925363619114e+02 3.31125493787252e+02 1.53139620466406e+22 8.28979532229805e+17 2.72847633524986e+17 2.57762803790908e+17 2.49246533200794e+13 8.36686872120753e+17 1.60494567982387e+16 2.77918778871533e+08 3.09414616879372e+16 2.98977823187528e+15 3.19392710891003e+11 0.00000000000000e+00 0.00000000000000e+00 0.00000000000000e+00 0.00000000000000e+00 0.00000000000000e+00 0.00000000000000e+00 0.00000000000000e+00 
1.34201041145148e-05 3.57827636276503e+02 3.31067934770197e+02 1.53137711415260e+22 9.16734804968051e+17 3.02634535864582e+17 2.83871969522436e+17 2.74792484939876e+13 9.26379896682420e+17 1.60508335929533e+16 2.87818032832271e+08 3.38325710906282e+16 3.62868231070186e+15 3.91186177709272e+11 0.00000000000000e+00 0.00000000000000e+00 0.00000000000000e+00 0.00000000000000e+00 0.00000000000000e+00 0.00000000000000e+00 0.00000000000000e+00 
1.46977728805395e-05 3.57730232112227e+02 3.31010577699262e+02 1.53135803278496e+22 1.00457986552074e+18 3.32381316154000e+17 3.09793341641452e+17 3.00148979456068e+13 1.01606485673205e+18 1.60512766450481e+16 2.97068531234063e+08 3.66553957840695e+16 4.32447917544541e+15 4.70274607543690e+11 0.00000000000000e+00 0.00000000000000e+00 0.00000000000000e+00 0.00000000000000e+00 0.00000000000000e+00 0.00000000000000e+00 0.00000000000000e+00 
1.59754416465643e-05 3.57633148660902e+02 3.30953420746970e+02 1.53133896122841e+22 1.09251380492375e+18 3.62082874537996e+17 3.35528244521650e+17 3.25302897394235e+13 1.10573458815148e+18 1.60573435249141e+16 3.05865728716612e+08 3.94103385526556e+16 5.07591208099698e+15 5.56655254562521e+11 0.00000000000000e+00 0.00000000000000e+00 0.00000000000000e+00 0.00000000000000e+00 0.00000000000000e+00 0.00000000000000e+00 0.00000000000000e+00 
1.83748074369478e-05 3.57451697238056e+02 3.30896462368175e+02 1.53130317190434e+22 1.25788513072866e+18 4.17751191945278e+17 3.83357142216870e+17 3.71951161300971e+13 1.27410214015857e+18 1.60662521358102e+16 3.21546976843290e+08 4.44020508910124e+16 6.63302914522352e+15 7.38566480361924e+11 0.00000000000000e+00 0.00000000000000e+00 0.00000000000000e+00 0.00000000000000e+00 0.00000000000000e+00 0.00000000000000e+00 0.00000000000000e+00 
2.07741732273314e-05 3.57271364944568e+02 3.30790033516431e+02 1.53126741686180e+22 1.42356294562367e+18 4.73276352847329e+17 4.30541684748984e+17 4.17768565320457e+13 1.44243273856894e+18 1.60725942873298e+16 3.36623121339453e+08 4.91590788437876e+16 8.37371563722044e+15 9.46164289067745e+11 0.00000000000000e+00 0.00000000000000e+00 0.00000000000000e+00 0.00000000000000e+00 0.00000000000000e+00 0.00000000000000e+00 0.00000000000000e+00 
2.31735390177150e-05 3.57092142000001e+02 3.30684296989613e+02 1.53123169699461e+22 1.58954247359569e+18 5.28657854272776e+17 4.77090383961001e+17 4.62690463269176e+13 1.61072295078603e+18 1.60764562889640e+16 3.51379115161790e+08 5.36848887566730e+16 1.02898216965548e+16 1.17942869549262e+12 0.00000000000000e+00 0.00000000000000e+00 0.00000000000000e+00 0.00000000000000e+00 0.00000000000000e+00 0.00000000000000e+00 0.00000000000000e+00 
2.55729048080985e-05 3.56914018401021e+02 3.30579246420241e+02 1.53119601332634e+22 1.75581898067618e+18 5.83893505619189e+17 5.23011634174292e+17 5.06662159091243e+13 1.77896734364050e+18 1.60802240466550e+16 3.65936483710836e+08 5.79832795794400e+16 1.23732969135818e+16 1.43833861360895e+12 0.00000000000000e+00 0.00000000000000e+00 0.00000000000000e+00 0.00000000000000e+00 0.00000000000000e+00 0.00000000000000e+00 0.00000000000000e+00 
2.79722705984821e-05 3.56736984459859e+02 3.30474875320953e+02 1.53116036671790e+22 1.92238785930779e+18 6.38982270837872e+17 5.68313716853585e+17 5.49638322129974e+13 1.94716219330517e+18 1.60848578520782e+16 3.80358641246064e+08 6.20583487834616e+16 1.46162016146792e+16 1.72287171270970e+12 0.00000000000000e+00 0.00000000000000e+00 0.00000000000000e+00 0.00000000000000e+00 0.00000000000000e+00 0.00000000000000e+00 0.00000000000000e+00 
3.36723197685376e-05 3.56320728907914e+02 3.30371177399968e+02 1.53107583536747e+22 2.31924342141266e+18 7.69265820191024e+17 6.73500163618966e+17 6.47567620411670e+13 2.34652474907205e+18 1.60965674125642e+16 4.14285438869770e+08 7.08704676765070e+16 2.05387304025102e+16 2.50142256462822e+12 0.00000000000000e+00 0.00000000000000e+00 0.00000000000000e+00 0.00000000000000e+00 0.00000000000000e+00 0.00000000000000e+00 0.00000000000000e+00 
3.93723689385930e-05 3.55910446356901e+02 3.30127491475326e+02 1.53099152560772e+22 2.71766572512875e+18 8.98720314574289e+17 7.75345134082786e+17 7.39390099058032e+13 2.74557076759122e+18 1.61092192938113e+16 4.48001635917724e+08 7.85112027082449e+16 2.72157703528912e+16 3.42411800848093e+12 0.00000000000000e+00 0.00000000000000e+00 0.00000000000000e+00 0.00000000000000e+00 0.00000000000000e+00 0.00000000000000e+00 0.00000000000000e+00 
4.50724181086485e-05 3.55506015635164e+02 3.29887489951124e+02 1.53090744469818e+22 3.11759897390111e+18 1.02734610293219e+18 8.73952624428372e+17 8.25009369546050e+13 3.14428064420841e+18 1.61219519719717e+16 4.81635627857500e+08 8.50498596321851e+16 3.45502857672749e+16 4.49060474702853e+12 0.00000000000000e+00 0.00000000000000e+00 0.00000000000000e+00 0.00000000000000e+00 0.00000000000000e+00 0.00000000000000e+00 0.00000000000000e+00 
5.07724672787040e-05 3.55107318664575e+02 3.29651094249629e+02 1.53082359846449e+22 3.51898998146031e+18 1.15514429446458e+18 9.69423246232415e+17 9.04526916593371e+13 3.54264092282715e+18 1.61350163564919e+16 5.15245198312608e+08 9.05605711978589e+16 4.24507671550016e+16 5.70050705144991e+12 0.00000000000000e+00 0.00000000000000e+00 0.00000000000000e+00 0.00000000000000e+00 0.00000000000000e+00 0.00000000000000e+00 0.00000000000000e+00 
5.64725164487595e-05 3.54714240458469e+02 3.29418227901278e+02 1.53073999132280e+22 3.92178798015672e+18 1.28211737707878e+18 1.06185441972537e+18 9.78194168224356e+13 3.94064442811962e+18 1.61486484725728e+16 5.48888358431465e+08 9.51204634335304e+16 5.08316012408896e+16 7.05343019127505e+12 0.00000000000000e+00 0.00000000000000e+00 0.00000000000000e+00 0.00000000000000e+00 0.00000000000000e+00 0.00000000000000e+00 0.00000000000000e+00 
7.00016049006376e-05 3.53803122044052e+02 3.29188816531026e+02 1.53054251925125e+22 4.88318964407256e+18 1.58021221702704e+18 1.26960931222060e+18 1.13202832502749e+14 4.88389113580527e+18 1.61827078192686e+16 6.29180165058630e+08 1.02595375247497e+17 7.22118841299958e+16 1.08347283295268e+13 0.00000000000000e+00 0.00000000000000e+00 0.00000000000000e+00 0.00000000000000e+00 0.00000000000000e+00 0.00000000000000e+00 0.00000000000000e+00 
8.35306933525158e-05 3.52921600577327e+02 3.28657725691422e+02 1.53034642495850e+22 5.85164536806005e+18 1.87375287844337e+18 1.46196212734227e+18 1.26089545081307e+14 5.82519919796862e+18 1.62189323538662e+16 7.10469058563552e+08 1.06184070038807e+17 9.49502048525141e+16 1.54136249345226e+13 0.00000000000000e+00 0.00000000000000e+00 0.00000000000000e+00 0.00000000000000e+00 0.00000000000000e+00 0.00000000000000e+00 0.00000000000000e+00 
9.70597818043939e-05 3.52068322391612e+02 3.28144771939136e+02 1.53015169821833e+22 6.82660264460335e+18 2.16282592337170e+18 1.64002914840055e+18 1.37105029966504e+14 6.76471992908218e+18 1.62569407615637e+16 7.92981162222815e+08 1.06850125863887e+17 1.18309265108975e+17 2.07840484608224e+13 0.00000000000000e+00 0.00000000000000e+00 0.00000000000000e+00 0.00000000000000e+00 0.00000000000000e+00 0.00000000000000e+00 0.00000000000000e+00 
1.10588870256272e-04 3.51242018249138e+02 3.27649085342811e+02 1.52995830665637e+22 7.80755849443397e+18 2.44752700791089e+18 1.80484194653308e+18 1.46818233278521e+14 7.70265335645831e+18 1.62965893392720e+16 8.76685811108119e+08 1.05432374762943e+17 1.41742116778693e+17 2.69396565927471e+13 0.00000000000000e+00 0.00000000000000e+00 0.00000000000000e+00 0.00000000000000e+00 0.00000000000000e+00 0.00000000000000e+00 0.00000000000000e+00 
1.24117958708150e-04 3.50441495454061e+02 3.27169852198437e+02 1.52976620263000e+22 8.79405143383208e+18 2.72795465736998e+18 1.95735599430615e+18 1.55696159179532e+14 8.63921982699326e+18 1.63376998581358e+16 9.61582798598078e+08 1.02632491711465e+17 1.64863782059363e+17 3.38739054503636e+13 0.00000000000000e+00 0.00000000000000e+00 0.00000000000000e+00 0.00000000000000e+00 0.00000000000000e+00 0.00000000000000e+00 0.00000000000000e+00 
1.43131065198968e-04 3.49357907616125e+02 3.26706309766502e+02 1.52949829885497e+22 1.01889605184660e+19 3.11501292460504e+18 2.15259958879711e+18 1.67427784237639e+14 9.95351526043198e+18 1.63975833789663e+16 1.08264974054413e+09 9.74150183237025e+16 1.96350166911706e+17 4.49221089373249e+13 0.00000000000000e+00 0.00000000000000e+00 0.00000000000000e+00 0.00000000000000e+00 0.00000000000000e+00 0.00000000000000e+00 0.00000000000000e+00 
1.62144171689786e-04 3.48320122025346e+02 3.26080020906547e+02 1.52923266568341e+22 1.15928709333220e+19 3.49406130001529e+18 2.32755118445849e+18 1.78811296245422e+14 1.12660192498000e+19 1.64595520793628e+16 1.20509899474076e+09 9.16221826502808e+16 2.26353203470208e+17 5.74756997574900e+13 0.00000000000000e+00 0.00000000000000e+00 0.00000000000000e+00 0.00000000000000e+00 0.00000000000000e+00 0.00000000000000e+00 0.00000000000000e+00 
1.81157278180604e-04 3.47325469328195e+02 3.25481463784885e+02 1.52896914554555e+22 1.30047893550688e+19 3.86531316661342e+18 2.48423489233806e+18 1.90142537359752e+14 1.25770951063889e+19 1.65232477074928e+16 1.32844999797526e+09 8.58641533115855e+16 2.54769357828273e+17 7.15148067392450e+13 0.00000000000000e+00 0.00000000000000e+00 0.00000000000000e+00 0.00000000000000e+00 0.00000000000000e+00 0.00000000000000e+00 0.00000000000000e+00 
2.00170384671422e-04 3.46371487192403e+02 3.24908945996738e+02 1.52870759462850e+22 1.44238093495652e+19 4.22895773803717e+18 2.62447518952500e+18 2.01549767864268e+14 1.38869940397435e+19 1.65883514921023e+16 1.45236397298897e+09 8.04551136976921e+16 2.81630788260571e+17 8.70187991096922e+13 0.00000000000000e+00 0.00000000000000e+00 0.00000000000000e+00 0.00000000000000e+00 0.00000000000000e+00 0.00000000000000e+00 0.00000000000000e+00 
2.19183491162240e-04 3.45455901089034e+02 3.24360911429376e+02 1.52844788363009e+22 1.58491056828329e+19 4.58516781649013e+18 2.74991698886376e+18 2.13084333971560e+14 1.51958894456403e+19 1.66545890859019e+16 1.57653798990471e+09 7.55354493332604e+16 3.07033339983097e+17 1.03966239408032e+14 0.00000000000000e+00 0.00000000000000e+00 0.00000000000000e+00 0.00000000000000e+00 0.00000000000000e+00 0.00000000000000e+00 0.00000000000000e+00 
2.38196597653058e-04 3.44576609160882e+02 3.23835927137899e+02 1.52818989667475e+22 1.72799293191046e+19 4.93410490463540e+18 2.86204160152557e+18 2.24753085729270e+14 1.65039000650046e+19 1.67217289834451e+16 1.70074896542531e+09 7.11390288063241e+16 3.31102890081643e+17 1.22334875615592e+14 0.00000000000000e+00 0.00000000000000e+00 0.00000000000000e+00 0.00000000000000e+00 0.00000000000000e+00 0.00000000000000e+00 0.00000000000000e+00 
2.63251490481691e-04 3.43470064901281e+02 3.23332672836957e+02 1.52785238984623e+22 1.91727265150911e+19 5.38307419518597e+18 2.99169544929292e+18 2.40290887301372e+14 1.82263310579429e+19 1.68112505984001e+16 1.86425816616312e+09 6.60880358751619e+16 3.61008321178654e+17 1.48671856581939e+14 0.00000000000000e+00 0.00000000000000e+00 0.00000000000000e+00 0.00000000000000e+00 0.00000000000000e+00 0.00000000000000e+00 0.00000000000000e+00 
2.88306383310325e-04 3.42419112550841e+02 3.22700638867567e+02 1.52751749341317e+22 2.10725640680717e+19 5.82001388638722e+18 3.10322860084149e+18 2.55930813696548e+14 1.99474608164254e+19 1.69016187142788e+16 2.02749441464192e+09 6.17382826760084e+16 3.89115016611148e+17 1.77381935159835e+14 0.00000000000000e+00 0.00000000000000e+00 0.00000000000000e+00 0.00000000000000e+00 0.00000000000000e+00 0.00000000000000e+00 0.00000000000000e+00 
3.13361276138958e-04 3.41420064977010e+02 3.22101691176838e+02 1.52718502772225e+22 2.29782337034024e+19 6.24525238742095e+18 3.19899229796692e+18 2.71610704949538e+14 2.16673695830878e+19 1.69925291665672e+16 2.19050688600345e+09 5.79600211518393e+16 4.15656449001429e+17 2.08408248658440e+14 0.00000000000000e+00 0.00000000000000e+00 0.00000000000000e+00 0.00000000000000e+00 0.00000000000000e+00 0.00000000000000e+00 0.00000000000000e+00 
3.38416168967591e-04 3.40469571722150e+02 3.21533534929677e+02 1.52685483295779e+22 2.48886817449721e+19 6.65911522791049e+18 3.28103638291704e+18 2.87304748185752e+14 2.33861365539406e+19 1.70837425648653e+16 2.35330828224039e+09 5.46719870645412e+16 4.40817770822008e+17 2.41692040492603e+14 0.00000000000000e+00 0.00000000000000e+00 0.00000000000000e+00 0.00000000000000e+00 0.00000000000000e+00 0.00000000000000e+00 0.00000000000000e+00 
3.63471061796225e-04 3.39564582222928e+02 3.20994091800242e+02 1.52652676819878e+22 2.68029872712906e+19 7.06192100382922e+18 3.35114711976160e+18 3.02990046695856e+14 2.51038211054158e+19 1.71750719226174e+16 2.51580673926581e+09 5.17955683548917e+16 4.64755712969422e+17 2.77172890453413e+14 0.00000000000000e+00 0.00000000000000e+00 0.00000000000000e+00 0.00000000000000e+00 0.00000000000000e+00 0.00000000000000e+00 0.00000000000000e+00 
3.88525954624858e-04 3.38702314178045e+02 3.20481475554186e+02 1.52620071160071e+22 2.87203436811637e+19 7.45397839958230e+18 3.41087941740291e+18 3.18626731874710e+14 2.68204483089626e+19 1.72663712898874e+16 2.67793684809771e+09 4.92307088728819e+16 4.87603042940099e+17 3.14788900313933e+14 0.00000000000000e+00 0.00000000000000e+00 0.00000000000000e+00 0.00000000000000e+00 0.00000000000000e+00 0.00000000000000e+00 0.00000000000000e+00 
4.31347148011485e-04 3.37320506791795e+02 3.19993971096705e+02 1.52564780056387e+22 3.20024538560383e+19 8.10002418762917e+18 3.49259498428456e+18 3.45188189080747e+14 2.97519587431716e+19 1.74220127843507e+16 2.95451040085581e+09 4.54089007680120e+16 5.24394088472445e+17 3.83838779412733e+14 0.00000000000000e+00 0.00000000000000e+00 0.00000000000000e+00 0.00000000000000e+00 0.00000000000000e+00 0.00000000000000e+00 0.00000000000000e+00 
4.74168341398112e-04 3.36044846691293e+02 3.19214599283316e+02 1.52509996141702e+22 3.52885445196630e+19 8.71705306327787e+18 3.55349876010185e+18 3.71527149535106e+14 3.26806343779871e+19 1.75768604904949e+16 3.23054375487748e+09 4.21576564413931e+16 5.58687439865076e+17 4.58617504624796e+14 0.00000000000000e+00 0.00000000000000e+00 0.00000000000000e+00 0.00000000000000e+00 0.00000000000000e+00 0.00000000000000e+00 0.00000000000000e+00 
5.16989534784739e-04 3.34865441551656e+02 3.18497149502878e+02 1.52455678373999e+22 3.85762749816481e+19 9.30651155175012e+18 3.59809251957993e+18 3.97651160383770e+14 3.56066267754833e+19 1.77307218082138e+16 3.50599507146750e+09 3.93778302281250e+16 5.90797074763105e+17 5.38795930093084e+14 0.00000000000000e+00 0.00000000000000e+00 0.00000000000000e+00 0.00000000000000e+00 0.00000000000000e+00 0.00000000000000e+00 0.00000000000000e+00 
5.59810728171366e-04 3.33773744887786e+02 3.17835598596373e+02 1.52401792454358e+22 4.18638286312601e+19 9.86978833655333e+18 3.62985219108860e+18 4.23561085083702e+14 3.85300414553114e+19 1.78835653569800e+16 3.78087362649873e+09 3.69753044236387e+16 6.20974130348388e+17 6.24039899484905e+14 0.00000000000000e+00 0.00000000000000e+00 0.00000000000000e+00 0.00000000000000e+00 0.00000000000000e+00 0.00000000000000e+00 0.00000000000000e+00 
6.02631921557992e-04 3.32762268739093e+02 3.17224763634912e+02 1.52348309170215e+22 4.51497762281790e+19 1.04082118551649e+19 3.65149946826848e+18 4.49254602221181e+14 4.14509543355811e+19 1.80352133793933e+16 4.05526366670306e+09 3.48679870854119e+16 6.49421306462920e+17 7.14012074981704e+14 0.00000000000000e+00 0.00000000000000e+00 0.00000000000000e+00 0.00000000000000e+00 0.00000000000000e+00 0.00000000000000e+00 0.00000000000000e+00 
6.86847151046713e-04 3.30982956420936e+02 3.16660123892769e+02 1.52244208359502e+22 5.16035563599240e+19 1.13993792725726e+19 3.67198341720045e+18 4.99172793432927e+14 4.71883511722465e+19 1.83300438466979e+16 4.59366723550267e+09 3.13956130405551e+16 7.00891878451748e+17 9.03445584609412e+14 0.00000000000000e+00 0.00000000000000e+00 0.00000000000000e+00 0.00000000000000e+00 0.00000000000000e+00 0.00000000000000e+00 0.00000000000000e+00 
7.71062380535433e-04 3.29445921034349e+02 3.15669927289475e+02 1.52141408330367e+22 5.80405773411663e+19 1.23082813799582e+19 3.67328155436637e+18 5.48326837371661e+14 5.29166739879901e+19 1.86210539021770e+16 5.13066994531685e+09 2.85731584121975e+16 7.47245919743797e+17 1.10730282952623e+15 0.00000000000000e+00 0.00000000000000e+00 0.00000000000000e+00 0.00000000000000e+00 0.00000000000000e+00 0.00000000000000e+00 0.00000000000000e+00 
8.55277610024153e-04 3.28115987328224e+02 3.14817735773333e+02 1.52039779913363e+22 6.44567583869941e+19 1.31431755021265e+19 3.66299812647298e+18 5.96790541615388e+14 5.86361948095051e+19 1.89088004730004e+16 5.66653313823158e+09 2.62460006105014e+16 7.89204005880247e+17 1.32307747500046e+15 0.00000000000000e+00 0.00000000000000e+00 0.00000000000000e+00 0.00000000000000e+00 0.00000000000000e+00 0.00000000000000e+00 0.00000000000000e+00 
9.39492839512874e-04 3.26964720429503e+02 3.14082761053430e+02 1.51939220647302e+22 7.08497027953646e+19 1.39114902943572e+19 3.64551000220115e+18 6.44617536034172e+14 6.43470779144717e+19 1.91936774254003e+16 6.20143377050718e+09 2.42990016203928e+16 8.27310210936905e+17 1.54834649196230e+15 0.00000000000000e+00 0.00000000000000e+00 0.00000000000000e+00 0.00000000000000e+00 0.00000000000000e+00 0.00000000000000e+00 0.00000000000000e+00 
1.02370806900159e-03 3.25968415423472e+02 3.13448325488237e+02 1.51839645717271e+22 7.72179232619516e+19 1.46198939894800e+19 3.62347496413060e+18 6.91847059399148e+14 7.00494160937276e+19 1.94759870772636e+16 6.73555229591017e+09 2.26380317781028e+16 8.61995685090713e+17 1.78079911110185e+15 0.00000000000000e+00 0.00000000000000e+00 0.00000000000000e+00 0.00000000000000e+00 0.00000000000000e+00 0.00000000000000e+00 0.00000000000000e+00 
1.15341758329340e-03 3.24692449225113e+02 3.12900639112778e+02 1.51688044051035e+22 8.69759169103541e+19 1.56071455499120e+19 3.58426959495678e+18 7.63507746351708e+14 7.88156311221782e+19 1.99062656557330e+16 7.55702516751997e+09 2.05053825594843e+16 9.09494388730562e+17 2.14795804783919e+15 0.00000000000000e+00 0.00000000000000e+00 0.00000000000000e+00 0.00000000000000e+00 0.00000000000000e+00 0.00000000000000e+00 0.00000000000000e+00 
1.28312709758520e-03 3.23675402985365e+02 3.12201054932079e+02 1.51538383775544e+22 9.66706771418543e+19 1.64854325976582e+19 3.54230823564944e+18 8.33975835121696e+14 8.75618210130370e+19 2.03318389114986e+16 8.37739618579563e+09 1.87662510022259e+16 9.50744526957769e+17 2.51981607648232e+15 0.00000000000000e+00 0.00000000000000e+00 0.00000000000000e+00 0.00000000000000e+00 0.00000000000000e+00 0.00000000000000e+00 0.00000000000000e+00 
1.41283661187701e-03 3.22868069309515e+02 3.11644906131806e+02 1.51390481880294e+22 1.06301095695214e+20 1.72710622055588e+19 3.49950015626152e+18 9.03354187082202e+14 9.62879976409745e+19 2.07531685408497e+16 9.19687975305732e+09 1.73166241102854e+16 9.86578210788899e+17 2.89006492855586e+15 0.00000000000000e+00 0.00000000000000e+00 0.00000000000000e+00 0.00000000000000e+00 0.00000000000000e+00 0.00000000000000e+00 0.00000000000000e+00 
1.54254612616881e-03 3.22231586908029e+02 3.11204358100011e+02 1.51244189149723e+22 1.15866770174337e+20 1.79776911217325e+19 3.45659076538385e+18 9.71725400210202e+14 1.04994106783340e+20 2.11703909438057e+16 1.00156647258766e+10 1.60880361345680e+16 1.01765604830383e+18 3.25342241494708e+15 0.00000000000000e+00 0.00000000000000e+00 0.00000000000000e+00 0.00000000000000e+00 0.00000000000000e+00 0.00000000000000e+00 0.00000000000000e+00 
1.67225564046061e-03 3.21734572359467e+02 3.10857606091142e+02 1.51099380424973e+22 1.25367581281133e+20 1.86168301426959e+19 3.41395120881019e+18 1.03915852834972e+15 1.13680067144384e+20 2.15835658986028e+16 1.08338523494000e+10 1.50346343915996e+16 1.04452679384005e+18 3.60561227232497e+15 0.00000000000000e+00 0.00000000000000e+00 0.00000000000000e+00 0.00000000000000e+00 0.00000000000000e+00 0.00000000000000e+00 0.00000000000000e+00 
1.84918088824672e-03 3.21236902847451e+02 3.10587168206292e+02 1.50904065449701e+22 1.38222276793571e+20 1.93968640553909e+19 3.35667300529932e+18 1.12972586152380e+15 1.25495170240734e+20 2.21407680213125e+16 1.19490025551863e+10 1.38231653998375e+16 1.07522429463495e+18 4.06232675551575e+15 0.00000000000000e+00 0.00000000000000e+00 0.00000000000000e+00 0.00000000000000e+00 0.00000000000000e+00 0.00000000000000e+00 0.00000000000000e+00 
2.02610613603282e-03 3.20899553205895e+02 3.10316638153126e+02 1.50711088674405e+22 1.50956657217984e+20 2.00898545754771e+19 3.30078319315829e+18 1.21876962201768e+15 1.37272353850294e+20 2.26908081807824e+16 1.30631009575629e+10 1.27988427063529e+16 1.09996873125831e+18 4.48634977530252e+15 0.00000000000000e+00 0.00000000000000e+00 0.00000000000000e+00 0.00000000000000e+00 0.00000000000000e+00 0.00000000000000e+00 0.00000000000000e+00 
2.20303138381893e-03 3.20682984071792e+02 3.10133367390260e+02 1.50520265946930e+22 1.63571350938785e+20 2.07123275189244e+19 3.24643462390223e+18 1.30639416805637e+15 1.49011379694342e+20 2.32338540221773e+16 1.41760979407234e+10 1.19302271047685e+16 1.11959188736703e+18 4.87445379375381e+15 0.00000000000000e+00 0.00000000000000e+00 0.00000000000000e+00 0.00000000000000e+00 0.00000000000000e+00 0.00000000000000e+00 0.00000000000000e+00 
2.37995663160503e-03 3.20557790018351e+02 3.10015707006473e+02 1.50331449160153e+22 1.76067186967981e+20 2.12773436085890e+19 3.19364832773391e+18 1.39267517182896e+15 1.60712012823517e+20 2.37700602349610e+16 1.52878147952553e+10 1.11807701350558e+16 1.13478501688040e+18 5.22574693181637e+15 0.00000000000000e+00 0.00000000000000e+00 0.00000000000000e+00 0.00000000000000e+00 0.00000000000000e+00 0.00000000000000e+00 0.00000000000000e+00 
2.55688187939114e-03 3.20501728012546e+02 3.09947617129228e+02 1.50144517021345e+22 1.88445104358752e+20 2.17953360746634e+19 3.14241947560384e+18 1.47767661092186e+15 1.72374044253539e+20 2.42995548595511e+16 1.63982337140417e+10 1.05275366907932e+16 1.14613257171791e+18 5.54087764030773e+15 0.00000000000000e+00 0.00000000000000e+00 0.00000000000000e+00 0.00000000000000e+00 0.00000000000000e+00 0.00000000000000e+00 0.00000000000000e+00 
2.80703074790491e-03 3.20509290082642e+02 3.09916999611056e+02 1.49883248559274e+22 2.05746605835241e+20 2.24630163023120e+19 3.07261342185368e+18 1.59577564782096e+15 1.88796383010133e+20 2.50371844350610e+16 1.79655977123818e+10 9.73457826852906e+15 1.15655195246453e+18 5.92865873495064e+15 0.00000000000000e+00 0.00000000000000e+00 0.00000000000000e+00 0.00000000000000e+00 0.00000000000000e+00 0.00000000000000e+00 0.00000000000000e+00 
3.05717961641868e-03 3.20586136530474e+02 3.09920752797534e+02 1.49625318300872e+22 2.22817440394512e+20 2.30718256159193e+19 3.00580420917148e+18 1.71155354380042e+15 2.05140745373053e+20 2.57623960468435e+16 1.95295553229837e+10 9.06609455831436e+15 1.16146919917064e+18 6.25531595507358e+15 0.00000000000000e+00 0.00000000000000e+00 0.00000000000000e+00 0.00000000000000e+00 0.00000000000000e+00 0.00000000000000e+00 0.00000000000000e+00 
3.30732848493245e-03 3.20708212557210e+02 3.09962044275187e+02 1.49370545913448e+22 2.39660776154753e+20 2.36354817233948e+19 2.94186641375590e+18 1.82511616452744e+15 2.21406750296022e+20 2.64757421181403e+16 2.10897247941201e+10 8.48873354998453e+15 1.16186208591958e+18 6.52953108958019e+15 0.00000000000000e+00 0.00000000000000e+00 0.00000000000000e+00 0.00000000000000e+00 0.00000000000000e+00 0.00000000000000e+00 0.00000000000000e+00 
3.55747735344622e-03 3.20859961480792e+02 3.10027854932208e+02 1.49118791449509e+22 2.56279863689051e+20 2.41638210432272e+19 2.88065480524358e+18 1.93655659344870e+15 2.37594100103733e+20 2.71777814008621e+16 2.26458363889124e+10 7.98839939520268e+15 1.15852750787141e+18 6.76007624915245e+15 0.00000000000000e+00 0.00000000000000e+00 0.00000000000000e+00 0.00000000000000e+00 0.00000000000000e+00 0.00000000000000e+00 0.00000000000000e+00 
3.80762622195999e-03 3.21031007450502e+02 3.10109770479439e+02 1.48869942742546e+22 2.72677972861634e+20 2.46640530966367e+19 2.82202291719497e+18 2.04595206177507e+15 2.53702554305781e+20 2.78690381433896e+16 2.41976168337508e+10 7.55021552383882e+15 1.15213166179946e+18 6.95480538387462e+15 0.00000000000000e+00 0.00000000000000e+00 0.00000000000000e+00 0.00000000000000e+00 0.00000000000000e+00 0.00000000000000e+00 0.00000000000000e+00 
4.42398919317123e-03 3.21499696109220e+02 3.10202179947487e+02 1.48268666340594e+22 3.12160055970257e+20 2.58046592352549e+19 2.68767806521791e+18 2.30717538985097e+15 2.93055732282563e+20 2.95295323858712e+16 2.80018936846282e+10 6.67152052021771e+15 1.12647083592379e+18 7.31875581842690e+15 0.00000000000000e+00 0.00000000000000e+00 0.00000000000000e+00 0.00000000000000e+00 0.00000000000000e+00 0.00000000000000e+00 0.00000000000000e+00 
4.92098684678555e-03 3.21888809512499e+02 3.10455672475466e+02 1.47795540065515e+22 3.43065770309029e+20 2.66600627876250e+19 2.58879252922724e+18 2.50969129860494e+15 3.24436606333402e+20 3.08275992574357e+16 3.10477779712124e+10 6.11327394995159e+15 1.09918141759382e+18 7.53197367551630e+15 0.00000000000000e+00 0.00000000000000e+00 0.00000000000000e+00 0.00000000000000e+00 0.00000000000000e+00 0.00000000000000e+00 0.00000000000000e+00 
5.41798450039987e-03 3.22276871596355e+02 3.10666351836717e+02 1.47332434060476e+22 3.73167136051080e+20 2.74724144436946e+19 2.49735913439156e+18 2.70539010173383e+15 3.55503406115112e+20 3.20925888472735e+16 3.40735560603903e+10 5.65337364164876e+15 1.06856199816624e+18 7.69696914440172e+15 0.00000000000000e+00 0.00000000000000e+00 0.00000000000000e+00 0.00000000000000e+00 0.00000000000000e+00 0.00000000000000e+00 0.00000000000000e+00 
5.91498215401419e-03 3.22661646103097e+02 3.10876645802981e+02 1.46879034500337e+22 4.02487387228407e+20 2.82482645052738e+19 2.41258438165807e+18 2.89461717629360e+15 3.86255945178231e+20 3.33272049018269e+16 3.70788090014655e+10 5.26725294280678e+15 1.03626373684788e+18 7.82624322610463e+15 0.00000000000000e+00 0.00000000000000e+00 0.00000000000000e+00 0.00000000000000e+00 0.00000000000000e+00 0.00000000000000e+00 0.00000000000000e+00 
6.41197980762850e-03 3.23041636766171e+02 3.11085335468504e+02 1.46435061808501e+22 4.31048791934097e+20 2.89921294739339e+19 2.33378095307048e+18 3.07768296209031e+15 4.16694274876393e+20 3.45337517297260e+16 4.00631502450818e+10 4.93974527053938e+15 1.00350533578588e+18 7.92831210194594e+15 0.00000000000000e+00 0.00000000000000e+00 0.00000000000000e+00 0.00000000000000e+00 0.00000000000000e+00 0.00000000000000e+00 0.00000000000000e+00 
6.90897746124282e-03 3.23415450968330e+02 3.11291600898594e+02 1.46000258636377e+22 4.58872716025364e+20 2.97075359886527e+19 2.26035225092789e+18 3.25489041723796e+15 4.46818623989554e+20 3.57142398688253e+16 4.30261853505870e+10 4.65567807317793e+15 9.71167554341435e+17 8.00964864223799e+15 0.00000000000000e+00 0.00000000000000e+00 0.00000000000000e+00 0.00000000000000e+00 0.00000000000000e+00 0.00000000000000e+00 0.00000000000000e+00 
7.87793678672328e-03 3.24125169540795e+02 3.11494675971432e+02 1.45178054745546e+22 5.11074570623649e+20 3.10289998159173e+19 2.13076120628404e+18 3.58456411769868e+15 5.04649001590778e+20 3.79472180095529e+16 4.87406201141324e+10 4.20113692445394e+15 9.11222734830861e+17 8.12380563702830e+15 0.00000000000000e+00 0.00000000000000e+00 0.00000000000000e+00 0.00000000000000e+00 0.00000000000000e+00 0.00000000000000e+00 0.00000000000000e+00 
8.84689611220373e-03 3.24809606026234e+02 3.11880670058063e+02 1.44388216506742e+22 5.60694453648192e+20 3.22644614995558e+19 2.01647636908445e+18 3.89485879592756e+15 5.61292837427603e+20 4.00981486909875e+16 5.43710212539283e+10 3.84377439800063e+15 8.57575263656489e+17 8.19728309707664e+15 0.00000000000000e+00 0.00000000000000e+00 0.00000000000000e+00 0.00000000000000e+00 0.00000000000000e+00 0.00000000000000e+00 0.00000000000000e+00 
9.81585543768419e-03 3.25471055041220e+02 3.12253454210171e+02 1.43629293314532e+22 6.07867039951677e+20 3.34221561395429e+19 1.91501496019636e+18 4.18740019481117e+15 6.16757175686134e+20 4.21754586450344e+16 5.99159659093560e+10 3.55353458608495e+15 8.10960091334346e+17 8.24210764987514e+15 0.00000000000000e+00 0.00000000000000e+00 0.00000000000000e+00 0.00000000000000e+00 0.00000000000000e+00 0.00000000000000e+00 0.00000000000000e+00 
1.07848147631646e-02 3.26111465398692e+02 3.12614222114044e+02 1.42899950142256e+22 6.52717758884696e+20 3.45084883658692e+19 1.82439379353175e+18 4.46364979943705e+15 6.71050626562615e+20 4.41858182283451e+16 6.53743197325044e+10 3.31238548493426e+15 7.70936490681836e+17 8.26633439933332e+15 0.00000000000000e+00 0.00000000000000e+00 0.00000000000000e+00 0.00000000000000e+00 0.00000000000000e+00 0.00000000000000e+00 0.00000000000000e+00 
1.17537740886451e-02 3.26731845730809e+02 3.12963987475786e+02 1.42198931099356e+22 6.95364107593681e+20 3.55295020822439e+19 1.74301494378569e+18 4.72485542491013e+15 7.24182949332543e+20 4.61344843369808e+16 7.07451103398458e+10 3.11108694367664e+15 7.36676665451967e+17 8.27578442073779e+15 0.00000000000000e+00 0.00000000000000e+00 0.00000000000000e+00 0.00000000000000e+00 0.00000000000000e+00 0.00000000000000e+00 0.00000000000000e+00 
1.28812382442938e-02 3.27429487726215e+02 3.13303255497662e+02 1.41417321236024e+22 7.42357845416706e+20 3.66426631585617e+19 1.65824743689825e+18 5.01132624827556e+15 7.84559388896767e+20 4.83299754391407e+16 7.68831466554919e+10 2.91314152282353e+15 7.02912148335308e+17 8.27357602464134e+15 0.00000000000000e+00 0.00000000000000e+00 0.00000000000000e+00 0.00000000000000e+00 0.00000000000000e+00 0.00000000000000e+00 0.00000000000000e+00 
1.40087023999425e-02 3.28102347165127e+02 3.13685294033649e+02 1.40670686760904e+22 7.86680216529886e+20 3.76824658878995e+19 1.58257973105253e+18 5.28056228559165e+15 8.43396053781040e+20 5.04532509059012e+16 8.29004711644934e+10 2.74537279095683e+15 6.74498998362301e+17 8.26135319457149e+15 0.00000000000000e+00 0.00000000000000e+00 0.00000000000000e+00 0.00000000000000e+00 0.00000000000000e+00 0.00000000000000e+00 0.00000000000000e+00 
1.51361665555912e-02 3.28751722553350e+02 3.14054280126558e+02 1.39957363953910e+22 8.28484615203210e+20 3.86552708678725e+19 1.51468670172486e+18 5.53397898183456e+15 9.00712101830905e+20 5.25087903460949e+16 8.87963388355230e+10 2.60204022558863e+15 6.50342656623858e+17 8.24204654469490e+15 0.00000000000000e+00 0.00000000000000e+00 0.00000000000000e+00 0.00000000000000e+00 0.00000000000000e+00 0.00000000000000e+00 0.00000000000000e+00 
1.62636307112399e-02 3.29378725385599e+02 3.14410870317552e+02 1.39275783825405e+22 8.67914662008076e+20 3.95666023996483e+19 1.45348086086175e+18 5.77279910806604e+15 9.56527850873201e+20 5.45002672471166e+16 9.45702368479580e+10 2.47821392405854e+15 6.29562329033279e+17 8.21783095449104e+15 0.00000000000000e+00 0.00000000000000e+00 0.00000000000000e+00 0.00000000000000e+00 0.00000000000000e+00 0.00000000000000e+00 0.00000000000000e+00 
1.73910948668886e-02 3.29984287317487e+02 3.14755624054836e+02 1.38624461616389e+22 9.05105178672537e+20 4.04213880366970e+19 1.39806468596883e+18 5.99813676179460e+15 1.01086461950831e+21 5.64307484267404e+16 1.00221860155396e+11 2.36957976206998e+15 6.11465930605612e+17 8.19035836287791e+15 0.00000000000000e+00 0.00000000000000e+00 0.00000000000000e+00 0.00000000000000e+00 0.00000000000000e+00 0.00000000000000e+00 0.00000000000000e+00 
1.96541560582525e-02 3.31138380677908e+02 3.15089006587611e+02 1.37402933877375e+22 9.73488995676445e+20 4.19833321659027e+19 1.30145754843869e+18 6.41359169057531e+15 1.11555802425785e+21 6.01316945908530e+16 1.11196782856849e+11 2.18802475407490e+15 5.81354802791516e+17 8.12973271070586e+15 0.00000000000000e+00 0.00000000000000e+00 0.00000000000000e+00 0.00000000000000e+00 0.00000000000000e+00 0.00000000000000e+00 0.00000000000000e+00 
2.19172172496164e-02 3.32215597937802e+02 3.15725508758085e+02 1.36287197193144e+22 1.03428916445851e+21 4.33649417138330e+19 1.22058989343297e+18 6.78570596940346e+15 1.21457256103301e+21 6.36143172150721e+16 1.21680508119651e+11 2.04235568488769e+15 5.57050246575858e+17 8.06678511831557e+15 0.00000000000000e+00 0.00000000000000e+00 0.00000000000000e+00 0.00000000000000e+00 0.00000000000000e+00 0.00000000000000e+00 0.00000000000000e+00 
2.41802784409803e-02 3.33221336545979e+02 3.16320951450660e+02 1.35267694501500e+22 1.08834317772298e+21 4.45905496778787e+19 1.15214980250222e+18 7.12018629453734e+15 1.30810767540586e+21 6.68923346603780e+16 1.31677428480152e+11 1.92328400979260e+15 5.36856920831411e+17 8.00467917654590e+15 0.00000000000000e+00 0.00000000000000e+00 0.00000000000000e+00 0.00000000000000e+00 0.00000000000000e+00 0.00000000000000e+00 0.00000000000000e+00 
2.64433396323442e-02 3.34160382992959e+02 3.16878046926116e+02 1.34335835152026e+22 1.13638991504291e+21 4.56800667885219e+19 1.09367514508845e+18 7.42160010679661e+15 1.39637163852864e+21 6.99772550849547e+16 1.41194491051945e+11 1.82434251731139e+15 5.19835815521989e+17 7.94523681596126e+15 0.00000000000000e+00 0.00000000000000e+00 0.00000000000000e+00 0.00000000000000e+00 0.00000000000000e+00 0.00000000000000e+00 0.00000000000000e+00 
2.87064008237081e-02 3.35037046272837e+02 3.17399211458962e+02 1.33483851533282e+22 1.17908517358257e+21 4.66503516841892e+19 1.04333268234331e+18 7.69373169343468e+15 1.47957828728193e+21 7.28790428230687e+16 1.50240797276684e+11 1.74114948516794e+15 5.05328264703625e+17 7.88951011208154e+15 0.00000000000000e+00 0.00000000000000e+00 0.00000000000000e+00 0.00000000000000e+00 0.00000000000000e+00 0.00000000000000e+00 0.00000000000000e+00 
3.19569219090637e-02 3.36195069889610e+02 3.17886632153798e+02 1.32386080157857e+22 1.23218499130841e+21 4.78640265563336e+19 9.82182754117241e+17 8.04007819346213e+15 1.59067629470537e+21 7.67461907056480e+16 1.62432701781781e+11 1.64091945988223e+15 4.87774429812942e+17 7.81757485025612e+15 0.00000000000000e+00 0.00000000000000e+00 0.00000000000000e+00 0.00000000000000e+00 0.00000000000000e+00 0.00000000000000e+00 0.00000000000000e+00 
3.52074429944193e-02 3.37243408722282e+02 3.18531783957225e+02 1.31420029158500e+22 1.27695143661607e+21 4.88973291698454e+19 9.31761492329096e+17 8.34137853765960e+15 1.69242782107372e+21 8.02796870723287e+16 1.73713089153186e+11 1.55962724641349e+15 4.73159284021128e+17 7.75450509649125e+15 0.00000000000000e+00 0.00000000000000e+00 0.00000000000000e+00 0.00000000000000e+00 0.00000000000000e+00 0.00000000000000e+00 0.00000000000000e+00 
3.84579640797750e-02 3.38192082523298e+02 3.19117096442313e+02 1.30569371202842e+22 1.31467417748451e+21 4.97794157071100e+19 8.89577692437472e+17 8.60431100502535e+15 1.78546755156038e+21 8.35049788222663e+16 1.84123651794583e+11 1.49209545353187e+15 4.60843467200930e+17 7.70025108140361e+15 0.00000000000000e+00 0.00000000000000e+00 0.00000000000000e+00 0.00000000000000e+00 0.00000000000000e+00 0.00000000000000e+00 0.00000000000000e+00 
4.17084851651306e-02 3.39050018852542e+02 3.19647798420294e+02 1.29819949802559e+22 1.34643723470320e+21 5.05340798622167e+19 8.53981116780716e+17 8.83431229756189e+15 1.87041579606690e+21 8.64441196948089e+16 1.93709233030638e+11 1.43527500022330e+15 4.50370806555989e+17 7.65411324277015e+15 0.00000000000000e+00 0.00000000000000e+00 0.00000000000000e+00 0.00000000000000e+00 0.00000000000000e+00 0.00000000000000e+00 0.00000000000000e+00 
4.49590062504863e-02 3.39825423564370e+02 3.20128584066026e+02 1.29159416792179e+22 1.37315792836940e+21 5.11810034307691e+19 8.23740920819237e+17 9.03589550556965e+15 1.94787167691985e+21 8.91187667313593e+16 2.02516513777321e+11 1.38710150164566e+15 4.41388877509525e+17 7.61520155717756e+15 0.00000000000000e+00 0.00000000000000e+00 0.00000000000000e+00 0.00000000000000e+00 0.00000000000000e+00 0.00000000000000e+00 0.00000000000000e+00 
5.02634920017643e-02 3.40932579536480e+02 3.20563806067760e+02 1.28245561205693e+22 1.40784887635802e+21 5.20459674213740e+19 7.83407246693318e+17 9.31333839904903e+15 2.05964386280727e+21 9.29676016605143e+16 2.15339044145469e+11 1.32269447269549e+15 4.29250481130786e+17 7.56540956876298e+15 0.00000000000000e+00 0.00000000000000e+00 0.00000000000000e+00 0.00000000000000e+00 0.00000000000000e+00 0.00000000000000e+00 0.00000000000000e+00 
5.55679777530424e-02 3.41869005689195e+02 3.21186360277800e+02 1.27500406872220e+22 1.43390282928071e+21 5.27237584115930e+19 7.51767439370819e+17 9.53866828373531e+15 2.15530005308266e+21 9.62492385389901e+16 2.26419396957412e+11 1.27203725363720e+15 4.19548957319480e+17 7.52912042664402e+15 0.00000000000000e+00 0.00000000000000e+00 0.00000000000000e+00 0.00000000000000e+00 0.00000000000000e+00 0.00000000000000e+00 0.00000000000000e+00 
6.08724635043205e-02 3.42660224338276e+02 3.21713942586370e+02 1.26891703266003e+22 1.45344506363122e+21 5.32576465611347e+19 7.26455703871335e+17 9.72258029391007e+15 2.23695976330630e+21 9.90411189519049e+16 2.35956612413976e+11 1.23100984648217e+15 4.11664890823687e+17 7.50345133173829e+15 0.00000000000000e+00 0.00000000000000e+00 0.00000000000000e+00 0.00000000000000e+00 0.00000000000000e+00 0.00000000000000e+00 0.00000000000000e+00 
6.61769492555986e-02 3.43327888205972e+02 3.22160447394733e+02 1.26393854649194e+22 1.46805813953528e+21 5.36793216319906e+19 7.06302609261670e+17 9.87288873616309e+15 2.30651684087742e+21 1.01409179581226e+17 2.44137110427892e+11 1.19836077545299e+15 4.05287443022471e+17 7.48557128334736e+15 0.00000000000000e+00 0.00000000000000e+00 0.00000000000000e+00 0.00000000000000e+00 0.00000000000000e+00 0.00000000000000e+00 0.00000000000000e+00 
7.14814350068766e-02 3.43890760065441e+02 3.22537746264171e+02 1.25986290971449e+22 1.47893789658845e+21 5.40137848635603e+19 6.89867680012597e+17 9.99619415692623e+15 2.36564764859742e+21 1.03415115988850e+17 2.51132546176446e+11 1.17105860168604e+15 4.00009662613632e+17 7.47397390762573e+15 0.00000000000000e+00 0.00000000000000e+00 0.00000000000000e+00 0.00000000000000e+00 0.00000000000000e+00 0.00000000000000e+00 0.00000000000000e+00 
7.86176761412544e-02 3.44509828783977e+02 3.22856194503367e+02 1.25552179676815e+22 1.48921630778758e+21 5.43578083572176e+19 6.72521084446977e+17 1.01279887612747e+16 2.43127429687028e+21 1.05630408943665e+17 2.58940637253896e+11 1.14235891618065e+15 3.94346235850650e+17 7.46549522404659e+15 0.00000000000000e+00 0.00000000000000e+00 0.00000000000000e+00 0.00000000000000e+00 0.00000000000000e+00 0.00000000000000e+00 0.00000000000000e+00 
8.57539172756322e-02 3.45000429024643e+02 3.23206822057809e+02 1.25219363311925e+22 1.49602566418760e+21 5.46119402712749e+19 6.59281142249179e+17 1.02296202040695e+16 2.48374834296025e+21 1.07392910193453e+17 2.65217931255896e+11 1.12004525484594e+15 3.89945079215180e+17 7.46223082874404e+15 0.00000000000000e+00 0.00000000000000e+00 0.00000000000000e+00 0.00000000000000e+00 0.00000000000000e+00 0.00000000000000e+00 0.00000000000000e+00 
9.28901584100099e-02 3.45388928662206e+02 3.23484973484564e+02 1.24963425728922e+22 1.50050714124228e+21 5.48010432555107e+19 6.49054561884873e+17 1.03081987403544e+16 2.52562390397903e+21 1.08792699524941e+17 2.70248422362355e+11 1.10276536427234e+15 3.86514633792683e+17 7.46228148033126e+15 0.00000000000000e+00 0.00000000000000e+00 0.00000000000000e+00 0.00000000000000e+00 0.00000000000000e+00 0.00000000000000e+00 0.00000000000000e+00 
1.00026399544388e-01 3.45696238156990e+02 3.23705415957747e+02 1.24766271864856e+22 1.50341610428909e+21 5.49424209171393e+19 6.41144669351802e+17 1.03692094645522e+16 2.55897673530885e+21 1.09902386192051e+17 2.74268272520918e+11 1.08908314191966e+15 3.83799948191085e+17 7.46419029769453e+15 0.00000000000000e+00 0.00000000000000e+00 0.00000000000000e+00 0.00000000000000e+00 0.00000000000000e+00 0.00000000000000e+00 0.00000000000000e+00 
1.07162640678765e-01 3.45939061641509e+02 3.23879900160111e+02 1.24614238270189e+22 1.50526425264153e+21 5.50484780189011e+19 6.34976269276842e+17 1.04166075295532e+16 2.58549278498252e+21 1.10780879996909e+17 2.77472463746017e+11 1.07849590058098e+15 3.81674371733722e+17 7.46718439288753e+15 0.00000000000000e+00 0.00000000000000e+00 0.00000000000000e+00 0.00000000000000e+00 0.00000000000000e+00 0.00000000000000e+00 0.00000000000000e+00 
1.18177986206856e-01 3.46216234597676e+02 3.24017838995017e+02 1.24445648256340e+22 1.50677613260739e+21 5.51623353334859e+19 6.28037128902861e+17 1.04698557789757e+16 2.61597942759993e+21 1.11785268803143e+17 2.81164647348652e+11 1.06627487172891e+15 3.79223855779797e+17 7.47271270618474e+15 0.00000000000000e+00 0.00000000000000e+00 0.00000000000000e+00 0.00000000000000e+00 0.00000000000000e+00 0.00000000000000e+00 0.00000000000000e+00 
1.29193331734947e-01 3.46408392930990e+02 3.24175363010451e+02 1.24332054938067e+22 1.50742840888035e+21 5.52364443823153e+19 6.23302105429017e+17 1.05062747142594e+16 2.63725914411464e+21 1.12482839026092e+17 2.83748170549567e+11 1.05785657175842e+15 3.77513533801312e+17 7.47788486005945e+15 0.00000000000000e+00 0.00000000000000e+00 0.00000000000000e+00 0.00000000000000e+00 0.00000000000000e+00 0.00000000000000e+00 0.00000000000000e+00 
1.40208677263038e-01 3.46541992904335e+02 3.24284616360789e+02 1.24254790419731e+22 1.50767528842311e+21 5.52854714306991e+19 6.20042826749201e+17 1.05313028042238e+16 2.65212976821915e+21 1.12968347019736e+17 2.85556340540949e+11 1.05202989683805e+15 3.76327633821409e+17 7.48220857697904e+15 0.00000000000000e+00 0.00000000000000e+00 0.00000000000000e+00 0.00000000000000e+00 0.00000000000000e+00 0.00000000000000e+00 0.00000000000000e+00 
1.51224022791129e-01 3.46634805402413e+02 3.24360597435929e+02 1.24202124776243e+22 1.50772436126329e+21 5.53181096259337e+19 6.17792216014420e+17 1.05485035910368e+16 2.66250607934812e+21 1.13305911737932e+17 2.86819327257682e+11 1.04797172892874e+15 3.75500461449611e+17 7.48567480528332e+15 0.00000000000000e+00 0.00000000000000e+00 0.00000000000000e+00 0.00000000000000e+00 0.00000000000000e+00 0.00000000000000e+00 0.00000000000000e+00 
1.62239368319220e-01 3.46699079487390e+02 3.24413391991525e+02 1.24166313946954e+22 1.50767816936144e+21 5.53398057609665e+19 6.16240161189542e+17 1.05603221099881e+16 2.66972181458074e+21 1.13539834650665e+17 2.87698211294970e+11 1.04515326901813e+15 3.74921599673856e+17 7.48839438396110e+15 0.00000000000000e+00 0.00000000000000e+00 0.00000000000000e+00 0.00000000000000e+00 0.00000000000000e+00 0.00000000000000e+00 0.00000000000000e+00 
1.84712469834971e-01 3.46772095366194e+02 3.24449957680363e+02 1.24126825395893e+22 1.50748050097531e+21 5.53628883305351e+19 6.14469288635481e+17 1.05736599207314e+16 2.67797396946573e+21 1.13805874237869e+17 2.88703924903369e+11 1.04189538459081e+15 3.74244310377183e+17 7.49215627391442e+15 0.00000000000000e+00 0.00000000000000e+00 0.00000000000000e+00 0.00000000000000e+00 0.00000000000000e+00 0.00000000000000e+00 0.00000000000000e+00 
2.07185571350722e-01 3.46806696357255e+02 3.24491500468057e+02 1.24108439062672e+22 1.50734703675239e+21 5.53734069880609e+19 6.13627442830076e+17 1.05800062695146e+16 2.68189965544088e+21 1.13932038231936e+17 2.89182600597101e+11 1.04033353667262e+15 3.73915180541864e+17 7.49412294710687e+15 0.00000000000000e+00 0.00000000000000e+00 0.00000000000000e+00 0.00000000000000e+00 0.00000000000000e+00 0.00000000000000e+00 0.00000000000000e+00 
2.29658672866473e-01 3.46824984560490e+02 3.24511188486685e+02 1.24098602353651e+22 1.50729109960701e+21 5.53790891621416e+19 6.13192172387179e+17 1.05833407041291e+16 2.68396879931691e+21 1.13998661797259e+17 2.89434935620525e+11 1.03953397411047e+15 3.73749678812930e+17 7.49505551810014e+15 0.00000000000000e+00 0.00000000000000e+00 0.00000000000000e+00 0.00000000000000e+00 0.00000000000000e+00 0.00000000000000e+00 0.00000000000000e+00 
2.52131774382225e-01 3.46834722979037e+02 3.24521595201180e+02 1.24093364531111e+22 1.50726136280009e+21 5.53820918618526e+19 6.12967248463802e+17 1.05850712754263e+16 2.68507048958922e+21 1.14034102418363e+17 2.89569247330647e+11 1.03912435552598e+15 3.73667240870370e+17 7.49552232003006e+15 0.00000000000000e+00 0.00000000000000e+00 0.00000000000000e+00 0.00000000000000e+00 0.00000000000000e+00 0.00000000000000e+00 0.00000000000000e+00 
2.74604875897976e-01 3.46839279298424e+02 3.24527136900933e+02 1.24091010128189e+22 1.50723571640519e+21 5.53833677823257e+19 6.12863426312792e+17 1.05858648891539e+16 2.68559041678725e+21 1.14050689309267e+17 2.89632599511575e+11 1.03893267601151e+15 3.73628353736849e+17 7.49578649369769e+15 0.00000000000000e+00 0.00000000000000e+00 0.00000000000000e+00 0.00000000000000e+00 0.00000000000000e+00 0.00000000000000e+00 0.00000000000000e+00 
3.31815801389602e-01 3.46843470485497e+02 3.24529729603165e+02 1.24088904018196e+22 1.50720489581783e+21 5.53844442578156e+19 6.12775038951947e+17 1.05865794695118e+16 2.68607138035885e+21 1.14065918545785e+17 2.89691140951548e+11 1.03877167337507e+15 3.73597037918366e+17 7.49602890620505e+15 0.00000000000000e+00 0.00000000000000e+00 0.00000000000000e+00 0.00000000000000e+00 0.00000000000000e+00 0.00000000000000e+00 0.00000000000000e+00 
3.89026726881228e-01 3.46842885276328e+02 3.24532114472904e+02 1.24089263381396e+22 1.50720123100454e+21 5.53842096625352e+19 6.12787142600174e+17 1.05864739622388e+16 2.68600727320503e+21 1.14063802531433e+17 2.89683326015209e+11 1.03879181996646e+15 3.73600713888632e+17 7.49603212673242e+15 0.00000000000000e+00 0.00000000000000e+00 0.00000000000000e+00 0.00000000000000e+00 0.00000000000000e+00 0.00000000000000e+00 0.00000000000000e+00 
4.46237652372855e-01 3.46842322701273e+02 3.24531781386405e+02 1.24089556398868e+22 1.50720408059045e+21 5.53840623140536e+19 6.12795399603132e+17 1.05863895969599e+16 2.68594324694137e+21 1.14061778805385e+17 2.89675556873417e+11 1.03880440319765e+15 3.73601954123217e+17 7.49602125482095e+15 0.00000000000000e+00 0.00000000000000e+00 0.00000000000000e+00 0.00000000000000e+00 0.00000000000000e+00 0.00000000000000e+00 0.00000000000000e+00 
5.03448577864481e-01 3.46842289168009e+02 3.24531461253687e+02 1.24089564389527e+22 1.50720526783083e+21 5.53840886883220e+19 6.12790988195727e+17 1.05864038442474e+16 2.68593924000167e+21 1.14061656026475e+17 2.89674877040324e+11 1.03879494404111e+15 3.73598739782309e+17 7.49604515948972e+15 0.00000000000000e+00 0.00000000000000e+00 0.00000000000000e+00 0.00000000000000e+00 0.00000000000000e+00 0.00000000000000e+00 0.00000000000000e+00 
1.00467542557550e+00 3.46842438473918e+02 3.24531442177464e+02 1.24089485294589e+22 1.50720478229677e+21 5.53841188416445e+19 6.12789463731587e+17 1.05864235897246e+16 2.68595597313788e+21 1.14062216026933e+17 2.89677133680065e+11 1.03879184740256e+15 3.73598452172730e+17 7.49603639059923e+15 0.00000000000000e+00 0.00000000000000e+00 0.00000000000000e+00 0.00000000000000e+00 0.00000000000000e+00 0.00000000000000e+00 0.00000000000000e+00 
1.50590227328653e+00 3.46842452131355e+02 3.24531527147405e+02 1.24089478800060e+22 1.50720467135621e+21 5.53841172991605e+19 6.12789969987887e+17 1.05864213809754e+16 2.68595749430991e+21 1.14062270375846e+17 2.89677379901721e+11 1.03879335114714e+15 3.73598975894881e+17 7.49603375032629e+15 0.00000000000000e+00 0.00000000000000e+00 0.00000000000000e+00 0.00000000000000e+00 0.00000000000000e+00 0.00000000000000e+00 0.00000000000000e+00 
2.00712912099755e+00 3.46842451920038e+02 3.24531534920087e+02 1.24089478825616e+22 1.50720465047678e+21 5.53841215040361e+19 6.12789328179007e+17 1.05864242765800e+16 2.68595752521723e+21 1.14062265333198e+17 2.89677331919499e+11 1.03879185509695e+15 3.73598525381876e+17 7.49603727142658e+15 0.00000000000000e+00 0.00000000000000e+00 0.00000000000000e+00 0.00000000000000e+00 0.00000000000000e+00 0.00000000000000e+00 0.00000000000000e+00 
7.01939759810778e+00 3.46842451868434e+02 3.24531534798255e+02 1.24089478840485e+22 1.50720464976529e+21 5.53841217125902e+19 6.12789329867961e+17 1.05864244954537e+16 2.68595752368542e+21 1.14062264237633e+17 2.89677324388694e+11 1.03879188250036e+15 3.73598533802065e+17 7.49603739781248e+15 0.00000000000000e+00 0.00000000000000e+00 0.00000000000000e+00 0.00000000000000e+00 0.00000000000000e+00 0.00000000000000e+00 0.00000000000000e+00 
1.20316660752180e+01 3.46842451908196e+02 3.24531534768763e+02 1.24089478812647e+22 1.50720465064342e+21 5.53841215331435e+19 6.12789412695553e+17 1.05864241067320e+16 2.68595752746366e+21 1.14062263994378e+17 2.89677324721688e+11 1.03879214956924e+15 3.73598619267032e+17 7.49603714791075e+15 0.00000000000000e+00 0.00000000000000e+00 0.00000000000000e+00 0.00000000000000e+00 0.00000000000000e+00 0.00000000000000e+00 0.00000000000000e+00 
1.70439345523282e+01 3.46842451898957e+02 3.24531534791405e+02 1.24089478819039e+22 1.50720465051212e+21 5.53841215720424e+19 6.12789395368804e+17 1.05864241837072e+16 2.68595752652956e+21 1.14062264052453e+17 2.89677324753591e+11 1.03879208647851e+15 3.73598599192661e+17 7.49603719500510e+15 0.00000000000000e+00 0.00000000000000e+00 0.00000000000000e+00 0.00000000000000e+00 0.00000000000000e+00 0.00000000000000e+00 0.00000000000000e+00 
6.71666193234306e+01 3.46842451903175e+02 3.24531534786146e+02 1.24089478817727e+22 1.50720465056979e+21 5.53841215567366e+19 6.12789402931921e+17 1.05864241454177e+16 2.68595752693505e+21 1.14062264032671e+17 2.89677324795423e+11 1.03879211270429e+15 3.73598607512369e+17 7.49603717685424e+15 0.00000000000000e+00 0.00000000000000e+00 0.00000000000000e+00 0.00000000000000e+00 0.00000000000000e+00 0.00000000000000e+00 0.00000000000000e+00 
1.17289304094533e+02 3.46842451904352e+02 3.24531534788548e+02 1.24089478817492e+22 1.50720465056674e+21 5.53841215532872e+19 6.12789404373495e+17 1.05864241336143e+16 2.68595752706162e+21 1.14062264029418e+17 2.89677324804853e+11 1.03879212110504e+15 3.73598610134920e+17 7.49603717562939e+15 0.00000000000000e+00 0.00000000000000e+00 0.00000000000000e+00 0.00000000000000e+00 0.00000000000000e+00 0.00000000000000e+00 0.00000000000000e+00 
1.67411988865635e+02 3.46842451904602e+02 3.24531534789218e+02 1.24089478817452e+22 1.50720465057322e+21 5.53841215524114e+19 6.12789404872964e+17 1.05864241319962e+16 2.68595752708255e+21 1.14062264027942e+17 2.89677324806698e+11 1.03879212227905e+15 3.73598610512318e+17 7.49603717441460e+15 0.00000000000000e+00 0.00000000000000e+00 0.00000000000000e+00 0.00000000000000e+00 0.00000000000000e+00 0.00000000000000e+00 0.00000000000000e+00 
2.67411988865635e+02 3.46842451904716e+02 3.24531534789361e+02 1.24089478817459e+22 1.50720465057227e+21 5.53841215521559e+19 6.12789404970871e+17 1.05864241308005e+16 2.68595752709529e+21 1.14062264027872e+17 2.89677324807925e+11 1.03879212310368e+15 3.73598610767947e+17 7.49603717443712e+15 0.00000000000000e+00 0.00000000000000e+00 0.00000000000000e+00 0.00000000000000e+00 0.00000000000000e+00 0.00000000000000e+00 0.00000000000000e+00 
3.67411988865635e+02 3.46842451904697e+02 3.24531534789426e+02 1.24089478817461e+22 1.50720465057232e+21 5.53841215522052e+19 6.12789404949465e+17 1.05864241309858e+16 2.68595752709328e+21 1.14062264027906e+17 2.89677324807730e+11 1.03879212297410e+15 3.73598610727594e+17 7.49603717444574e+15 0.00000000000000e+00 0.00000000000000e+00 0.00000000000000e+00 0.00000000000000e+00 0.00000000000000e+00 0.00000000000000e+00 0.00000000000000e+00 
4.67411988865635e+02 3.46842451904702e+02 3.24531534789415e+02 1.24089478817426e+22 1.50720465057167e+21 5.53841215521451e+19 6.12789404963817e+17 1.05864241307891e+16 2.68595752709462e+21 1.14062264027899e+17 2.89677324807922e+11 1.03879212310911e+15 3.73598610769336e+17 7.49603717444987e+15 0.00000000000000e+00 0.00000000000000e+00 0.00000000000000e+00 0.00000000000000e+00 0.00000000000000e+00 0.00000000000000e+00 0.00000000000000e+00 
5.67411988865635e+02 3.46842451904685e+02 3.24531534789417e+02 1.24089478817401e+22 1.50720465057144e+21 5.53841215521454e+19 6.12789404958659e+17 1.05864241308587e+16 2.68595752709337e+21 1.14062264027903e+17 2.89677324807861e+11 1.03879212305926e+15 3.73598610753902e+17 7.49603717444504e+15 0.00000000000000e+00 0.00000000000000e+00 0.00000000000000e+00 0.00000000000000e+00 0.00000000000000e+00 0.00000000000000e+00 0.00000000000000e+00 
6.67411988865635e+02 3.46842451904682e+02 3.24531534789408e+02 1.24089478817384e+22 1.50720465057116e+21 5.53841215521277e+19 6.12789404961128e+17 1.05864241308151e+16 2.68595752709346e+21 1.14062264027904e+17 2.89677324807904e+11 1.03879212308849e+15 3.73598610762908e+17 7.49603717444607e+15 0.00000000000000e+00 0.00000000000000e+00 0.00000000000000e+00 0.00000000000000e+00 0.00000000000000e+00 0.00000000000000e+00 0.00000000000000e+00 
7.67411988865635e+02 3.46842451904662e+02 3.24531534789406e+02 1.24089478817338e+22 1.50720465057060e+21 5.53841215521035e+19 6.12789404960100e+17 1.05864241308305e+16 2.68595752709230e+21 1.14062264027899e+17 2.89677324807871e+11 1.03879212307502e+15 3.73598610758729e+17 7.49603717444086e+15 0.00000000000000e+00 0.00000000000000e+00 0.00000000000000e+00 0.00000000000000e+00 0.00000000000000e+00 0.00000000000000e+00 0.00000000000000e+00 
8.67411988865635e+02 3.46842451904653e+02 3.24531534789395e+02 1.24089478817312e+22 1.50720465057025e+21 5.53841215520871e+19 6.12789404960487e+17 1.05864241308182e+16 2.68595752709189e+21 1.14062264027904e+17 2.89677324807896e+11 1.03879212308193e+15 3.73598610760830e+17 7.49603717443959e+15 0.00000000000000e+00 0.00000000000000e+00 0.00000000000000e+00 0.00000000000000e+00 0.00000000000000e+00 0.00000000000000e+00 0.00000000000000e+00 
9.67411988865635e+02 3.46842451904666e+02 3.24531534789389e+02 1.24089478817346e+22 1.50720465057070e+21 5.53841215521082e+19 6.12789404960322e+17 1.05864241308261e+16 2.68595752709255e+21 1.14062264027908e+17 2.89677324807905e+11 1.03879212307850e+15 3.73598610759797e+17 7.49603717444205e+15 0.00000000000000e+00 0.00000000000000e+00 0.00000000000000e+00 0.00000000000000e+00 0.00000000000000e+00 0.00000000000000e+00 0.00000000000000e+00 
1.00000000000000e+03 3.46842451904667e+02 3.24531534789397e+02 1.24089478817347e+22 1.50720465057071e+21 5.53841215521080e+19 6.12789404960398e+17 1.05864241308246e+16 2.68595752709257e+21 1.14062264027903e+17 2.89677324807890e+11 1.03879212307967e+15 3.73598610760161e+17 7.49603717444218e+15 0.00000000000000e+00 0.00000000000000e+00 0.00000000000000e+00 0.00000000000000e+00 0.00000000000000e+00 0.00000000000000e+00 0.00000000000000e+00 
