Time(s)              GasTemp(K)           NearWallTemp(K)      [O2(X)](m^-3)        [O2(a1Dg)](m^-3)     [O2(b1Sg+)](m^-3)    [O2(A3Su+_C3Du_c1Su-)](m^-3) [O2(+,X)](m^-3)      [O(3P)](m^-3)        [O(1D)](m^-3)        [O(+,gnd)](m^-3)     [O(-,gnd)](m^-3)     [O3(X)](m^-3)        [O3(exc)](m^-3)      [CO2(X)](m^-3)       [CO2(e1)](m^-3)      [CO2(+,X)](m^-3)     [CO(X)](m^-3)        [CO(a3P)](m^-3)      [CO(+,X)](m^-3)      [C(X)](m^-3)        
0.00000000000000e+00 5.86650060937000e+02 4.16975027421650e+02 1.75677163984094e+21 1.75677163984094e-04 1.75677163984094e-04 1.75677163984094e-04 0.00000000000000e+00 0.00000000000000e+00 0.00000000000000e+00 0.00000000000000e+00 0.00000000000000e+00 0.00000000000000e+00 0.00000000000000e+00 0.00000000000000e+00 0.00000000000000e+00 0.00000000000000e+00 0.00000000000000e+00 0.00000000000000e+00 0.00000000000000e+00 0.00000000000000e+00 
1.42196111996706e-15 5.86650060930871e+02 4.79646840711573e+02 1.75677163984092e+21 1.04246807773918e+07 2.45739897632093e+06 4.17466840833551e+06 2.67731534624439e+03 1.45574874994732e+07 3.52436059227997e+06 3.99812242691161e-01 5.12395749602238e+05 1.08016877636979e-06 7.15743160388850e-12 0.00000000000000e+00 0.00000000000000e+00 0.00000000000000e+00 0.00000000000000e+00 0.00000000000000e+00 0.00000000000000e+00 0.00000000000000e+00 
2.84392223993413e-15 5.86650060924741e+02 4.79646840706941e+02 1.75677163984089e+21 2.08493615546170e+07 4.91479795270061e+06 8.34933681638571e+06 5.35463069248837e+03 2.91149749994038e+07 7.04872118410149e+06 7.99624485375548e-01 1.02479149920316e+06 3.40914027309858e-06 2.25896997459776e-11 0.00000000000000e+00 0.00000000000000e+00 0.00000000000000e+00 0.00000000000000e+00 0.00000000000000e+00 0.00000000000000e+00 0.00000000000000e+00 
4.26588335990119e-15 5.86650060918612e+02 4.79646840702309e+02 1.75677163984086e+21 3.12740423318512e+07 7.37219692931966e+06 1.25240052243240e+07 8.03194603873193e+03 4.36724624998015e+07 1.05730817754549e+07 1.19943672805302e+00 1.53718724880275e+06 7.01324130844523e-06 4.64712516104812e-11 0.00000000000000e+00 0.00000000000000e+00 0.00000000000000e+00 0.00000000000000e+00 0.00000000000000e+00 0.00000000000000e+00 0.00000000000000e+00 
1.04699622437299e-14 5.86650060891869e+02 4.79646840697676e+02 1.75677163984075e+21 7.67573828906523e+07 1.80939367080094e+07 3.07382670288508e+07 1.97131906042363e+04 1.07187420498204e+08 2.59500219811423e+07 2.94383512077531e+00 3.77279243209156e+06 3.66607335405001e-05 2.42921938346334e-10 0.00000000000000e+00 0.00000000000000e+00 0.00000000000000e+00 0.00000000000000e+00 0.00000000000000e+00 0.00000000000000e+00 0.00000000000000e+00 
1.66740411275586e-14 5.86650060865126e+02 4.79646840677465e+02 1.75677163984063e+21 1.22240723449624e+08 2.88156764911728e+07 4.89525288312854e+07 3.13944351697328e+04 1.70702378505336e+08 4.13269621780811e+07 4.68823351336834e+00 6.00839761535531e+06 9.01394840050447e-05 5.97283689194526e-10 0.00000000000000e+00 0.00000000000000e+00 0.00000000000000e+00 0.00000000000000e+00 0.00000000000000e+00 0.00000000000000e+00 0.00000000000000e+00 
2.28781200113874e-14 5.86650060838382e+02 4.79646840657253e+02 1.75677163984052e+21 1.67724064008770e+08 3.95374162788807e+07 6.71667906315945e+07 4.30756797352213e+04 2.34217336521335e+08 5.67039023661329e+07 6.43263190583007e+00 8.24400279859359e+06 1.67825859006845e-04 1.11205038861307e-09 0.00000000000000e+00 0.00000000000000e+00 0.00000000000000e+00 0.00000000000000e+00 0.00000000000000e+00 0.00000000000000e+00 0.00000000000000e+00 
2.90821988952161e-14 5.86650060811639e+02 4.79646840637042e+02 1.75677163984040e+21 2.13207404568090e+08 5.02591560711578e+07 8.53810524297666e+07 5.47569243007019e+04 2.97732294546250e+08 7.20808425452491e+07 8.17703029815978e+00 1.04796079818063e+07 2.69852685685884e-04 1.78810217795686e-09 0.00000000000000e+00 0.00000000000000e+00 0.00000000000000e+00 0.00000000000000e+00 0.00000000000000e+00 0.00000000000000e+00 0.00000000000000e+00 
4.74949016157722e-14 5.86650060732270e+02 4.79646840616830e+02 1.75677163984006e+21 3.48194603174778e+08 8.20795457383573e+07 1.39438035580019e+08 8.94249689238349e+04 4.86234417527916e+08 1.17717113979680e+08 1.33541225983681e+01 1.71145225934479e+07 7.16143090957245e-04 4.74531879399734e-09 0.00000000000000e+00 0.00000000000000e+00 0.00000000000000e+00 0.00000000000000e+00 0.00000000000000e+00 0.00000000000000e+00 0.00000000000000e+00 
6.59076043363283e-14 5.86650060652901e+02 4.79646840556846e+02 1.75677163983972e+21 4.83181801783005e+08 1.13899935445846e+08 1.93495018711428e+08 1.24093013546897e+05 6.74736540588195e+08 1.63353385335322e+08 1.85312148974123e+01 2.37494372048638e+07 1.37705017349084e-03 9.12463186836916e-09 0.00000000000000e+00 0.00000000000000e+00 0.00000000000000e+00 0.00000000000000e+00 0.00000000000000e+00 0.00000000000000e+00 0.00000000000000e+00 
8.43203070568844e-14 5.86650060573532e+02 4.79646840496861e+02 1.75677163983938e+21 6.18169000392771e+08 1.45720325193624e+08 2.47552001823993e+08 1.58761058169889e+05 8.63238663727089e+08 2.08989656612174e+08 2.37083071952925e+01 3.03843518160539e+07 2.25258060707206e-03 1.49260856239753e-08 0.00000000000000e+00 0.00000000000000e+00 0.00000000000000e+00 0.00000000000000e+00 0.00000000000000e+00 0.00000000000000e+00 0.00000000000000e+00 
1.02733009777440e-13 5.86650060494162e+02 4.79646840436877e+02 1.75677163983904e+21 7.53156199004075e+08 1.77540714981693e+08 3.01608984917716e+08 1.93429102792810e+05 1.05174078694460e+09 2.54625927810236e+08 2.88853994920086e+01 3.70192664270183e+07 3.34273287593301e-03 2.21496700179995e-08 0.00000000000000e+00 0.00000000000000e+00 0.00000000000000e+00 0.00000000000000e+00 0.00000000000000e+00 0.00000000000000e+00 0.00000000000000e+00 
2.86860036983001e-13 5.86650059700471e+02 4.79646840376892e+02 1.75677163983562e+21 2.10302818520173e+09 4.95744615078296e+08 8.42178814818565e+08 5.40109549018137e+05 2.93676202344346e+09 7.10988635457452e+08 8.06563223951467e+01 1.03368412524244e+08 2.60483276196824e-02 1.72601845406654e-07 0.00000000000000e+00 0.00000000000000e+00 0.00000000000000e+00 0.00000000000000e+00 0.00000000000000e+00 0.00000000000000e+00 0.00000000000000e+00 
4.70987064188562e-13 5.86650058906779e+02 4.79646839777048e+02 1.75677163983221e+21 3.45290017155324e+09 8.13948519203850e+08 1.38274864283509e+09 8.86789995236401e+05 4.82178326780373e+09 1.16735133522574e+09 1.32427245181879e+02 1.69717558598893e+08 7.02159140776517e-02 4.65265814764752e-07 0.00000000000000e+00 0.00000000000000e+00 0.00000000000000e+00 0.00000000000000e+00 0.00000000000000e+00 0.00000000000000e+00 0.00000000000000e+00 
6.55114091394123e-13 5.86650058113087e+02 4.79646839177204e+02 1.75677163982880e+21 4.80277215805859e+09 1.13215242735835e+09 1.92331846896731e+09 1.23347044144760e+06 6.70680452002540e+09 1.62371402711510e+09 1.84198167852206e+02 2.36066704650964e+08 1.35845473672458e-01 9.00141455936550e-07 0.00000000000000e+00 0.00000000000000e+00 0.00000000000000e+00 0.00000000000000e+00 0.00000000000000e+00 0.00000000000000e+00 0.00000000000000e+00 
8.39241118599684e-13 5.86650057319396e+02 4.79646838577359e+02 1.75677163982539e+21 6.15264414471780e+09 1.45035633954180e+09 2.46388829321520e+09 1.58015088765174e+06 8.59182578010848e+09 2.08007671112553e+09 2.35969090406128e+02 3.02415850680457e+08 2.22937003406607e-01 1.47722875004665e-06 0.00000000000000e+00 0.00000000000000e+00 0.00000000000000e+00 0.00000000000000e+00 0.00000000000000e+00 0.00000000000000e+00 0.00000000000000e+00 
2.68051139065529e-12 5.86650049382479e+02 4.79646837977515e+02 1.75677163979126e+21 1.96513640197715e+10 4.63239568296836e+09 7.86958643205671e+09 5.04695534930469e+06 2.74420388133163e+10 6.64370311788913e+09 7.53678309543039e+02 9.65907309733636e+08 2.27426072037923e+00 1.50697433703501e-05 0.00000000000000e+00 0.00000000000000e+00 0.00000000000000e+00 0.00000000000000e+00 0.00000000000000e+00 0.00000000000000e+00 0.00000000000000e+00 
4.52178166271090e-12 5.86650041445562e+02 4.79646831979071e+02 1.75677163975713e+21 3.31500839102102e+10 7.81443542928954e+09 1.32752843824665e+10 8.51375981025138e+06 4.62922526326643e+10 1.12073287367605e+10 1.27138751703940e+03 1.62939876652907e+09 6.47178154558127e+00 4.28834250364437e-05 0.00000000000000e+00 0.00000000000000e+00 0.00000000000000e+00 0.00000000000000e+00 0.00000000000000e+00 0.00000000000000e+00 0.00000000000000e+00 
6.36305193476651e-12 5.86650033508645e+02 4.79646825980627e+02 1.75677163972300e+21 4.66488038160337e+10 1.09964755785053e+10 1.86809821444446e+10 1.19805642704918e+07 6.51424672381523e+10 1.57709535677398e+10 1.78909671289521e+03 2.29289022106677e+09 1.28154994873266e+01 8.49182747454409e-05 0.00000000000000e+00 0.00000000000000e+00 0.00000000000000e+00 0.00000000000000e+00 0.00000000000000e+00 0.00000000000000e+00 0.00000000000000e+00 
8.20432220682212e-12 5.86650025571729e+02 4.79646819982183e+02 1.75677163968887e+21 6.01475237372421e+10 1.41785161306155e+10 2.40866797179910e+10 1.54473687300260e+07 8.39926826297802e+10 2.03345776108272e+10 2.30680589711047e+03 2.95638167334672e+09 2.13054145448862e+01 1.41174293479153e-04 0.00000000000000e+00 0.00000000000000e+00 0.00000000000000e+00 0.00000000000000e+00 0.00000000000000e+00 0.00000000000000e+00 0.00000000000000e+00 
2.66170249273782e-11 5.86649946202578e+02 4.79646813983739e+02 1.75677163934759e+21 1.95134723795494e+11 4.59989438108878e+10 7.81436450897149e+10 5.01154132865231e+07 2.72494879783700e+11 6.59707747076933e+10 7.48389709903292e+03 9.59129607197045e+09 2.24245405467918e+02 1.48589912738848e-03 0.00000000000000e+00 0.00000000000000e+00 0.00000000000000e+00 0.00000000000000e+00 0.00000000000000e+00 0.00000000000000e+00 0.00000000000000e+00 
4.50297276479343e-11 5.86649866833449e+02 4.79646753999315e+02 1.75677163900630e+21 3.30121925392233e+11 7.78194117805240e+10 1.32200591618280e+11 8.47834577723936e+07 4.60997155551448e+11 1.11606893015522e+11 1.26609871369007e+04 1.62262102448200e+10 6.41805104786287e+02 4.25274196979716e-03 0.00000000000000e+00 0.00000000000000e+00 0.00000000000000e+00 0.00000000000000e+00 0.00000000000000e+00 0.00000000000000e+00 0.00000000000000e+00 
6.34424303684904e-11 5.86649787464342e+02 4.79646694014909e+02 1.75677163866501e+21 4.65109128527456e+11 1.09639920039453e+11 1.86257519303696e+11 1.19451502187637e+08 6.49499509932891e+11 1.57242932534446e+11 1.78380760107143e+04 2.28611241918952e+10 1.27398450986707e+03 8.44170374528134e-03 0.00000000000000e+00 0.00000000000000e+00 0.00000000000000e+00 0.00000000000000e+00 0.00000000000000e+00 0.00000000000000e+00 0.00000000000000e+00 
8.18551330890464e-11 5.86649708095257e+02 4.79646634030524e+02 1.75677163832373e+21 6.00096333201161e+11 1.41460468587601e+11 2.40314428145971e+11 1.54119546532252e+08 8.38001942927891e+11 2.02878893264603e+11 2.30151637204740e+04 2.94960379131960e+10 2.12078361795687e+03 1.40527854222371e-02 0.00000000000000e+00 0.00000000000000e+00 0.00000000000000e+00 0.00000000000000e+00 0.00000000000000e+00 0.00000000000000e+00 0.00000000000000e+00 
2.65982160294607e-10 5.86648914405615e+02 4.79646574046157e+02 1.75677163491087e+21 1.94996846455387e+12 4.59668169949266e+11 7.80882480199526e+11 5.00799986093665e+08 2.72303059657350e+12 6.59234167233980e+11 7.47859767952421e+04 9.58451627085925e+10 2.23928573684741e+04 1.48380547158601e-01 0.00000000000000e+00 0.00000000000000e+00 0.00000000000000e+00 0.00000000000000e+00 0.00000000000000e+00 0.00000000000000e+00 0.00000000000000e+00 
4.50109187500168e-10 5.86648120718168e+02 4.79645974203556e+02 1.75677163149800e+21 3.29984074975211e+12 7.77879900148035e+11 1.32144864795012e+12 8.47480418591630e+08 4.60806711141684e+12 1.11558156248452e+12 1.26556673465048e+05 1.62194264926482e+11 6.41268982755195e+04 4.24921405337131e-01 0.00000000000000e+00 0.00000000000000e+00 0.00000000000000e+00 0.00000000000000e+00 0.00000000000000e+00 0.00000000000000e+00 0.00000000000000e+00 
6.34236214705729e-10 5.86647327032916e+02 4.79645374362889e+02 1.75677162808514e+21 4.64971318879365e+12 1.09609565911305e+12 1.86201293140697e+12 1.19416084402559e+09 6.49311148732588e+12 1.57192107914816e+12 1.78327253730249e+05 2.28543344566805e+11 1.27322903711107e+05 8.43676284554475e-01 0.00000000000000e+00 0.00000000000000e+00 0.00000000000000e+00 0.00000000000000e+00 0.00000000000000e+00 0.00000000000000e+00 0.00000000000000e+00 
8.18363241911290e-10 5.86646533349860e+02 4.79644774524157e+02 1.75677162467227e+21 5.99958578167617e+12 1.41431544677011e+12 2.40257533057973e+12 1.54084126239497e+09 8.37816372416234e+12 2.02825271736309e+12 2.30097717591218e+05 2.94892401629499e+11 2.11980870922754e+05 1.40464615319448e+00 0.00000000000000e+00 0.00000000000000e+00 0.00000000000000e+00 0.00000000000000e+00 0.00000000000000e+00 0.00000000000000e+00 0.00000000000000e+00 
2.65963351396690e-09 5.86638596640041e+02 4.79644174687360e+02 1.75677159054346e+21 1.94983201709122e+13 4.59673487455502e+12 7.80809569017535e+12 5.00764505732635e+09 2.72291183935079e+13 6.59113583482651e+12 7.47795954103330e+05 9.58381730464129e+11 2.23896744476602e+06 1.48365196191429e+01 0.00000000000000e+00 0.00000000000000e+00 0.00000000000000e+00 0.00000000000000e+00 0.00000000000000e+00 0.00000000000000e+00 0.00000000000000e+00 
4.50090378602251e-09 5.86630660149752e+02 4.79638176425809e+02 1.75677155641442e+21 3.29970699415848e+13 7.77955708677354e+12 1.32134276323906e+13 8.47444814513529e+09 4.60808589976382e+13 1.11532312652688e+13 1.26548255061906e+06 1.62186880146419e+12 6.41214705153497e+06 4.24909982281043e+01 0.00000000000000e+00 0.00000000000000e+00 0.00000000000000e+00 0.00000000000000e+00 0.00000000000000e+00 0.00000000000000e+00 0.00000000000000e+00 
6.34217405807812e-09 5.86622723878988e+02 4.79632178357738e+02 1.75677152228515e+21 4.64958350914708e+13 1.09627820125950e+13 1.86185711664420e+13 1.19412505252668e+10 6.49333854045700e+13 1.57145391405836e+13 1.78315750749500e+06 2.28535361456981e+12 1.27315170628311e+07 8.43690064515141e+01 0.00000000000000e+00 0.00000000000000e+00 0.00000000000000e+00 0.00000000000000e+00 0.00000000000000e+00 0.00000000000000e+00 0.00000000000000e+00 
8.18344433013372e-09 5.86614787827741e+02 4.79626180483142e+02 1.75677148815565e+21 5.99946156182417e+13 1.41464095778461e+13 2.40235263019823e+13 1.54080521971395e+10 8.37866974760916e+13 2.02750595988884e+13 2.30082082510452e+06 2.94883616971828e+12 2.11970747255556e+07 1.40471512486729e+02 0.00000000000000e+00 0.00000000000000e+00 0.00000000000000e+00 0.00000000000000e+00 0.00000000000000e+00 0.00000000000000e+00 0.00000000000000e+00 
2.58301811687663e-08 5.86538739833964e+02 4.79620182802015e+02 1.75677116104678e+21 1.89367726328681e+14 4.46787073600566e+13 7.58150704002546e+13 4.86338481883440e+10 2.64516687238233e+14 6.39431843460752e+13 7.26151652470021e+06 9.30753936501029e+12 2.11181960657275e+08 1.39979315787542e+03 0.00000000000000e+00 0.00000000000000e+00 0.00000000000000e+00 0.00000000000000e+00 0.00000000000000e+00 0.00000000000000e+00 0.00000000000000e+00 
4.34769180073990e-08 5.86462711997340e+02 4.79562710828946e+02 1.75677083391677e+21 3.18742247190298e+14 7.52479167211945e+13 1.27589318903798e+14 8.18595785580367e+10 4.45318708380280e+14 1.07539116656755e+14 1.22211434846363e+07 1.56660350989266e+13 5.98298117368521e+08 3.96662048450995e+03 0.00000000000000e+00 0.00000000000000e+00 0.00000000000000e+00 0.00000000000000e+00 0.00000000000000e+00 0.00000000000000e+00 0.00000000000000e+00 
6.11236548460316e-08 5.86386704312220e+02 4.79505256620283e+02 1.75677050676567e+21 4.48118176155167e+14 1.05853972426580e+14 1.79346280316471e+14 1.15085242793484e+11 6.26192639350739e+14 1.51062977999658e+14 1.71797020331319e+07 2.20243233161140e+13 1.18254311396190e+09 7.84180632589380e+03 0.00000000000000e+00 0.00000000000000e+00 0.00000000000000e+00 0.00000000000000e+00 0.00000000000000e+00 0.00000000000000e+00 0.00000000000000e+00 
7.87703916846642e-08 5.86310716772961e+02 4.79447820170369e+02 1.75677017959356e+21 5.77495511179353e+14 1.36496809373604e+14 2.31085963134442e+14 1.48310840382026e+11 8.07138358846813e+14 1.94514889594935e+14 2.21371924976232e+07 2.83824039611991e+13 1.96391451819594e+09 1.30262026575031e+04 0.00000000000000e+00 0.00000000000000e+00 0.00000000000000e+00 0.00000000000000e+00 0.00000000000000e+00 0.00000000000000e+00 0.00000000000000e+00 
9.64171285232968e-08 5.86234749373923e+02 4.79390401473549e+02 1.75676985240049e+21 7.06874250222876e+14 1.67176362590668e+14 2.82808375846274e+14 1.81536370811072e+11 9.88155745812387e+14 2.37894972416159e+14 2.70936152047699e+07 3.47402769787876e+13 2.94240989647410e+09 1.95206606072196e+04 0.00000000000000e+00 0.00000000000000e+00 0.00000000000000e+00 0.00000000000000e+00 0.00000000000000e+00 0.00000000000000e+00 0.00000000000000e+00 
2.72884496909623e-07 5.85476181857206e+02 4.79333000524171e+02 1.75676657932965e+21 2.00073841706690e+15 4.75977133813134e+14 7.99084508090730e+14 5.13787868476887e+11 2.80224495413568e+15 6.67771572159284e+14 7.65991866534280e+07 9.83075754125175e+13 2.35686443974914e+10 1.56705126295481e+05 0.00000000000000e+00 0.00000000000000e+00 0.00000000000000e+00 0.00000000000000e+00 0.00000000000000e+00 0.00000000000000e+00 0.00000000000000e+00 
4.49351865295949e-07 5.84719622173258e+02 4.78759965898629e+02 1.75676330422627e+21 3.29474076836674e+15 7.88378946251656e+14 1.31364292582075e+15 8.46032085793270e+11 4.62336941233042e+15 1.09059670146874e+15 1.25998336343962e+08 1.61854049886503e+14 6.39045834651701e+10 4.25827236539417e+05 0.00000000000000e+00 0.00000000000000e+00 0.00000000000000e+00 0.00000000000000e+00 0.00000000000000e+00 0.00000000000000e+00 0.00000000000000e+00 
6.25819233682276e-07 5.83965064710942e+02 4.78188699816022e+02 1.75676002714724e+21 4.58887931561700e+15 1.10431854336479e+15 1.82649203703192e+15 1.17826850906716e+12 6.45141129784892e+15 1.50648810168261e+15 1.75291380580513e+08 2.25379644466675e+14 1.23947762120108e+11 8.27728853865406e+05 0.00000000000000e+00 0.00000000000000e+00 0.00000000000000e+00 0.00000000000000e+00 0.00000000000000e+00 0.00000000000000e+00 0.00000000000000e+00 
8.02286602068602e-07 5.83212503877821e+02 4.77619196655452e+02 1.75675674814843e+21 5.88315210300357e+15 1.42373375761664e+15 2.33764019791785e+15 1.51049662388304e+12 8.28625484115310e+15 1.91556146197112e+15 2.24478629142877e+08 2.88884302877050e+14 2.03695694831240e+11 1.36324593820492e+06 0.00000000000000e+00 0.00000000000000e+00 0.00000000000000e+00 0.00000000000000e+00 0.00000000000000e+00 0.00000000000000e+00 0.00000000000000e+00 
9.78753970454928e-07 5.82461934099991e+02 4.77051450815246e+02 1.75675346728460e+21 7.17755720683240e+15 1.74656349123829e+15 2.84709571337997e+15 1.84271591510929e+12 1.01277862885300e+16 2.31793045650515e+15 2.73560385433181e+08 3.52367968510238e+14 3.03145875490388e+11 2.03320867685362e+06 0.00000000000000e+00 0.00000000000000e+00 0.00000000000000e+00 0.00000000000000e+00 0.00000000000000e+00 0.00000000000000e+00 0.00000000000000e+00 
2.32269626589714e-06 5.76810477404287e+02 4.76485456712808e+02 1.75672842515754e+21 1.70396497968888e+16 4.31103758520131e+15 6.67234059167878e+15 4.37249172677085e+12 2.43604965325050e+16 5.17379580445969e+15 6.43927170860959e+08 8.35152863556612e+14 1.70666598354172e+12 1.16323254983993e+07 0.00000000000000e+00 0.00000000000000e+00 0.00000000000000e+00 0.00000000000000e+00 0.00000000000000e+00 0.00000000000000e+00 0.00000000000000e+00 
3.66663856133935e-06 5.71271764492984e+02 4.72231841395993e+02 1.75670329973719e+21 2.69085322297646e+16 7.04557643354315e+15 1.04034323729294e+16 6.90149654499062e+12 3.89290672810567e+16 7.69280806761562e+15 1.00831221234560e+09 1.31669112627987e+15 4.25162139784541e+12 2.94304850066521e+07 0.00000000000000e+00 0.00000000000000e+00 0.00000000000000e+00 0.00000000000000e+00 0.00000000000000e+00 0.00000000000000e+00 0.00000000000000e+00 
5.01058085678156e-06 5.65843431910408e+02 4.68077086945450e+02 1.75667811009567e+21 3.67835123926781e+16 9.92843305782347e+15 1.40437689182891e+16 9.42949905394378e+12 5.37931059599827e+16 9.91532868643569e+15 1.36681971322996e+09 1.79695625791574e+15 7.93678787451340e+12 5.57663538706199e+07 0.00000000000000e+00 0.00000000000000e+00 0.00000000000000e+00 0.00000000000000e+00 0.00000000000000e+00 0.00000000000000e+00 0.00000000000000e+00 
6.35452315222378e-06 5.60523171309016e+02 4.64018830270560e+02 1.75665287274808e+21 4.66639773424034e+16 1.29404868671762e+16 1.75965989949844e+16 1.19562658750714e+13 6.89171423797277e+16 1.18767986909291e+16 1.71953996224942e+09 2.27592110944140e+15 1.27608701924942e+13 9.09648593226216e+07 0.00000000000000e+00 0.00000000000000e+00 0.00000000000000e+00 0.00000000000000e+00 0.00000000000000e+00 0.00000000000000e+00 0.00000000000000e+00 
7.69846544766599e-06 5.55308727326899e+02 4.60054766127102e+02 1.75662760199596e+21 5.65493831839068e+16 1.60649027977799e+16 2.10650298610489e+16 1.44815616944100e+13 8.42699799101857e+16 1.36083872437707e+16 2.06655203961024e+09 2.75355803858756e+15 1.87225006717844e+13 1.35339130952336e+08 0.00000000000000e+00 0.00000000000000e+00 0.00000000000000e+00 0.00000000000000e+00 0.00000000000000e+00 0.00000000000000e+00 0.00000000000000e+00 
9.04240774310820e-06 5.50197895771685e+02 4.56182645160653e+02 1.75660231020860e+21 6.64392467584469e+16 1.92868516791222e+16 2.44520339540068e+16 1.70051493867874e+13 9.98241656395199e+16 1.51375212518446e+16 2.40792601249020e+09 3.22983903061540e+15 2.58202380796472e+13 1.89192052922776e+08 0.00000000000000e+00 0.00000000000000e+00 0.00000000000000e+00 0.00000000000000e+00 0.00000000000000e+00 0.00000000000000e+00 0.00000000000000e+00 
1.24260524041774e-05 5.37774917682663e+02 4.52400272195274e+02 1.75653860818917e+21 9.13559350959655e+16 2.77466459894317e+16 3.26376062411361e+16 2.33496285339212e+13 1.39721145980684e+17 1.82461675317318e+16 3.24284771792310e+09 4.42277908256274e+15 4.87108956471650e+13 3.68698019133094e+08 0.00000000000000e+00 0.00000000000000e+00 0.00000000000000e+00 0.00000000000000e+00 0.00000000000000e+00 0.00000000000000e+00 0.00000000000000e+00 
1.58096970652466e-05 5.25962112320732e+02 4.43260651054919e+02 1.75647496893009e+21 1.16292650675989e+17 3.65776549889485e+16 4.03668255952714e+16 2.96779112222332e+13 1.80437711478676e+17 2.05276951118964e+16 4.04328605383853e+09 5.60648984622021e+15 7.87670138504821e+13 6.14631510723636e+08 0.00000000000000e+00 0.00000000000000e+00 0.00000000000000e+00 0.00000000000000e+00 0.00000000000000e+00 0.00000000000000e+00 0.00000000000000e+00 
1.91933417263158e-05 5.14728191109550e+02 4.34643690417592e+02 1.75641148002984e+21 1.41245220376773e+17 4.56591994378645e+16 4.76773890512503e+16 3.59860969489223e+13 2.21750998073829e+17 2.22046337191036e+16 4.80999306670449e+09 6.78051511455990e+15 1.15959259110312e+14 9.31273660007843e+08 0.00000000000000e+00 0.00000000000000e+00 0.00000000000000e+00 0.00000000000000e+00 0.00000000000000e+00 0.00000000000000e+00 0.00000000000000e+00 
2.25769863873850e-05 5.04043515041966e+02 4.26518516115840e+02 1.75634819959180e+21 1.66210471669851e+17 5.49029214051726e+16 5.46031591828779e+16 4.22702514977432e+13 2.63497700329257e+17 2.34399748548035e+16 5.54370716785968e+09 7.94440286941645e+15 1.60255240609337e+14 1.32277532169081e+09 0.00000000000000e+00 0.00000000000000e+00 0.00000000000000e+00 0.00000000000000e+00 0.00000000000000e+00 0.00000000000000e+00 0.00000000000000e+00 
2.59606310484542e-05 4.93879986714009e+02 4.18856039484149e+02 1.75628516499818e+21 1.91185963859223e+17 6.42438317021479e+16 6.11746131132962e+16 4.85264219162249e+13 3.05557353410679e+17 2.43538832230971e+16 6.24520401883342e+09 9.09770855434779e+15 2.11619522032424e+14 1.79320775185411e+09 0.00000000000000e+00 0.00000000000000e+00 0.00000000000000e+00 0.00000000000000e+00 0.00000000000000e+00 0.00000000000000e+00 0.00000000000000e+00 
2.93442757095234e-05 4.84210963889120e+02 4.11628848686965e+02 1.75622239805355e+21 2.16169826524734e+17 7.36349645596362e+16 6.74192066479565e+16 5.47506510465317e+13 3.47842415937215e+17 2.50336102982962e+16 6.91531697607848e+09 1.02399969120417e+16 2.70013652188641e+14 2.34659092376542e+09 0.00000000000000e+00 0.00000000000000e+00 0.00000000000000e+00 0.00000000000000e+00 0.00000000000000e+00 0.00000000000000e+00 0.00000000000000e+00 
3.45874796338317e-05 4.70146266422858e+02 4.04811116816163e+02 1.75612568813183e+21 2.54897382505826e+17 8.82101048851190e+16 7.65072491318258e+16 6.43232432544638e+13 4.13667731096807e+17 2.57673798089774e+16 7.89384739583460e+09 1.19873044837709e+16 3.74288452103950e+14 3.37728430440656e+09 0.00000000000000e+00 0.00000000000000e+00 0.00000000000000e+00 0.00000000000000e+00 0.00000000000000e+00 0.00000000000000e+00 0.00000000000000e+00 
3.98306835581400e-05 4.57120707274994e+02 3.94998947502366e+02 1.75602965001834e+21 2.93637740154832e+17 1.02746618281154e+17 8.49503741228143e+16 7.37951280456173e+13 4.79732042341709e+17 2.62393840997472e+16 8.80294026822573e+09 1.37056161406134e+16 4.95174899345245e+14 4.63152384822441e+09 0.00000000000000e+00 0.00000000000000e+00 0.00000000000000e+00 0.00000000000000e+00 0.00000000000000e+00 0.00000000000000e+00 0.00000000000000e+00 
4.50738874824484e-05 4.45053289765613e+02 3.86028031822183e+02 1.75593426774315e+21 3.32388082695254e+17 1.17195494844020e+17 9.28179042097355e+16 8.31520262002022e+13 5.45938974846070e+17 2.65449839928692e+16 9.64678192140739e+09 1.53934758008402e+16 6.32488540416090e+14 6.12408887195141e+09 0.00000000000000e+00 0.00000000000000e+00 0.00000000000000e+00 0.00000000000000e+00 0.00000000000000e+00 0.00000000000000e+00 0.00000000000000e+00 
5.03170914067567e-05 4.33869361796603e+02 3.77821995572089e+02 1.75583951769253e+21 3.71146216034681e+17 1.31524338274213e+17 1.00169551326123e+17 9.23800610575005e+13 6.12222654826583e+17 2.67490490218754e+16 1.04299222293464e+10 1.70495009848023e+16 7.86028968934868e+14 7.86975774866063e+09 0.00000000000000e+00 0.00000000000000e+00 0.00000000000000e+00 0.00000000000000e+00 0.00000000000000e+00 0.00000000000000e+00 0.00000000000000e+00 
5.55602953310650e-05 4.23500155509018e+02 3.70311334428220e+02 1.75574537059996e+21 4.09910452437179e+17 1.45713990021566e+17 1.07056913429095e+17 1.01465875482352e+14 6.78541308710322e+17 2.68923621082693e+16 1.11571181816080e+10 1.86723861201706e+16 9.55580362110341e+14 9.88324300229004e+09 0.00000000000000e+00 0.00000000000000e+00 0.00000000000000e+00 0.00000000000000e+00 0.00000000000000e+00 0.00000000000000e+00 0.00000000000000e+00 
6.08034992553733e-05 4.13882372314505e+02 3.63432862986276e+02 1.75565179299326e+21 4.48679521788021e+17 1.59755989992042e+17 1.13524651801306e+17 1.10396737038651e+14 7.44872628774570e+17 2.69962576194047e+16 1.18332020626685e+10 2.02609042335772e+16 1.14091205062495e+15 1.21791193111519e+10 0.00000000000000e+00 0.00000000000000e+00 0.00000000000000e+00 0.00000000000000e+00 0.00000000000000e+00 0.00000000000000e+00 0.00000000000000e+00 
7.04055280962977e-05 3.98027059737747e+02 3.57129206262451e+02 1.75548179635073e+21 5.19687431940304e+17 1.85072590890175e+17 1.24407392091614e+17 1.26311263220850e+14 8.66329747100922e+17 2.71313406217078e+16 1.29546615690038e+10 2.30771552951677e+16 1.52040694466779e+15 1.71630602077461e+10 0.00000000000000e+00 0.00000000000000e+00 0.00000000000000e+00 0.00000000000000e+00 0.00000000000000e+00 0.00000000000000e+00 0.00000000000000e+00 
8.00075569372222e-05 3.84180906357937e+02 3.46906058117550e+02 1.75531342565015e+21 5.90702834954039e+17 2.09875295454874e+17 1.34207514139462e+17 1.41599983915692e+14 9.87738010498509e+17 2.72166913320839e+16 1.39493829832418e+10 2.57679807014914e+16 1.95037540831774e+15 2.32276548231066e+10 0.00000000000000e+00 0.00000000000000e+00 0.00000000000000e+00 0.00000000000000e+00 0.00000000000000e+00 0.00000000000000e+00 0.00000000000000e+00 
8.96095857781466e-05 3.72071446377135e+02 3.38160085338828e+02 1.75514653280302e+21 6.61721544032376e+17 2.34170473703466e+17 1.43079043593655e+17 1.56206825649436e+14 1.10907769825671e+18 2.72666487588175e+16 1.48436268277673e+10 2.83279154425568e+16 2.42905677069982e+15 3.04538995907233e+10 0.00000000000000e+00 0.00000000000000e+00 0.00000000000000e+00 0.00000000000000e+00 0.00000000000000e+00 0.00000000000000e+00 0.00000000000000e+00 
9.92116146190710e-05 3.61464990260240e+02 3.30658724277261e+02 1.75498099889448e+21 7.32739934827425e+17 2.57965022526474e+17 1.51145279158876e+17 1.70087260753374e+14 1.23033388190726e+18 2.72911312166084e+16 1.56602961311642e+10 3.07524051760789e+16 2.95456467952373e+15 3.89164852250229e+10 0.00000000000000e+00 0.00000000000000e+00 0.00000000000000e+00 0.00000000000000e+00 0.00000000000000e+00 0.00000000000000e+00 0.00000000000000e+00 
1.08813643459995e-04 3.52161045781062e+02 3.24207935785238e+02 1.75481673354200e+21 8.03754647706669e+17 2.81259748771881e+17 1.58506305350465e+17 1.83208792186179e+14 1.35148490742112e+18 2.73072050121353e+16 1.64186556406008e+10 3.30377964073890e+16 3.52490165393056e+15 4.86825442847480e+10 0.00000000000000e+00 0.00000000000000e+00 0.00000000000000e+00 0.00000000000000e+00 0.00000000000000e+00 0.00000000000000e+00 0.00000000000000e+00 
1.18415672300920e-04 3.43987729630812e+02 3.18645820698632e+02 1.75465366346557e+21 8.74762712935143e+17 3.04055824811948e+17 1.65243800074737e+17 1.95550924432471e+14 1.47251258306545e+18 2.73289433276729e+16 1.71345440960392e+10 3.51813299147724e+16 4.13797337771013e+15 5.98107259436915e+10 0.00000000000000e+00 0.00000000000000e+00 0.00000000000000e+00 0.00000000000000e+00 0.00000000000000e+00 0.00000000000000e+00 0.00000000000000e+00 
1.38101455914213e-04 3.30197775690065e+02 3.13837348774070e+02 1.75432280637492e+21 1.02031141319020e+18 3.49284956710297e+17 1.77360716233015e+17 2.18409343983062e+14 1.72026910269545e+18 2.73623644659368e+16 1.85174312755420e+10 3.91267665857775e+16 5.51914253717698e+15 8.70656673421229e+10 0.00000000000000e+00 0.00000000000000e+00 0.00000000000000e+00 0.00000000000000e+00 0.00000000000000e+00 0.00000000000000e+00 0.00000000000000e+00 
1.57787239527507e-04 3.19542281214294e+02 3.05897725339713e+02 1.75399621937530e+21 1.16580506515757e+18 3.92542836256745e+17 1.87581179636137e+17 2.38030157747807e+14 1.96749950948548e+18 2.73888295494855e+16 1.98509168689224e+10 4.24643036741269e+16 7.05122820154743e+15 1.20554244635014e+11 0.00000000000000e+00 0.00000000000000e+00 0.00000000000000e+00 0.00000000000000e+00 0.00000000000000e+00 0.00000000000000e+00 0.00000000000000e+00 
1.77473023140800e-04 3.11252905616800e+02 2.99919802206078e+02 1.75367354895078e+21 1.31122916436840e+18 4.33894089254769e+17 1.96242318492811e+17 2.54616151961466e+14 2.21418779490881e+18 2.74090223306872e+16 2.11829188884103e+10 4.52017221017013e+16 8.71412059628174e+15 1.60444233920226e+11 0.00000000000000e+00 0.00000000000000e+00 0.00000000000000e+00 0.00000000000000e+00 0.00000000000000e+00 0.00000000000000e+00 0.00000000000000e+00 
1.97158806754094e-04 3.04778573295970e+02 2.95369214856149e+02 1.75335452578616e+21 1.45657212754933e+18 4.73397592980272e+17 2.03589072313245e+17 2.68490142009303e+14 2.46032207728451e+18 2.74288547832399e+16 2.25397571123316e+10 4.73595929972902e+16 1.04874585201298e+16 2.06746568821814e+11 0.00000000000000e+00 0.00000000000000e+00 0.00000000000000e+00 0.00000000000000e+00 0.00000000000000e+00 0.00000000000000e+00 0.00000000000000e+00 
2.16844590367387e-04 2.99860628540016e+02 2.91878474943232e+02 1.75303890379381e+21 1.60182477208916e+18 5.11125683080568e+17 2.09816542857921e+17 2.80044361028067e+14 2.70590149171453e+18 2.74532771225862e+16 2.39372844553456e+10 4.89689638821420e+16 1.23511581955972e+16 2.59346740568380e+11 0.00000000000000e+00 0.00000000000000e+00 0.00000000000000e+00 0.00000000000000e+00 0.00000000000000e+00 0.00000000000000e+00 0.00000000000000e+00 
2.46385860883526e-04 2.94547917899032e+02 2.88528502702364e+02 1.75257125218516e+21 1.81961157751735e+18 5.64522751246539e+17 2.17368498766074e+17 2.93949078563316e+14 3.07341150857309e+18 2.74972158142364e+16 2.61331272584353e+10 5.04446075474358e+16 1.52757839144855e+16 3.49448202945486e+11 0.00000000000000e+00 0.00000000000000e+00 0.00000000000000e+00 0.00000000000000e+00 0.00000000000000e+00 0.00000000000000e+00 0.00000000000000e+00 
2.75927131399664e-04 2.90867274441397e+02 2.85880826603428e+02 1.75211019839945e+21 2.03715881342358e+18 6.14238063400091e+17 2.23173359032700e+17 3.04906255675027e+14 3.43975376664930e+18 2.75474280010205e+16 2.84621034849294e+10 5.09293037945460e+16 1.83002383622861e+16 4.52198124273914e+11 0.00000000000000e+00 0.00000000000000e+00 0.00000000000000e+00 0.00000000000000e+00 0.00000000000000e+00 0.00000000000000e+00 0.00000000000000e+00 
3.05468401915803e-04 2.88211677481918e+02 2.84085653083116e+02 1.75165510658729e+21 2.25445305902628e+18 6.60492693490088e+17 2.27614207958679e+17 3.14080007657799e+14 3.80500912325819e+18 2.76015995783594e+16 3.09274958020804e+10 5.05936314081792e+16 2.13707802558816e+16 5.66740627749311e+11 0.00000000000000e+00 0.00000000000000e+00 0.00000000000000e+00 0.00000000000000e+00 0.00000000000000e+00 0.00000000000000e+00 0.00000000000000e+00 
3.35009672431941e-04 2.86271596955598e+02 2.82811172257437e+02 1.75120537673717e+21 2.47148594478173e+18 7.03517910342929e+17 2.31001095091040e+17 3.22399053421556e+14 4.16927158202725e+18 2.76592995044403e+16 3.35283262169221e+10 4.96124158598278e+16 2.44420337177122e+16 6.92249041376242e+11 0.00000000000000e+00 0.00000000000000e+00 0.00000000000000e+00 0.00000000000000e+00 0.00000000000000e+00 0.00000000000000e+00 0.00000000000000e+00 
3.64550942948079e-04 2.84867661633573e+02 2.81891410741217e+02 1.75076047047267e+21 2.68825242561688e+18 7.43539206175695e+17 2.33573780339813e+17 3.30550523279688e+14 4.53263935232016e+18 2.77202254759057e+16 3.62627277305388e+10 4.81522662067915e+16 2.74774823550262e+16 8.27908248124694e+11 0.00000000000000e+00 0.00000000000000e+00 0.00000000000000e+00 0.00000000000000e+00 0.00000000000000e+00 0.00000000000000e+00 0.00000000000000e+00 
4.12011292221583e-04 2.83411844459070e+02 2.81231923578257e+02 1.75005465322311e+21 3.03594031607544e+18 8.02068125167741e+17 2.36424686874535e+17 3.44343943241564e+14 5.11477874803933e+18 2.78229743217623e+16 4.09227937503235e+10 4.51649180053873e+16 3.22161382241473e+16 1.06513613355887e+12 0.00000000000000e+00 0.00000000000000e+00 0.00000000000000e+00 0.00000000000000e+00 0.00000000000000e+00 0.00000000000000e+00 0.00000000000000e+00 
4.59471641495086e-04 2.82564265527463e+02 2.80553566322271e+02 1.74935841092598e+21 3.38292537751646e+18 8.54195318034453e+17 2.38193638972056e+17 3.60029127075431e+14 5.69519448199932e+18 2.79294557260728e+16 4.58743935829694e+10 4.18255686793739e+16 3.67185265158548e+16 1.32353883790919e+12 0.00000000000000e+00 0.00000000000000e+00 0.00000000000000e+00 0.00000000000000e+00 0.00000000000000e+00 0.00000000000000e+00 0.00000000000000e+00 
5.06931990768590e-04 2.82061221171654e+02 2.80161238558407e+02 1.74867037195434e+21 3.72920283085280e+18 9.00656267252981e+17 2.39261821126687e+17 3.78019687419285e+14 6.27415225369192e+18 2.80378452400519e+16 5.10549931618467e+10 3.84921855438464e+16 4.09502526520286e+16 1.60057398538824e+12 0.00000000000000e+00 0.00000000000000e+00 0.00000000000000e+00 0.00000000000000e+00 0.00000000000000e+00 0.00000000000000e+00 0.00000000000000e+00 
5.54392340042093e-04 2.81762041836710e+02 2.79929304991328e+02 1.74798944805356e+21 4.07476834941177e+18 9.42107706587514e+17 2.39873688059257e+17 3.98229723657808e+14 6.85183003562903e+18 2.81472313240048e+16 5.63976756450751e+10 3.53760973183850e+16 4.49095079909804e+16 1.89413436828920e+12 0.00000000000000e+00 0.00000000000000e+00 0.00000000000000e+00 0.00000000000000e+00 0.00000000000000e+00 0.00000000000000e+00 0.00000000000000e+00 
6.01852689315597e-04 2.81589513647115e+02 2.79791687514219e+02 1.74731477570207e+21 4.41961658658425e+18 9.79132910887921e+17 2.40189128270548e+17 4.20356420528936e+14 7.42833055515345e+18 2.82571272055470e+16 6.18451454758805e+10 3.25758167028951e+16 4.86133816809908e+16 2.20244153582270e+12 0.00000000000000e+00 0.00000000000000e+00 0.00000000000000e+00 0.00000000000000e+00 0.00000000000000e+00 0.00000000000000e+00 0.00000000000000e+00 
6.54706035675963e-04 2.81487130879636e+02 2.79712432966098e+02 1.74656995498375e+21 4.80279835740211e+18 1.01578804887229e+18 2.40322092119835e+17 4.46803044312539e+14 8.06901023428171e+18 2.83797097592253e+16 6.79765690165667e+10 2.98556328877190e+16 5.24685942436764e+16 2.56124737778639e+12 0.00000000000000e+00 0.00000000000000e+00 0.00000000000000e+00 0.00000000000000e+00 0.00000000000000e+00 0.00000000000000e+00 0.00000000000000e+00 
7.07559382036330e-04 2.81440063039292e+02 2.79665432207212e+02 1.74583126607383e+21 5.18507366576219e+18 1.04822329404193e+18 2.40313061633439e+17 4.74696612971829e+14 8.70830692399852e+18 2.85022071711875e+16 7.41433441532995e+10 2.75296148191438e+16 5.60768247053089e+16 2.93457777841851e+12 0.00000000000000e+00 0.00000000000000e+00 0.00000000000000e+00 0.00000000000000e+00 0.00000000000000e+00 0.00000000000000e+00 0.00000000000000e+00 
7.60412728396696e-04 2.81422805330590e+02 2.79643825313433e+02 1.74509808494752e+21 5.56643472490044e+18 1.07698449366771e+18 2.40218719672120e+17 5.03652229361707e+14 9.34621973866865e+18 2.86244645608830e+16 8.03256786808647e+10 2.55520634506164e+16 5.94734320871343e+16 3.32083185421571e+12 0.00000000000000e+00 0.00000000000000e+00 0.00000000000000e+00 0.00000000000000e+00 0.00000000000000e+00 0.00000000000000e+00 0.00000000000000e+00 
8.13266074757062e-04 2.81421044680295e+02 2.79635893585514e+02 1.74436989238250e+21 5.94687476165119e+18 1.10254885517505e+18 2.40074439817881e+17 5.33348866470575e+14 9.98273668413668e+18 2.87464224865754e+16 8.65041309177850e+10 2.38698240968589e+16 6.26893109058063e+16 3.71859079920206e+12 0.00000000000000e+00 0.00000000000000e+00 0.00000000000000e+00 0.00000000000000e+00 0.00000000000000e+00 0.00000000000000e+00 0.00000000000000e+00 
8.66119421117429e-04 2.81427558922613e+02 2.79635068764343e+02 1.74364625418552e+21 6.32638783482471e+18 1.12533357382980e+18 2.39902001920035e+17 5.63513168485709e+14 1.06178380615404e+19 2.88680487878343e+16 9.26643422400292e+10 2.24263111550827e+16 6.57508564368662e+16 4.12658162373566e+12 0.00000000000000e+00 0.00000000000000e+00 0.00000000000000e+00 0.00000000000000e+00 0.00000000000000e+00 0.00000000000000e+00 0.00000000000000e+00 
9.18972767477795e-04 2.81438598098925e+02 2.79638038489788e+02 1.74292680256317e+21 6.70496907993268e+18 1.14570220862254e+18 2.39714036894424e+17 5.93933726559175e+14 1.12515038165321e+19 2.89893277778890e+16 9.88046634219520e+10 2.11700626314300e+16 6.86797001096990e+16 4.54365578303011e+12 0.00000000000000e+00 0.00000000000000e+00 0.00000000000000e+00 0.00000000000000e+00 0.00000000000000e+00 0.00000000000000e+00 0.00000000000000e+00 
1.02377919857824e-03 2.81466546588043e+02 2.79643083370363e+02 1.74151137076959e+21 7.45291599183902e+18 1.18009506808396e+18 2.39316809748151e+17 6.54579475425909e+14 1.25037589786334e+19 2.92288112326172e+16 1.10941003515463e+11 1.91069893086834e+16 7.41540576820826e+16 5.39369493144071e+12 0.00000000000000e+00 0.00000000000000e+00 0.00000000000000e+00 0.00000000000000e+00 0.00000000000000e+00 0.00000000000000e+00 0.00000000000000e+00 
1.12858562967869e-03 2.81494519911323e+02 2.79655866567177e+02 1.74010912262653e+21 8.19717019747376e+18 1.20820933922064e+18 2.38913697462698e+17 7.15093773999651e+14 1.37502806149249e+19 2.94669987636350e+16 1.23035069491575e+11 1.74447574274996e+16 7.92688244945168e+16 6.26838519194526e+12 0.00000000000000e+00 0.00000000000000e+00 0.00000000000000e+00 0.00000000000000e+00 0.00000000000000e+00 0.00000000000000e+00 0.00000000000000e+00 
1.23339206077914e-03 2.81520504229933e+02 2.79668662943514e+02 1.73871845530308e+21 8.93772605501956e+18 1.23160013255317e+18 2.38512984767299e+17 7.75196424499656e+14 1.49910686654463e+19 2.97039774447283e+16 1.35095709082026e+11 1.60699349178058e+16 8.40920465949859e+16 7.16176576916629e+12 0.00000000000000e+00 0.00000000000000e+00 0.00000000000000e+00 0.00000000000000e+00 0.00000000000000e+00 0.00000000000000e+00 0.00000000000000e+00 
1.33819849187959e-03 2.81545223924262e+02 2.79680548590791e+02 1.73733817731871e+21 9.67458546729927e+18 1.25140944610298e+18 2.38114415799940e+17 8.34790469772828e+14 1.62261445134620e+19 2.99398278395010e+16 1.47121691000152e+11 1.49162586247043e+16 8.86706170344410e+16 8.06890923376660e+12 0.00000000000000e+00 0.00000000000000e+00 0.00000000000000e+00 0.00000000000000e+00 0.00000000000000e+00 0.00000000000000e+00 0.00000000000000e+00 
1.44300492298004e-03 2.81569113066777e+02 2.79691855520890e+02 1.73596738986894e+21 1.04077545572339e+19 1.26848922129086e+18 2.37717878239323e+17 8.93821190157818e+14 1.74555327779063e+19 3.01746111200061e+16 1.59109864295871e+11 1.39337986366108e+16 9.30402279920102e+16 8.98569167933233e+12 0.00000000000000e+00 0.00000000000000e+00 0.00000000000000e+00 0.00000000000000e+00 0.00000000000000e+00 0.00000000000000e+00 0.00000000000000e+00 
1.59517066309197e-03 2.81602141789049e+02 2.79702782710879e+02 1.73399273382269e+21 1.14656750513116e+19 1.28967183750052e+18 2.37147514333853e+17 9.78458495521982e+14 1.92303819965224e+19 3.05136742932934e+16 1.76449385850327e+11 1.27376813260223e+16 9.90672676902949e+16 1.03270990738241e+13 0.00000000000000e+00 0.00000000000000e+00 0.00000000000000e+00 0.00000000000000e+00 0.00000000000000e+00 0.00000000000000e+00 0.00000000000000e+00 
1.74733640320390e-03 2.81633450129234e+02 2.79717890198745e+02 1.73203505111865e+21 1.25158716050251e+19 1.30789598830684e+18 2.36584110234191e+17 1.06180180617722e+15 2.09933891761513e+19 3.08506888036417e+16 1.93711224321146e+11 1.17397054163665e+16 1.04778550179349e+17 1.16729840274335e+13 0.00000000000000e+00 0.00000000000000e+00 0.00000000000000e+00 0.00000000000000e+00 0.00000000000000e+00 0.00000000000000e+00 0.00000000000000e+00 
1.89950214331582e-03 2.81663482235333e+02 2.79732210453924e+02 1.73009321887572e+21 1.35583876362044e+19 1.32413534785407e+18 2.36027256022139e+17 1.14390859112375e+15 2.27446629784068e+19 3.11857346699447e+16 2.10899635616631e+11 1.08988134334927e+16 1.10222281794207e+17 1.30166718345820e+13 0.00000000000000e+00 0.00000000000000e+00 0.00000000000000e+00 0.00000000000000e+00 0.00000000000000e+00 0.00000000000000e+00 0.00000000000000e+00 
2.05166788342775e-03 2.81692679074413e+02 2.79745947025268e+02 1.72816648268519e+21 1.45932708359241e+19 1.33900789558217e+18 2.35476205574503e+17 1.22482234308160e+15 2.44843048462977e+19 3.15188675164490e+16 2.28006009759313e+11 1.01821754969054e+16 1.15435205198240e+17 1.43531627041664e+13 0.00000000000000e+00 0.00000000000000e+00 0.00000000000000e+00 0.00000000000000e+00 0.00000000000000e+00 0.00000000000000e+00 0.00000000000000e+00 
2.20383362353968e-03 2.81721290583882e+02 2.79759302138081e+02 1.72625430987983e+21 1.56205710635537e+19 1.35292116577302e+18 2.34930564493337e+17 1.30456928373949e+15 2.62124082407713e+19 3.18501254325082e+16 2.45026551689716e+11 9.56066859272414e+15 1.20446293307530e+17 1.56786838015049e+13 0.00000000000000e+00 0.00000000000000e+00 0.00000000000000e+00 0.00000000000000e+00 0.00000000000000e+00 0.00000000000000e+00 0.00000000000000e+00 
2.49477625960013e-03 2.81774692776179e+02 2.79772390413261e+02 1.72263745601357e+21 1.75638586379181e+19 1.37771486966266e+18 2.33902006250168e+17 1.45393174879574e+15 2.94847755041518e+19 3.24783700175452e+16 2.77338038470566e+11 8.57788895468456e+15 1.29540734124801e+17 1.81735399758192e+13 0.00000000000000e+00 0.00000000000000e+00 0.00000000000000e+00 0.00000000000000e+00 0.00000000000000e+00 0.00000000000000e+00 0.00000000000000e+00 
2.78571889566058e-03 2.81826904967283e+02 2.79796821927843e+02 1.71907038931529e+21 1.94799785179842e+19 1.40118636206056e+18 2.32891931985111e+17 1.59942690297842e+15 3.27159355631267e+19 3.31000159900703e+16 3.09339763087977e+11 7.79094264977591e+15 1.38099975731512e+17 2.06050144904816e+13 0.00000000000000e+00 0.00000000000000e+00 0.00000000000000e+00 0.00000000000000e+00 0.00000000000000e+00 0.00000000000000e+00 0.00000000000000e+00 
3.07666153172103e-03 2.81878207798291e+02 2.79820713313948e+02 1.71555176925871e+21 2.13693002756840e+19 1.42389680612905e+18 2.31899685836779e+17 1.74129030502799e+15 3.59064960276909e+19 3.37151664575260e+16 3.41026769459182e+11 7.14937683550474e+15 1.46211746172762e+17 2.29659758656759e+13 0.00000000000000e+00 0.00000000000000e+00 0.00000000000000e+00 0.00000000000000e+00 0.00000000000000e+00 0.00000000000000e+00 0.00000000000000e+00 
3.36760416778148e-03 2.81928721249918e+02 2.79844193162386e+02 1.71208067227252e+21 2.32321921494193e+19 1.44604021067307e+18 2.30924739574657e+17 1.87969217417759e+15 3.90570283426836e+19 3.43238938562685e+16 3.72395477696275e+11 6.61718580427011e+15 1.53938665595516e+17 2.52538409557966e+13 0.00000000000000e+00 0.00000000000000e+00 0.00000000000000e+00 0.00000000000000e+00 0.00000000000000e+00 0.00000000000000e+00 0.00000000000000e+00 
3.65854680384193e-03 2.81978502623042e+02 2.79867316343329e+02 1.70865631480453e+21 2.50690179329341e+19 1.46770759793100e+18 2.29966660908459e+17 2.01476901494593e+15 4.21680766930584e+19 3.49262602795838e+16 4.03445940261326e+11 6.16705690284550e+15 1.61327777459712e+17 2.74683563262827e+13 0.00000000000000e+00 0.00000000000000e+00 0.00000000000000e+00 0.00000000000000e+00 0.00000000000000e+00 0.00000000000000e+00 0.00000000000000e+00 
4.06215937507090e-03 2.82046418788500e+02 2.79890108964011e+02 1.70398187371961e+21 2.75746763463313e+19 1.49710396427413e+18 2.28664781784299e+17 2.19688863438000e+15 4.64195035571628e+19 3.57514751192936e+16 4.45996276140509e+11 5.64786895235464e+15 1.71084556792349e+17 3.04209718928977e+13 0.00000000000000e+00 0.00000000000000e+00 0.00000000000000e+00 0.00000000000000e+00 0.00000000000000e+00 0.00000000000000e+00 0.00000000000000e+00 
4.46577194629986e-03 2.82113075324550e+02 2.79921212074620e+02 1.69939412241032e+21 3.00318034372531e+19 1.52584030257360e+18 2.27393661611521e+17 2.37317308445815e+15 5.05973171924137e+19 3.65647126474324e+16 4.87937559727412e+11 5.21909259772252e+15 1.80337503654105e+17 3.32385383110291e+13 0.00000000000000e+00 0.00000000000000e+00 0.00000000000000e+00 0.00000000000000e+00 0.00000000000000e+00 0.00000000000000e+00 0.00000000000000e+00 
4.86938451752883e-03 2.82178516283899e+02 2.79951746720299e+02 1.69489135029096e+21 3.24413251115570e+19 1.55396869048258e+18 2.26152395406317e+17 2.54390797118360e+15 5.47028329585716e+19 3.73661148653457e+16 5.29274189218550e+11 4.85957607219699e+15 1.89143976615166e+17 3.59268698138807e+13 0.00000000000000e+00 0.00000000000000e+00 0.00000000000000e+00 0.00000000000000e+00 0.00000000000000e+00 0.00000000000000e+00 0.00000000000000e+00 
5.27299708875780e-03 2.82242768023779e+02 2.79981732674092e+02 1.69047193699567e+21 3.48041492830165e+19 1.58150717430474e+18 2.24940130747178e+17 2.70934096807914e+15 5.87373243736443e+19 3.81558182402083e+16 5.70010896306222e+11 4.55468299183553e+15 1.97547636853966e+17 3.84924178761075e+13 0.00000000000000e+00 0.00000000000000e+00 0.00000000000000e+00 0.00000000000000e+00 0.00000000000000e+00 0.00000000000000e+00 0.00000000000000e+00 
5.67660965998677e-03 2.82305853295659e+02 2.80011181593691e+02 1.68613431340536e+21 3.71211663717119e+19 1.60846985753882e+18 2.23756053560116e+17 2.86969190640414e+15 6.27020293711670e+19 3.89339566544658e+16 6.10152641798318e+11 4.29253350768401e+15 2.05583208599443e+17 4.09415903805040e+13 0.00000000000000e+00 0.00000000000000e+00 0.00000000000000e+00 0.00000000000000e+00 0.00000000000000e+00 0.00000000000000e+00 0.00000000000000e+00 
6.35623635328007e-03 2.82409510096152e+02 2.80040103496753e+02 1.67901097010885e+21 4.09215953464205e+19 1.65261786625383e+18 2.21823772943192e+17 3.12877422937740e+15 6.92236642153153e+19 4.02184638088610e+16 6.76417367181393e+11 3.92530887063370e+15 2.18354940789511e+17 4.48193880730964e+13 0.00000000000000e+00 0.00000000000000e+00 0.00000000000000e+00 0.00000000000000e+00 0.00000000000000e+00 0.00000000000000e+00 0.00000000000000e+00 
7.03586304657336e-03 2.82510035058574e+02 2.80087642165345e+02 1.67210812313414e+21 4.45986779698662e+19 1.69525480770238e+18 2.19965636436591e+17 3.37494974110251e+15 7.55564410196191e+19 4.14711797950626e+16 7.41040458893668e+11 3.62699838746077e+15 2.30267170936242e+17 4.84117192170507e+13 0.00000000000000e+00 0.00000000000000e+00 0.00000000000000e+00 0.00000000000000e+00 0.00000000000000e+00 0.00000000000000e+00 0.00000000000000e+00 
7.71548973986666e-03 2.82607528567715e+02 2.80133764140455e+02 1.66541894221665e+21 4.81563589764113e+19 1.73644232887377e+18 2.18178292493991e+17 3.60904770299830e+15 8.17057815252881e+19 4.26927233788602e+16 8.04052894376484e+11 3.38205676967729e+15 2.41401872893064e+17 5.17434127050529e+13 0.00000000000000e+00 0.00000000000000e+00 0.00000000000000e+00 0.00000000000000e+00 0.00000000000000e+00 0.00000000000000e+00 0.00000000000000e+00 
8.39511643315996e-03 2.82702084270267e+02 2.80178513782990e+02 1.65893685731571e+21 5.15984543418186e+19 1.77623464185717e+18 2.16458586557268e+17 3.83181217203248e+15 8.76769166887169e+19 4.38837032895942e+16 8.65483364181492e+11 3.17533598932568e+15 2.51821727532966e+17 5.48367883955680e+13 0.00000000000000e+00 0.00000000000000e+00 0.00000000000000e+00 0.00000000000000e+00 0.00000000000000e+00 0.00000000000000e+00 0.00000000000000e+00 
9.07474312645326e-03 2.82793792062293e+02 2.80221932469087e+02 1.65265551604157e+21 5.49286595672539e+19 1.81468302316588e+18 2.14803538948959e+17 4.04393830612658e+15 9.34749174199207e+19 4.50447224257231e+16 9.25364320396726e+11 2.99930310028150e+15 2.61577319189080e+17 5.77119521381510e+13 0.00000000000000e+00 0.00000000000000e+00 0.00000000000000e+00 0.00000000000000e+00 0.00000000000000e+00 0.00000000000000e+00 0.00000000000000e+00 
9.88585598765549e-03 2.82899635799808e+02 2.80264059957098e+02 1.64541315378544e+21 5.87616690305581e+19 1.85887937682536e+18 2.12909014732577e+17 4.28405181821514e+15 1.00174861044283e+20 4.63919753248196e+16 9.94844647998576e+11 2.82121643886659e+15 2.72410428216507e+17 6.08828379190260e+13 0.00000000000000e+00 0.00000000000000e+00 0.00000000000000e+00 0.00000000000000e+00 0.00000000000000e+00 0.00000000000000e+00 0.00000000000000e+00 
1.06969688488577e-02 2.83001689674624e+02 2.80312701329298e+02 1.63843787425870e+21 6.24462797326339e+19 1.90131147092011e+18 2.11098067977021e+17 4.51089420983354e+15 1.06643300147615e+20 4.76984104209158e+16 1.06221403606256e+12 2.67027222405358e+15 2.82423184035373e+17 6.37964641540678e+13 0.00000000000000e+00 0.00000000000000e+00 0.00000000000000e+00 0.00000000000000e+00 0.00000000000000e+00 0.00000000000000e+00 0.00000000000000e+00 
1.15080817100599e-02 2.83100090277319e+02 2.80359621721284e+02 1.63171994570750e+21 6.59881568648702e+19 1.94205450693108e+18 2.09366471064294e+17 4.72537223912850e+15 1.12888062777952e+20 4.89650244376814e+16 1.12752475130201e+12 2.54040070594302e+15 2.91671024951911e+17 6.64773916646944e+13 0.00000000000000e+00 0.00000000000000e+00 0.00000000000000e+00 0.00000000000000e+00 0.00000000000000e+00 0.00000000000000e+00 0.00000000000000e+00 
1.23191945712622e-02 2.83194968704415e+02 2.80404881784486e+02 1.62524999974983e+21 6.93927502131839e+19 1.98117961493806e+18 2.07710254285806e+17 4.92831885239118e+15 1.18916706838477e+20 5.01928016298593e+16 1.19082881737492e+12 2.42768677689884e+15 3.00202673562537e+17 6.89474206460757e+13 0.00000000000000e+00 0.00000000000000e+00 0.00000000000000e+00 0.00000000000000e+00 0.00000000000000e+00 0.00000000000000e+00 0.00000000000000e+00 
1.31303074324644e-02 2.83286451070660e+02 2.80448539809940e+02 1.61901900903204e+21 7.26653053992728e+19 2.01875448817634e+18 2.06125686457770e+17 5.12049469380351e+15 1.24736535856644e+20 5.13827146178610e+16 1.25217754288076e+12 2.32907179431263e+15 3.08062302732413e+17 7.12260405987520e+13 0.00000000000000e+00 0.00000000000000e+00 0.00000000000000e+00 0.00000000000000e+00 0.00000000000000e+00 0.00000000000000e+00 0.00000000000000e+00 
1.46933979352998e-02 2.83453607591664e+02 2.80490651952518e+02 1.60765374885503e+21 7.86176951232949e+19 2.08702593062242e+18 2.03261467048987e+17 5.46294673379196e+15 1.35388549460529e+20 5.35724757411731e+16 1.36507105419083e+12 2.16982119962425e+15 3.21457498950764e+17 7.51393047315978e+13 0.00000000000000e+00 0.00000000000000e+00 0.00000000000000e+00 0.00000000000000e+00 0.00000000000000e+00 0.00000000000000e+00 0.00000000000000e+00 
1.62564884381352e-02 2.83609421104102e+02 2.80567642026928e+02 1.59708484856555e+21 8.41324853582509e+19 2.15020914424987e+18 2.00627423195291e+17 5.77241643839755e+15 1.45339173328912e+20 5.56319092216162e+16 1.47124586563775e+12 2.04193625271943e+15 3.32769894610264e+17 7.85126264146339e+13 0.00000000000000e+00 0.00000000000000e+00 0.00000000000000e+00 0.00000000000000e+00 0.00000000000000e+00 0.00000000000000e+00 0.00000000000000e+00 
1.78195789409706e-02 2.83754659857226e+02 2.80639457719113e+02 1.58725705745465e+21 8.92415677066337e+19 2.20869962320804e+18 1.98202950637102e+17 6.05274378513176e+15 1.54633658425023e+20 5.75676126652912e+16 1.57104849633398e+12 1.93701717431424e+15 3.42236600382269e+17 8.14325945675056e+13 0.00000000000000e+00 0.00000000000000e+00 0.00000000000000e+00 0.00000000000000e+00 0.00000000000000e+00 0.00000000000000e+00 0.00000000000000e+00 
1.93826694438060e-02 2.83890037142118e+02 2.80706443147366e+02 1.57811906054913e+21 9.39744520479309e+19 2.26285851037813e+18 1.95969613440606e+17 6.30718663083110e+15 1.63314283956283e+20 5.93859554784192e+16 1.66481318483015e+12 1.84986505637029e+15 3.50070172397908e+17 8.39695982355044e+13 0.00000000000000e+00 0.00000000000000e+00 0.00000000000000e+00 0.00000000000000e+00 0.00000000000000e+00 0.00000000000000e+00 0.00000000000000e+00 
2.09457599466414e-02 2.84016217018484e+02 2.80768918552487e+02 1.56962309367820e+21 9.83585040119586e+19 2.31301717894160e+18 1.93910885782195e+17 6.53857360098329e+15 1.71420632184976e+20 6.10930967451506e+16 1.75286138670106e+12 1.77610264059776e+15 3.56463114197495e+17 8.61819378623675e+13 0.00000000000000e+00 0.00000000000000e+00 0.00000000000000e+00 0.00000000000000e+00 0.00000000000000e+00 0.00000000000000e+00 0.00000000000000e+00 
2.37894321760445e-02 2.84224145144967e+02 2.80827182745719e+02 1.55567249139079e+21 1.05519835535541e+20 2.39497211730565e+18 1.90566101852999e+17 6.90808870192786e+15 1.84813022121788e+20 6.39324353223094e+16 1.89936361290848e+12 1.66760426172322e+15 3.64946858036553e+17 8.95264664431922e+13 0.00000000000000e+00 0.00000000000000e+00 0.00000000000000e+00 0.00000000000000e+00 0.00000000000000e+00 0.00000000000000e+00 0.00000000000000e+00 
2.66331044054477e-02 2.84407041265682e+02 2.80923265055811e+02 1.54345841269788e+21 1.11747566754514e+20 2.46631327195049e+18 1.87672755640828e+17 7.22169848040830e+15 1.96630106483867e+20 6.64571439382319e+16 2.02972155026695e+12 1.58442109982644e+15 3.70159565758712e+17 9.21832626893464e+13 0.00000000000000e+00 0.00000000000000e+00 0.00000000000000e+00 0.00000000000000e+00 0.00000000000000e+00 0.00000000000000e+00 0.00000000000000e+00 
2.94767766348508e-02 2.84567908882875e+02 2.81007853090628e+02 1.53276558551566e+21 1.17163138407237e+20 2.52845184911369e+18 1.85165456742576e+17 7.48928132941448e+15 2.07054481790740e+20 6.86989956445277e+16 2.14557241231147e+12 1.51791699180696e+15 3.72878289365675e+17 9.43151509620916e+13 0.00000000000000e+00 0.00000000000000e+00 0.00000000000000e+00 0.00000000000000e+00 0.00000000000000e+00 0.00000000000000e+00 0.00000000000000e+00 
3.23204488642539e-02 2.84709377721403e+02 2.81082309766457e+02 1.52340627893912e+21 1.21871643110491e+20 2.58259669849551e+18 1.82989581837568e+17 7.71844611778792e+15 2.16247183968054e+20 7.06870018145702e+16 2.24840948594101e+12 1.46478452821498e+15 3.73733334975781e+17 9.60409546689021e+13 0.00000000000000e+00 0.00000000000000e+00 0.00000000000000e+00 0.00000000000000e+00 0.00000000000000e+00 0.00000000000000e+00 0.00000000000000e+00 
3.51641210936571e-02 2.84833760858023e+02 2.81147831817314e+02 1.51521605176645e+21 1.25964468722396e+20 2.62979059360807e+18 1.81098980991450e+17 7.91527331321656e+15 2.24350771256750e+20 7.24477112672172e+16 2.33959228828500e+12 1.42148007902127e+15 3.73231288501295e+17 9.74520161659262e+13 0.00000000000000e+00 0.00000000000000e+00 0.00000000000000e+00 0.00000000000000e+00 0.00000000000000e+00 0.00000000000000e+00 0.00000000000000e+00 
4.07320274066375e-02 2.85035134145867e+02 2.81205474648169e+02 1.50204907787122e+21 1.32479163904803e+20 2.70529004537757e+18 1.78083583985403e+17 8.22473200963396e+15 2.37517588198436e+20 7.53236217633878e+16 2.48881685696861e+12 1.35679393899810e+15 3.69676562143602e+17 9.95406502608422e+13 0.00000000000000e+00 0.00000000000000e+00 0.00000000000000e+00 0.00000000000000e+00 0.00000000000000e+00 0.00000000000000e+00 0.00000000000000e+00 
4.62999337196180e-02 2.85191427275926e+02 2.81298864813444e+02 1.49192334998476e+21 1.37423853636352e+20 2.76303932522499e+18 1.75782355036453e+17 8.45815304426448e+15 2.47781546996745e+20 7.75771392020549e+16 2.60607036316019e+12 1.31073497793026e+15 3.64524087989738e+17 1.01017248079322e+14 0.00000000000000e+00 0.00000000000000e+00 0.00000000000000e+00 0.00000000000000e+00 0.00000000000000e+00 0.00000000000000e+00 0.00000000000000e+00 
5.18678400325985e-02 2.85312789744086e+02 2.81371406225435e+02 1.48413013845757e+21 1.41181154356135e+20 2.80729110603042e+18 1.74019876060053e+17 8.63578709153659e+15 2.55782729248599e+20 7.93397125420585e+16 2.69804595046278e+12 1.27726728286695e+15 3.59048458751493e+17 1.02084215760170e+14 0.00000000000000e+00 0.00000000000000e+00 0.00000000000000e+00 0.00000000000000e+00 0.00000000000000e+00 0.00000000000000e+00 0.00000000000000e+00 
5.74357463455790e-02 2.85406978676580e+02 2.81427769937788e+02 1.47813434952003e+21 1.44035372742458e+20 2.84121583767137e+18 1.72667458800577e+17 8.77138370796093e+15 2.62014656219149e+20 8.07150880548656e+16 2.77003342327008e+12 1.25247344267265e+15 3.53863563610719e+17 1.02869916206132e+14 0.00000000000000e+00 0.00000000000000e+00 0.00000000000000e+00 0.00000000000000e+00 0.00000000000000e+00 0.00000000000000e+00 0.00000000000000e+00 
6.30036526585595e-02 2.85479994109949e+02 2.81471534566330e+02 1.47352659356914e+21 1.46200917718159e+20 2.86721318530332e+18 1.71628969526898e+17 8.87505296939989e+15 2.66861805453053e+20 8.17855836613380e+16 2.82623828054711e+12 1.23386508731119e+15 3.49228217440140e+17 1.03458761684352e+14 0.00000000000000e+00 0.00000000000000e+00 0.00000000000000e+00 0.00000000000000e+00 0.00000000000000e+00 0.00000000000000e+00 0.00000000000000e+00 
7.10048494603015e-02 2.85556740957665e+02 2.81505473525059e+02 1.46873523248090e+21 1.48416760470118e+20 2.89417392032297e+18 1.70547778506625e+17 8.98273103924980e+15 2.71976467218467e+20 8.29145972299531e+16 2.88575042688339e+12 1.21474980946986e+15 3.43657784499778e+17 1.04065165786506e+14 0.00000000000000e+00 0.00000000000000e+00 0.00000000000000e+00 0.00000000000000e+00 0.00000000000000e+00 0.00000000000000e+00 0.00000000000000e+00 
7.90060462620436e-02 2.85609827361586e+02 2.81541158568140e+02 1.46546029599904e+21 1.49903871716510e+20 2.91255658133554e+18 1.69806760056012e+17 9.05673707259435e+15 2.75528733526454e+20 8.36976010278188e+16 2.92720711989291e+12 1.20176787122453e+15 3.39384976149823e+17 1.04481452675942e+14 0.00000000000000e+00 0.00000000000000e+00 0.00000000000000e+00 0.00000000000000e+00 0.00000000000000e+00 0.00000000000000e+00 0.00000000000000e+00 
8.70072430637857e-02 2.85646637066880e+02 2.81565849090827e+02 1.46321423202379e+21 1.50906332669500e+20 2.92513874361887e+18 1.69296761292078e+17 9.10786877235075e+15 2.78000674475980e+20 8.42413749729971e+16 2.95611638973605e+12 1.19295312721685e+15 3.36212533984976e+17 1.04769859918385e+14 0.00000000000000e+00 0.00000000000000e+00 0.00000000000000e+00 0.00000000000000e+00 0.00000000000000e+00 0.00000000000000e+00 0.00000000000000e+00 
9.50084398655277e-02 2.85672130126918e+02 2.81582972546497e+02 1.46167521692449e+21 1.51581495610923e+20 2.93374670775033e+18 1.68945762677394e+17 9.14311210848202e+15 2.79718396427609e+20 8.46182751714550e+16 2.97623423078835e+12 1.18690349301350e+15 3.33888029903157e+17 1.04971307526075e+14 0.00000000000000e+00 0.00000000000000e+00 0.00000000000000e+00 0.00000000000000e+00 0.00000000000000e+00 0.00000000000000e+00 0.00000000000000e+00 
1.03009636667270e-01 2.85689723206990e+02 2.81594833122258e+02 1.46062462905924e+21 1.52034173858162e+20 2.93961578728267e+18 1.68704876087110e+17 9.16734699813433e+15 2.80907736461141e+20 8.48784556202455e+16 2.99017789563444e+12 1.18270983602488e+15 3.32194007243135e+17 1.05112776000522e+14 0.00000000000000e+00 0.00000000000000e+00 0.00000000000000e+00 0.00000000000000e+00 0.00000000000000e+00 0.00000000000000e+00 0.00000000000000e+00 
1.17812296625169e-01 2.85708495400310e+02 2.81603018921481e+02 1.45952342223689e+21 1.52494449979378e+20 2.94575861691396e+18 1.68449675553803e+17 9.19328175247034e+15 2.82183383564209e+20 8.51560359003049e+16 3.00514897538560e+12 1.17807282431233e+15 3.30231929803415e+17 1.05270987270582e+14 0.00000000000000e+00 0.00000000000000e+00 0.00000000000000e+00 0.00000000000000e+00 0.00000000000000e+00 0.00000000000000e+00 0.00000000000000e+00 
1.32614956583068e-01 2.85717932161606e+02 2.81611753824471e+02 1.45897938104633e+21 1.52714865535350e+20 2.94878992833138e+18 1.68322517946982e+17 9.20628539227718e+15 2.82827815551577e+20 8.52954004324435e+16 3.01271471519147e+12 1.17602783420228e+15 3.29181065578915e+17 1.05351390506902e+14 0.00000000000000e+00 0.00000000000000e+00 0.00000000000000e+00 0.00000000000000e+00 0.00000000000000e+00 0.00000000000000e+00 0.00000000000000e+00 
1.47417616540967e-01 2.85723011737435e+02 2.81616145013461e+02 1.45868843214372e+21 1.52831342020485e+20 2.95040949134960e+18 1.68253970919612e+17 9.21336312307433e+15 2.83175301398623e+20 8.53705330674481e+16 3.01679961376365e+12 1.17461328233749e+15 3.28604048761298e+17 1.05398058718191e+14 0.00000000000000e+00 0.00000000000000e+00 0.00000000000000e+00 0.00000000000000e+00 0.00000000000000e+00 0.00000000000000e+00 0.00000000000000e+00 
1.62220276498866e-01 2.85725753754606e+02 2.81618508738065e+02 1.45853248815694e+21 1.52892928580211e+20 2.95127752697473e+18 1.68217266828478e+17 9.21727212347414e+15 2.83363276032695e+20 8.54109910289337e+16 3.01900662750674e+12 1.17385170979484e+15 3.28280715889023e+17 1.05422010774003e+14 0.00000000000000e+00 0.00000000000000e+00 0.00000000000000e+00 0.00000000000000e+00 0.00000000000000e+00 0.00000000000000e+00 0.00000000000000e+00 
1.77022936456765e-01 2.85727119404503e+02 2.81619784713303e+02 1.45845651282072e+21 1.52921662366746e+20 2.95169997999210e+18 1.68199161469179e+17 9.21911307847117e+15 2.83457438968001e+20 8.54310984660184e+16 3.02011244769682e+12 1.17369682312132e+15 3.28109990178295e+17 1.05433822392001e+14 0.00000000000000e+00 0.00000000000000e+00 0.00000000000000e+00 0.00000000000000e+00 0.00000000000000e+00 0.00000000000000e+00 0.00000000000000e+00 
2.07664539334282e-01 2.85728282927860e+02 2.81620420191563e+02 1.45839362037942e+21 1.52944014900565e+20 2.95204890141386e+18 1.68183959981011e+17 9.22054669659166e+15 2.83538264607695e+20 8.54481621125842e+16 3.02106050599194e+12 1.17359542354417e+15 3.27965603923025e+17 1.05444008630264e+14 0.00000000000000e+00 0.00000000000000e+00 0.00000000000000e+00 0.00000000000000e+00 0.00000000000000e+00 0.00000000000000e+00 0.00000000000000e+00 
2.38306142211799e-01 2.85728363933771e+02 2.81620961592194e+02 1.45839081832066e+21 1.52943762080542e+20 2.95206380522389e+18 1.68182998642894e+17 9.22066617246707e+15 2.83544397699503e+20 8.54493322601874e+16 3.02113284201167e+12 1.17349892893274e+15 3.27948073262823e+17 1.05445658737667e+14 0.00000000000000e+00 0.00000000000000e+00 0.00000000000000e+00 0.00000000000000e+00 0.00000000000000e+00 0.00000000000000e+00 0.00000000000000e+00 
2.68947745089316e-01 2.85728287184315e+02 2.81620999264794e+02 1.45839559415696e+21 1.52941575484777e+20 2.95203718926675e+18 1.68184016276249e+17 9.22064552457415e+15 2.83539271317555e+20 8.54482113688173e+16 3.02107316906336e+12 1.17342765100054e+15 3.27948173711835e+17 1.05445651889569e+14 0.00000000000000e+00 0.00000000000000e+00 0.00000000000000e+00 0.00000000000000e+00 0.00000000000000e+00 0.00000000000000e+00 0.00000000000000e+00 
2.99589347966833e-01 2.85728263139168e+02 2.81620963544607e+02 1.45839691852267e+21 1.52941132753399e+20 2.95203208465849e+18 1.68184095049877e+17 9.22065932903086e+15 2.83537533256201e+20 8.54477458448767e+16 3.02104668168624e+12 1.17341014504254e+15 3.27943268711880e+17 1.05446862249403e+14 0.00000000000000e+00 0.00000000000000e+00 0.00000000000000e+00 0.00000000000000e+00 0.00000000000000e+00 0.00000000000000e+00 0.00000000000000e+00 
4.95773092054001e-01 2.85728281411304e+02 2.81620952359695e+02 1.45839573586298e+21 1.52941669551739e+20 2.95203664419169e+18 1.68184047608381e+17 9.22067222776314e+15 2.83538819178526e+20 8.54481437902313e+16 3.02106828161402e+12 1.17340807789465e+15 3.27942054580721e+17 1.05445899992925e+14 0.00000000000000e+00 0.00000000000000e+00 0.00000000000000e+00 0.00000000000000e+00 0.00000000000000e+00 0.00000000000000e+00 0.00000000000000e+00 
6.91956836141169e-01 2.85728286673533e+02 2.81620960861147e+02 1.45839544020094e+21 1.52941780144459e+20 2.95203806995896e+18 1.68183978774403e+17 9.22066888051475e+15 2.83539184140922e+20 8.54482366197840e+16 3.02107326877257e+12 1.17341320764828e+15 3.27942843707161e+17 1.05445967607794e+14 0.00000000000000e+00 0.00000000000000e+00 0.00000000000000e+00 0.00000000000000e+00 0.00000000000000e+00 0.00000000000000e+00 0.00000000000000e+00 
8.88140580228337e-01 2.85728287047894e+02 2.81620963309615e+02 1.45839542310351e+21 1.52941785421837e+20 2.95203827190022e+18 1.68183972867012e+17 9.22067267051826e+15 2.83539208828017e+20 8.54482332462994e+16 3.02107317623369e+12 1.17340926989764e+15 3.27942365473118e+17 1.05445934273457e+14 0.00000000000000e+00 0.00000000000000e+00 0.00000000000000e+00 0.00000000000000e+00 0.00000000000000e+00 0.00000000000000e+00 0.00000000000000e+00 
2.84997802110002e+00 2.85728287021191e+02 2.81620963483906e+02 1.45839542560824e+21 1.52941784829594e+20 2.95203832152645e+18 1.68183968582118e+17 9.22067459861381e+15 2.83539205553651e+20 8.54482291062995e+16 3.02107295693850e+12 1.17340805643281e+15 3.27942179968907e+17 1.05445961713296e+14 0.00000000000000e+00 0.00000000000000e+00 0.00000000000000e+00 0.00000000000000e+00 0.00000000000000e+00 0.00000000000000e+00 0.00000000000000e+00 
4.81181546197170e+00 2.85728287027777e+02 2.81620963471559e+02 1.45839542533406e+21 1.52941784388194e+20 2.95203831426969e+18 1.68183968776572e+17 9.22067156321414e+15 2.83539205678737e+20 8.54482289451041e+16 3.02107296038735e+12 1.17341188920778e+15 3.27942615729041e+17 1.05445961009140e+14 0.00000000000000e+00 0.00000000000000e+00 0.00000000000000e+00 0.00000000000000e+00 0.00000000000000e+00 0.00000000000000e+00 0.00000000000000e+00 
6.77365290284338e+00 2.85728287019649e+02 2.81620963474596e+02 1.45839542571735e+21 1.52941784584575e+20 2.95203831687768e+18 1.68183968725791e+17 9.22067334594160e+15 2.83539205306933e+20 8.54482290141754e+16 3.02107295590140e+12 1.17340960023297e+15 3.27942361696079e+17 1.05445962876489e+14 0.00000000000000e+00 0.00000000000000e+00 0.00000000000000e+00 0.00000000000000e+00 0.00000000000000e+00 0.00000000000000e+00 0.00000000000000e+00 
2.63920273115602e+01 2.85728287019227e+02 2.81620963470830e+02 1.45839542597960e+21 1.52941784638838e+20 2.95203831777016e+18 1.68183968807310e+17 9.22067361194845e+15 2.83539205279336e+20 8.54482290255032e+16 3.02107295533138e+12 1.17340924851276e+15 3.27942322116335e+17 1.05445962724279e+14 0.00000000000000e+00 0.00000000000000e+00 0.00000000000000e+00 0.00000000000000e+00 0.00000000000000e+00 0.00000000000000e+00 0.00000000000000e+00 
4.60104017202770e+01 2.85728287026977e+02 2.81620963470639e+02 1.45839542561109e+21 1.52941784454169e+20 2.95203831470766e+18 1.68183968683568e+17 9.22067188882865e+15 2.83539205633973e+20 8.54482290560267e+16 3.02107296322094e+12 1.17341136191158e+15 3.27942554636119e+17 1.05445962868677e+14 0.00000000000000e+00 0.00000000000000e+00 0.00000000000000e+00 0.00000000000000e+00 0.00000000000000e+00 0.00000000000000e+00 0.00000000000000e+00 
6.56287761289938e+01 2.85728287022968e+02 2.81620963474231e+02 1.45839542587459e+21 1.52941784563189e+20 2.95203831659721e+18 1.68183968761259e+17 9.22067285758870e+15 2.83539205447920e+20 8.54482290384136e+16 3.02107295865836e+12 1.17341018049448e+15 3.27942425035033e+17 1.05445962736678e+14 0.00000000000000e+00 0.00000000000000e+00 0.00000000000000e+00 0.00000000000000e+00 0.00000000000000e+00 0.00000000000000e+00 0.00000000000000e+00 
1.65628776128994e+02 2.85728287025494e+02 2.81620963472374e+02 1.45839542615150e+21 1.52941784577946e+20 2.95203831705006e+18 1.68183968810226e+17 9.22067267201935e+15 2.83539205548496e+20 8.54482290555041e+16 3.02107296010495e+12 1.17341041003509e+15 3.27942450162736e+17 1.05445962814551e+14 0.00000000000000e+00 0.00000000000000e+00 0.00000000000000e+00 0.00000000000000e+00 0.00000000000000e+00 0.00000000000000e+00 0.00000000000000e+00 
2.65628776128994e+02 2.85728287027466e+02 2.81620963473553e+02 1.45839542608695e+21 1.52941784537126e+20 2.95203831649189e+18 1.68183968770781e+17 9.22067226155969e+15 2.83539205636927e+20 8.54482290578461e+16 3.02107296143222e+12 1.17341091226221e+15 3.27942505317642e+17 1.05445962886924e+14 0.00000000000000e+00 0.00000000000000e+00 0.00000000000000e+00 0.00000000000000e+00 0.00000000000000e+00 0.00000000000000e+00 0.00000000000000e+00 
3.65628776128994e+02 2.85728287027177e+02 2.81620963474467e+02 1.45839542620547e+21 1.52941784563630e+20 2.95203831699433e+18 1.68183968799875e+17 9.22067242557393e+15 2.83539205619858e+20 8.54482290576938e+16 3.02107296076986e+12 1.17341071223875e+15 3.27942483359840e+17 1.05445962875198e+14 0.00000000000000e+00 0.00000000000000e+00 0.00000000000000e+00 0.00000000000000e+00 0.00000000000000e+00 0.00000000000000e+00 0.00000000000000e+00 
4.65628776128994e+02 2.85728287027846e+02 2.81620963474336e+02 1.45839542613019e+21 1.52941784539568e+20 2.95203831656631e+18 1.68183968779052e+17 9.22067223498638e+15 2.83539205652077e+20 8.54482290601453e+16 3.02107296162337e+12 1.17341094508605e+15 3.27942508915849e+17 1.05445962899212e+14 0.00000000000000e+00 0.00000000000000e+00 0.00000000000000e+00 0.00000000000000e+00 0.00000000000000e+00 0.00000000000000e+00 0.00000000000000e+00 
5.65628776128994e+02 2.85728287027432e+02 2.81620963474645e+02 1.45839542620045e+21 1.52941784558944e+20 2.95203831691804e+18 1.68183968797025e+17 9.22067237569916e+15 2.83539205631220e+20 8.54482290591148e+16 3.02107296103144e+12 1.17341077327286e+15 3.27942490063102e+17 1.05445962884330e+14 0.00000000000000e+00 0.00000000000000e+00 0.00000000000000e+00 0.00000000000000e+00 0.00000000000000e+00 0.00000000000000e+00 0.00000000000000e+00 
6.65628776128994e+02 2.85728287027818e+02 2.81620963474454e+02 1.45839542614484e+21 1.52941784542730e+20 2.95203831662598e+18 1.68183968782568e+17 9.22067225388547e+15 2.83539205650310e+20 8.54482290602435e+16 3.02107296155474e+12 1.17341092204839e+15 3.27942506387135e+17 1.05445962898069e+14 0.00000000000000e+00 0.00000000000000e+00 0.00000000000000e+00 0.00000000000000e+00 0.00000000000000e+00 0.00000000000000e+00 0.00000000000000e+00 
7.65628776128994e+02 2.85728287027510e+02 2.81620963474632e+02 1.45839542619129e+21 1.52941784556060e+20 2.95203831686656e+18 1.68183968794581e+17 9.22067235307460e+15 2.83539205634999e+20 8.54482290593810e+16 3.02107296113148e+12 1.17341080091397e+15 3.27942493096816e+17 1.05445962887118e+14 0.00000000000000e+00 0.00000000000000e+00 0.00000000000000e+00 0.00000000000000e+00 0.00000000000000e+00 0.00000000000000e+00 0.00000000000000e+00 
8.65628776128994e+02 2.85728287027770e+02 2.81620963474490e+02 1.45839542615321e+21 1.52941784545021e+20 2.95203831666758e+18 1.68183968784708e+17 9.22067227044071e+15 2.83539205647877e+20 8.54482290601288e+16 3.02107296148554e+12 1.17341090183473e+15 3.27942504169154e+17 1.05445962896341e+14 0.00000000000000e+00 0.00000000000000e+00 0.00000000000000e+00 0.00000000000000e+00 0.00000000000000e+00 0.00000000000000e+00 0.00000000000000e+00 
9.65628776128994e+02 2.85728287027556e+02 2.81620963474610e+02 1.45839542618490e+21 1.52941784554165e+20 2.95203831683258e+18 1.68183968792902e+17 9.22067233869212e+15 2.83539205637288e+20 8.54482290595181e+16 3.02107296119321e+12 1.17341081848104e+15 3.27942495024325e+17 1.05445962888773e+14 0.00000000000000e+00 0.00000000000000e+00 0.00000000000000e+00 0.00000000000000e+00 0.00000000000000e+00 0.00000000000000e+00 0.00000000000000e+00 
1.00000000000000e+03 2.85728287027691e+02 2.81620963474511e+02 1.45839542618137e+21 1.52941784551518e+20 2.95203831679219e+18 1.68183968791072e+17 9.22067231142683e+15 2.83539205643318e+20 8.54482290599906e+16 3.02107296131078e+12 1.17341085185736e+15 3.27942498684688e+17 1.05445962893549e+14 0.00000000000000e+00 0.00000000000000e+00 0.00000000000000e+00 0.00000000000000e+00 0.00000000000000e+00 0.00000000000000e+00 0.00000000000000e+00 
