Time(s)              GasTemp(K)           NearWallTemp(K)      [O2(X)](m^-3)        [O2(a1Dg)](m^-3)     [O2(b1Sg+)](m^-3)    [O2(A3Su+_C3Du_c1Su-)](m^-3) [O2(+,X)](m^-3)      [O(3P)](m^-3)        [O(1D)](m^-3)        [O(+,gnd)](m^-3)     [O(-,gnd)](m^-3)     [O3(X)](m^-3)        [O3(exc)](m^-3)      [CO2(X)](m^-3)       [CO2(e1)](m^-3)      [CO2(+,X)](m^-3)     [CO(X)](m^-3)        [CO(a3P)](m^-3)      [CO(+,X)](m^-3)      [C(X)](m^-3)        
0.00000000000000e+00 3.33811511494000e+02 3.14197680172300e+02 1.28061845942642e+20 1.28061845942642e-05 1.28061845942642e-05 1.28061845942642e-05 0.00000000000000e+00 0.00000000000000e+00 0.00000000000000e+00 0.00000000000000e+00 0.00000000000000e+00 0.00000000000000e+00 0.00000000000000e+00 0.00000000000000e+00 0.00000000000000e+00 0.00000000000000e+00 0.00000000000000e+00 0.00000000000000e+00 0.00000000000000e+00 0.00000000000000e+00 
2.24285460419616e-14 3.33811511358028e+02 3.17247222473979e+02 1.28061845942626e+20 5.55057706542226e+06 1.30528285793666e+06 2.45613930342128e+06 5.59104545846396e+03 1.01773626278385e+07 3.11033448759271e+06 2.12705826572891e+00 2.89623643767773e+05 7.01999563431166e-07 9.87157941649187e-13 0.00000000000000e+00 0.00000000000000e+00 0.00000000000000e+00 0.00000000000000e+00 0.00000000000000e+00 0.00000000000000e+00 0.00000000000000e+00 
4.48570920839233e-14 3.33811511222057e+02 3.17247222397992e+02 1.28061845942610e+20 1.11011541308385e+07 2.61056571603839e+06 4.91227860472148e+06 1.11820909169219e+04 2.03547252598646e+07 6.22066897099492e+06 4.25411653153361e+00 5.79247287534438e+05 2.21559355885168e-06 3.11558709205979e-12 0.00000000000000e+00 0.00000000000000e+00 0.00000000000000e+00 0.00000000000000e+00 0.00000000000000e+00 0.00000000000000e+00 0.00000000000000e+00 
6.72856381258849e-14 3.33811511086085e+02 3.17247222322005e+02 1.28061845942593e+20 1.66517311962618e+07 3.91584857432174e+06 7.36841790386897e+06 1.67731363753737e+04 3.05320878961665e+07 9.33100345011829e+06 6.38117479741572e+00 8.68870931299972e+05 4.55789173367916e-06 6.40934733034382e-12 0.00000000000000e+00 0.00000000000000e+00 0.00000000000000e+00 0.00000000000000e+00 0.00000000000000e+00 0.00000000000000e+00 0.00000000000000e+00 
1.80258891551240e-13 3.33811510401193e+02 3.17247222246018e+02 1.28061845942512e+20 4.46101529458518e+07 1.04905971524518e+07 1.97400645670313e+07 4.49353986239676e+04 8.17957662252904e+07 2.49978506597798e+07 1.70952305412548e+01 2.32771383817051e+06 2.82152851791340e-05 3.96765816386128e-11 0.00000000000000e+00 0.00000000000000e+00 0.00000000000000e+00 0.00000000000000e+00 0.00000000000000e+00 0.00000000000000e+00 0.00000000000000e+00 
2.93232144976594e-13 3.33811509716301e+02 3.17247221863269e+02 1.28061845942431e+20 7.25685746956160e+07 1.70653457351193e+07 3.21117111764125e+07 7.30976608724082e+04 1.33059444661237e+08 4.06646977625435e+07 2.78092862870275e+01 3.78655674501279e+06 7.25761019346173e-05 1.02057151795876e-10 0.00000000000000e+00 0.00000000000000e+00 0.00000000000000e+00 0.00000000000000e+00 0.00000000000000e+00 0.00000000000000e+00 0.00000000000000e+00 
4.06205398401949e-13 3.33811509031408e+02 3.17247221480519e+02 1.28061845942350e+20 1.00526996445557e+08 2.36400943223863e+07 4.44833577312766e+07 1.01259923120693e+05 1.84323123205469e+08 5.63315447569465e+07 3.85233420347604e+01 5.24539965182641e+06 1.37923693645777e-04 1.93949509655858e-10 0.00000000000000e+00 0.00000000000000e+00 0.00000000000000e+00 0.00000000000000e+00 0.00000000000000e+00 0.00000000000000e+00 0.00000000000000e+00 
5.19178651827304e-13 3.33811508346516e+02 3.17247221097771e+02 1.28061845942269e+20 1.28485418195675e+08 3.02148429142749e+07 5.68550042313642e+07 1.29422185368823e+05 2.35586801858502e+08 7.19983916424733e+07 4.92373977844627e+01 6.70424255861124e+06 2.24357880603318e-04 3.15494023683784e-10 0.00000000000000e+00 0.00000000000000e+00 0.00000000000000e+00 0.00000000000000e+00 0.00000000000000e+00 0.00000000000000e+00 0.00000000000000e+00 
8.87962475691465e-13 3.33811506110790e+02 3.17247220715022e+02 1.28061845942004e+20 2.19751389297126e+08 5.16770993049169e+07 9.72403425512470e+07 2.21353562447113e+05 4.02929203280462e+08 1.23140404831062e+08 8.42117862367700e+01 1.14664110298771e+07 6.53431019033059e-04 9.18860453515010e-10 0.00000000000000e+00 0.00000000000000e+00 0.00000000000000e+00 0.00000000000000e+00 0.00000000000000e+00 0.00000000000000e+00 0.00000000000000e+00 
1.25674629955563e-12 3.33811503875064e+02 3.17247219465597e+02 1.28061845941739e+20 3.11017360400469e+08 7.31393557448493e+07 1.37625680286911e+08 3.13284939523738e+05 5.70271605862832e+08 1.74282416858430e+08 1.19186174710083e+02 1.62285795008360e+07 1.30740360067584e-03 1.83848247721547e-09 0.00000000000000e+00 0.00000000000000e+00 0.00000000000000e+00 0.00000000000000e+00 0.00000000000000e+00 0.00000000000000e+00 0.00000000000000e+00 
1.62553012341979e-12 3.33811501639338e+02 3.17247218216171e+02 1.28061845941474e+20 4.02283331505705e+08 9.46016122340735e+07 1.78011017438336e+08 4.05216316598699e+05 7.37614009605649e+08 2.25424427724541e+08 1.54160563204402e+02 2.09907479714878e+07 2.18628275097886e-03 3.07437012466896e-09 0.00000000000000e+00 0.00000000000000e+00 0.00000000000000e+00 0.00000000000000e+00 0.00000000000000e+00 0.00000000000000e+00 0.00000000000000e+00 
1.99431394728395e-12 3.33811499403613e+02 3.17247216966746e+02 1.28061845941210e+20 4.93549302612834e+08 1.16063868772589e+08 2.18396354005526e+08 4.97147693671994e+05 9.04956414508907e+08 2.76566437429399e+08 1.89134951719727e+02 2.57529164418325e+07 3.29006748522131e-03 4.62652202149512e-09 0.00000000000000e+00 0.00000000000000e+00 0.00000000000000e+00 0.00000000000000e+00 0.00000000000000e+00 0.00000000000000e+00 0.00000000000000e+00 
5.68215218592557e-12 3.33811477046365e+02 3.17247215717321e+02 1.28061845938561e+20 1.40620901378822e+09 3.30686436868762e+08 6.22249687544781e+08 1.41646146431338e+06 2.57838052736518e+09 7.87986470609684e+08 5.38878838028299e+02 7.33746011283909e+07 2.66976103259618e-02 3.75424214802550e-08 0.00000000000000e+00 0.00000000000000e+00 0.00000000000000e+00 0.00000000000000e+00 0.00000000000000e+00 0.00000000000000e+00 0.00000000000000e+00 
9.36999042456718e-12 3.33811454689132e+02 3.17247203223077e+02 1.28061845935913e+20 2.31886872515289e+09 5.45309009894059e+08 1.02610296266095e+09 2.33577523478829e+06 4.25180475626469e+09 1.29940638766562e+09 8.88622726437461e+02 1.20996285784243e+08 7.25955451354263e-02 1.02084523637591e-07 0.00000000000000e+00 0.00000000000000e+00 0.00000000000000e+00 0.00000000000000e+00 0.00000000000000e+00 0.00000000000000e+00 0.00000000000000e+00 
1.30578286632088e-11 3.33811432331914e+02 3.17247190728842e+02 1.28061845933265e+20 3.23152843670683e+09 7.59931587848475e+08 1.42995617935408e+09 3.25508900509671e+06 5.92522910120734e+09 1.81082618859732e+09 1.23836661694721e+03 1.68617970409388e+08 1.40983855689606e-01 1.98252815533580e-07 0.00000000000000e+00 0.00000000000000e+00 0.00000000000000e+00 0.00000000000000e+00 0.00000000000000e+00 0.00000000000000e+00 0.00000000000000e+00 
1.67456669018504e-11 3.33811409974710e+02 3.17247178234615e+02 1.28061845930616e+20 4.14418814845005e+09 9.74554170732009e+08 1.83380933762420e+09 4.17440277523864e+06 7.59865356219307e+09 2.32224587340483e+09 1.58811050955755e+03 2.16239655003826e+08 2.31862539374774e-01 3.26047303814050e-07 0.00000000000000e+00 0.00000000000000e+00 0.00000000000000e+00 0.00000000000000e+00 0.00000000000000e+00 0.00000000000000e+00 0.00000000000000e+00 
5.36240492882666e-11 3.33811186403471e+02 3.17247165740397e+02 1.28061845904134e+20 1.32707852762924e+10 3.12078027066829e+09 5.87233770706350e+09 1.33675404675013e+07 2.43329045544091e+10 7.43643633466041e+09 5.08554955119333e+03 6.92456499259348e+08 2.37761996318209e+00 3.34343681326785e-06 0.00000000000000e+00 0.00000000000000e+00 0.00000000000000e+00 0.00000000000000e+00 0.00000000000000e+00 0.00000000000000e+00 0.00000000000000e+00 
9.05024316746828e-11 3.33810962833686e+02 3.17247040798697e+02 1.28061845877651e+20 2.23973824230624e+10 5.26700686351465e+09 9.91086023421398e+09 2.25606781431154e+07 4.10671671508986e+10 1.25506151835321e+10 8.58298880288805e+03 1.16867334044421e+09 6.77241481741816e+00 9.52345791716753e-06 0.00000000000000e+00 0.00000000000000e+00 0.00000000000000e+00 0.00000000000000e+00 0.00000000000000e+00 0.00000000000000e+00 0.00000000000000e+00 
1.27380814061099e-10 3.33810739265355e+02 3.17246915857871e+02 1.28061845851168e+20 3.15239795887599e+10 7.41323394926970e+09 1.39493769190864e+10 3.17538158020808e+07 5.78014413516318e+10 1.76647824200496e+10 1.20804282646418e+04 1.64489017855840e+09 1.34162471394865e+01 1.88661205225725e-05 0.00000000000000e+00 0.00000000000000e+00 0.00000000000000e+00 0.00000000000000e+00 0.00000000000000e+00 0.00000000000000e+00 0.00000000000000e+00 
1.64259196447515e-10 3.33810515698478e+02 3.17246790917919e+02 1.28061845824685e+20 4.06505767733848e+10 9.55946152793197e+09 1.79878877616921e+10 4.09469534443977e+07 7.45357271565775e+10 2.27789380442441e+10 1.55778679364547e+04 2.12110701360194e+09 2.23091169604203e+01 3.13714349942973e-05 0.00000000000000e+00 0.00000000000000e+00 0.00000000000000e+00 0.00000000000000e+00 0.00000000000000e+00 0.00000000000000e+00 0.00000000000000e+00 
5.33043020311677e-10 3.33808280109672e+02 3.17246665978842e+02 1.28061845559857e+20 1.31916549660627e+11 3.10217644239209e+10 5.83726748671707e+10 1.32878328951882e+08 2.41879223426443e+11 7.39198556197029e+10 5.05522762078726e+04 6.88327519515044e+09 2.34934888179787e+02 3.30374181563297e-04 0.00000000000000e+00 0.00000000000000e+00 0.00000000000000e+00 0.00000000000000e+00 0.00000000000000e+00 0.00000000000000e+00 0.00000000000000e+00 
9.01826844175839e-10 3.33806044666249e+02 3.17245416636142e+02 1.28061845295029e+20 2.23182524440560e+11 5.24841166089556e+10 9.87568777588963e+10 2.24809702794472e+08 4.09223880081946e+11 1.25059611998475e+11 8.55267054853188e+04 1.16454430696316e+10 6.72464442702574e+02 9.45653952233817e-04 0.00000000000000e+00 0.00000000000000e+00 0.00000000000000e+00 0.00000000000000e+00 0.00000000000000e+00 0.00000000000000e+00 0.00000000000000e+00 
1.27061066804000e-09 3.33803809368201e+02 3.17244167380849e+02 1.28061845030202e+20 3.14448501113133e+11 7.39465180816352e+10 1.39140496447668e+11 3.16741074972139e+08 5.76569697093317e+11 1.76198207210324e+11 1.20501155768889e+05 1.64076106370446e+10 1.33489780848300e+03 1.87722063997112e-03 0.00000000000000e+00 0.00000000000000e+00 0.00000000000000e+00 0.00000000000000e+00 0.00000000000000e+00 0.00000000000000e+00 0.00000000000000e+00 
1.63939449190416e-09 3.33801574215518e+02 3.17242918212956e+02 1.28061844765375e+20 4.05714479678297e+11 9.54089688404925e+10 1.79523530944794e+11 4.08672445484856e+08 7.43916674429383e+11 2.27335641286423e+11 1.55475627058682e+05 2.11697778973885e+10 2.22223501480295e+03 3.12508460590733e-03 0.00000000000000e+00 0.00000000000000e+00 0.00000000000000e+00 0.00000000000000e+00 0.00000000000000e+00 0.00000000000000e+00 0.00000000000000e+00 
5.32723273054578e-09 3.33779230680107e+02 3.17241669132456e+02 1.28061842117137e+20 1.31837436940392e+12 3.10036186638042e+11 5.83321749466784e+11 1.32798605902935e+09 2.41745025437093e+12 7.38646130857582e+11 5.05221495335123e+05 6.87914336117251e+10 2.34653289026667e+04 3.30038226892189e-02 0.00000000000000e+00 0.00000000000000e+00 0.00000000000000e+00 0.00000000000000e+00 0.00000000000000e+00 0.00000000000000e+00 0.00000000000000e+00 
9.01507096918740e-09 3.33756901669720e+02 3.17229183131816e+02 1.28061839468953e+20 2.23103444833026e+12 5.24668331377225e+11 9.87061561740378e+11 2.24729950604596e+09 4.09109983117720e+12 1.24984054245566e+12 8.54969464348316e+05 1.16413058618190e+11 6.71988402966020e+04 9.45241208269085e-02 0.00000000000000e+00 0.00000000000000e+00 0.00000000000000e+00 0.00000000000000e+00 0.00000000000000e+00 0.00000000000000e+00 0.00000000000000e+00 
1.27029092078290e-08 3.33734587174826e+02 3.17216705862877e+02 1.28061836820822e+20 3.14369471640863e+12 7.39305401657519e+11 1.39074297855517e+12 3.16661278650729e+09 5.76486537510609e+12 1.76091890582041e+12 1.20471953419387e+06 1.64034652915973e+11 1.33422797154339e+05 1.87695863924556e-01 0.00000000000000e+00 0.00000000000000e+00 0.00000000000000e+00 0.00000000000000e+00 0.00000000000000e+00 0.00000000000000e+00 0.00000000000000e+00 
1.63907474464706e-08 3.33712287185445e+02 3.17204237319181e+02 1.28061834172744e+20 4.05635517358802e+12 9.53947396012223e+11 1.79436601120715e+12 4.08592590038459e+09 7.43874685501920e+12 2.27188125208778e+12 1.55447170497200e+06 2.11656216504224e+11 2.22137228757431e+05 3.12529400915831e-01 0.00000000000000e+00 0.00000000000000e+00 0.00000000000000e+00 0.00000000000000e+00 0.00000000000000e+00 0.00000000000000e+00 0.00000000000000e+00 
4.03068392645809e-08 3.33568020350767e+02 3.17191777494020e+02 1.28061817000921e+20 9.97507687267419e+12 2.34604696346888e+12 4.41049554519650e+12 1.00477822781811e+10 1.82968891799854e+13 5.58272219401149e+12 3.82270923685531e+06 5.20487261862539e+11 1.34332938845125e+06 1.89125955014873e+00 0.00000000000000e+00 0.00000000000000e+00 0.00000000000000e+00 0.00000000000000e+00 0.00000000000000e+00 0.00000000000000e+00 0.00000000000000e+00 
6.42229310826913e-08 3.33424360441419e+02 3.17111185120979e+02 1.28061799831337e+20 1.58938065087031e+13 3.73835316022760e+12 7.02417317536284e+12 1.60096316409290e+10 2.91598976203362e+13 8.88869360841046e+12 6.09103515901522e+06 8.29317015407229e+11 3.41040919777515e+06 4.80483707488461e+00 0.00000000000000e+00 0.00000000000000e+00 0.00000000000000e+00 0.00000000000000e+00 0.00000000000000e+00 0.00000000000000e+00 0.00000000000000e+00 
8.81390229008016e-08 3.33281304751567e+02 3.17030957319059e+02 1.28061782663988e+20 2.18125440677552e+13 5.13086558574160e+12 9.63540197510997e+12 2.19714739807677e+10 4.00277637026109e+13 1.21898039680684e+13 8.35944949906338e+06 1.13814547690589e+12 6.42338466063021e+06 9.05607757688936e+00 0.00000000000000e+00 0.00000000000000e+00 0.00000000000000e+00 0.00000000000000e+00 0.00000000000000e+00 0.00000000000000e+00 0.00000000000000e+00 
1.12055114718912e-07 3.33138850590606e+02 3.16951092272837e+02 1.28061765498872e+20 2.77312895359335e+13 6.52358383999367e+12 1.22441850067777e+13 2.79333092898356e+10 5.09004789830968e+13 1.54860617160172e+13 1.06279522847255e+07 1.44697264612608e+12 1.03822637751901e+07 1.46477864338833e+01 0.00000000000000e+00 0.00000000000000e+00 0.00000000000000e+00 0.00000000000000e+00 0.00000000000000e+00 0.00000000000000e+00 0.00000000000000e+00 
1.35971206537022e-07 3.32996995282825e+02 3.16871588178228e+02 1.28061748335987e+20 3.36500428993625e+13 7.91650752347452e+12 1.48505253219326e+13 3.38951375602699e+10 6.17780350470567e+13 1.87774752663101e+13 1.28965435438403e+07 1.75579852283536e+12 1.52870545343214e+07 2.15827590205452e+01 0.00000000000000e+00 0.00000000000000e+00 0.00000000000000e+00 0.00000000000000e+00 0.00000000000000e+00 0.00000000000000e+00 0.00000000000000e+00 
3.75132124718125e-07 3.31610806497708e+02 3.16792443242265e+02 1.28061576829231e+20 9.28380077369578e+13 2.18569554280560e+13 4.07802394590175e+13 9.35130314034703e+10 1.70818016871993e+14 5.14270016489810e+13 3.55873284546333e+07 4.84398615050505e+12 1.16361859814687e+08 1.65416565826451e+02 0.00000000000000e+00 0.00000000000000e+00 0.00000000000000e+00 0.00000000000000e+00 0.00000000000000e+00 0.00000000000000e+00 0.00000000000000e+00 
6.14293042899228e-07 3.30281661178268e+02 3.16020364045955e+02 1.28061405542674e+20 1.52026746947560e+14 3.58175091276597e+13 6.64689695426541e+13 1.53130212692787e+11 2.80333006726275e+14 8.36011778041570e+13 5.82869922939075e+07 7.93204427019793e+12 3.12036614789531e+08 4.46585345809423e+02 0.00000000000000e+00 0.00000000000000e+00 0.00000000000000e+00 0.00000000000000e+00 0.00000000000000e+00 0.00000000000000e+00 0.00000000000000e+00 
8.53453961080332e-07 3.29007079256061e+02 3.15282304963628e+02 1.28061234473806e+20 2.11216246869776e+14 4.97977736388817e+13 9.19196346566438e+13 2.12746673485494e+11 3.90314946505936e+14 1.15308061098939e+14 8.09955647566191e+07 1.10199726471269e+13 6.02319299431754e+08 8.67754269286728e+02 0.00000000000000e+00 0.00000000000000e+00 0.00000000000000e+00 0.00000000000000e+00 0.00000000000000e+00 0.00000000000000e+00 0.00000000000000e+00 
1.09261487926143e-06 3.27784701143693e+02 3.14576624982714e+02 1.28061063620194e+20 2.70406493978329e+14 6.37973569262882e+13 1.17135072814866e+14 2.72362405790432e+11 5.00755997301181e+14 1.46555489674423e+14 1.03713076674799e+08 1.41077710450169e+13 9.87217885600316e+08 1.43150397745137e+03 0.00000000000000e+00 0.00000000000000e+00 0.00000000000000e+00 0.00000000000000e+00 0.00000000000000e+00 0.00000000000000e+00 0.00000000000000e+00 
1.33177579744254e-06 3.26612280986110e+02 3.13901773612267e+02 1.28060892979480e+20 3.29597474884409e+14 7.78158700029761e+13 1.42118045356183e+14 3.31977401571641e+11 6.11648528937554e+14 1.77351092907358e+14 1.26439559927043e+08 1.71954392261464e+13 1.46674033704063e+09 2.14033123934236e+03 0.00000000000000e+00 0.00000000000000e+00 0.00000000000000e+00 0.00000000000000e+00 0.00000000000000e+00 0.00000000000000e+00 0.00000000000000e+00 
2.66260273935210e-06 3.20906206313215e+02 3.13256285150539e+02 1.28059947223311e+20 6.58982449978653e+14 1.56150969375806e+14 2.77012798612487e+14 6.63695211546157e+11 1.23662880204933e+15 3.40797601998177e+14 2.53067993816805e+08 3.43745861360816e+13 5.86369738966424e+09 8.84179215334225e+03 0.00000000000000e+00 0.00000000000000e+00 0.00000000000000e+00 0.00000000000000e+00 0.00000000000000e+00 0.00000000000000e+00 0.00000000000000e+00 
3.99342968126167e-06 3.16367845201881e+02 3.10139992045459e+02 1.28059007629277e+20 9.88387535227789e+14 2.34995812225242e+14 4.05218655357303e+14 9.95388554433451e+11 1.87418268951825e+15 4.91659649875896e+14 3.79981344180191e+08 5.15496515580144e+13 1.31922381494917e+10 2.04766648169142e+04 0.00000000000000e+00 0.00000000000000e+00 0.00000000000000e+00 0.00000000000000e+00 0.00000000000000e+00 0.00000000000000e+00 0.00000000000000e+00 
5.32425662317123e-06 3.12751705598945e+02 3.07691908519153e+02 1.28058073881213e+20 1.31781064557931e+15 3.14288923925031e+14 5.27115441946689e+14 1.32705599748429e+12 2.52326580421276e+15 6.30981456729300e+14 5.07186180161987e+08 6.87205924522321e+13 2.34537210261744e+10 3.73467237893804e+04 0.00000000000000e+00 0.00000000000000e+00 0.00000000000000e+00 0.00000000000000e+00 0.00000000000000e+00 0.00000000000000e+00 0.00000000000000e+00 
6.65508356508080e-06 3.09866483664648e+02 3.05761073024437e+02 1.28057145697282e+20 1.64724982160183e+15 3.93972306594507e+14 6.43045063733999e+14 1.65869609434081e+12 3.18294717705152e+15 7.59693818469623e+14 6.34689249667115e+08 8.58873647943619e+13 3.66494964197235e+10 5.96928292873380e+04 0.00000000000000e+00 0.00000000000000e+00 0.00000000000000e+00 0.00000000000000e+00 0.00000000000000e+00 0.00000000000000e+00 0.00000000000000e+00 
7.98591050699036e-06 3.07561247530673e+02 3.04233330743766e+02 1.28056222821116e+20 1.97670322591062e+15 4.73991501957797e+14 7.53320291627850e+14 1.99030739201332e+12 3.85238722539438e+15 8.78636143372619e+14 7.62497245127321e+08 1.03049923696080e+14 5.27809065374165e+10 8.77047560980413e+04 0.00000000000000e+00 0.00000000000000e+00 0.00000000000000e+00 0.00000000000000e+00 0.00000000000000e+00 0.00000000000000e+00 0.00000000000000e+00 
9.31673744889992e-06 3.05716863781034e+02 3.03020994832846e+02 1.28055305016672e+20 2.30616913749181e+15 5.54295511145570e+14 8.58229997443597e+14 2.32188843483114e+12 4.53082381610802e+15 9.88570391443213e+14 8.90616671640478e+08 1.20208223499073e+14 7.18492852410747e+10 1.21529623841177e+05 0.00000000000000e+00 0.00000000000000e+00 0.00000000000000e+00 0.00000000000000e+00 0.00000000000000e+00 0.00000000000000e+00 0.00000000000000e+00 
1.22386786920800e-05 3.02839219297698e+02 3.02056396820349e+02 1.28053306627600e+20 3.02957508306610e+15 7.31380015715826e+14 1.07104742885629e+15 3.04978891981875e+12 6.04860296008646e+15 1.20168371213438e+15 1.17303559463557e+09 1.57865528554124e+14 1.24025119833252e+11 2.16725149071107e+05 0.00000000000000e+00 0.00000000000000e+00 0.00000000000000e+00 0.00000000000000e+00 0.00000000000000e+00 0.00000000000000e+00 0.00000000000000e+00 
1.51606199352601e-05 3.01057140288831e+02 3.00561066724461e+02 1.28051329536809e+20 3.75301846429030e+15 9.09163716527962e+14 1.26184853609352e+15 3.77752115923156e+12 7.60006016993222e+15 1.38106084588704e+15 1.45704352733349e+09 1.95501577994891e+14 1.90379119870311e+11 3.41257665270427e+05 0.00000000000000e+00 0.00000000000000e+00 0.00000000000000e+00 0.00000000000000e+00 0.00000000000000e+00 0.00000000000000e+00 0.00000000000000e+00 
1.80825611784401e-05 2.99986681973939e+02 2.99640999398030e+02 1.28049371872600e+20 4.47648625662886e+15 1.08726725825449e+15 1.43289842532603e+15 4.50506982335938e+12 9.17987003203856e+15 1.53202565198074e+15 1.74268875764640e+09 2.33115860538385e+14 2.70924962390910e+11 4.95517233399972e+05 0.00000000000000e+00 0.00000000000000e+00 0.00000000000000e+00 0.00000000000000e+00 0.00000000000000e+00 0.00000000000000e+00 0.00000000000000e+00 
2.10045024216202e-05 2.99353612114899e+02 2.99028326079969e+02 1.28047431951575e+20 5.19996734970051e+15 1.26537096059294e+15 1.58621225736233e+15 5.23241966859178e+12 1.07835655473649e+16 1.65904369388708e+15 2.03000899593413e+09 2.70707856757705e+14 3.65676114709736e+11 6.79659902173750e+05 0.00000000000000e+00 0.00000000000000e+00 0.00000000000000e+00 0.00000000000000e+00 0.00000000000000e+00 0.00000000000000e+00 0.00000000000000e+00 
2.39264436648003e-05 2.98962084380729e+02 2.98724655484173e+02 1.28045508237917e+20 5.92345229778998e+15 1.44320764140962e+15 1.72360338531105e+15 5.95955549866340e+12 1.24073706569469e+16 1.76588973289836e+15 2.31903098515943e+09 3.08277041179722e+14 4.74645830634193e+11 8.93773341432208e+05 0.00000000000000e+00 0.00000000000000e+00 0.00000000000000e+00 0.00000000000000e+00 0.00000000000000e+00 0.00000000000000e+00 0.00000000000000e+00 
2.68483849079804e-05 2.98704478302271e+02 2.98537334818184e+02 1.28043599319971e+20 6.64693306810214e+15 1.62055510040178e+15 1.84671453099117e+15 6.68646212783395e+12 1.40480760434180e+16 1.85577193635869e+15 2.60977144711780e+09 3.45822883707368e+14 5.97847147626090e+11 1.13794745422895e+06 0.00000000000000e+00 0.00000000000000e+00 0.00000000000000e+00 0.00000000000000e+00 0.00000000000000e+00 0.00000000000000e+00 0.00000000000000e+00 
3.33098084683976e-05 2.98348277797551e+02 2.98414290990816e+02 1.28039424319492e+20 8.24675192421370e+15 2.01011642219184e+15 2.07542397527204e+15 8.29301490221663e+12 1.77233119857811e+16 2.00723352474959e+15 3.25883669371834e+09 4.28764201463110e+14 9.20883592139638e+11 1.78487108390282e+06 0.00000000000000e+00 0.00000000000000e+00 0.00000000000000e+00 0.00000000000000e+00 0.00000000000000e+00 0.00000000000000e+00 0.00000000000000e+00 
3.97712320288148e-05 2.98207108313681e+02 2.98244421939332e+02 1.28035303576716e+20 9.84646124537288e+15 2.39495464036926e+15 2.25482896692588e+15 9.89820904970658e+12 2.14461772441612e+16 2.11074045631936e+15 3.91632556903686e+09 5.11582973137870e+14 1.31371039086890e+12 2.57918974389681e+06 0.00000000000000e+00 0.00000000000000e+00 0.00000000000000e+00 0.00000000000000e+00 0.00000000000000e+00 0.00000000000000e+00 0.00000000000000e+00 
4.62326555892320e-05 2.98223643744233e+02 2.98177185630954e+02 1.28031227518625e+20 1.14460215105702e+16 2.77413464439228e+15 2.39548414989077e+15 1.15018819087058e+13 2.52017167128096e+16 2.18123959805568e+15 4.58212006959861e+09 5.94273386485144e+14 1.77645693963352e+12 3.51996402821990e+06 0.00000000000000e+00 0.00000000000000e+00 0.00000000000000e+00 0.00000000000000e+00 0.00000000000000e+00 0.00000000000000e+00 0.00000000000000e+00 
5.26940791496492e-05 2.98273413092717e+02 2.98185058560990e+02 1.28027188499299e+20 1.30454044421856e+16 3.14705550895071e+15 2.50567119823526e+15 1.31038714901108e+13 2.89795670411943e+16 2.22908695093896e+15 5.25603437743672e+09 6.76829639725250e+14 2.30924720348156e+12 4.60590140116276e+06 0.00000000000000e+00 0.00000000000000e+00 0.00000000000000e+00 0.00000000000000e+00 0.00000000000000e+00 0.00000000000000e+00 0.00000000000000e+00 
5.91555027100664e-05 2.98280864787476e+02 2.98208759066199e+02 1.28023180350609e+20 1.46445894428625e+16 3.51334204654072e+15 2.59196022675852e+15 1.47040161321705e+13 3.27723552178818e+16 2.26164887407311e+15 5.93783118218931e+09 7.59245953980060e+14 2.91219968235065e+12 5.83594374026001e+06 0.00000000000000e+00 0.00000000000000e+00 0.00000000000000e+00 0.00000000000000e+00 0.00000000000000e+00 0.00000000000000e+00 0.00000000000000e+00 
6.56169262704835e-05 2.98263234620668e+02 2.98212308084310e+02 1.28019198086137e+20 1.62435617555757e+16 3.87278937386492e+15 2.65956323243403e+15 1.63021547018045e+13 3.65749967637968e+16 2.28400370058788e+15 6.62723629791042e+09 8.41516580509522e+14 3.58542739232570e+12 7.20909219900228e+06 0.00000000000000e+00 0.00000000000000e+00 0.00000000000000e+00 0.00000000000000e+00 0.00000000000000e+00 0.00000000000000e+00 0.00000000000000e+00 
7.61512995132678e-05 2.98232140912811e+02 2.98203911403267e+02 1.28012751016990e+20 1.88499618605829e+16 4.44395431960453e+15 2.74003977627199e+15 1.89029613730666e+13 4.27874500095002e+16 2.30685450985087e+15 7.76675579892064e+09 9.75319200901694e+14 4.83398364259570e+12 9.75103612981522e+06 0.00000000000000e+00 0.00000000000000e+00 0.00000000000000e+00 0.00000000000000e+00 0.00000000000000e+00 0.00000000000000e+00 0.00000000000000e+00 
8.66856727560520e-05 2.98253294558331e+02 2.98189104377215e+02 1.28006349646254e+20 2.14557408304033e+16 4.99681192296982e+15 2.79417516497511e+15 2.14973228788914e+13 4.90094410323094e+16 2.31918727577527e+15 8.92437640250863e+09 1.10869486634760e+15 6.27005233856215e+12 1.26627117285587e+07 0.00000000000000e+00 0.00000000000000e+00 0.00000000000000e+00 0.00000000000000e+00 0.00000000000000e+00 0.00000000000000e+00 0.00000000000000e+00 
9.72200459988362e-05 2.98281933072766e+02 2.98199177489401e+02 1.27999985316601e+20 2.40608802018951e+16 5.53167528793015e+15 2.83035630715342e+15 2.40845589205453e+13 5.52365467852158e+16 2.32540107093179e+15 1.00987372273230e+10 1.24161928033972e+15 7.89402908408671e+12 1.59366464302050e+07 0.00000000000000e+00 0.00000000000000e+00 0.00000000000000e+00 0.00000000000000e+00 0.00000000000000e+00 0.00000000000000e+00 0.00000000000000e+00 
1.07754419241620e-04 2.98280296364649e+02 2.98212816544142e+02 1.27993651826153e+20 2.66653654856058e+16 6.04891969980202e+15 2.85444829906032e+15 2.66639961130891e+13 6.14653932929629e+16 2.32884617045776e+15 1.12884799261522e+10 1.37406839451094e+15 9.70627050386364e+12 1.95659637875170e+07 0.00000000000000e+00 0.00000000000000e+00 0.00000000000000e+00 0.00000000000000e+00 0.00000000000000e+00 0.00000000000000e+00 0.00000000000000e+00 
1.18288792484405e-04 2.98267029986186e+02 2.98212036909375e+02 1.27987344617485e+20 2.92691861628030e+16 6.54899987427204e+15 2.87058812561050e+15 2.92349692592040e+13 6.76939184867098e+16 2.33156128173715e+15 1.24922512258355e+10 1.50601843614145e+15 1.17070942004297e+13 2.35439847188203e+07 0.00000000000000e+00 0.00000000000000e+00 0.00000000000000e+00 0.00000000000000e+00 0.00000000000000e+00 0.00000000000000e+00 0.00000000000000e+00 
1.28823165727189e-04 2.98265837417573e+02 2.98205718505121e+02 1.27981060451138e+20 3.18723361924895e+16 7.03247071639044e+15 2.88148986967817e+15 3.17968231207719e+13 7.39217673717661e+16 2.33387837255144e+15 1.37087108807030e+10 1.63744593206441e+15 1.38967787493216e+13 2.78635859667309e+07 0.00000000000000e+00 0.00000000000000e+00 0.00000000000000e+00 0.00000000000000e+00 0.00000000000000e+00 0.00000000000000e+00 0.00000000000000e+00 
1.48108529341326e-04 2.98271429351204e+02 2.98205150462633e+02 1.27969608396849e+20 3.66361909491850e+16 7.87634746761423e+15 2.89343327223668e+15 3.64610729357451e+13 8.53211185072671e+16 2.33728395513251e+15 1.59642659008976e+10 1.87662079738890e+15 1.83955758356518e+13 3.66333986148870e+07 0.00000000000000e+00 0.00000000000000e+00 0.00000000000000e+00 0.00000000000000e+00 0.00000000000000e+00 0.00000000000000e+00 0.00000000000000e+00 
1.67393892955463e-04 2.98277279585296e+02 2.98207813466550e+02 1.27958217315162e+20 4.13977589412686e+16 8.66971986421981e+15 2.89917212657282e+15 4.10887337175525e+13 9.67185929441802e+16 2.33874976378250e+15 1.82502458214771e+10 2.11382678407152e+15 2.35292492186073e+13 4.64820441232446e+07 0.00000000000000e+00 0.00000000000000e+00 0.00000000000000e+00 0.00000000000000e+00 0.00000000000000e+00 0.00000000000000e+00 0.00000000000000e+00 
1.86679256569600e-04 2.98273927359452e+02 2.98210599553101e+02 1.27946881636300e+20 4.61570160420309e+16 9.41558399440113e+15 2.90144402821463e+15 4.56760531860184e+13 1.08112984834218e+17 2.33934429187486e+15 2.05593204437690e+10 2.34892710367983e+15 2.92984956510670e+13 5.73705850344418e+07 0.00000000000000e+00 0.00000000000000e+00 0.00000000000000e+00 0.00000000000000e+00 0.00000000000000e+00 0.00000000000000e+00 0.00000000000000e+00 
2.05964620183737e-04 2.98271070727027e+02 2.98209002834855e+02 1.27935596854506e+20 5.09139391298766e+16 1.01167287923560e+16 2.90212652881874e+15 5.02194220420883e+13 1.19502811148629e+17 2.34041514665464e+15 2.28846201504971e+10 2.58178840772836e+15 3.57035771369772e+13 6.92602506939882e+07 0.00000000000000e+00 0.00000000000000e+00 0.00000000000000e+00 0.00000000000000e+00 0.00000000000000e+00 0.00000000000000e+00 0.00000000000000e+00 
2.25249983797874e-04 2.98272893617944e+02 2.98207642180539e+02 1.27924359314167e+20 5.56685092096381e+16 1.07758572300459e+16 2.90232646636317e+15 5.47153809278952e+13 1.30887895420572e+17 2.34200572019001e+15 2.52197272795674e+10 2.81228079744401e+15 4.27443236634794e+13 8.21122536322216e+07 0.00000000000000e+00 0.00000000000000e+00 0.00000000000000e+00 0.00000000000000e+00 0.00000000000000e+00 0.00000000000000e+00 0.00000000000000e+00 
2.44535347412011e-04 2.98274700350307e+02 2.98208510175334e+02 1.27913166233787e+20 6.04207100413388e+16 1.13955585797757e+16 2.90238475648547e+15 5.91606115200015e+13 1.42268696684645e+17 2.34352693957104e+15 2.75586438472991e+10 3.04027785245234e+15 5.04201359843281e+13 9.58908634589996e+07 0.00000000000000e+00 0.00000000000000e+00 0.00000000000000e+00 0.00000000000000e+00 0.00000000000000e+00 0.00000000000000e+00 0.00000000000000e+00 
2.81214986038089e-04 2.98275359434179e+02 2.98209370477866e+02 1.27891992578552e+20 6.94525242247501e+16 1.24737025981074e+16 2.90207046019824e+15 6.74641739792001e+13 1.63902125220637e+17 2.34615042114263e+15 3.19987071733535e+10 3.46659588152088e+15 6.67671237730636e+13 1.24534500960599e+08 0.00000000000000e+00 0.00000000000000e+00 0.00000000000000e+00 0.00000000000000e+00 0.00000000000000e+00 0.00000000000000e+00 0.00000000000000e+00 
3.17894624664166e-04 2.98274659483046e+02 2.98209684052779e+02 1.27870957275991e+20 7.84756056604220e+16 1.34328037938236e+16 2.90163142210221e+15 7.55529616004460e+13 1.85518792223765e+17 2.34848643956193e+15 3.63997811745979e+10 3.88264236498920e+15 8.53959097101560e+13 1.56185373984039e+08 0.00000000000000e+00 0.00000000000000e+00 0.00000000000000e+00 0.00000000000000e+00 0.00000000000000e+00 0.00000000000000e+00 0.00000000000000e+00 
3.54574263290243e-04 2.98275155114292e+02 2.98209350378713e+02 1.27850047727110e+20 8.74898592411433e+16 1.42862825814812e+16 2.90116767700171e+15 8.34091442240879e+13 2.07117484629072e+17 2.35093663932961e+15 4.07343675429636e+10 4.28766096666923e+15 1.06290078540830e+14 1.90628968364054e+08 0.00000000000000e+00 0.00000000000000e+00 0.00000000000000e+00 0.00000000000000e+00 0.00000000000000e+00 0.00000000000000e+00 0.00000000000000e+00 
3.91253901916321e-04 2.98275953632005e+02 2.98209586106586e+02 1.27829252931473e+20 9.64952009277367e+16 1.50459945192096e+16 2.90069077964834e+15 9.10173487967806e+13 2.28697426158798e+17 2.35350935791677e+15 4.49809916399600e+10 4.68095094429365e+15 1.29427687675758e+14 2.27666337411121e+08 0.00000000000000e+00 0.00000000000000e+00 0.00000000000000e+00 0.00000000000000e+00 0.00000000000000e+00 0.00000000000000e+00 0.00000000000000e+00 
4.27933540542398e-04 2.98276378034966e+02 2.98209966083032e+02 1.27808563178201e+20 1.05491556128677e+17 1.57224548614884e+16 2.90020836260318e+15 9.83646549363922e+13 2.50258031527619e+17 2.35606714937119e+15 4.91236803221346e+10 5.06186754750831e+15 1.54781572850103e+14 2.67114843983645e+08 0.00000000000000e+00 0.00000000000000e+00 0.00000000000000e+00 0.00000000000000e+00 0.00000000000000e+00 0.00000000000000e+00 0.00000000000000e+00 
5.22100275586784e-04 2.98277308624490e+02 2.98210167885243e+02 1.27755873762548e+20 1.28546107149176e+17 1.71369206658525e+16 2.89898352052870e+15 1.15974488713407e+14 3.05517097539670e+17 2.36254162551544e+15 5.92316229186907e+10 5.97938436026599e+15 2.29768216166144e+14 3.78307330568454e+08 0.00000000000000e+00 0.00000000000000e+00 0.00000000000000e+00 0.00000000000000e+00 0.00000000000000e+00 0.00000000000000e+00 0.00000000000000e+00 
6.16267010631171e-04 2.98277945772856e+02 2.98210610253149e+02 1.27703704914178e+20 1.51540101498739e+17 1.81902465003068e+16 2.89778592905626e+15 1.31701059891727e+14 3.60634530622436e+17 2.36887850142846e+15 6.85290469649179e+10 6.80355388675906e+15 3.18451302588318e+14 5.01738521538879e+08 0.00000000000000e+00 0.00000000000000e+00 0.00000000000000e+00 0.00000000000000e+00 0.00000000000000e+00 0.00000000000000e+00 0.00000000000000e+00 
7.10433745675557e-04 2.98278623634457e+02 2.98210912866302e+02 1.27651967886514e+20 1.74472881841136e+17 1.89799968657257e+16 2.89659973510047e+15 1.45529399058496e+14 4.15602237329602e+17 2.37524051215367e+15 7.70738297533237e+10 7.52859590911422e+15 4.19981281480415e+14 6.35227959430341e+08 0.00000000000000e+00 0.00000000000000e+00 0.00000000000000e+00 0.00000000000000e+00 0.00000000000000e+00 0.00000000000000e+00 0.00000000000000e+00 
8.04600480719943e-04 2.98279196881939e+02 2.98211234865506e+02 1.27600599391547e+20 1.97344041191818e+17 1.95757109714326e+16 2.89541792279258e+15 1.57531979658293e+14 4.70414617735976e+17 2.38160327347326e+15 8.50142015272642e+10 8.15135388537374e+15 5.33345273258020e+14 7.76974917873027e+08 0.00000000000000e+00 0.00000000000000e+00 0.00000000000000e+00 0.00000000000000e+00 0.00000000000000e+00 0.00000000000000e+00 0.00000000000000e+00 
8.98767215764329e-04 2.98279671129806e+02 2.98211507040973e+02 1.27549552862552e+20 2.20153372868289e+17 2.00277749150586e+16 2.89424366775987e+15 1.67847691846325e+14 5.25068323563045e+17 2.38792456290022e+15 9.25322043491919e+10 8.67112225024289e+15 6.57405402958291e+14 9.25483967952192e+08 0.00000000000000e+00 0.00000000000000e+00 0.00000000000000e+00 0.00000000000000e+00 0.00000000000000e+00 0.00000000000000e+00 0.00000000000000e+00 
1.04022658498182e-03 2.98280297637041e+02 2.98211732068180e+02 1.27473400898968e+20 2.54301844368127e+17 2.05129124600067e+16 2.89249491097531e+15 1.80593267343309e+14 6.06870505159457e+17 2.39736858975269e+15 1.03411526553191e+11 9.26294866642915e+15 8.61156010670541e+14 1.15867412996513e+09 0.00000000000000e+00 0.00000000000000e+00 0.00000000000000e+00 0.00000000000000e+00 0.00000000000000e+00 0.00000000000000e+00 0.00000000000000e+00 
1.18168595419931e-03 2.98280848398720e+02 2.98212029191257e+02 1.27397802743082e+20 2.88311094979347e+17 2.08469652916166e+16 2.89076061892685e+15 1.90650109671369e+14 6.88315541395803e+17 2.40676649465696e+15 1.14246445817065e+11 9.63914836392341e+15 1.08196080551766e+15 1.40091813208589e+09 0.00000000000000e+00 0.00000000000000e+00 0.00000000000000e+00 0.00000000000000e+00 0.00000000000000e+00 0.00000000000000e+00 0.00000000000000e+00 
1.32314532341680e-03 2.98281345367212e+02 2.98212290242638e+02 1.27322690057541e+20 3.22182008370379e+17 2.10874212334666e+16 2.88903758344511e+15 1.98742044995808e+14 7.69414637449608e+17 2.41612454094102e+15 1.25439956813921e+11 9.82008857640400e+15 1.31545692606211e+15 1.64958664137448e+09 0.00000000000000e+00 0.00000000000000e+00 0.00000000000000e+00 0.00000000000000e+00 0.00000000000000e+00 0.00000000000000e+00 0.00000000000000e+00 
1.46460469263430e-03 2.98281805870233e+02 2.98212525677654e+02 1.27248010817081e+20 3.55915882875203e+17 2.12682833047385e+16 2.88732493687756e+15 2.05547972859286e+14 8.50185979836737e+17 2.42544225856148e+15 1.37275399734073e+11 9.83236602218949e+15 1.55741394184051e+15 1.90273048756112e+09 0.00000000000000e+00 0.00000000000000e+00 0.00000000000000e+00 0.00000000000000e+00 0.00000000000000e+00 0.00000000000000e+00 0.00000000000000e+00 
1.60606406185179e-03 2.98282241898728e+02 2.98212743748492e+02 1.27173722593579e+20 3.89514202135752e+17 2.14106795050848e+16 2.88562194560415e+15 2.11626464895994e+14 9.30650959602535e+17 2.43472331838018e+15 1.49942146341450e+11 9.70464822669373e+15 1.80398346812870e+15 2.15888938269432e+09 0.00000000000000e+00 0.00000000000000e+00 0.00000000000000e+00 0.00000000000000e+00 0.00000000000000e+00 0.00000000000000e+00 0.00000000000000e+00 
1.84223000150471e-03 2.98282932553631e+02 2.98212950165380e+02 1.27050472301294e+20 4.45308765441839e+17 2.15957960805695e+16 2.88279746862155e+15 2.21263329553305e+14 1.06436877501889e+18 2.45014697805699e+15 1.73264516095802e+11 9.25916148882974e+15 2.21725781365587e+15 2.59054672885178e+09 0.00000000000000e+00 0.00000000000000e+00 0.00000000000000e+00 0.00000000000000e+00 0.00000000000000e+00 0.00000000000000e+00 0.00000000000000e+00 
2.07839594115764e-03 2.98283598370932e+02 2.98213277019857e+02 1.26928062210848e+20 5.00737185142057e+17 2.17503656642322e+16 2.87999299179638e+15 2.31498337629907e+14 1.19740520595954e+18 2.46549292227720e+15 1.99580291749620e+11 8.63277262595213e+15 2.62189968451596e+15 3.02403828926214e+09 0.00000000000000e+00 0.00000000000000e+00 0.00000000000000e+00 0.00000000000000e+00 0.00000000000000e+00 0.00000000000000e+00 0.00000000000000e+00 
2.31456188081056e-03 2.98284252024317e+02 2.98213592046358e+02 1.26806378758000e+20 5.55806101610218e+17 2.18919674437241e+16 2.87720557034914e+15 2.43096103572722e+14 1.32985527658609e+18 2.48077173513632e+15 2.28884767048044e+11 7.93249510940018e+15 3.00961501701886e+15 3.45718471844556e+09 0.00000000000000e+00 0.00000000000000e+00 0.00000000000000e+00 0.00000000000000e+00 0.00000000000000e+00 0.00000000000000e+00 0.00000000000000e+00 
2.55072782046349e-03 2.98284899179982e+02 2.98213901277761e+02 1.26685341976578e+20 6.10521038009669e+17 2.20263250171601e+16 2.87443317041443e+15 2.56294362941113e+14 1.46179171566526e+18 2.49599124604984e+15 2.60905938966415e+11 7.23523874723805e+15 3.37617757058555e+15 3.88881958165442e+09 0.00000000000000e+00 0.00000000000000e+00 0.00000000000000e+00 0.00000000000000e+00 0.00000000000000e+00 0.00000000000000e+00 0.00000000000000e+00 
2.78689376011641e-03 2.98285542698755e+02 2.98214207410410e+02 1.26564900123776e+20 6.64886266017538e+17 2.21558471036886e+16 2.87167443947820e+15 2.71026027796316e+14 1.59326193138652e+18 2.51115640075346e+15 2.95204517791687e+11 6.58712812892189e+15 3.72049548236008e+15 4.31829902815912e+09 0.00000000000000e+00 0.00000000000000e+00 0.00000000000000e+00 0.00000000000000e+00 0.00000000000000e+00 0.00000000000000e+00 0.00000000000000e+00 
3.05820372559062e-03 2.98286280066121e+02 2.98214511805390e+02 1.26427233216982e+20 7.26914058091058e+17 2.23010005989290e+16 2.86852107324242e+15 2.89545867630435e+14 1.74375219555015e+18 2.52851441434629e+15 3.36661177355746e+11 5.92874341907882e+15 4.08979852452770e+15 4.80852100042907e+09 0.00000000000000e+00 0.00000000000000e+00 0.00000000000000e+00 0.00000000000000e+00 0.00000000000000e+00 0.00000000000000e+00 0.00000000000000e+00 
3.32951369106482e-03 2.98287014947355e+02 2.98214860578250e+02 1.26290291828580e+20 7.88488307135455e+17 2.24438164368981e+16 2.86538419685655e+15 3.09426677087895e+14 1.89367656466800e+18 2.54580559424168e+15 3.79797657382793e+11 5.36976569154428e+15 4.43394252744908e+15 5.29505140558399e+09 0.00000000000000e+00 0.00000000000000e+00 0.00000000000000e+00 0.00000000000000e+00 0.00000000000000e+00 0.00000000000000e+00 0.00000000000000e+00 
3.60082365653902e-03 2.98287748902013e+02 2.98215208158548e+02 1.26154070823774e+20 8.49612072464503e+17 2.25850409751417e+16 2.86226365993391e+15 3.30309490043915e+14 2.04303606418005e+18 2.56303003075997e+15 4.24054781065317e+11 4.90173221720133e+15 4.75653223911914e+15 5.77770800609350e+09 0.00000000000000e+00 0.00000000000000e+00 0.00000000000000e+00 0.00000000000000e+00 0.00000000000000e+00 0.00000000000000e+00 0.00000000000000e+00 
3.87213362201322e-03 2.98288480734392e+02 2.98215555289014e+02 1.26018569933769e+20 9.10288220776947e+17 2.27247952410204e+16 2.85915947788334e+15 3.51906845338192e+14 2.19182761189704e+18 2.58018725900029e+15 4.69044738511262e+11 4.51293392428638e+15 5.06087738113970e+15 6.25638952256948e+09 0.00000000000000e+00 0.00000000000000e+00 0.00000000000000e+00 0.00000000000000e+00 0.00000000000000e+00 0.00000000000000e+00 0.00000000000000e+00 
4.14344358748743e-03 2.98289210904570e+02 2.98215901400738e+02 1.25883793547980e+20 9.70519420341306e+17 2.28630729900293e+16 2.85607176280633e+15 3.73951465301937e+14 2.34004387620566e+18 2.59727648244589e+15 5.14370035348176e+11 4.18822164769375e+15 5.34994909442255e+15 6.73104383148900e+09 0.00000000000000e+00 0.00000000000000e+00 0.00000000000000e+00 0.00000000000000e+00 0.00000000000000e+00 0.00000000000000e+00 0.00000000000000e+00 
4.41475355296163e-03 2.98289938736978e+02 2.98216246713235e+02 1.25749747224974e+20 1.03030828742800e+18 2.29999746783240e+16 2.85300067464885e+15 3.96217745721248e+14 2.48767647310139e+18 2.61429676995406e+15 5.59756767561932e+11 3.91237044712714e+15 5.62625085907469e+15 7.20164746063088e+09 0.00000000000000e+00 0.00000000000000e+00 0.00000000000000e+00 0.00000000000000e+00 0.00000000000000e+00 0.00000000000000e+00 0.00000000000000e+00 
4.95733327450541e-03 2.98291385684796e+02 2.98216590905423e+02 1.25483867583909e+20 1.14856163774224e+18 2.32700858495350e+16 2.84690901593077e+15 4.40975672033208e+14 2.78115490710892e+18 2.64812643461850e+15 6.50719786916355e+11 3.47238432935478e+15 6.14713596630912e+15 8.13063572685692e+09 0.00000000000000e+00 0.00000000000000e+00 0.00000000000000e+00 0.00000000000000e+00 0.00000000000000e+00 0.00000000000000e+00 0.00000000000000e+00 
5.49991299604919e-03 2.98292820505777e+02 2.98217275119806e+02 1.25220913654239e+20 1.26507999407896e+18 2.35356575143305e+16 2.84088424156453e+15 4.85430054758976e+14 3.07226159541847e+18 2.68167629827611e+15 7.41683977776455e+11 3.13115602903851e+15 6.63514948162321e+15 9.04348008689861e+09 0.00000000000000e+00 0.00000000000000e+00 0.00000000000000e+00 0.00000000000000e+00 0.00000000000000e+00 0.00000000000000e+00 0.00000000000000e+00 
6.04249271759297e-03 2.98294242450904e+02 2.98217953536367e+02 1.24960868771922e+20 1.37988686191929e+18 2.37969195321354e+16 2.83492604628847e+15 5.29281415206772e+14 3.36099411321627e+18 2.71494619047207e+15 8.32726269265690e+11 2.85634066936309e+15 7.09736698972066e+15 9.94036998736075e+09 0.00000000000000e+00 0.00000000000000e+00 0.00000000000000e+00 0.00000000000000e+00 0.00000000000000e+00 0.00000000000000e+00 0.00000000000000e+00 
6.58507243913675e-03 2.98295651440291e+02 2.98218625801126e+02 1.24703706893512e+20 1.49300594838687e+18 2.40540101685377e+16 2.82903386823370e+15 5.72436539897664e+14 3.64736055421297e+18 2.74793713875236e+15 9.23838098270598e+11 2.63103403067612e+15 7.53825287687028e+15 1.08215722350607e+10 0.00000000000000e+00 0.00000000000000e+00 0.00000000000000e+00 0.00000000000000e+00 0.00000000000000e+00 0.00000000000000e+00 0.00000000000000e+00 
7.12765216068052e-03 2.98297047549072e+02 2.98219291878270e+02 1.24449400051096e+20 1.60446078077671e+18 2.43070579844312e+16 2.82320708626929e+15 6.14848585214632e+14 3.93137173667628e+18 2.78065049028352e+15 1.01488027220618e+12 2.44333543732230e+15 7.96107388805762e+15 1.16873803760855e+10 0.00000000000000e+00 0.00000000000000e+00 0.00000000000000e+00 0.00000000000000e+00 0.00000000000000e+00 0.00000000000000e+00 0.00000000000000e+00 
7.81386339822579e-03 2.98298794799150e+02 2.98219951805631e+02 1.24131817479195e+20 1.74307269278958e+18 2.46214813966235e+16 2.81593050376706e+15 6.67373669685657e+14 4.28721210122013e+18 2.82162846887255e+15 1.12975995539734e+12 2.24562432863432e+15 8.47381603297090e+15 1.27608015167948e+10 0.00000000000000e+00 0.00000000000000e+00 0.00000000000000e+00 0.00000000000000e+00 0.00000000000000e+00 0.00000000000000e+00 0.00000000000000e+00 
8.50007463577105e-03 2.98300521568861e+02 2.98220777629558e+02 1.23818696764318e+20 1.87910632112421e+18 2.49298137795438e+16 2.80875617382194e+15 7.18632101899055e+14 4.63933143508550e+18 2.86216807799036e+15 1.24425503439082e+12 2.07950038205366e+15 8.96564034696134e+15 1.38106728594049e+10 0.00000000000000e+00 0.00000000000000e+00 0.00000000000000e+00 0.00000000000000e+00 0.00000000000000e+00 0.00000000000000e+00 0.00000000000000e+00 
9.18628587331631e-03 2.98302227954885e+02 2.98221593682021e+02 1.23509974550392e+20 2.01260765355496e+18 2.52322030845496e+16 2.80168265749463e+15 7.68662058340456e+14 4.98776200394765e+18 2.90227315900178e+15 1.35838963809266e+12 1.93874544073644e+15 9.43931877480962e+15 1.48375940517433e+10 0.00000000000000e+00 0.00000000000000e+00 0.00000000000000e+00 0.00000000000000e+00 0.00000000000000e+00 0.00000000000000e+00 0.00000000000000e+00 
9.87249711086157e-03 2.98303914401762e+02 2.98222400012530e+02 1.23205588637837e+20 2.14362187585293e+18 2.55287768518952e+16 2.79470852806329e+15 8.17499988406962e+14 5.33253599864604e+18 2.94194758260041e+15 1.47206406552619e+12 1.81839791092492e+15 9.89700780733826e+15 1.58421585914369e+10 0.00000000000000e+00 0.00000000000000e+00 0.00000000000000e+00 0.00000000000000e+00 0.00000000000000e+00 0.00000000000000e+00 0.00000000000000e+00 
1.05587083484068e-02 2.98305581045883e+02 2.98223196835959e+02 1.22905478474738e+20 2.27219337119614e+18 2.58196599450548e+16 2.78783240354061e+15 8.65173694129012e+14 5.67368491372302e+18 2.98119513286195e+15 1.58515325081765e+12 1.71375457703201e+15 1.03404540838630e+16 1.68249450369837e+10 0.00000000000000e+00 0.00000000000000e+00 0.00000000000000e+00 0.00000000000000e+00 0.00000000000000e+00 0.00000000000000e+00 0.00000000000000e+00 
1.22186704926559e-02 2.98309532154891e+02 2.98223984220432e+02 1.22196822166322e+20 2.57337174180466e+18 2.65004920736710e+16 2.77159584001846e+15 9.75889757793992e+14 6.48413781303390e+18 3.07439413535369e+15 1.85612058132428e+12 1.50956021833887e+15 1.13614776040758e+16 1.91156395670185e+10 0.00000000000000e+00 0.00000000000000e+00 0.00000000000000e+00 0.00000000000000e+00 0.00000000000000e+00 0.00000000000000e+00 0.00000000000000e+00 
1.34351333530967e-02 2.98312356643027e+02 2.98225850548805e+02 1.21692674578812e+20 2.78551732595679e+18 2.69796344370306e+16 2.76004508931809e+15 1.05313534840949e+15 7.06497625449176e+18 3.14115304000119e+15 2.05221168473848e+12 1.39163301604046e+15 1.20704303569701e+16 2.07198986056293e+10 0.00000000000000e+00 0.00000000000000e+00 0.00000000000000e+00 0.00000000000000e+00 0.00000000000000e+00 0.00000000000000e+00 0.00000000000000e+00 
1.46515962135375e-02 2.98315122638761e+02 2.98227184439005e+02 1.21201000438382e+20 2.99067384424373e+18 2.74426680535903e+16 2.74878024263312e+15 1.12729860328520e+15 7.63495142232460e+18 3.20663383780410e+15 2.24604574633170e+12 1.29387895905514e+15 1.27505260933354e+16 2.22643611573241e+10 0.00000000000000e+00 0.00000000000000e+00 0.00000000000000e+00 0.00000000000000e+00 0.00000000000000e+00 0.00000000000000e+00 0.00000000000000e+00 
1.58680590739783e-02 2.98317831210173e+02 2.98228490490860e+02 1.20721488578471e+20 3.18906174915145e+18 2.78901340430548e+16 2.73779416467603e+15 1.19853267737435e+15 8.19423995749617e+18 3.27085771773496e+15 2.43748140972009e+12 1.21096896761484e+15 1.34046717887901e+16 2.37516964786958e+10 0.00000000000000e+00 0.00000000000000e+00 0.00000000000000e+00 0.00000000000000e+00 0.00000000000000e+00 0.00000000000000e+00 0.00000000000000e+00 
1.70845219344191e-02 2.98320483499980e+02 2.98229769225706e+02 1.20253834787891e+20 3.38089495828469e+18 2.83225541469859e+16 2.72707987439281e+15 1.26699058782389e+15 8.74301749893485e+18 3.33384576133092e+15 2.62648314247625e+12 1.13963526432996e+15 1.40351539142530e+16 2.51844461002865e+10 0.00000000000000e+00 0.00000000000000e+00 0.00000000000000e+00 0.00000000000000e+00 0.00000000000000e+00 0.00000000000000e+00 0.00000000000000e+00 
1.83009847948599e-02 2.98323080654480e+02 2.98231021199292e+02 1.19797742025286e+20 3.56638095287622e+18 2.87404255756423e+16 2.71663055240816e+15 1.33281848410802e+15 9.28145824480900e+18 3.39561887985908e+15 2.81303126418052e+12 1.07788877997558e+15 1.46438448607951e+16 2.65650222279043e+10 0.00000000000000e+00 0.00000000000000e+00 0.00000000000000e+00 0.00000000000000e+00 0.00000000000000e+00 0.00000000000000e+00 0.00000000000000e+00 
2.00563987490402e-02 2.98326733517055e+02 2.98232246968064e+02 1.19159376691716e+20 3.82326118520387e+18 2.93187478926162e+16 2.70200542006616e+15 1.42343338285232e+15 1.00405793517585e+19 3.48266042243544e+15 3.07781784028883e+12 1.00207352235751e+15 1.54868363941451e+16 2.84698825231024e+10 0.00000000000000e+00 0.00000000000000e+00 0.00000000000000e+00 0.00000000000000e+00 0.00000000000000e+00 0.00000000000000e+00 0.00000000000000e+00 
2.18118127032204e-02 2.98330277082288e+02 2.98233970701835e+02 1.18543644319925e+20 4.06792306482495e+18 2.98691463900807e+16 2.68789896582732e+15 1.50920330956127e+15 1.07790410441756e+19 3.56727602372875e+15 3.33734895863914e+12 9.38441386303977e+14 1.62914762511453e+16 3.02773213390237e+10 0.00000000000000e+00 0.00000000000000e+00 0.00000000000000e+00 0.00000000000000e+00 0.00000000000000e+00 0.00000000000000e+00 0.00000000000000e+00 
2.35672266574007e-02 2.98333714494420e+02 2.98235642539724e+02 1.17949733501315e+20 4.30092339220045e+18 3.03929349787902e+16 2.67429256652524e+15 1.59045904701007e+15 1.14973430862657e+19 3.64952576917006e+15 3.59160112586354e+12 8.84135866044026e+14 1.70607632174952e+16 3.19933400127712e+10 0.00000000000000e+00 0.00000000000000e+00 0.00000000000000e+00 0.00000000000000e+00 0.00000000000000e+00 0.00000000000000e+00 0.00000000000000e+00 
2.53226406115810e-02 2.98337048796502e+02 2.98237264001767e+02 1.17376863397434e+20 4.52279351221742e+18 3.08913615797665e+16 2.66116830191065e+15 1.66750233441316e+15 1.21959760366242e+19 3.72946862389844e+15 3.84058251345956e+12 8.37308048614388e+14 1.77970822872879e+16 3.36235166115776e+10 0.00000000000000e+00 0.00000000000000e+00 0.00000000000000e+00 0.00000000000000e+00 0.00000000000000e+00 0.00000000000000e+00 0.00000000000000e+00 
2.70780545657613e-02 2.98340282955390e+02 2.98238836556827e+02 1.16824281895557e+20 4.73404106459869e+18 3.13656145538047e+16 2.64850891249271e+15 1.74060695672414e+15 1.28754212883308e+19 3.80716245187528e+15 4.08431211032209e+12 7.96555559325487e+14 1.85024360046685e+16 3.51730507184683e+10 0.00000000000000e+00 0.00000000000000e+00 0.00000000000000e+00 0.00000000000000e+00 0.00000000000000e+00 0.00000000000000e+00 0.00000000000000e+00 
3.01288864212890e-02 2.98345673939902e+02 2.98240361634771e+02 1.15910076234129e+20 5.07731740978938e+18 3.21356271705834e+16 2.62756497376035e+15 1.85900857115066e+15 1.40120034161304e+19 3.93700650578704e+15 4.49549011642152e+12 7.36875903145204e+14 1.96594296590478e+16 3.76883034992043e+10 0.00000000000000e+00 0.00000000000000e+00 0.00000000000000e+00 0.00000000000000e+00 0.00000000000000e+00 0.00000000000000e+00 0.00000000000000e+00 
3.31797182768166e-02 2.98350785647307e+02 2.98242903247210e+02 1.15051359780829e+20 5.39235666815177e+18 3.28415933275912e+16 2.60789229348375e+15 1.96744636831855e+15 1.50944647155807e+19 4.06051834004543e+15 4.89112675211905e+12 6.88206199043614e+14 2.07355573847902e+16 3.99975775746089e+10 0.00000000000000e+00 0.00000000000000e+00 0.00000000000000e+00 0.00000000000000e+00 0.00000000000000e+00 0.00000000000000e+00 0.00000000000000e+00 
3.62305501323444e-02 2.98355632008741e+02 2.98245312609950e+02 1.14244727049220e+20 5.68138124213478e+18 3.34886642921336e+16 2.58941276113415e+15 2.06694777602992e+15 1.61251425619798e+19 4.17797893599959e+15 5.27150270516867e+12 6.47857205118343e+14 2.17371523269890e+16 4.21212307202447e+10 0.00000000000000e+00 0.00000000000000e+00 0.00000000000000e+00 0.00000000000000e+00 0.00000000000000e+00 0.00000000000000e+00 0.00000000000000e+00 
3.92813819878721e-02 2.98360226249017e+02 2.98247596401461e+02 1.13486993413308e+20 5.94643674368356e+18 3.40815699229171e+16 2.57205334480774e+15 2.15840640342996e+15 1.71062900731046e+19 4.28965882410688e+15 5.63692007198562e+12 6.13673093147868e+14 2.26694459486206e+16 4.40773142759564e+10 0.00000000000000e+00 0.00000000000000e+00 0.00000000000000e+00 0.00000000000000e+00 0.00000000000000e+00 0.00000000000000e+00 0.00000000000000e+00 
4.23322138433998e-02 2.98364580976978e+02 2.98249760949993e+02 1.12775173629417e+20 6.18941067616587e+18 3.46246618150786e+16 2.55574559666534e+15 2.24261245787134e+15 1.80400800733171e+19 4.39581865210025e+15 5.98773252261083e+12 5.84402933041085e+14 2.35369380588001e+16 4.58819055000730e+10 0.00000000000000e+00 0.00000000000000e+00 0.00000000000000e+00 0.00000000000000e+00 0.00000000000000e+00 0.00000000000000e+00 0.00000000000000e+00 
4.64440395949182e-02 2.98370092242012e+02 2.98251812278873e+02 1.11883561731797e+20 6.48497837584601e+18 3.52847814195997e+16 2.53531840405536e+15 2.34582692592770e+15 1.92273597160773e+19 4.53060368284733e+15 6.43808866707048e+12 5.51100430670212e+14 2.46106046769080e+16 4.80993002823691e+10 0.00000000000000e+00 0.00000000000000e+00 0.00000000000000e+00 0.00000000000000e+00 0.00000000000000e+00 0.00000000000000e+00 0.00000000000000e+00 
5.05558653464367e-02 2.98375218029595e+02 2.98254407901864e+02 1.11063911247093e+20 6.74748299685827e+18 3.58705891309167e+16 2.51653931270886e+15 2.43860316928334e+15 2.03373168767166e+19 4.65640397106998e+15 6.86351694699256e+12 5.23240686825828e+14 2.55827997080400e+16 5.00979132947830e+10 0.00000000000000e+00 0.00000000000000e+00 0.00000000000000e+00 0.00000000000000e+00 0.00000000000000e+00 0.00000000000000e+00 0.00000000000000e+00 
5.46676910979551e-02 2.98379984480252e+02 2.98256821496551e+02 1.10310356350802e+20 6.98043500536872e+18 3.63900993790092e+16 2.49927390702418e+15 2.52218985431626e+15 2.13746200439581e+19 4.77377784734467e+15 7.26500716412461e+12 4.99814138655896e+14 2.64616633885233e+16 5.19038227847435e+10 0.00000000000000e+00 0.00000000000000e+00 0.00000000000000e+00 0.00000000000000e+00 0.00000000000000e+00 0.00000000000000e+00 0.00000000000000e+00 
5.87795168494736e-02 2.98384415941529e+02 2.98259065492121e+02 1.09617529510729e+20 7.18697316345289e+18 3.68504609976888e+16 2.48339920994553e+15 2.59765917244555e+15 2.23436893978222e+19 4.88325278661391e+15 7.64351760066984e+12 4.79635462272167e+14 2.72544693677758e+16 5.35395298518437e+10 0.00000000000000e+00 0.00000000000000e+00 0.00000000000000e+00 0.00000000000000e+00 0.00000000000000e+00 0.00000000000000e+00 0.00000000000000e+00 
6.28913426009920e-02 2.98388535220872e+02 2.98261151449542e+02 1.08980506259527e+20 7.36991199768129e+18 3.72580657574344e+16 2.46880241375124e+15 2.66594989224204e+15 2.32487108593085e+19 4.98532734515916e+15 8.00003887376785e+12 4.62089128069461e+14 2.79677646643521e+16 5.50244797182452e+10 0.00000000000000e+00 0.00000000000000e+00 0.00000000000000e+00 0.00000000000000e+00 0.00000000000000e+00 0.00000000000000e+00 0.00000000000000e+00 
6.87407932809709e-02 2.98393898613856e+02 2.98263090185604e+02 1.08161732129534e+20 7.59433220909025e+18 3.77579717707306e+16 2.45003968305572e+15 2.75224292232099e+15 2.44335021300218e+19 5.11869726181411e+15 8.47128246266658e+12 4.41051386518227e+14 2.88573929158271e+16 5.69096035741429e+10 0.00000000000000e+00 0.00000000000000e+00 0.00000000000000e+00 0.00000000000000e+00 0.00000000000000e+00 0.00000000000000e+00 0.00000000000000e+00 
7.45902439609498e-02 2.98398729829103e+02 2.98265614085816e+02 1.07435032757199e+20 7.78246073853825e+18 3.81770260894175e+16 2.43338542681076e+15 2.82755238957390e+15 2.55073128200344e+19 5.23930355401424e+15 8.90284507409679e+12 4.23462156444381e+14 2.96147672817612e+16 5.85640524400675e+10 0.00000000000000e+00 0.00000000000000e+00 0.00000000000000e+00 0.00000000000000e+00 0.00000000000000e+00 0.00000000000000e+00 0.00000000000000e+00 
8.04396946409286e-02 2.98403080485863e+02 2.98267887205408e+02 1.06789940149490e+20 7.93980269681082e+18 3.85276172425519e+16 2.41859994713202e+15 2.89348426234723e+15 2.64799964987195e+19 5.34831089386075e+15 9.29748466982196e+12 4.08609180589165e+14 3.02546311835769e+16 6.00216409939592e+10 0.00000000000000e+00 0.00000000000000e+00 0.00000000000000e+00 0.00000000000000e+00 0.00000000000000e+00 0.00000000000000e+00 0.00000000000000e+00 
8.62891453209075e-02 2.98406997221712e+02 2.98269933948457e+02 1.06217231151171e+20 8.07103061574151e+18 3.88202137619874e+16 2.40547210429912e+15 2.95135673906301e+15 2.73605908846231e+19 5.44678537336549e+15 9.65786320003806e+12 3.95964009021376e+14 3.07902635200025e+16 6.13097257928358e+10 0.00000000000000e+00 0.00000000000000e+00 0.00000000000000e+00 0.00000000000000e+00 0.00000000000000e+00 0.00000000000000e+00 0.00000000000000e+00 
9.21385960008864e-02 2.98410522262530e+02 2.98271776344735e+02 1.05708744443623e+20 8.18013049503443e+18 3.90637308015431e+16 2.39381505991264e+15 3.00227317240170e+15 2.81573904233507e+19 5.53570088609739e+15 9.98652449329224e+12 3.85102094704329e+14 3.12336565997306e+16 6.24513793754057e+10 0.00000000000000e+00 0.00000000000000e+00 0.00000000000000e+00 0.00000000000000e+00 0.00000000000000e+00 0.00000000000000e+00 0.00000000000000e+00 
1.04276793011211e-01 2.98416743734829e+02 2.98273434325672e+02 1.04829238111244e+20 8.34942549032011e+18 3.94426279601017e+16 2.37364851401320e+15 3.08945702276648e+15 2.95747719158196e+19 5.69336206717485e+15 1.05773342630675e+13 3.66944562977965e+14 3.19034073941773e+16 6.44326876593632e+10 0.00000000000000e+00 0.00000000000000e+00 0.00000000000000e+00 0.00000000000000e+00 0.00000000000000e+00 0.00000000000000e+00 0.00000000000000e+00 
1.16414990021536e-01 2.98421733809436e+02 2.98276360180819e+02 1.04141892525343e+20 8.46177864026364e+18 3.96955045519765e+16 2.35788378424344e+15 3.15711957277816e+15 3.07228295694943e+19 5.82054394704212e+15 1.10617853540029e+13 3.53354968074278e+14 3.23046033910815e+16 6.59979667850395e+10 0.00000000000000e+00 0.00000000000000e+00 0.00000000000000e+00 0.00000000000000e+00 0.00000000000000e+00 0.00000000000000e+00 0.00000000000000e+00 
1.28553187031861e-01 2.98425735116655e+02 2.98278706595543e+02 1.03603829887491e+20 8.53490741155878e+18 3.98615340810571e+16 2.34553948703507e+15 3.21005770278703e+15 3.16515900423470e+19 5.92304530686236e+15 1.14576509533759e+13 3.42826882403548e+14 3.25051502827847e+16 6.72429588252269e+10 0.00000000000000e+00 0.00000000000000e+00 0.00000000000000e+00 0.00000000000000e+00 0.00000000000000e+00 0.00000000000000e+00 0.00000000000000e+00 
1.40691384042186e-01 2.98428941082549e+02 2.98280587864264e+02 1.03182388724614e+20 8.58097608733650e+18 3.99675783682595e+16 2.33586791137401e+15 3.25164157256521e+15 3.24018246987856e+19 6.00555135234626e+15 1.17800885017897e+13 3.34701421901699e+14 3.25583831513615e+16 6.82383078163859e+10 0.00000000000000e+00 0.00000000000000e+00 0.00000000000000e+00 0.00000000000000e+00 0.00000000000000e+00 0.00000000000000e+00 0.00000000000000e+00 
1.52829581052511e-01 2.98431506945668e+02 2.98282095054264e+02 1.02852333789840e+20 8.60846983161003e+18 4.00323501238808e+16 2.32829124244717e+15 3.28441204691011e+15 3.30068652651022e+19 6.07186618289291e+15 1.20418905810424e+13 3.28252286433449e+14 3.25056343793789e+16 6.90371076645320e+10 0.00000000000000e+00 0.00000000000000e+00 0.00000000000000e+00 0.00000000000000e+00 0.00000000000000e+00 0.00000000000000e+00 0.00000000000000e+00 
1.75128211232341e-01 2.98434934073186e+02 2.98283301225322e+02 1.02424726411761e+20 8.62807404858668e+18 4.00824109312786e+16 2.31847055413662e+15 3.32743864997670e+15 3.38234536712012e+19 6.16094595816646e+15 1.23978501223290e+13 3.19852838016255e+14 3.22290821015311e+16 7.01164700388954e+10 0.00000000000000e+00 0.00000000000000e+00 0.00000000000000e+00 0.00000000000000e+00 0.00000000000000e+00 0.00000000000000e+00 0.00000000000000e+00 
1.97426841412170e-01 2.98437199801457e+02 2.98284912110096e+02 1.02151490920452e+20 8.62882677101580e+18 4.00896191113841e+16 2.31219174652123e+15 3.35560335737791e+15 3.43694650705520e+19 6.22020915222802e+15 1.26375773134382e+13 3.14354119538764e+14 3.18430634043731e+16 7.08424540071721e+10 0.00000000000000e+00 0.00000000000000e+00 0.00000000000000e+00 0.00000000000000e+00 0.00000000000000e+00 0.00000000000000e+00 0.00000000000000e+00 
2.19725471592000e-01 2.98438705837339e+02 2.98285976989659e+02 1.01974722879506e+20 8.62309406547694e+18 4.00812467386693e+16 2.30812779164848e+15 3.37426830218674e+15 3.47356420799340e+19 6.25980174686592e+15 1.27991772118935e+13 3.10714547387690e+14 3.14350335071669e+16 7.13324971079366e+10 0.00000000000000e+00 0.00000000000000e+00 0.00000000000000e+00 0.00000000000000e+00 0.00000000000000e+00 0.00000000000000e+00 0.00000000000000e+00 
2.42024101771830e-01 2.98439706285458e+02 2.98286684769113e+02 1.01860154973506e+20 8.61562880039770e+18 4.00680031604431e+16 2.30549263542194e+15 3.38662110065180e+15 3.49808490928916e+19 6.28622552472388e+15 1.29077924399044e+13 3.08292922809617e+14 3.10491232909243e+16 7.16635981944555e+10 0.00000000000000e+00 0.00000000000000e+00 0.00000000000000e+00 0.00000000000000e+00 0.00000000000000e+00 0.00000000000000e+00 0.00000000000000e+00 
2.64322731951659e-01 2.98440366925800e+02 2.98287154914175e+02 1.01786430249383e+20 8.60823619907847e+18 4.00541092177400e+16 2.30379604583439e+15 3.39475051064350e+15 3.51441149993569e+19 6.30375891535982e+15 1.29803139211197e+13 3.06681193138024e+14 3.07050139043479e+16 7.18867983277249e+10 0.00000000000000e+00 0.00000000000000e+00 0.00000000000000e+00 0.00000000000000e+00 0.00000000000000e+00 0.00000000000000e+00 0.00000000000000e+00 
2.99479105885186e-01 2.98440963334755e+02 2.98287465353931e+02 1.01722313154586e+20 8.59846165625138e+18 4.00351148547630e+16 2.30231940627769e+15 3.40211630586377e+15 3.52932480828770e+19 6.31969893786402e+15 1.30467488149268e+13 3.05197163904331e+14 3.02589736156367e+16 7.20948511371290e+10 0.00000000000000e+00 0.00000000000000e+00 0.00000000000000e+00 0.00000000000000e+00 0.00000000000000e+00 0.00000000000000e+00 0.00000000000000e+00 
3.34635479818712e-01 2.98441272003607e+02 2.98287745588823e+02 1.01690171560480e+20 8.59210110238244e+18 4.00225986335074e+16 2.30157866199033e+15 3.40598029015231e+15 3.53712418825462e+19 6.32800578951572e+15 1.30815801983569e+13 3.04416612978718e+14 2.99328805606902e+16 7.22055513937671e+10 0.00000000000000e+00 0.00000000000000e+00 0.00000000000000e+00 0.00000000000000e+00 0.00000000000000e+00 0.00000000000000e+00 0.00000000000000e+00 
3.69791853752238e-01 2.98441440078169e+02 2.98287890614245e+02 1.01672834982605e+20 8.58845180268239e+18 4.00154178597919e+16 2.30117903426756e+15 3.40810235168064e+15 3.54139012842463e+19 6.33254709427720e+15 1.31006645010114e+13 3.03991677148290e+14 2.97059254103934e+16 7.22663682119092e+10 0.00000000000000e+00 0.00000000000000e+00 0.00000000000000e+00 0.00000000000000e+00 0.00000000000000e+00 0.00000000000000e+00 0.00000000000000e+00 
4.04948227685765e-01 2.98441531617123e+02 2.98287969581628e+02 1.01663486882559e+20 8.58635978360220e+18 4.00113039234374e+16 2.30096350059928e+15 3.40925394610405e+15 3.54372491124426e+19 6.33503146267663e+15 1.31111249582930e+13 3.03759953186547e+14 2.95514262915349e+16 7.22998399775760e+10 0.00000000000000e+00 0.00000000000000e+00 0.00000000000000e+00 0.00000000000000e+00 0.00000000000000e+00 0.00000000000000e+00 0.00000000000000e+00 
4.40104601619291e-01 2.98441578543403e+02 2.98288012589318e+02 1.01658858510698e+20 8.58508884966259e+18 4.00087741270132e+16 2.30085672779133e+15 3.40983136722361e+15 3.54493623092732e+19 6.33631787743154e+15 1.31166403633482e+13 3.03651121081155e+14 2.94475429128411e+16 7.23168411982855e+10 0.00000000000000e+00 0.00000000000000e+00 0.00000000000000e+00 0.00000000000000e+00 0.00000000000000e+00 0.00000000000000e+00 0.00000000000000e+00 
5.10472352285452e-01 2.98441604554935e+02 2.98288034635385e+02 1.01656535075102e+20 8.58409795277703e+18 4.00068262432132e+16 2.30080295255753e+15 3.41017845535323e+15 3.54563212100252e+19 6.33704974023540e+15 1.31197158761890e+13 3.03566691917865e+14 2.93383504931330e+16 7.23282109754021e+10 0.00000000000000e+00 0.00000000000000e+00 0.00000000000000e+00 0.00000000000000e+00 0.00000000000000e+00 0.00000000000000e+00 0.00000000000000e+00 
5.80840102951612e-01 2.98441612097053e+02 2.98288046853881e+02 1.01655918676190e+20 8.58374487788205e+18 4.00061267613949e+16 2.30078865837291e+15 3.41029630858346e+15 3.54583994181041e+19 6.33726781686668e+15 1.31206598081142e+13 3.03542873885468e+14 2.92922625407332e+16 7.23315549330297e+10 0.00000000000000e+00 0.00000000000000e+00 0.00000000000000e+00 0.00000000000000e+00 0.00000000000000e+00 0.00000000000000e+00 0.00000000000000e+00 
6.51207853617772e-01 2.98441620281270e+02 2.98288050396296e+02 1.01655092723397e+20 8.58354995403283e+18 4.00057466588217e+16 2.30076960939212e+15 3.41040184736748e+15 3.54605081237903e+19 6.33749243396522e+15 1.31216094120531e+13 3.03523106551667e+14 2.92700722170106e+16 7.23345878461262e+10 0.00000000000000e+00 0.00000000000000e+00 0.00000000000000e+00 0.00000000000000e+00 0.00000000000000e+00 0.00000000000000e+00 0.00000000000000e+00 
7.21575604283932e-01 2.98441624728370e+02 2.98288054241482e+02 1.01654633464997e+20 8.58345722880710e+18 4.00055676520524e+16 2.30075902304755e+15 3.41045373118698e+15 3.54616464839769e+19 6.33761400490960e+15 1.31221193043098e+13 3.03512900379554e+14 2.92586624249923e+16 7.23362146764160e+10 0.00000000000000e+00 0.00000000000000e+00 0.00000000000000e+00 0.00000000000000e+00 0.00000000000000e+00 0.00000000000000e+00 0.00000000000000e+00 
7.91943354950092e-01 2.98441624558059e+02 2.98288056330952e+02 1.01654664899945e+20 8.58344550203636e+18 4.00055474202021e+16 2.30075973691286e+15 3.41045256583515e+15 3.54616217741956e+19 6.33761107147469e+15 1.31221022266707e+13 3.03512807671786e+14 2.92537751095144e+16 7.23362909013792e+10 0.00000000000000e+00 0.00000000000000e+00 0.00000000000000e+00 0.00000000000000e+00 0.00000000000000e+00 0.00000000000000e+00 0.00000000000000e+00 
9.78937695039336e-01 2.98441623606973e+02 2.98288056250848e+02 1.01654772848865e+20 8.58345638003549e+18 4.00055680231454e+16 2.30076222318165e+15 3.41044036595119e+15 3.54613941620784e+19 6.33758697944268e+15 1.31220092893740e+13 3.03516419532004e+14 2.92504275378895e+16 7.23359100304065e+10 0.00000000000000e+00 0.00000000000000e+00 0.00000000000000e+00 0.00000000000000e+00 0.00000000000000e+00 0.00000000000000e+00 0.00000000000000e+00 
1.16593203512858e+00 2.98441622643218e+02 2.98288055803962e+02 1.01654870324533e+20 8.58348015514305e+18 4.00056210033101e+16 2.30076446224673e+15 3.41043547778205e+15 3.54611473699961e+19 6.33756027072375e+15 1.31218721124516e+13 3.03514446891382e+14 2.92518334465662e+16 7.23357914936657e+10 0.00000000000000e+00 0.00000000000000e+00 0.00000000000000e+00 0.00000000000000e+00 0.00000000000000e+00 0.00000000000000e+00 0.00000000000000e+00 
1.35292637521782e+00 2.98441622678651e+02 2.98288055351185e+02 1.01654864196322e+20 8.58348184855830e+18 4.00056188221985e+16 2.30076433040754e+15 3.41042963607503e+15 3.54611535220204e+19 6.33756139468140e+15 1.31218978235457e+13 3.03518954122319e+14 2.92527425543737e+16 7.23355800326076e+10 0.00000000000000e+00 0.00000000000000e+00 0.00000000000000e+00 0.00000000000000e+00 0.00000000000000e+00 0.00000000000000e+00 0.00000000000000e+00 
1.53992071530707e+00 2.98441622849063e+02 2.98288055367840e+02 1.01654846584894e+20 8.58347788897564e+18 4.00056098109662e+16 2.30076392596411e+15 3.41043146960025e+15 3.54611967268804e+19 6.33756606979020e+15 1.31219237014931e+13 3.03517187902960e+14 2.92527255712490e+16 7.23356008366690e+10 0.00000000000000e+00 0.00000000000000e+00 0.00000000000000e+00 0.00000000000000e+00 0.00000000000000e+00 0.00000000000000e+00 0.00000000000000e+00 
2.98034147393211e+00 2.98441622882579e+02 2.98288055447897e+02 1.01654843641028e+20 8.58347655898644e+18 4.00056076686879e+16 2.30076385710497e+15 3.41043167932351e+15 3.54612057581254e+19 6.33756698074184e+15 1.31219250813646e+13 3.03517713356729e+14 2.92525650955772e+16 7.23356331940387e+10 0.00000000000000e+00 0.00000000000000e+00 0.00000000000000e+00 0.00000000000000e+00 0.00000000000000e+00 0.00000000000000e+00 0.00000000000000e+00 
4.42076223255716e+00 2.98441622875655e+02 2.98288055463641e+02 1.01654844343391e+20 8.58347672153491e+18 4.00056079747253e+16 2.30076387332992e+15 3.41043153627881e+15 3.54612040238870e+19 6.33756679884385e+15 1.31219243455361e+13 3.03517798107646e+14 2.92525665008270e+16 7.23356297968614e+10 0.00000000000000e+00 0.00000000000000e+00 0.00000000000000e+00 0.00000000000000e+00 0.00000000000000e+00 0.00000000000000e+00 0.00000000000000e+00 
5.86118299118221e+00 2.98441622875151e+02 2.98288055460388e+02 1.01654844393542e+20 8.58347673854736e+18 4.00056080323851e+16 2.30076387445065e+15 3.41043150310598e+15 3.54612038836951e+19 6.33756678178008e+15 1.31219242036930e+13 3.03517816363623e+14 2.92525684426217e+16 7.23356306445299e+10 0.00000000000000e+00 0.00000000000000e+00 0.00000000000000e+00 0.00000000000000e+00 0.00000000000000e+00 0.00000000000000e+00 0.00000000000000e+00 
2.02653905774327e+01 2.98441622875180e+02 2.98288055460151e+02 1.01654844390510e+20 8.58347673770239e+18 4.00056080267902e+16 2.30076387438625e+15 3.41043149239159e+15 3.54612038890482e+19 6.33756678257557e+15 1.31219242213623e+13 3.03517822804792e+14 2.92525692606439e+16 7.23356305082067e+10 0.00000000000000e+00 0.00000000000000e+00 0.00000000000000e+00 0.00000000000000e+00 0.00000000000000e+00 0.00000000000000e+00 0.00000000000000e+00 
3.46695981636831e+01 2.98441622875183e+02 2.98288055460165e+02 1.01654844390391e+20 8.58347673767880e+18 4.00056080268306e+16 2.30076387438349e+15 3.41043149433679e+15 3.54612038898759e+19 6.33756678267342e+15 1.31219242218380e+13 3.03517821285171e+14 2.92525690793393e+16 7.23356305093749e+10 0.00000000000000e+00 0.00000000000000e+00 0.00000000000000e+00 0.00000000000000e+00 0.00000000000000e+00 0.00000000000000e+00 0.00000000000000e+00 
4.90738057499336e+01 2.98441622875183e+02 2.98288055460166e+02 1.01654844390297e+20 8.58347673763395e+18 4.00056080267071e+16 2.30076387438133e+15 3.41043149354669e+15 3.54612038899380e+19 6.33756678267532e+15 1.31219242218811e+13 3.03517821961938e+14 2.92525691527892e+16 7.23356305095243e+10 0.00000000000000e+00 0.00000000000000e+00 0.00000000000000e+00 0.00000000000000e+00 0.00000000000000e+00 0.00000000000000e+00 0.00000000000000e+00 
1.49073805749934e+02 2.98441622875183e+02 2.98288055460166e+02 1.01654844390305e+20 8.58347673764127e+18 4.00056080267289e+16 2.30076387438148e+15 3.41043149370769e+15 3.54612038899236e+19 6.33756678267409e+15 1.31219242218184e+13 3.03517821839403e+14 2.92525691397661e+16 7.23356305095570e+10 0.00000000000000e+00 0.00000000000000e+00 0.00000000000000e+00 0.00000000000000e+00 0.00000000000000e+00 0.00000000000000e+00 0.00000000000000e+00 
2.49073805749934e+02 2.98441622875183e+02 2.98288055460166e+02 1.01654844390309e+20 8.58347673764259e+18 4.00056080267330e+16 2.30076387438157e+15 3.41043149373047e+15 3.54612038899223e+19 6.33756678267408e+15 1.31219242218124e+13 3.03517821821556e+14 2.92525691377012e+16 7.23356305095531e+10 0.00000000000000e+00 0.00000000000000e+00 0.00000000000000e+00 0.00000000000000e+00 0.00000000000000e+00 0.00000000000000e+00 0.00000000000000e+00 
3.49073805749934e+02 2.98441622875183e+02 2.98288055460166e+02 1.01654844390313e+20 8.58347673764332e+18 4.00056080267360e+16 2.30076387438169e+15 3.41043149373847e+15 3.54612038899230e+19 6.33756678267431e+15 1.31219242218106e+13 3.03517821815341e+14 2.92525691370163e+16 7.23356305095602e+10 0.00000000000000e+00 0.00000000000000e+00 0.00000000000000e+00 0.00000000000000e+00 0.00000000000000e+00 0.00000000000000e+00 0.00000000000000e+00 
4.49073805749934e+02 2.98441622875183e+02 2.98288055460166e+02 1.01654844390316e+20 8.58347673764360e+18 4.00056080267375e+16 2.30076387438176e+15 3.41043149373907e+15 3.54612038899240e+19 6.33756678267450e+15 1.31219242218104e+13 3.03517821814954e+14 2.92525691369730e+16 7.23356305095664e+10 0.00000000000000e+00 0.00000000000000e+00 0.00000000000000e+00 0.00000000000000e+00 0.00000000000000e+00 0.00000000000000e+00 0.00000000000000e+00 
5.49073805749934e+02 2.98441622875183e+02 2.98288055460166e+02 1.01654844390310e+20 8.58347673764306e+18 4.00056080267344e+16 2.30076387438159e+15 3.41043149373935e+15 3.54612038899216e+19 6.33756678267406e+15 1.31219242218102e+13 3.03517821814566e+14 2.92525691369283e+16 7.23356305095528e+10 0.00000000000000e+00 0.00000000000000e+00 0.00000000000000e+00 0.00000000000000e+00 0.00000000000000e+00 0.00000000000000e+00 0.00000000000000e+00 
6.49073805749934e+02 2.98441622875183e+02 2.98288055460166e+02 1.01654844390310e+20 8.58347673764306e+18 4.00056080267344e+16 2.30076387438159e+15 3.41043149373931e+15 3.54612038899216e+19 6.33756678267405e+15 1.31219242218103e+13 3.03517821814590e+14 2.92525691369312e+16 7.23356305095518e+10 0.00000000000000e+00 0.00000000000000e+00 0.00000000000000e+00 0.00000000000000e+00 0.00000000000000e+00 0.00000000000000e+00 0.00000000000000e+00 
7.49073805749934e+02 2.98441622875183e+02 2.98288055460166e+02 1.01654844390308e+20 8.58347673764290e+18 4.00056080267336e+16 2.30076387438154e+15 3.41043149373929e+15 3.54612038899210e+19 6.33756678267393e+15 1.31219242218102e+13 3.03517821814561e+14 2.92525691369274e+16 7.23356305095484e+10 0.00000000000000e+00 0.00000000000000e+00 0.00000000000000e+00 0.00000000000000e+00 0.00000000000000e+00 0.00000000000000e+00 0.00000000000000e+00 
8.49073805749934e+02 2.98441622875183e+02 2.98288055460166e+02 1.01654844390301e+20 8.58347673764232e+18 4.00056080267303e+16 2.30076387438136e+15 3.41043149373905e+15 3.54612038899186e+19 6.33756678267347e+15 1.31219242218102e+13 3.03517821814568e+14 2.92525691369265e+16 7.23356305095340e+10 0.00000000000000e+00 0.00000000000000e+00 0.00000000000000e+00 0.00000000000000e+00 0.00000000000000e+00 0.00000000000000e+00 0.00000000000000e+00 
9.49073805749934e+02 2.98441622875183e+02 2.98288055460166e+02 1.01654844390285e+20 8.58347673764092e+18 4.00056080267227e+16 2.30076387438093e+15 3.41043149373850e+15 3.54612038899128e+19 6.33756678267238e+15 1.31219242218100e+13 3.03517821814566e+14 2.92525691369223e+16 7.23356305094996e+10 0.00000000000000e+00 0.00000000000000e+00 0.00000000000000e+00 0.00000000000000e+00 0.00000000000000e+00 0.00000000000000e+00 0.00000000000000e+00 
1.00000000000000e+03 2.98441622875183e+02 2.98288055460166e+02 1.01654844390281e+20 8.58347673764060e+18 4.00056080267209e+16 2.30076387438083e+15 3.41043149373837e+15 3.54612038899115e+19 6.33756678267213e+15 1.31219242218101e+13 3.03517821814566e+14 2.92525691369215e+16 7.23356305094915e+10 0.00000000000000e+00 0.00000000000000e+00 0.00000000000000e+00 0.00000000000000e+00 0.00000000000000e+00 0.00000000000000e+00 0.00000000000000e+00 
