Time(s)              GasTemp(K)           NearWallTemp(K)      [O2(X)](m^-3)        [O2(a1Dg)](m^-3)     [O2(b1Sg+)](m^-3)    [O2(A3Su+_C3Du_c1Su-)](m^-3) [O2(+,X)](m^-3)      [O(3P)](m^-3)        [O(1D)](m^-3)        [O(+,gnd)](m^-3)     [O(-,gnd)](m^-3)     [O3(X)](m^-3)        [O3(exc)](m^-3)      [CO2(X)](m^-3)       [CO2(e1)](m^-3)      [CO2(+,X)](m^-3)     [CO(X)](m^-3)        [CO(a3P)](m^-3)      [CO(+,X)](m^-3)      [C(X)](m^-3)        
0.00000000000000e+00 3.67690633100000e+02 3.43193284895000e+02 1.98674532088873e+20 1.98674532088873e-05 1.98674532088873e-05 1.98674532088873e-05 0.00000000000000e+00 0.00000000000000e+00 0.00000000000000e+00 0.00000000000000e+00 0.00000000000000e+00 0.00000000000000e+00 0.00000000000000e+00 0.00000000000000e+00 0.00000000000000e+00 0.00000000000000e+00 0.00000000000000e+00 0.00000000000000e+00 0.00000000000000e+00 0.00000000000000e+00 
1.78478912162048e-14 3.67690633010252e+02 3.47937856765873e+02 1.98674532088853e+20 6.99623412999467e+06 1.64604731758840e+06 3.03111331029796e+06 5.23918803927263e+03 1.20692383828959e+07 3.50997974541737e+06 1.63965407671493e+00 3.60977797521999e+05 1.08016877637246e-06 1.86717095231513e-12 0.00000000000000e+00 0.00000000000000e+00 0.00000000000000e+00 0.00000000000000e+00 0.00000000000000e+00 0.00000000000000e+00 0.00000000000000e+00 
3.56957824324095e-14 3.67690632920503e+02 3.47937856713576e+02 1.98674532088834e+20 1.39924682599801e+07 3.29209463543100e+06 6.06222661856793e+06 1.04783760785407e+04 2.41384767696347e+07 7.01995948698891e+06 3.27930815345528e+00 7.21955595042455e+05 3.40914027311381e-06 5.89301212171356e-12 0.00000000000000e+00 0.00000000000000e+00 0.00000000000000e+00 0.00000000000000e+00 0.00000000000000e+00 0.00000000000000e+00 0.00000000000000e+00 
5.35436736486143e-14 3.67690632830755e+02 3.47937856661279e+02 1.98674532088814e+20 2.09887023899763e+07 4.93814195355344e+06 9.09333992478746e+06 1.57175641178040e+04 3.62077151602975e+07 1.05299392246336e+07 4.91896223022158e+00 1.08293339256134e+06 7.01324130849084e-06 1.21230318344124e-11 0.00000000000000e+00 0.00000000000000e+00 0.00000000000000e+00 0.00000000000000e+00 0.00000000000000e+00 0.00000000000000e+00 0.00000000000000e+00 
1.31414807710858e-13 3.67690632439179e+02 3.47937856608983e+02 1.98674532088728e+20 5.15135794900362e+07 1.21199187743615e+07 2.23182205209099e+07 3.85763718749599e+04 8.88663329279723e+07 2.58441350940296e+07 1.20728450551406e+01 2.65789539357675e+06 3.66607335369544e-05 6.33714456798404e-11 0.00000000000000e+00 0.00000000000000e+00 0.00000000000000e+00 0.00000000000000e+00 0.00000000000000e+00 0.00000000000000e+00 0.00000000000000e+00 
2.09285941773101e-13 3.67690632047602e+02 3.47937856380809e+02 1.98674532088642e+20 8.20384565902985e+07 1.93016956003996e+07 3.55431010787109e+07 6.14351796320278e+04 1.41524950768984e+08 4.11583308900348e+07 1.92267278805447e+01 4.23285739456273e+06 9.01394839942225e-05 1.55814378808958e-10 0.00000000000000e+00 0.00000000000000e+00 0.00000000000000e+00 0.00000000000000e+00 0.00000000000000e+00 0.00000000000000e+00 0.00000000000000e+00 
2.87157075835345e-13 3.67690631656026e+02 3.47937856152636e+02 1.98674532088557e+20 1.12563333690766e+08 2.64834724317503e+07 4.87679815975853e+07 8.42939873890062e+04 1.94183568684490e+08 5.64725266114900e+07 2.63806107064416e+01 5.80781939551882e+06 1.67825858985669e-04 2.90102415158684e-10 0.00000000000000e+00 0.00000000000000e+00 0.00000000000000e+00 0.00000000000000e+00 0.00000000000000e+00 0.00000000000000e+00 0.00000000000000e+00 
3.65028209897588e-13 3.67690631264450e+02 3.47937855924463e+02 1.98674532088471e+20 1.43088210791441e+08 3.36652492684429e+07 6.19928620773194e+07 1.07152795145895e+05 2.46842186674900e+08 7.17867222579861e+07 3.35344935328338e+01 7.38278139644484e+06 2.69852685651932e-04 4.66465158856984e-10 0.00000000000000e+00 0.00000000000000e+00 0.00000000000000e+00 0.00000000000000e+00 0.00000000000000e+00 0.00000000000000e+00 0.00000000000000e+00 
5.96137141052802e-13 3.67690630102315e+02 3.47937855696290e+02 1.98674532088217e+20 2.33681108987031e+08 5.49796013831666e+07 1.01242168141308e+08 1.74994039424076e+05 4.03124448398896e+08 1.17236777603572e+08 5.47660607079448e+01 1.20570138834065e+07 7.16143089970218e-04 1.23791913085773e-09 0.00000000000000e+00 0.00000000000000e+00 0.00000000000000e+00 0.00000000000000e+00 0.00000000000000e+00 0.00000000000000e+00 0.00000000000000e+00 
8.27246072208016e-13 3.67690628940180e+02 3.47937855019109e+02 1.98674532087962e+20 3.24274007184444e+08 7.62939535449905e+07 1.40491473860186e+08 2.42835283701464e+05 5.59406710783338e+08 1.62686832288224e+08 7.59976278874241e+01 1.67312463701032e+07 1.37705017084768e-03 2.38035775688615e-09 0.00000000000000e+00 0.00000000000000e+00 0.00000000000000e+00 0.00000000000000e+00 0.00000000000000e+00 0.00000000000000e+00 0.00000000000000e+00 
1.05835500336323e-12 3.67690627778045e+02 3.47937854341929e+02 1.98674532087708e+20 4.14866905383678e+08 9.76083057539160e+07 1.79740779233943e+08 3.10676527978059e+05 7.15688973828247e+08 2.08136886311919e+08 9.72291950712720e+01 2.14054788565347e+07 2.25258060208656e-03 3.89379257865615e-09 0.00000000000000e+00 0.00000000000000e+00 0.00000000000000e+00 0.00000000000000e+00 0.00000000000000e+00 0.00000000000000e+00 0.00000000000000e+00 
1.28946393451844e-12 3.67690626615910e+02 3.47937853664748e+02 1.98674532087453e+20 5.05459803584735e+08 1.18922658009943e+08 2.18990084262581e+08 3.78517772253861e+05 8.71971237533618e+08 2.53586939674664e+08 1.18460762259488e+02 2.60797113427012e+07 3.34273286793640e-03 5.77822098165310e-09 0.00000000000000e+00 0.00000000000000e+00 0.00000000000000e+00 0.00000000000000e+00 0.00000000000000e+00 0.00000000000000e+00 0.00000000000000e+00 
3.60055324607058e-12 3.67690614994564e+02 3.47937852987567e+02 1.98674532084909e+20 1.41138878569552e+09 3.32066183160753e+08 6.11483115567620e+08 1.05693021496825e+06 2.43479391091235e+09 7.08087436950205e+08 3.30776434381916e+02 7.28220361897870e+07 2.60483275510777e-02 4.50269312208183e-08 0.00000000000000e+00 0.00000000000000e+00 0.00000000000000e+00 0.00000000000000e+00 0.00000000000000e+00 0.00000000000000e+00 0.00000000000000e+00 
5.91164255762272e-12 3.67690603373220e+02 3.47937846215760e+02 1.98674532082365e+20 2.31731776798852e+09 5.45209713021649e+08 1.00397611236107e+09 1.73534265760330e+06 3.99761665033671e+09 1.16258786813125e+09 5.43092106941190e+02 1.19564361010365e+08 7.02159139014102e-02 1.21374674430586e-07 0.00000000000000e+00 0.00000000000000e+00 0.00000000000000e+00 0.00000000000000e+00 0.00000000000000e+00 0.00000000000000e+00 0.00000000000000e+00 
8.22273186917485e-12 3.67690591751880e+02 3.47937839443956e+02 1.98674532079820e+20 3.22324675046373e+09 7.58353247592625e+08 1.39646907464296e+09 2.41375510015903e+06 5.56043945580663e+09 1.61708823321787e+09 7.55407779937309e+02 1.66306685804437e+08 1.35845473358143e-01 2.34821423860705e-07 0.00000000000000e+00 0.00000000000000e+00 0.00000000000000e+00 0.00000000000000e+00 0.00000000000000e+00 0.00000000000000e+00 0.00000000000000e+00 
1.05338211807270e-11 3.67690580130543e+02 3.47937832672153e+02 1.98674532077276e+20 4.12917573312116e+09 9.71496786873681e+08 1.78896200241331e+09 3.09216754263543e+06 7.12326232732209e+09 2.07158853221008e+09 9.67723453370273e+02 2.13049010572001e+08 2.22937002941158e-01 3.85367179946248e-07 0.00000000000000e+00 0.00000000000000e+00 0.00000000000000e+00 0.00000000000000e+00 0.00000000000000e+00 0.00000000000000e+00 0.00000000000000e+00 
3.36447142962484e-11 3.67690463917345e+02 3.47937825900352e+02 1.98674532051833e+20 1.31884655697172e+10 3.10293243873830e+09 5.71388938198299e+09 9.87629196303628e+06 2.27514946749773e+10 6.61658788694354e+09 3.09088021172640e+03 6.80472256789737e+08 2.27426072397167e+00 3.93127224614071e-06 0.00000000000000e+00 0.00000000000000e+00 0.00000000000000e+00 0.00000000000000e+00 0.00000000000000e+00 0.00000000000000e+00 0.00000000000000e+00 
5.67556074117697e-11 3.67690347704461e+02 3.47937758182455e+02 1.98674532026391e+20 2.22477554245345e+10 5.23436856160989e+09 9.63881331040227e+09 1.66604163755042e+07 3.83797336271740e+10 1.11615806322485e+10 5.21403701376706e+03 1.14789550035674e+09 6.47178157177760e+00 1.11870845571931e-05 0.00000000000000e+00 0.00000000000000e+00 0.00000000000000e+00 0.00000000000000e+00 0.00000000000000e+00 0.00000000000000e+00 0.00000000000000e+00 
7.98665005272911e-11 3.67690231491892e+02 3.47937690464755e+02 1.98674532000948e+20 3.13070452975731e+10 7.36580515548762e+09 1.35637337876749e+10 2.34445407800392e+07 5.40079791839017e+10 1.57065667681352e+10 7.33719385949228e+03 1.61531874127302e+09 1.28154995712644e+01 2.21528094899955e-05 0.00000000000000e+00 0.00000000000000e+00 0.00000000000000e+00 0.00000000000000e+00 0.00000000000000e+00 0.00000000000000e+00 0.00000000000000e+00 
1.02977393642812e-10 3.67690115279638e+02 3.47937622747254e+02 1.98674531975505e+20 4.03663351888330e+10 9.49724222037064e+09 1.74886508138047e+10 3.02286651766411e+07 6.96362313451494e+10 2.02515462946148e+10 9.46035074890207e+03 2.08274197953856e+09 2.13054147390804e+01 3.68284526597946e-05 0.00000000000000e+00 0.00000000000000e+00 0.00000000000000e+00 0.00000000000000e+00 0.00000000000000e+00 0.00000000000000e+00 0.00000000000000e+00 
3.34086324798026e-10 3.67688953174394e+02 3.47937555029950e+02 1.98674531721078e+20 1.30959235103591e+11 3.08116387741796e+10 5.67376312636650e+10 9.80699087063431e+07 2.25919116202271e+11 6.57009780459733e+10 3.06919220456592e+04 6.75697421640359e+09 2.24245415940502e+02 3.87632417775212e-04 0.00000000000000e+00 0.00000000000000e+00 0.00000000000000e+00 0.00000000000000e+00 0.00000000000000e+00 0.00000000000000e+00 0.00000000000000e+00 
5.65195255953240e-10 3.67687791100604e+02 3.47936877867810e+02 1.98674531466651e+20 2.21552136840443e+11 5.21260824275326e+10 9.59862666037153e+10 1.65911151442734e+08 3.82202661498897e+11 1.11149748869112e+11 5.19234977108976e+04 1.14312061881949e+10 6.41805150640706e+02 1.10943461728733e-03 0.00000000000000e+00 0.00000000000000e+00 0.00000000000000e+00 0.00000000000000e+00 0.00000000000000e+00 0.00000000000000e+00 0.00000000000000e+00 
7.96304187108453e-10 3.67686629058267e+02 3.47936200725478e+02 1.98674531212224e+20 3.12145040399361e+11 7.34405731796068e+10 1.35234556837690e+11 2.33752393385801e+08 5.38486867224579e+11 1.56597858774477e+11 7.31550777446372e+04 1.61054378949120e+10 1.27398463279829e+03 2.20224040899618e-03 0.00000000000000e+00 0.00000000000000e+00 0.00000000000000e+00 0.00000000000000e+00 0.00000000000000e+00 0.00000000000000e+00 0.00000000000000e+00 
1.02741311826367e-09 3.67685467047383e+02 3.47935523602952e+02 1.98674530957797e+20 4.02737945780315e+11 9.47551110295405e+10 1.74482501969499e+11 3.01593634535533e+08 6.94771733368375e+11 2.02045307773010e+11 9.43866621468987e+04 2.07796693365545e+10 2.12078387703724e+03 3.66605540439331e-03 0.00000000000000e+00 0.00000000000000e+00 0.00000000000000e+00 0.00000000000000e+00 0.00000000000000e+00 0.00000000000000e+00 0.00000000000000e+00 
3.33850242981580e-09 3.67673848668096e+02 3.47934846500233e+02 1.98674528413548e+20 1.30866709979130e+12 3.07903079599391e+11 5.66942974083386e+11 9.80006002394846e+08 2.25765671384372e+12 6.56483451840978e+11 3.06702746445743e+05 6.75219691736961e+10 2.23928685254585e+04 3.87117417448904e-02 0.00000000000000e+00 0.00000000000000e+00 0.00000000000000e+00 0.00000000000000e+00 0.00000000000000e+00 0.00000000000000e+00 0.00000000000000e+00 
5.64959174136794e-09 3.67662233433022e+02 3.47928076562169e+02 1.98674525869329e+20 2.21459643597257e+12 5.21055756970812e+11 9.59368940447889e+11 1.65841829090627e+09 3.82060772363100e+12 1.11085551772369e+12 5.19019267620540e+05 1.14264242502814e+11 6.41269460893070e+04 1.10864758094897e-01 0.00000000000000e+00 0.00000000000000e+00 0.00000000000000e+00 0.00000000000000e+00 0.00000000000000e+00 0.00000000000000e+00 0.00000000000000e+00 
7.96068105292008e-09 3.67650621341303e+02 3.47921308604009e+02 1.98674523325140e+20 3.12052595429624e+12 7.34213142321258e+11 1.35176040479560e+12 2.33683050005784e+09 5.38362475228648e+12 1.56516151586361e+12 7.31336225691144e+05 1.61006489323442e+11 1.27323030531732e+05 2.20130460568348e-01 0.00000000000000e+00 0.00000000000000e+00 0.00000000000000e+00 0.00000000000000e+00 0.00000000000000e+00 0.00000000000000e+00 0.00000000000000e+00 
1.02717703644722e-08 3.67639012392043e+02 3.47914542625141e+02 1.98674520780980e+20 4.02645565473312e+12 9.47375234789332e+11 1.74411737103517e+12 3.01524262983704e+09 6.94670778887402e+12 2.01940145719557e+12 9.43653620678349e+05 2.07748709635093e+11 2.11981136477023e+05 3.66514458099364e-01 0.00000000000000e+00 0.00000000000000e+00 0.00000000000000e+00 0.00000000000000e+00 0.00000000000000e+00 0.00000000000000e+00 0.00000000000000e+00 
2.84256812547983e-08 3.67547931756617e+02 3.47907778624930e+02 1.98674500797297e+20 1.11426590842433e+13 2.62195515375698e+12 4.82493364195035e+12 8.34425648763219e+09 1.92272253362334e+13 5.58521986328546e+12 2.61144991639170e+06 5.74914083666586e+11 1.62341344042634e+06 2.80796019837320e+00 0.00000000000000e+00 0.00000000000000e+00 0.00000000000000e+00 0.00000000000000e+00 0.00000000000000e+00 0.00000000000000e+00 0.00000000000000e+00 
4.65795921451244e-08 3.67457044530889e+02 3.47854715256192e+02 1.98674480815441e+20 1.82588737347454e+13 4.29682504574888e+12 7.90362340761619e+12 1.36732654410544e+10 3.15118098047540e+13 9.14696833169861e+12 4.27927318259312e+06 9.42077821745294e+11 4.35912686802237e+06 7.54278356452713e+00 0.00000000000000e+00 0.00000000000000e+00 0.00000000000000e+00 0.00000000000000e+00 0.00000000000000e+00 0.00000000000000e+00 0.00000000000000e+00 
6.47335030354506e-08 3.67366350280858e+02 3.47801773630374e+02 1.98674460835408e+20 2.53750995920813e+13 5.97198449309689e+12 1.09801885612442e+13 1.90022694840165e+10 4.38004558982681e+13 1.27046521579619e+13 5.94712342940070e+06 1.30923992363411e+12 8.41912851995795e+06 1.45737024925093e+01 0.00000000000000e+00 0.00000000000000e+00 0.00000000000000e+00 0.00000000000000e+00 0.00000000000000e+00 0.00000000000000e+00 0.00000000000000e+00 
8.28874139257767e-08 3.67275848573796e+02 3.47748953440708e+02 1.98674440857199e+20 3.24913366421138e+13 7.64743307874205e+12 1.40546309920526e+13 2.43312686104314e+10 5.60931583324012e+13 1.62582766258089e+13 7.61500066693950e+06 1.67640038909593e+12 1.38034254929353e+07 2.39034299349289e+01 0.00000000000000e+00 0.00000000000000e+00 0.00000000000000e+00 0.00000000000000e+00 0.00000000000000e+00 0.00000000000000e+00 0.00000000000000e+00 
1.01041324816103e-07 3.67185538978221e+02 3.47696254381418e+02 1.98674420880810e+20 3.96075848707263e+13 9.32317038622005e+12 1.71269525853485e+13 2.96602628142120e+10 6.83899118343410e+13 1.98078470074109e+13 9.28290490534161e+06 2.04355921789359e+12 2.05120248798737e+07 3.55346739609525e+01 0.00000000000000e+00 0.00000000000000e+00 0.00000000000000e+00 0.00000000000000e+00 0.00000000000000e+00 0.00000000000000e+00 0.00000000000000e+00 
2.82580433719364e-07 3.66292915537767e+02 3.47643676147701e+02 1.98674221216780e+20 1.10770678891483e+14 2.60963320690078e+13 4.77339333519173e+13 8.29499327652125e+10 1.91579107142274e+14 5.50817243793314e+13 2.59634345794004e+07 5.71505743703558e+12 1.60436210634692e+08 2.79021576980157e+02 0.00000000000000e+00 0.00000000000000e+00 0.00000000000000e+00 0.00000000000000e+00 0.00000000000000e+00 0.00000000000000e+00 0.00000000000000e+00 
4.64119542622625e-07 3.65419036933102e+02 3.47124473097696e+02 1.98674021733300e+20 1.81934875359552e+14 4.28979112140111e+13 7.81308796499068e+13 1.36239103739049e+11 3.15167682797909e+14 8.99559188519246e+13 4.26466755674516e+07 9.38639172802876e+12 4.32798431969940e+08 7.55608902118579e+02 0.00000000000000e+00 0.00000000000000e+00 0.00000000000000e+00 0.00000000000000e+00 0.00000000000000e+00 0.00000000000000e+00 0.00000000000000e+00 
6.45658651525886e-07 3.64563487861768e+02 3.46617023965414e+02 1.98673822428956e+20 2.53100160386305e+14 5.97274979317294e+13 1.08319629220271e+14 1.89527769613394e+11 4.39150508680368e+14 1.24435559899786e+14 5.93326381647521e+07 1.30575618520004e+13 8.37605766459910e+08 1.46794553081511e+03 0.00000000000000e+00 0.00000000000000e+00 0.00000000000000e+00 0.00000000000000e+00 0.00000000000000e+00 0.00000000000000e+00 0.00000000000000e+00 
8.27197760429147e-07 3.63725863255109e+02 3.46121037304282e+02 1.98673623302360e+20 3.24266520228032e+14 7.65846865185808e+13 1.38301989855924e+14 2.42815924243661e+11 5.63522544592872e+14 1.58525687070110e+14 7.60213327712225e+07 1.67285675689659e+13 1.37486528185993e+09 2.41864170619915e+03 0.00000000000000e+00 0.00000000000000e+00 0.00000000000000e+00 0.00000000000000e+00 0.00000000000000e+00 0.00000000000000e+00 0.00000000000000e+00 
1.00873686933241e-06 3.62905767973302e+02 3.45636229889958e+02 1.98673424352150e+20 3.95433941284105e+14 9.34690754122921e+13 1.68079740274999e+14 2.96103561463874e+11 6.88278837879086e+14 1.92231252366597e+14 9.27127698851635e+07 2.03994086378528e+13 2.04458403611316e+09 3.61026901660731e+03 0.00000000000000e+00 0.00000000000000e+00 0.00000000000000e+00 0.00000000000000e+00 0.00000000000000e+00 0.00000000000000e+00 0.00000000000000e+00 
2.82412795836502e-06 3.55587844757733e+02 3.45162326447435e+02 1.98671444265567e+20 1.10716361820921e+15 2.63723321670965e+14 4.54977996598063e+14 8.28950107953085e+11 1.95593831180754e+15 5.09173471929332e+14 2.59780333872334e+08 5.70987099813765e+13 1.60285756583771e+10 2.93169988188000e+04 0.00000000000000e+00 0.00000000000000e+00 0.00000000000000e+00 0.00000000000000e+00 0.00000000000000e+00 0.00000000000000e+00 0.00000000000000e+00 
4.63951904739763e-06 3.49649633550955e+02 3.40967242235298e+02 1.98669480468136e+20 1.81898540445214e+15 4.36283604603894e+14 7.23193092777123e+14 1.36173800822025e+12 3.25711927111248e+15 7.92563023152649e+14 4.27134238229922e+08 9.37812743114303e+13 4.32661827756593e+10 8.16657313480667e+04 0.00000000000000e+00 0.00000000000000e+00 0.00000000000000e+00 0.00000000000000e+00 0.00000000000000e+00 0.00000000000000e+00 0.00000000000000e+00 
6.45491013643024e-06 3.44822497945808e+02 3.37608600203491e+02 1.98667531904670e+20 2.53088775075913e+15 6.10808621409441e+14 9.74133531102821e+14 1.89446085349694e+12 4.58800369451995e+15 1.04621724981234e+15 5.94785907352747e+08 1.30446845742660e+14 8.37643009533595e+10 1.62613311666075e+05 0.00000000000000e+00 0.00000000000000e+00 0.00000000000000e+00 0.00000000000000e+00 0.00000000000000e+00 0.00000000000000e+00 0.00000000000000e+00 
8.27030122546285e-06 3.40893165988783e+02 3.34909286654471e+02 1.98665597651715e+20 3.24286020781596e+15 7.86989986220739e+14 1.20904206531108e+15 2.42711215044477e+12 5.94529844535909e+15 1.27342861366340e+15 7.62746725886503e+08 1.67095161222373e+14 1.37529724087253e+11 2.73772887101101e+05 0.00000000000000e+00 0.00000000000000e+00 0.00000000000000e+00 0.00000000000000e+00 0.00000000000000e+00 0.00000000000000e+00 0.00000000000000e+00 
1.00856923144955e-05 3.37690483341536e+02 3.32732966609390e+02 1.98663676884132e+20 3.95489330754891e+15 9.64549047963100e+14 1.42903241681645e+15 2.95968535931369e+12 7.32612936227492e+15 1.47707061287015e+15 9.31027662430376e+08 2.03725951765936e+14 2.04569141705275e+11 4.16449766944702e+05 0.00000000000000e+00 0.00000000000000e+00 0.00000000000000e+00 0.00000000000000e+00 0.00000000000000e+00 0.00000000000000e+00 0.00000000000000e+00 
1.19010834035281e-05 3.35076763192759e+02 3.30973285665885e+02 1.98661768854530e+20 4.66697845973805e+15 1.14323397252584e+15 1.63511285767512e+15 3.49217391762967e+12 8.72796961224859e+15 1.65966943289419e+15 1.09963904930674e+09 2.40338943377682e+14 2.84889136794343e+11 5.91679714373479e+05 0.00000000000000e+00 0.00000000000000e+00 0.00000000000000e+00 0.00000000000000e+00 0.00000000000000e+00 0.00000000000000e+00 0.00000000000000e+00 
1.59426355087394e-05 3.30832166548904e+02 3.29546786457708e+02 1.98657563395132e+20 6.25242130848923e+15 1.54395907969734e+15 2.04852377548205e+15 4.67730042208881e+12 1.19132913252376e+16 2.00161341443809e+15 1.47624604792969e+09 3.21784044386382e+14 5.11429997327246e+11 1.10261594655550e+06 0.00000000000000e+00 0.00000000000000e+00 0.00000000000000e+00 0.00000000000000e+00 0.00000000000000e+00 0.00000000000000e+00 0.00000000000000e+00 
1.99841876139506e-05 3.28106295324929e+02 3.27248848918470e+02 1.98653411050810e+20 7.83801102523824e+15 1.94704663801835e+15 2.40634697649598e+15 5.86190245514624e+12 1.51716315530953e+16 2.27036152620866e+15 1.85462148240488e+09 4.03136419093608e+14 8.03894521567825e+11 1.78458849009989e+06 0.00000000000000e+00 0.00000000000000e+00 0.00000000000000e+00 0.00000000000000e+00 0.00000000000000e+00 0.00000000000000e+00 0.00000000000000e+00 
2.40257397191619e-05 3.26366385956368e+02 3.25785483360293e+02 1.98649306094963e+20 9.42368879462364e+15 2.35082905130304e+15 2.71604003286852e+15 7.04590796007245e+12 1.84873610042442e+16 2.48153707058421e+15 2.23482468612799e+09 4.84392879841026e+14 1.16234942448983e+12 2.64030137654373e+06 0.00000000000000e+00 0.00000000000000e+00 0.00000000000000e+00 0.00000000000000e+00 0.00000000000000e+00 0.00000000000000e+00 0.00000000000000e+00 
2.80672918243732e-05 3.25262579180515e+02 3.24856554077073e+02 1.98645243470272e+20 1.10094073363879e+16 2.75399694599464e+15 2.98402123184399e+15 8.22924538050294e+12 2.18481877151559e+16 2.64742656086256e+15 2.61688776822172e+09 5.65550203635326e+14 1.58685859815225e+12 3.67067504379806e+06 0.00000000000000e+00 0.00000000000000e+00 0.00000000000000e+00 0.00000000000000e+00 0.00000000000000e+00 0.00000000000000e+00 0.00000000000000e+00 
3.21088439295845e-05 3.24559319378273e+02 3.24269328189564e+02 1.98641218666050e+20 1.25951286426893e+16 3.15552831752331e+15 3.21586535007000e+15 9.41184361601086e+12 2.52443756159259e+16 2.77776110804459e+15 3.00081757983189e+09 6.46605148318691e+14 2.07748307134469e+12 4.87569558119760e+06 0.00000000000000e+00 0.00000000000000e+00 0.00000000000000e+00 0.00000000000000e+00 0.00000000000000e+00 0.00000000000000e+00 0.00000000000000e+00 
3.61503960347957e-05 3.24106707856303e+02 3.23896045245883e+02 1.98637227667901e+20 1.41808223052904e+16 3.55463532392158e+15 3.41640891284750e+15 1.05936319163108e+13 2.86682743998016e+16 2.88018648498309e+15 3.38659906677458e+09 7.27554462770306e+14 2.63428098375186e+12 6.25485022856561e+06 0.00000000000000e+00 0.00000000000000e+00 0.00000000000000e+00 0.00000000000000e+00 0.00000000000000e+00 0.00000000000000e+00 0.00000000000000e+00 
4.36282056170257e-05 3.23625764773061e+02 3.23656155753313e+02 1.98629920701742e+20 1.71145707905729e+16 4.28471519976880e+15 3.71882134723704e+15 1.27778405862586e+13 3.50566815645226e+16 3.01576076946822e+15 4.10514711168114e+09 8.77039968515647e+14 3.83915698551362e+12 9.26331173611451e+06 0.00000000000000e+00 0.00000000000000e+00 0.00000000000000e+00 0.00000000000000e+00 0.00000000000000e+00 0.00000000000000e+00 0.00000000000000e+00 
5.11060151992556e-05 3.23407820190433e+02 3.23401553152251e+02 1.98622698433134e+20 2.00480308627588e+16 5.00193263984530e+15 3.94990515160187e+15 1.49585916329293e+13 4.14931292304109e+16 3.10257745338824e+15 4.82958500568371e+09 1.02613219802349e+15 5.27107885732763e+12 1.28589842990712e+07 0.00000000000000e+00 0.00000000000000e+00 0.00000000000000e+00 0.00000000000000e+00 0.00000000000000e+00 0.00000000000000e+00 0.00000000000000e+00 
5.85838247814856e-05 3.23335200801406e+02 3.23286280222706e+02 1.98615545811929e+20 2.29811271433170e+16 5.70481360451206e+15 4.12628116643375e+15 1.71354449322121e+13 4.79604824089804e+16 3.15774942281867e+15 5.55948482333245e+09 1.17481072121542e+15 6.93033552539290e+12 1.70341227740864e+07 0.00000000000000e+00 0.00000000000000e+00 0.00000000000000e+00 0.00000000000000e+00 0.00000000000000e+00 0.00000000000000e+00 0.00000000000000e+00 
6.60616343637155e-05 3.23322793204536e+02 3.23247885410405e+02 1.98608450942879e+20 2.59138063816800e+16 6.39250253031228e+15 4.26077410528441e+15 1.93079640354674e+13 5.44471475931061e+16 3.19284925147380e+15 6.29436650303440e+09 1.32305527677657e+15 8.81718129749883e+12 2.17806672709554e+07 0.00000000000000e+00 0.00000000000000e+00 0.00000000000000e+00 0.00000000000000e+00 0.00000000000000e+00 0.00000000000000e+00 0.00000000000000e+00 
7.35394439459455e-05 3.23318432233967e+02 3.23241326003642e+02 1.98601404383523e+20 2.88460310896847e+16 7.06457622343200e+15 4.36330726351634e+15 2.14757160322738e+13 6.09454214125696e+16 3.21556027865756e+15 7.03371474370866e+09 1.47084580072844e+15 1.09318358317375e+13 2.70908471118416e+07 0.00000000000000e+00 0.00000000000000e+00 0.00000000000000e+00 0.00000000000000e+00 0.00000000000000e+00 0.00000000000000e+00 0.00000000000000e+00 
8.10172535281754e-05 3.23310800449604e+02 3.23239020529122e+02 1.98594398648952e+20 3.17777760643195e+16 7.72094523255526e+15 4.44149993600321e+15 2.36382717527158e+13 6.74506470884334e+16 3.23051997763203e+15 7.77699064061893e+09 1.61816243861694e+15 1.32744841688655e+13 3.29571508827750e+07 0.00000000000000e+00 0.00000000000000e+00 0.00000000000000e+00 0.00000000000000e+00 0.00000000000000e+00 0.00000000000000e+00 0.00000000000000e+00 
9.36120295559512e-05 3.23294107183530e+02 3.23234986035189e+02 1.98582675355030e+20 3.67145448407666e+16 8.79130431153239e+15 4.53384349606960e+15 2.72677125910370e+13 7.84158118173835e+16 3.24535782760449e+15 9.03625439492353e+09 1.86516024291553e+15 1.77359696790104e+13 4.40735098877203e+07 0.00000000000000e+00 0.00000000000000e+00 0.00000000000000e+00 0.00000000000000e+00 0.00000000000000e+00 0.00000000000000e+00 0.00000000000000e+00 
1.06206805583727e-04 3.23297530407305e+02 3.23226161583967e+02 1.98571031369967e+20 4.16498479319658e+16 9.81848923279092e+15 4.59251617130607e+15 3.08792117900557e+13 8.93852710556597e+16 3.25349027724098e+15 1.03025832965153e+10 2.11066548156198e+15 2.28451431272157e+13 5.67083464426764e+07 0.00000000000000e+00 0.00000000000000e+00 0.00000000000000e+00 0.00000000000000e+00 0.00000000000000e+00 0.00000000000000e+00 0.00000000000000e+00 
1.18801581611503e-04 3.23311839089623e+02 3.23227970999474e+02 1.98559453520644e+20 4.65836528732942e+16 1.08040342777844e+16 4.62928037838436e+15 3.44708151797625e+13 1.00356469440236e+17 3.25738456981318e+15 1.15735341246013e+10 2.35458729634141e+15 2.86022258559393e+13 7.08229278618243e+07 0.00000000000000e+00 0.00000000000000e+00 0.00000000000000e+00 0.00000000000000e+00 0.00000000000000e+00 0.00000000000000e+00 0.00000000000000e+00 
1.31396357639279e-04 3.23317276783793e+02 3.23235534686311e+02 1.98547932477971e+20 5.15159338771833e+16 1.17494849810095e+16 4.65203570265940e+15 3.80406139554086e+13 1.11327613443935e+17 3.25874689176964e+15 1.28467984631290e+10 2.59683652270852e+15 3.50071639604837e+13 8.63797922084772e+07 0.00000000000000e+00 0.00000000000000e+00 0.00000000000000e+00 0.00000000000000e+00 0.00000000000000e+00 0.00000000000000e+00 0.00000000000000e+00 
1.43991133667055e-04 3.23313753038077e+02 3.23238409076454e+02 1.98536461434084e+20 5.64466658489363e+16 1.26562492240364e+16 4.66629665017089e+15 4.15867469718787e+13 1.22296209301284e+17 3.25998435683304e+15 1.41202115018666e+10 2.83732566149190e+15 4.20596298070051e+13 1.03343461163405e+08 0.00000000000000e+00 0.00000000000000e+00 0.00000000000000e+00 0.00000000000000e+00 0.00000000000000e+00 0.00000000000000e+00 0.00000000000000e+00 
1.56585909694830e-04 3.23311452340475e+02 3.23236546180774e+02 1.98525035625893e+20 6.13758298599016e+16 1.35257940739568e+16 4.67546647256641e+15 4.51074052030325e+13 1.33260915183202e+17 3.26235330750100e+15 1.53917415598743e+10 3.07596902294796e+15 4.97590232323379e+13 1.21679049854277e+08 0.00000000000000e+00 0.00000000000000e+00 0.00000000000000e+00 0.00000000000000e+00 0.00000000000000e+00 0.00000000000000e+00 0.00000000000000e+00 
1.77649148947347e-04 3.23311920585684e+02 3.23235329838699e+02 1.98506020195926e+20 6.96157322680268e+16 1.49012935950617e+16 4.68345621317438e+15 5.09336267475947e+13 1.51592294171113e+17 3.26568782605422e+15 1.75089785242883e+10 3.47071973521881e+15 6.40782611161724e+13 1.55314160338315e+08 0.00000000000000e+00 0.00000000000000e+00 0.00000000000000e+00 0.00000000000000e+00 0.00000000000000e+00 0.00000000000000e+00 0.00000000000000e+00 
1.98712388199863e-04 3.23315286398972e+02 3.23235577139785e+02 1.98487110649907e+20 7.78511705842443e+16 1.61841573197830e+16 4.68709993891142e+15 5.66759083055939e+13 1.69916163753218e+17 3.26819596149311e+15 1.96077828029997e+10 3.85969502135107e+15 8.01985032125079e+13 1.92530505181036e+08 0.00000000000000e+00 0.00000000000000e+00 0.00000000000000e+00 0.00000000000000e+00 0.00000000000000e+00 0.00000000000000e+00 0.00000000000000e+00 
2.19775627452380e-04 3.23316679943105e+02 3.23237356163777e+02 1.98468298749443e+20 8.60820938352877e+16 1.73806927219000e+16 4.68877015610387e+15 6.23268773270240e+13 1.88231831441494e+17 3.27019267085650e+15 2.16812868263891e+10 4.24252911289937e+15 9.81120251487849e+13 2.33177612188653e+08 0.00000000000000e+00 0.00000000000000e+00 0.00000000000000e+00 0.00000000000000e+00 0.00000000000000e+00 0.00000000000000e+00 0.00000000000000e+00 
2.40838866704896e-04 3.23316543287454e+02 3.23238092597874e+02 1.98449578171391e+20 9.43084547197328e+16 1.84967339131951e+16 4.68938287671935e+15 6.78796852743123e+13 2.06538387397389e+17 3.27222122507240e+15 2.37237498055225e+10 4.61887246176794e+15 1.17808979094459e+14 2.77111873207883e+08 0.00000000000000e+00 0.00000000000000e+00 0.00000000000000e+00 0.00000000000000e+00 0.00000000000000e+00 0.00000000000000e+00 0.00000000000000e+00 
2.61902105957412e-04 3.23316644176764e+02 3.23238020127811e+02 1.98430943393185e+20 1.02530210364345e+17 1.95377493864377e+16 4.68940335546538e+15 7.33280261796711e+13 2.24835339316189e+17 3.27441875054642e+15 2.57304838544322e+10 4.98839188216508e+15 1.39277487039936e+14 3.24194246174658e+08 0.00000000000000e+00 0.00000000000000e+00 0.00000000000000e+00 0.00000000000000e+00 0.00000000000000e+00 0.00000000000000e+00 0.00000000000000e+00 
3.14617094136729e-04 3.23317477871798e+02 3.23238073230181e+02 1.98384651408233e+20 1.23086375237747e+17 2.18460700259312e+16 4.68834124626218e+15 8.64709904509996e+13 2.70583578298079e+17 3.27993533456775e+15 3.05764092014460e+10 5.88129049798606e+15 2.00670069738375e+14 4.54976954504845e+08 0.00000000000000e+00 0.00000000000000e+00 0.00000000000000e+00 0.00000000000000e+00 0.00000000000000e+00 0.00000000000000e+00 0.00000000000000e+00 
3.67332082316046e-04 3.23319258458881e+02 3.23238513363372e+02 1.98338799228027e+20 1.43612903105765e+17 2.37865395032697e+16 4.68730288616032e+15 9.88515238659953e+13 3.16265578463538e+17 3.28547588536746e+15 3.51434663984026e+10 6.72504636909497e+15 2.72796662811560e+14 6.02705967753412e+08 0.00000000000000e+00 0.00000000000000e+00 0.00000000000000e+00 0.00000000000000e+00 0.00000000000000e+00 0.00000000000000e+00 0.00000000000000e+00 
4.20047070495363e-04 3.23320235069818e+02 3.23239454038885e+02 1.98293331548153e+20 1.64109322849088e+17 2.54195419461735e+16 4.68640973396053e+15 1.10416237218033e+14 3.61876953286854e+17 3.29091258888945e+15 3.94227448390651e+10 7.51582207980557e+15 3.55323412706979e+14 7.65619408209379e+08 0.00000000000000e+00 0.00000000000000e+00 0.00000000000000e+00 0.00000000000000e+00 0.00000000000000e+00 0.00000000000000e+00 0.00000000000000e+00 
4.72762058674680e-04 3.23320815037714e+02 3.23239969711282e+02 1.98248203242990e+20 1.84575246914468e+17 2.67950183954021e+16 4.68538355272767e+15 1.21134530924520e+14 4.07413707080814e+17 3.29631308879689e+15 4.34279785128839e+10 8.25051232321978e+15 4.47848746721456e+14 9.42136799343821e+08 0.00000000000000e+00 0.00000000000000e+00 0.00000000000000e+00 0.00000000000000e+00 0.00000000000000e+00 0.00000000000000e+00 0.00000000000000e+00 
5.25477046853997e-04 3.23321500893547e+02 3.23240275708238e+02 1.98203376571814e+20 2.05010360990378e+17 2.79545572425148e+16 4.68424541874397e+15 1.30996985171716e+14 4.52872470294494e+17 3.30172029620579e+15 4.71878449259169e+10 8.92673602536150e+15 5.49911885712187e+14 1.13082821765570e+09 0.00000000000000e+00 0.00000000000000e+00 0.00000000000000e+00 0.00000000000000e+00 0.00000000000000e+00 0.00000000000000e+00 0.00000000000000e+00 
6.29835141190178e-04 3.23322715283271e+02 3.23240637677210e+02 1.98115410255620e+20 2.45373353054220e+17 2.97379745985277e+16 4.68205366888658e+15 1.48068823061385e+14 5.42626384060815e+17 3.31237978345690e+15 5.40584872812416e+10 1.00879302627428e+16 7.78004485594069e+14 1.53550604364969e+09 0.00000000000000e+00 0.00000000000000e+00 0.00000000000000e+00 0.00000000000000e+00 0.00000000000000e+00 0.00000000000000e+00 0.00000000000000e+00 
7.34193235526358e-04 3.23323735185211e+02 3.23241278458968e+02 1.98028310301255e+20 2.85613398969114e+17 3.10194389488575e+16 4.67995970129294e+15 1.62080154616823e+14 6.32050706873482e+17 3.32297869075786e+15 6.04168264333803e+10 1.10089692404736e+16 1.03703285174509e+15 1.97434277298675e+09 0.00000000000000e+00 0.00000000000000e+00 0.00000000000000e+00 0.00000000000000e+00 0.00000000000000e+00 0.00000000000000e+00 0.00000000000000e+00 
8.38551329862539e-04 3.23324534530727e+02 3.23241816427373e+02 1.97941932497063e+20 3.25729934872116e+17 3.19515824737878e+16 4.67789243426774e+15 1.73428280868546e+14 7.21139760510271e+17 3.33351425019131e+15 6.65529671802399e+10 1.16936049069173e+16 1.32218465603407e+15 2.44023303050589e+09 0.00000000000000e+00 0.00000000000000e+00 0.00000000000000e+00 0.00000000000000e+00 0.00000000000000e+00 0.00000000000000e+00 0.00000000000000e+00 
9.42909424198720e-04 3.23325229663318e+02 3.23242237805978e+02 1.97856173159784e+20 3.65723060709538e+17 3.26375162796792e+16 4.67581745789255e+15 1.82611975079900e+14 8.09896313023698e+17 3.34400096313097e+15 7.27055536852674e+10 1.21542538267411e+16 1.62839868091040e+15 2.92749058132503e+09 0.00000000000000e+00 0.00000000000000e+00 0.00000000000000e+00 0.00000000000000e+00 0.00000000000000e+00 0.00000000000000e+00 0.00000000000000e+00 
1.04726751853490e-03 3.23325854400063e+02 3.23242604096645e+02 1.97770952879128e+20 4.05593368226892e+17 3.31487045138572e+16 4.67375271767528e+15 1.90151632645910e+14 8.98330099002112e+17 3.35444510731008e+15 7.90485375860374e+10 1.24099848822104e+16 1.95061566122220e+15 3.43152870966309e+09 0.00000000000000e+00 0.00000000000000e+00 0.00000000000000e+00 0.00000000000000e+00 0.00000000000000e+00 0.00000000000000e+00 0.00000000000000e+00 
1.20410341517551e-03 3.23326677498605e+02 3.23242933176199e+02 1.97643756888655e+20 4.65284203042604e+17 3.36913358076834e+16 4.67068239487163e+15 1.99419270174656e+14 1.03066244628784e+18 3.37006567744378e+15 8.91805411744383e+10 1.24628137750904e+16 2.45456395149806e+15 4.21286893096239e+09 0.00000000000000e+00 0.00000000000000e+00 0.00000000000000e+00 0.00000000000000e+00 0.00000000000000e+00 0.00000000000000e+00 0.00000000000000e+00 
1.36093931181612e-03 3.23327414695133e+02 3.23243366530110e+02 1.97517455571998e+20 5.24703842283456e+17 3.40706201097088e+16 4.66763951885521e+15 2.07415910973936e+14 1.16236474236786e+18 3.38560728277043e+15 1.00278629327130e+11 1.21960886005935e+16 2.96914817984823e+15 5.01401302045746e+09 0.00000000000000e+00 0.00000000000000e+00 0.00000000000000e+00 0.00000000000000e+00 0.00000000000000e+00 0.00000000000000e+00 0.00000000000000e+00 
1.51777520845673e-03 3.23328102045733e+02 3.23243754478605e+02 1.97391909841605e+20 5.83856858248534e+17 3.43564448484613e+16 4.66461330534356e+15 2.15162144958724e+14 1.29350909063085e+18 3.40108181282683e+15 1.12488255992544e+11 1.17018228330225e+16 3.48207073290818e+15 5.82781512655851e+09 0.00000000000000e+00 0.00000000000000e+00 0.00000000000000e+00 0.00000000000000e+00 0.00000000000000e+00 0.00000000000000e+00 0.00000000000000e+00 
1.67461110509734e-03 3.23328758272966e+02 3.23244116080045e+02 1.97267012322396e+20 6.42747865448905e+17 3.45861784437980e+16 4.66160282351260e+15 2.23322241599122e+14 1.42416716720871e+18 3.41649892444172e+15 1.25857116476845e+11 1.10658092859026e+16 3.98399127341326e+15 6.64932612734870e+09 0.00000000000000e+00 0.00000000000000e+00 0.00000000000000e+00 0.00000000000000e+00 0.00000000000000e+00 0.00000000000000e+00 0.00000000000000e+00 
1.83144700173795e-03 3.23329394863251e+02 3.23244461229860e+02 1.97142678899569e+20 7.01381055078396e+17 3.47812509715013e+16 4.65860739847074e+15 2.32270004582607e+14 1.55440224114309e+18 3.43186632005341e+15 1.40360283734051e+11 1.03600908069933e+16 4.46855021771638e+15 7.47507435313491e+09 0.00000000000000e+00 0.00000000000000e+00 0.00000000000000e+00 0.00000000000000e+00 0.00000000000000e+00 0.00000000000000e+00 0.00000000000000e+00 
2.05178417961173e-03 3.23330269500370e+02 3.23244795998411e+02 1.96968839173489e+20 7.83325273503930e+17 3.50204455929075e+16 4.65442008179563e+15 2.46445370096815e+14 1.73674680683525e+18 3.45338285789110e+15 1.62517957742995e+11 9.35086613591257e+15 5.11380580806312e+15 8.63791693949617e+09 0.00000000000000e+00 0.00000000000000e+00 0.00000000000000e+00 0.00000000000000e+00 0.00000000000000e+00 0.00000000000000e+00 0.00000000000000e+00 
2.27212135748551e-03 3.23331133941748e+02 3.23245255892640e+02 1.96795867810305e+20 8.64774964688908e+17 3.52398731560411e+16 4.65025372123876e+15 2.62527269733398e+14 1.91844934981450e+18 3.47482416888537e+15 1.86329870584378e+11 8.40648137608267e+15 5.71414946461323e+15 9.79966861613686e+09 0.00000000000000e+00 0.00000000000000e+00 0.00000000000000e+00 0.00000000000000e+00 0.00000000000000e+00 0.00000000000000e+00 0.00000000000000e+00 
2.49245853535929e-03 3.23331992991980e+02 3.23245710390246e+02 1.96623695384744e+20 9.45735542763602e+17 3.54496888105936e+16 4.64610641858731e+15 2.80299738110630e+14 2.09956484429798e+18 3.49619633876754e+15 2.11411566500771e+11 7.57566221354848e+15 6.27106189194232e+15 1.09575050303267e+10 0.00000000000000e+00 0.00000000000000e+00 0.00000000000000e+00 0.00000000000000e+00 0.00000000000000e+00 0.00000000000000e+00 0.00000000000000e+00 
2.71279571323307e-03 3.23332849044739e+02 3.23246162029590e+02 1.96452290559604e+20 1.02621077712283e+18 3.56534758554037e+16 4.64197741808932e+15 2.99426045486018e+14 2.28011600708252e+18 3.51750178429948e+15 2.37390264522551e+11 6.87043422925606e+15 6.78917628239552e+15 1.21098335555614e+10 0.00000000000000e+00 0.00000000000000e+00 0.00000000000000e+00 0.00000000000000e+00 0.00000000000000e+00 0.00000000000000e+00 0.00000000000000e+00 
2.93313289110685e-03 3.23333702881781e+02 3.23246612075447e+02 1.96281644464783e+20 1.10620340460795e+18 3.58528610491069e+16 4.63786643286169e+15 3.19551220147318e+14 2.46010511454987e+18 3.53874067280586e+15 2.63912570354379e+11 6.28127768748686e+15 7.27414832500330e+15 1.32556841309960e+10 0.00000000000000e+00 0.00000000000000e+00 0.00000000000000e+00 0.00000000000000e+00 0.00000000000000e+00 0.00000000000000e+00 0.00000000000000e+00 
3.20939073116788e-03 3.23334770213649e+02 3.23247060941126e+02 1.96068763524190e+20 1.20582003185956e+18 3.60985911961080e+16 4.63273762807860e+15 3.45679848019181e+14 2.68496830853885e+18 3.56527436763274e+15 2.97537815413226e+11 5.67550152913947e+15 7.84454076214822e+15 1.46821418614552e+10 0.00000000000000e+00 0.00000000000000e+00 0.00000000000000e+00 0.00000000000000e+00 0.00000000000000e+00 0.00000000000000e+00 0.00000000000000e+00 
3.48564857122890e-03 3.23335834049776e+02 3.23247622020618e+02 1.95857086082271e+20 1.30468605112767e+18 3.63407081708683e+16 4.62763750013359e+15 3.72438119363509e+14 2.90891892247567e+18 3.59170003095363e+15 3.31327666836765e+11 5.18801923210326e+15 8.37977400539878e+15 1.60966294714849e+10 0.00000000000000e+00 0.00000000000000e+00 0.00000000000000e+00 0.00000000000000e+00 0.00000000000000e+00 0.00000000000000e+00 0.00000000000000e+00 
3.76190641128993e-03 3.23336893871235e+02 3.23248181239645e+02 1.95646620413430e+20 1.40280574505902e+18 3.65799534569069e+16 4.62256634048955e+15 3.99499265581599e+14 3.13194135136933e+18 3.61801584512417e+15 3.65127742408283e+11 4.78899421771178e+15 8.88634786435153e+15 1.74986714545546e+10 0.00000000000000e+00 0.00000000000000e+00 0.00000000000000e+00 0.00000000000000e+00 0.00000000000000e+00 0.00000000000000e+00 0.00000000000000e+00 
4.03816425135095e-03 3.23337949217891e+02 3.23248738324793e+02 1.95437371361837e+20 1.50018372295969e+18 3.68167099674650e+16 4.61752434311229e+15 4.26639638677420e+14 3.35402432926711e+18 3.64422048927635e+15 3.98890849952703e+11 4.45530607806705e+15 9.36931629148814e+15 1.88879982857810e+10 0.00000000000000e+00 0.00000000000000e+00 0.00000000000000e+00 0.00000000000000e+00 0.00000000000000e+00 0.00000000000000e+00 0.00000000000000e+00 
4.36133388792237e-03 3.23339177767237e+02 3.23249293033636e+02 1.95194135574510e+20 1.61316226916221e+18 3.70907830325841e+16 4.61166328586944e+15 4.58307357804779e+14 3.61261805891594e+18 3.67473281766632e+15 4.38328249649989e+11 4.12648310724473e+15 9.90906946664002e+15 2.04969578413087e+10 0.00000000000000e+00 0.00000000000000e+00 0.00000000000000e+00 0.00000000000000e+00 0.00000000000000e+00 0.00000000000000e+00 0.00000000000000e+00 
4.68450352449378e-03 3.23340399410075e+02 3.23249938749997e+02 1.94952563002012e+20 1.72514008179577e+18 3.73619633361227e+16 4.60584223452012e+15 4.89760832498891e+14 3.86991208147505e+18 3.70509131029360e+15 4.77744316930622e+11 3.84716575198593e+15 1.04259982624345e+16 2.20883065533946e+10 0.00000000000000e+00 0.00000000000000e+00 0.00000000000000e+00 0.00000000000000e+00 0.00000000000000e+00 0.00000000000000e+00 0.00000000000000e+00 
5.00767316106519e-03 3.23341614114209e+02 3.23250580802509e+02 1.94712644960061e+20 1.83612571071620e+18 3.76303977257696e+16 4.60006101195396e+15 5.20936965785820e+14 4.12590708619237e+18 3.73529601476775e+15 5.17168308347030e+11 3.60661930698738e+15 1.09234850404476e+16 2.36621227702252e+10 0.00000000000000e+00 0.00000000000000e+00 0.00000000000000e+00 0.00000000000000e+00 0.00000000000000e+00 0.00000000000000e+00 0.00000000000000e+00 
5.33084279763661e-03 3.23342821919610e+02 3.23251219174902e+02 1.94474371405765e+20 1.94612761280003e+18 3.78961849573541e+16 4.59431939237812e+15 5.51803748606587e+14 4.38060575386084e+18 3.76534721530371e+15 5.56585372108388e+11 3.39759344193145e+15 1.14040658884469e+16 2.52185565822281e+10 0.00000000000000e+00 0.00000000000000e+00 0.00000000000000e+00 0.00000000000000e+00 0.00000000000000e+00 0.00000000000000e+00 0.00000000000000e+00 
5.65401243420802e-03 3.23344022843394e+02 3.23251853888980e+02 1.94237732465738e+20 2.05515406538317e+18 3.81593997283156e+16 4.58861715256047e+15 5.82338542649507e+14 4.63401108915744e+18 3.79524523545278e+15 5.95963426233920e+11 3.21413242775668e+15 1.18697538671716e+16 2.67577895395766e+10 0.00000000000000e+00 0.00000000000000e+00 0.00000000000000e+00 0.00000000000000e+00 0.00000000000000e+00 0.00000000000000e+00 0.00000000000000e+00 
6.26491433747155e-03 3.23346274238956e+02 3.23252484954452e+02 1.93794833837270e+20 2.25861572285915e+18 3.86501476894489e+16 4.57794473267107e+15 6.39105012954109e+14 5.10951357835708e+18 3.85134568302811e+15 6.70237202609816e+11 2.92103130338473e+15 1.27146493914443e+16 2.96211791892696e+10 0.00000000000000e+00 0.00000000000000e+00 0.00000000000000e+00 0.00000000000000e+00 0.00000000000000e+00 0.00000000000000e+00 0.00000000000000e+00 
6.87581624073508e-03 3.23348501112192e+02 3.23253667939151e+02 1.93357667900873e+20 2.45867612772864e+18 3.91322629171821e+16 4.56741052397968e+15 6.94607060364113e+14 5.58043742672955e+18 3.90690347432899e+15 7.44289752925114e+11 2.68122164891248e+15 1.35203887071789e+16 3.24251767812548e+10 0.00000000000000e+00 0.00000000000000e+00 0.00000000000000e+00 0.00000000000000e+00 0.00000000000000e+00 0.00000000000000e+00 0.00000000000000e+00 
7.48671814399861e-03 3.23350703863823e+02 3.23254837928465e+02 1.92926160014128e+20 2.65538990960347e+18 3.96059989552870e+16 4.55701274700825e+15 7.48859966836691e+14 6.04681705714698e+18 3.96192247449646e+15 8.18074570361757e+11 2.48120949349776e+15 1.42931580794901e+16 3.51712067273062e+10 0.00000000000000e+00 0.00000000000000e+00 0.00000000000000e+00 0.00000000000000e+00 0.00000000000000e+00 0.00000000000000e+00 0.00000000000000e+00 
8.09762004726214e-03 3.23352882743632e+02 3.23255995137945e+02 1.92500235938568e+20 2.84881092471402e+18 4.00715585076672e+16 4.54674962649646e+15 8.01893504768312e+14 6.50868834985338e+18 4.01640672330664e+15 8.91531076850561e+11 2.31189865558112e+15 1.50374625177407e+16 3.78606955850560e+10 0.00000000000000e+00 0.00000000000000e+00 0.00000000000000e+00 0.00000000000000e+00 0.00000000000000e+00 0.00000000000000e+00 0.00000000000000e+00 
8.70852195052567e-03 3.23355038012106e+02 3.23257139703217e+02 1.92079822311667e+20 3.03899222202189e+18 4.05291243857907e+16 4.53661940288090e+15 8.53740325425541e+14 6.96608774142004e+18 4.07036034460093e+15 9.64618299585195e+11 2.16663992568068e+15 1.57567714468031e+16 4.04950385596810e+10 0.00000000000000e+00 0.00000000000000e+00 0.00000000000000e+00 0.00000000000000e+00 0.00000000000000e+00 0.00000000000000e+00 0.00000000000000e+00 
9.60303875731463e-03 3.23358151829733e+02 3.23258271765408e+02 1.91474020009470e+20 3.31172978835515e+18 4.11850431911172e+16 4.52202229758879e+15 9.27587241748529e+14 7.62784653118040e+18 4.14841366936955e+15 1.07092814311436e+12 1.98792031202157e+15 1.67704025905315e+16 4.42557133970689e+10 0.00000000000000e+00 0.00000000000000e+00 0.00000000000000e+00 0.00000000000000e+00 0.00000000000000e+00 0.00000000000000e+00 0.00000000000000e+00 
1.04975555641036e-02 3.23361216412313e+02 3.23259907135003e+02 1.90879653147990e+20 3.57779401314585e+18 4.18246729087977e+16 4.50770099406466e+15 9.99068170663529e+14 8.28021204291458e+18 4.22535148426636e+15 1.17632854196333e+12 1.83899481474186e+15 1.77430873542885e+16 4.79051892604757e+10 0.00000000000000e+00 0.00000000000000e+00 0.00000000000000e+00 0.00000000000000e+00 0.00000000000000e+00 0.00000000000000e+00 0.00000000000000e+00 
1.13920723708925e-02 3.23364232504304e+02 3.23261516448300e+02 1.90296500410095e+20 3.83734240622503e+18 4.24484546194348e+16 4.49365014906684e+15 1.06829920306224e+15 8.92330164120709e+18 4.30118721118975e+15 1.28079600251355e+12 1.71376867186336e+15 1.86799016423028e+16 5.14474415748504e+10 0.00000000000000e+00 0.00000000000000e+00 0.00000000000000e+00 0.00000000000000e+00 0.00000000000000e+00 0.00000000000000e+00 0.00000000000000e+00 
1.22865891776815e-02 3.23367200954673e+02 3.23263100108000e+02 1.89724346685677e+20 4.09052869713690e+18 4.30568006354701e+16 4.47986455966131e+15 1.13537669731262e+15 9.55723060871869e+18 4.37593411032492e+15 1.38427846122033e+12 1.60696104161433e+15 1.95847585060621e+16 5.48862845629340e+10 0.00000000000000e+00 0.00000000000000e+00 0.00000000000000e+00 0.00000000000000e+00 0.00000000000000e+00 0.00000000000000e+00 0.00000000000000e+00 
1.31811059844704e-02 3.23370122460254e+02 3.23264658571485e+02 1.89162981873523e+20 4.33750304901958e+18 4.36501103207753e+16 4.46633914907698e+15 1.20038853391716e+15 1.01821128995593e+19 4.44960531983123e+15 1.48674210269688e+12 1.51431778137878e+15 2.04607241889951e+16 5.82253790066805e+10 0.00000000000000e+00 0.00000000000000e+00 0.00000000000000e+00 0.00000000000000e+00 0.00000000000000e+00 0.00000000000000e+00 0.00000000000000e+00 
1.46670796828631e-02 3.23374873854371e+02 3.23266192215287e+02 1.88253736306541e+20 4.73443894759016e+18 4.46034993646232e+16 4.44443243215309e+15 1.30405092019344e+15 1.12004779989870e+19 4.56964573886222e+15 1.65469000404254e+12 1.38562297579188e+15 2.18581969889628e+16 6.35611850345394e+10 0.00000000000000e+00 0.00000000000000e+00 0.00000000000000e+00 0.00000000000000e+00 0.00000000000000e+00 0.00000000000000e+00 0.00000000000000e+00 
1.61530533812558e-02 3.23379500966906e+02 3.23268686097235e+02 1.87372775964522e+20 5.11528799421223e+18 4.55181122426979e+16 4.42320771592070e+15 1.40261789919459e+15 1.21947051311204e+19 4.68681353042149e+15 1.81975100279920e+12 1.28005231518395e+15 2.31914539656962e+16 6.86466502102648e+10 0.00000000000000e+00 0.00000000000000e+00 0.00000000000000e+00 0.00000000000000e+00 0.00000000000000e+00 0.00000000000000e+00 0.00000000000000e+00 
1.76390270796485e-02 3.23384006946781e+02 3.23271114324426e+02 1.86519209080559e+20 5.48067884978480e+18 4.63955272721940e+16 4.40264342872909e+15 1.49642536418612e+15 1.31653016318716e+19 4.80116778570374e+15 1.98190850276789e+12 1.19247088036416e+15 2.44672173258344e+16 7.34960218824161e+10 0.00000000000000e+00 0.00000000000000e+00 0.00000000000000e+00 0.00000000000000e+00 0.00000000000000e+00 0.00000000000000e+00 0.00000000000000e+00 
1.91250007780412e-02 3.23388394861574e+02 3.23273478590553e+02 1.85692175882885e+20 5.83121525796544e+18 4.72372497351951e+16 4.38271877338478e+15 1.58576569342645e+15 1.41127651025685e+19 4.91276666426609e+15 2.14113791980024e+12 1.11841215968064e+15 2.56905902385378e+16 7.81225993240345e+10 0.00000000000000e+00 0.00000000000000e+00 0.00000000000000e+00 0.00000000000000e+00 0.00000000000000e+00 0.00000000000000e+00 0.00000000000000e+00 
2.06109744764339e-02 3.23392667666091e+02 3.23275780543415e+02 1.84890844839997e+20 6.16747773166442e+18 4.80447209454561e+16 4.36341364118934e+15 1.67090932621161e+15 1.50375851877345e+19 5.02166756249425e+15 2.29744306455994e+12 1.05486417713696e+15 2.68655606744027e+16 8.25388426302239e+10 0.00000000000000e+00 0.00000000000000e+00 0.00000000000000e+00 0.00000000000000e+00 0.00000000000000e+00 0.00000000000000e+00 0.00000000000000e+00 
2.26776037725384e-02 3.23398424148326e+02 3.23278021768519e+02 1.83817616082410e+20 6.61244719521198e+18 4.91133409631727e+16 4.33755853241570e+15 1.78280991053765e+15 1.62870433567857e+19 5.16874290791133e+15 2.50998446902384e+12 9.80189070611581e+14 2.84250466004938e+16 8.83528082878653e+10 0.00000000000000e+00 0.00000000000000e+00 0.00000000000000e+00 0.00000000000000e+00 0.00000000000000e+00 0.00000000000000e+00 0.00000000000000e+00 
2.47442330686429e-02 3.23403971126847e+02 3.23281040712532e+02 1.82790464207025e+20 7.03231938995751e+18 5.01218870692845e+16 4.31281378993421e+15 1.88768432113348e+15 1.74949067384649e+19 5.31085915835266e+15 2.71694472037228e+12 9.18380310939093e+14 2.99044123393145e+16 9.38114892738957e+10 0.00000000000000e+00 0.00000000000000e+00 0.00000000000000e+00 0.00000000000000e+00 0.00000000000000e+00 0.00000000000000e+00 0.00000000000000e+00 
2.68108623647474e-02 3.23409315942129e+02 3.23283949234055e+02 1.81807395916649e+20 7.42845600783614e+18 5.10736895226405e+16 4.28913124225516e+15 1.98608046950525e+15 1.86624170103181e+19 5.44816329999690e+15 2.91835821283330e+12 8.65687216837071e+14 3.13094834060800e+16 9.89413211741832e+10 0.00000000000000e+00 0.00000000000000e+00 0.00000000000000e+00 0.00000000000000e+00 0.00000000000000e+00 0.00000000000000e+00 0.00000000000000e+00 
2.88774916608520e-02 3.23414465617348e+02 3.23286751255155e+02 1.80866507388527e+20 7.80214465657585e+18 5.19718854863574e+16 4.26646489270815e+15 2.07850084982209e+15 1.97907870085707e+19 5.58079924366977e+15 3.11430747463265e+12 8.20461474482345e+14 3.26448967099789e+16 1.03766474306785e+11 0.00000000000000e+00 0.00000000000000e+00 0.00000000000000e+00 0.00000000000000e+00 0.00000000000000e+00 0.00000000000000e+00 0.00000000000000e+00 
3.09441209569565e-02 3.23419426998186e+02 3.23289450523493e+02 1.79965978860812e+20 8.15460444345116e+18 5.28194342539598e+16 4.24477078611548e+15 2.16539272134956e+15 2.08812005148766e+19 5.70890782808588e+15 3.30487133138991e+12 7.81384474644023e+14 3.39146455534991e+16 1.08309105185118e+11 0.00000000000000e+00 0.00000000000000e+00 0.00000000000000e+00 0.00000000000000e+00 0.00000000000000e+00 0.00000000000000e+00 0.00000000000000e+00 
3.47991527378132e-02 3.23428200901192e+02 3.23292050686872e+02 1.78388159224964e+20 8.75921051669926e+18 5.42744639855461e+16 4.20675997886369e+15 2.31403896751929e+15 2.28177160656008e+19 5.93624577912493e+15 3.64622220488088e+12 7.20764762323245e+14 3.61190326151087e+16 1.16096087832549e+11 0.00000000000000e+00 0.00000000000000e+00 0.00000000000000e+00 0.00000000000000e+00 0.00000000000000e+00 0.00000000000000e+00 0.00000000000000e+00 
3.86541845186699e-02 3.23436383186695e+02 3.23296647967604e+02 1.76934179725616e+20 9.30085831132145e+18 5.55796424790303e+16 4.17173153957736e+15 2.44714510230637e+15 2.46333862967460e+19 6.14917156315006e+15 3.96969766678142e+12 6.72385566671684e+14 3.81262909066216e+16 1.23086490366177e+11 0.00000000000000e+00 0.00000000000000e+00 0.00000000000000e+00 0.00000000000000e+00 0.00000000000000e+00 0.00000000000000e+00 0.00000000000000e+00 
4.25092162995266e-02 3.23444012332955e+02 3.23300934200459e+02 1.75594233855332e+20 9.78585514278100e+18 5.67501303716709e+16 4.13944889879613e+15 2.56668420105043e+15 2.63351292232010e+19 6.34851575279833e+15 4.27590794480654e+12 6.32732106498072e+14 3.99528397890465e+16 1.29379279670510e+11 0.00000000000000e+00 0.00000000000000e+00 0.00000000000000e+00 0.00000000000000e+00 0.00000000000000e+00 0.00000000000000e+00 0.00000000000000e+00 
4.63642480803833e-02 3.23451124358676e+02 3.23304929793106e+02 1.74359332625240e+20 1.02198666869622e+19 5.77995097488007e+16 4.10969529038323e+15 2.67432480916466e+15 2.79295212227679e+19 6.53506909562155e+15 4.56548987494312e+12 5.99580941159771e+14 4.16125500218070e+16 1.35059234365508e+11 0.00000000000000e+00 0.00000000000000e+00 0.00000000000000e+00 0.00000000000000e+00 0.00000000000000e+00 0.00000000000000e+00 0.00000000000000e+00 
5.02192798612400e-02 3.23457753075979e+02 3.23308653817842e+02 1.73221211453063e+20 1.06079990087368e+19 5.87399844717495e+16 4.08227149362622e+15 2.77146703180145e+15 2.94228152486476e+19 6.70958459514291e+15 4.83910590344275e+12 5.71790587112731e+14 4.31179748367582e+16 1.40199350469991e+11 0.00000000000000e+00 0.00000000000000e+00 0.00000000000000e+00 0.00000000000000e+00 0.00000000000000e+00 0.00000000000000e+00 0.00000000000000e+00 
5.54703759771263e-02 3.23466061774047e+02 3.23312124152783e+02 1.71812946779170e+20 1.10711654636951e+19 5.98655756225953e+16 4.04833494406116e+15 2.88905994768786e+15 3.13049352979386e+19 6.92922301125761e+15 5.18729871185884e+12 5.40250421880133e+14 4.49411176358417e+16 1.46444219281980e+11 0.00000000000000e+00 0.00000000000000e+00 0.00000000000000e+00 0.00000000000000e+00 0.00000000000000e+00 0.00000000000000e+00 0.00000000000000e+00 
6.07214720930127e-02 3.23473606751124e+02 3.23316473197692e+02 1.70552685548811e+20 1.14680826016387e+19 6.08340084400168e+16 4.01796079484460e+15 2.99197418557882e+15 3.30246130477710e+19 7.12956028485327e+15 5.50873298519696e+12 5.14278182661507e+14 4.65257130606526e+16 1.51935905524990e+11 0.00000000000000e+00 0.00000000000000e+00 0.00000000000000e+00 0.00000000000000e+00 0.00000000000000e+00 0.00000000000000e+00 0.00000000000000e+00 
6.59725682088990e-02 3.23480456001859e+02 3.23320421733634e+02 1.69424837476877e+20 1.18077186048554e+19 6.16665349013767e+16 3.99077367044248e+15 3.08233755967410e+15 3.45949751387068e+19 7.31218158876183e+15 5.80504879227310e+12 4.92634769037905e+14 4.78954971752664e+16 1.56784225154762e+11 0.00000000000000e+00 0.00000000000000e+00 0.00000000000000e+00 0.00000000000000e+00 0.00000000000000e+00 0.00000000000000e+00 0.00000000000000e+00 
7.12236643247853e-02 3.23486671785772e+02 3.23324005576075e+02 1.68415446893689e+20 1.20978807383581e+19 6.23816030173292e+16 3.96643767471947e+15 3.16191558331231e+15 3.60282127802216e+19 7.47855953456063e+15 6.07785008205224e+12 4.74393655163138e+14 4.90722355301037e+16 1.61080005290659e+11 0.00000000000000e+00 0.00000000000000e+00 0.00000000000000e+00 0.00000000000000e+00 0.00000000000000e+00 0.00000000000000e+00 0.00000000000000e+00 
7.64747604406717e-02 3.23492311082886e+02 3.23327257484254e+02 1.67512016476397e+20 1.23453646853853e+19 6.29952312053270e+16 3.94465210382448e+15 3.23218944086011e+15 3.73356345642432e+19 7.63005982860762e+15 6.32869129221405e+12 4.58789307920262e+14 5.00758239744887e+16 1.64898565517558e+11 0.00000000000000e+00 0.00000000000000e+00 0.00000000000000e+00 0.00000000000000e+00 0.00000000000000e+00 0.00000000000000e+00 0.00000000000000e+00 
8.17258565565580e-02 3.23497425989807e+02 3.23330207412185e+02 1.66703369344724e+20 1.25560700977928e+19 6.35213000205251e+16 3.92514808626145e+15 3.29440621338200e+15 3.85277100224944e+19 7.76794575419725e+15 6.55907777767267e+12 4.45349674147861e+14 5.09244007253488e+16 1.68302891625008e+11 0.00000000000000e+00 0.00000000000000e+00 0.00000000000000e+00 0.00000000000000e+00 0.00000000000000e+00 0.00000000000000e+00 0.00000000000000e+00 
9.03939887255654e-02 3.23504847137677e+02 3.23332882725638e+02 1.65549656977571e+20 1.28368102408500e+19 6.42295694612949e+16 3.89731317297645e+15 3.38220697788420e+15 4.02686186020068e+19 7.96884274196070e+15 6.89845251984378e+12 4.26985648501265e+14 5.20299044546956e+16 1.73153822491096e+11 0.00000000000000e+00 0.00000000000000e+00 0.00000000000000e+00 0.00000000000000e+00 0.00000000000000e+00 0.00000000000000e+00 0.00000000000000e+00 
9.90621208945728e-02 3.23511157284548e+02 3.23336763797920e+02 1.64588544544133e+20 1.30501175942137e+19 6.47762222525257e+16 3.87411579202639e+15 3.45459682248610e+15 4.17604947159185e+19 8.14049786225538e+15 7.19209043904770e+12 4.12390223662926e+14 5.28249011967996e+16 1.77209128272461e+11 0.00000000000000e+00 0.00000000000000e+00 0.00000000000000e+00 0.00000000000000e+00 0.00000000000000e+00 0.00000000000000e+00 0.00000000000000e+00 
1.07730253063580e-01 3.23516519095257e+02 3.23340063385140e+02 1.63787837145511e+20 1.32109665675902e+19 6.51964092626533e+16 3.85478173042928e+15 3.51450888111978e+15 4.30375305651542e+19 8.28700866282333e+15 7.44553067425875e+12 4.00461341560586e+14 5.33664430936646e+16 1.80616855412137e+11 0.00000000000000e+00 0.00000000000000e+00 0.00000000000000e+00 0.00000000000000e+00 0.00000000000000e+00 0.00000000000000e+00 0.00000000000000e+00 
1.16398385232588e-01 3.23521072268125e+02 3.23342866757084e+02 1.63120696248634e+20 1.33311901816496e+19 6.55179091911707e+16 3.83866560124624e+15 3.56431919427753e+15 4.41295309218615e+19 8.41193636738149e+15 7.66380301326076e+12 3.90615783915498e+14 5.37026136495186e+16 1.83492277050631e+11 0.00000000000000e+00 0.00000000000000e+00 0.00000000000000e+00 0.00000000000000e+00 0.00000000000000e+00 0.00000000000000e+00 0.00000000000000e+00 
1.25066517401595e-01 3.23524936636389e+02 3.23345247103191e+02 1.62564743704622e+20 1.34201194713021e+19 6.57626531297548e+16 3.82522924062175e+15 3.60587521479512e+15 4.50624175508658e+19 8.51836794497068e+15 7.85143557004691e+12 3.82575167963870e+14 5.38744691823398e+16 1.85926310260542e+11 0.00000000000000e+00 0.00000000000000e+00 0.00000000000000e+00 0.00000000000000e+00 0.00000000000000e+00 0.00000000000000e+00 0.00000000000000e+00 
1.33734649570602e-01 3.23528214700628e+02 3.23347267177458e+02 1.62101363256106e+20 1.34850586120725e+19 6.59478619438226e+16 3.81402487063276e+15 3.64060075408507e+15 4.58586709113714e+19 8.60897010815369e+15 8.01244918622402e+12 3.75934725852249e+14 5.39170245360483e+16 1.87991855354789e+11 0.00000000000000e+00 0.00000000000000e+00 0.00000000000000e+00 0.00000000000000e+00 0.00000000000000e+00 0.00000000000000e+00 0.00000000000000e+00 
1.49409403599549e-01 3.23532915900883e+02 3.23348980637825e+02 1.61452652238100e+20 1.35579718606881e+19 6.61706419914972e+16 3.79832821348874e+15 3.68953961180421e+15 4.70101305730457e+19 8.73950650836755e+15 8.24672721519072e+12 3.66548557873093e+14 5.37511709140162e+16 1.90971024036406e+11 0.00000000000000e+00 0.00000000000000e+00 0.00000000000000e+00 0.00000000000000e+00 0.00000000000000e+00 0.00000000000000e+00 0.00000000000000e+00 
1.65084157628495e-01 3.23536397029250e+02 3.23351437759300e+02 1.60985872758005e+20 1.35946639572051e+19 6.62991566288573e+16 3.78702364129332e+15 3.72524403425149e+15 4.78710009917484e+19 8.83668073686771e+15 8.42301358233606e+12 3.59717794954641e+14 5.33871685956171e+16 1.93200722618697e+11 0.00000000000000e+00 0.00000000000000e+00 0.00000000000000e+00 0.00000000000000e+00 0.00000000000000e+00 0.00000000000000e+00 0.00000000000000e+00 
1.80758911657441e-01 3.23538977070586e+02 3.23353257026758e+02 1.60648671656960e+20 1.36107292009579e+19 6.63710869325860e+16 3.77885031193254e+15 3.75148227233028e+15 4.85144264496122e+19 8.90903686536879e+15 8.55543383236739e+12 3.54708741834985e+14 5.29200958629568e+16 1.94873754087831e+11 0.00000000000000e+00 0.00000000000000e+00 0.00000000000000e+00 0.00000000000000e+00 0.00000000000000e+00 0.00000000000000e+00 0.00000000000000e+00 
1.96433665686388e-01 3.23540887608248e+02 3.23354605275882e+02 1.60404889443714e+20 1.36151180862721e+19 6.64087171896005e+16 3.77293637229913e+15 3.77079309764170e+15 4.89945849040647e+19 8.96284605454433e+15 8.65463795382701e+12 3.51012515501070e+14 5.24120729303863e+16 1.96130487242165e+11 0.00000000000000e+00 0.00000000000000e+00 0.00000000000000e+00 0.00000000000000e+00 0.00000000000000e+00 0.00000000000000e+00 0.00000000000000e+00 
2.12108419715334e-01 3.23542299401989e+02 3.23355603599368e+02 1.60228895609096e+20 1.36131085612357e+19 6.64256477901917e+16 3.76866324289710e+15 3.78499437120948e+15 4.93520285355155e+19 9.00277093290462e+15 8.72871485114150e+12 3.48278468569068e+14 5.19027738093270e+16 1.97074295924167e+11 0.00000000000000e+00 0.00000000000000e+00 0.00000000000000e+00 0.00000000000000e+00 0.00000000000000e+00 0.00000000000000e+00 0.00000000000000e+00 
2.40519477097572e-01 3.23543955744898e+02 3.23356341269848e+02 1.60029371101107e+20 1.36019700758375e+19 6.64274494954063e+16 3.76381226593573e+15 3.80161593436536e+15 4.97758679790724e+19 9.04988753120829e+15 8.81683995309597e+12 3.45033992033814e+14 5.10412521424430e+16 1.98211954436198e+11 0.00000000000000e+00 0.00000000000000e+00 0.00000000000000e+00 0.00000000000000e+00 0.00000000000000e+00 0.00000000000000e+00 0.00000000000000e+00 
2.68930534479809e-01 3.23544907757645e+02 3.23357206654506e+02 1.59918597175633e+20 1.35906824157354e+19 6.64185102110045e+16 3.76111521375396e+15 3.81121696491877e+15 5.00221138876620e+19 9.07714121268506e+15 8.86819759855443e+12 3.43145635382756e+14 5.03265569827062e+16 1.98884349920595e+11 0.00000000000000e+00 0.00000000000000e+00 0.00000000000000e+00 0.00000000000000e+00 0.00000000000000e+00 0.00000000000000e+00 0.00000000000000e+00 
2.97341591862047e-01 3.23545467748281e+02 3.23357704015563e+02 1.59854790819329e+20 1.35823882437771e+19 6.64099199826480e+16 3.75956030498532e+15 3.81689831698756e+15 5.01679723968205e+19 9.09324731049018e+15 8.89868479706350e+12 3.42032713620533e+14 4.97720403560246e+16 1.99286492466116e+11 0.00000000000000e+00 0.00000000000000e+00 0.00000000000000e+00 0.00000000000000e+00 0.00000000000000e+00 0.00000000000000e+00 0.00000000000000e+00 
3.25752649244285e-01 3.23545797578992e+02 3.23357996561041e+02 1.59817940077518e+20 1.35766195758423e+19 6.64031004266504e+16 3.75866149887649e+15 3.82024400924945e+15 5.02544582176789e+19 9.10277826393775e+15 8.91679269670599e+12 3.41374697053565e+14 4.93563244392214e+16 1.99527320196690e+11 0.00000000000000e+00 0.00000000000000e+00 0.00000000000000e+00 0.00000000000000e+00 0.00000000000000e+00 0.00000000000000e+00 0.00000000000000e+00 
3.54163706626522e-01 3.23545987387476e+02 3.23358168862825e+02 1.59797365605972e+20 1.35725289145507e+19 6.63976359506551e+16 3.75815897914460e+15 3.82216960842603e+15 5.03047091639640e+19 9.10829853065170e+15 8.92733237313644e+12 3.40990363104132e+14 4.90504095423916e+16 1.99669560055569e+11 0.00000000000000e+00 0.00000000000000e+00 0.00000000000000e+00 0.00000000000000e+00 0.00000000000000e+00 0.00000000000000e+00 0.00000000000000e+00 
4.06829734093472e-01 3.23546130603011e+02 3.23358268013043e+02 1.59782803547010e+20 1.35682843185356e+19 6.63912209129284e+16 3.75780220058909e+15 3.82365306181229e+15 5.03433943480027e+19 9.11252339851653e+15 8.93547755182300e+12 3.40682882790386e+14 4.86953351476604e+16 1.99782775383322e+11 0.00000000000000e+00 0.00000000000000e+00 0.00000000000000e+00 0.00000000000000e+00 0.00000000000000e+00 0.00000000000000e+00 0.00000000000000e+00 
4.59495761560421e-01 3.23546182931820e+02 3.23358342817770e+02 1.59777717011019e+20 1.35664668517687e+19 6.63883695648531e+16 3.75767728425342e+15 3.82421857176584e+15 5.03577565983232e+19 9.11408782187434e+15 8.93851309515005e+12 3.40565786930308e+14 4.85117105734223e+16 1.99825738430332e+11 0.00000000000000e+00 0.00000000000000e+00 0.00000000000000e+00 0.00000000000000e+00 0.00000000000000e+00 0.00000000000000e+00 0.00000000000000e+00 
5.12161789027371e-01 3.23546213401837e+02 3.23358370148956e+02 1.59774504351918e+20 1.35657232700317e+19 6.63873484251042e+16 3.75759870600840e+15 3.82453767010349e+15 5.03659526648045e+19 9.11498844106869e+15 8.94024082867708e+12 3.40505590272882e+14 4.84174220016572e+16 1.99849295835050e+11 0.00000000000000e+00 0.00000000000000e+00 0.00000000000000e+00 0.00000000000000e+00 0.00000000000000e+00 0.00000000000000e+00 0.00000000000000e+00 
5.64827816494320e-01 3.23546229502351e+02 3.23358386065340e+02 1.59772771232759e+20 1.35653757270049e+19 6.63869023172175e+16 3.75755635706293e+15 3.82469578041066e+15 5.03702627244414e+19 9.11546327811418e+15 8.94114772344932e+12 3.40477387142387e+14 4.83679146339174e+16 1.99861528363778e+11 0.00000000000000e+00 0.00000000000000e+00 0.00000000000000e+00 0.00000000000000e+00 0.00000000000000e+00 0.00000000000000e+00 0.00000000000000e+00 
6.17493843961270e-01 3.23546233468424e+02 3.23358394475933e+02 1.59772419968966e+20 1.35652014359622e+19 6.63866203795241e+16 3.75754768475873e+15 3.82473324088640e+15 5.03713917085739e+19 9.11558595469410e+15 8.94138726300708e+12 3.40471026177284e+14 4.83420863969907e+16 1.99865021286316e+11 0.00000000000000e+00 0.00000000000000e+00 0.00000000000000e+00 0.00000000000000e+00 0.00000000000000e+00 0.00000000000000e+00 0.00000000000000e+00 
7.14555650834121e-01 3.23546233488274e+02 3.23358396547251e+02 1.59772499062901e+20 1.35651094810718e+19 6.63864471942033e+16 3.75754952037469e+15 3.82473484208698e+15 5.03714788648375e+19 9.11559416048349e+15 8.94140886437226e+12 3.40471545646064e+14 4.83217185293346e+16 1.99865588833745e+11 0.00000000000000e+00 0.00000000000000e+00 0.00000000000000e+00 0.00000000000000e+00 0.00000000000000e+00 0.00000000000000e+00 0.00000000000000e+00 
8.11617457706973e-01 3.23546231507114e+02 3.23358396557176e+02 1.59772731161222e+20 1.35651340016277e+19 6.63864902563468e+16 3.75755512546357e+15 3.82472775081579e+15 5.03709760082868e+19 9.11553722488862e+15 8.94128001563141e+12 3.40467554254550e+14 4.83182508874129e+16 1.99865252742580e+11 0.00000000000000e+00 0.00000000000000e+00 0.00000000000000e+00 0.00000000000000e+00 0.00000000000000e+00 0.00000000000000e+00 0.00000000000000e+00 
9.08679264579825e-01 3.23546230911063e+02 3.23358395522210e+02 1.59772788969165e+20 1.35651558613912e+19 6.63865119355391e+16 3.75755657840125e+15 3.82471401201740e+15 5.03708137050721e+19 9.11552084742710e+15 8.94126370322781e+12 3.40476420663205e+14 4.83192364824991e+16 1.99863986451845e+11 0.00000000000000e+00 0.00000000000000e+00 0.00000000000000e+00 0.00000000000000e+00 0.00000000000000e+00 0.00000000000000e+00 0.00000000000000e+00 
1.00574107145268e+00 3.23546231050457e+02 3.23358395210917e+02 1.59772768864627e+20 1.35651587699786e+19 6.63865142258272e+16 3.75755610456870e+15 3.82471500939847e+15 5.03708460417966e+19 9.11552495232266e+15 8.94127902895116e+12 3.40472691749015e+14 4.83199195627358e+16 1.99863799414995e+11 0.00000000000000e+00 0.00000000000000e+00 0.00000000000000e+00 0.00000000000000e+00 0.00000000000000e+00 0.00000000000000e+00 0.00000000000000e+00 
1.69741668764472e+00 3.23546231255804e+02 3.23358395283765e+02 1.59772746992581e+20 1.35651534017558e+19 6.63865069544318e+16 3.75755556795304e+15 3.82471515890045e+15 5.03709000883406e+19 9.11553076753358e+15 8.94128889004591e+12 3.40474360236531e+14 4.83200668768857e+16 1.99863989568893e+11 0.00000000000000e+00 0.00000000000000e+00 0.00000000000000e+00 0.00000000000000e+00 0.00000000000000e+00 0.00000000000000e+00 0.00000000000000e+00 
2.38909230383677e+00 3.23546231262255e+02 3.23358395391019e+02 1.59772746724011e+20 1.35651527178971e+19 6.63865054222775e+16 3.75755556146639e+15 3.82471488481035e+15 5.03709020765036e+19 9.11553099152585e+15 8.94128959422704e+12 3.40474628896701e+14 4.83200401469061e+16 1.99863983374666e+11 0.00000000000000e+00 0.00000000000000e+00 0.00000000000000e+00 0.00000000000000e+00 0.00000000000000e+00 0.00000000000000e+00 0.00000000000000e+00 
3.08076792002882e+00 3.23546231260268e+02 3.23358395394385e+02 1.59772746946334e+20 1.35651527346316e+19 6.63865056559107e+16 3.75755556632764e+15 3.82471477388382e+15 5.03709015825186e+19 9.11553091789262e+15 8.94128924073198e+12 3.40474717485655e+14 4.83200453460607e+16 1.99863995259761e+11 0.00000000000000e+00 0.00000000000000e+00 0.00000000000000e+00 0.00000000000000e+00 0.00000000000000e+00 0.00000000000000e+00 0.00000000000000e+00 
9.99752408194929e+00 3.23546231260028e+02 3.23358395393347e+02 1.59772746966892e+20 1.35651527435556e+19 6.63865056768716e+16 3.75755556681606e+15 3.82471473688520e+15 5.03709015105984e+19 9.11553090900861e+15 8.94128920124940e+12 3.40474746208451e+14 4.83200496633622e+16 1.99863995427341e+11 0.00000000000000e+00 0.00000000000000e+00 0.00000000000000e+00 0.00000000000000e+00 0.00000000000000e+00 0.00000000000000e+00 0.00000000000000e+00 
1.69142802438698e+01 3.23546231260031e+02 3.23358395393221e+02 1.59772746967411e+20 1.35651527447033e+19 6.63865056814725e+16 3.75755556682743e+15 3.82471475795649e+15 5.03709015147197e+19 9.11553090957838e+15 8.94128920056367e+12 3.40474729813365e+14 4.83200471671616e+16 1.99863995454439e+11 0.00000000000000e+00 0.00000000000000e+00 0.00000000000000e+00 0.00000000000000e+00 0.00000000000000e+00 0.00000000000000e+00 0.00000000000000e+00 
2.38310364057902e+01 3.23546231260040e+02 3.23358395393223e+02 1.59772746966033e+20 1.35651527440610e+19 6.63865056791074e+16 3.75755556679487e+15 3.82471474877890e+15 5.03709015156892e+19 9.11553090966067e+15 8.94128920265746e+12 3.40474736867982e+14 4.83200481953019e+16 1.99863995439455e+11 0.00000000000000e+00 0.00000000000000e+00 0.00000000000000e+00 0.00000000000000e+00 0.00000000000000e+00 0.00000000000000e+00 0.00000000000000e+00 
9.29985980249949e+01 3.23546231260039e+02 3.23358395393228e+02 1.59772746966286e+20 1.35651527441841e+19 6.63865056795132e+16 3.75755556680089e+15 3.82471475062652e+15 5.03709015155177e+19 9.11553090965048e+15 8.94128920242690e+12 3.40474735412544e+14 4.83200479919894e+16 1.99863995440280e+11 0.00000000000000e+00 0.00000000000000e+00 0.00000000000000e+00 0.00000000000000e+00 0.00000000000000e+00 0.00000000000000e+00 0.00000000000000e+00 
1.62166159644200e+02 3.23546231260037e+02 3.23358395393227e+02 1.59772746966467e+20 1.35651527442656e+19 6.63865056797687e+16 3.75755556680530e+15 3.82471475176199e+15 5.03709015154123e+19 9.11553090964655e+15 8.94128920229714e+12 3.40474734532498e+14 4.83200478553514e+16 1.99863995439737e+11 0.00000000000000e+00 0.00000000000000e+00 0.00000000000000e+00 0.00000000000000e+00 0.00000000000000e+00 0.00000000000000e+00 0.00000000000000e+00 
2.31333721263404e+02 3.23546231260038e+02 3.23358395393226e+02 1.59772746966472e+20 1.35651527442635e+19 6.63865056797653e+16 3.75755556680548e+15 3.82471475171951e+15 5.03709015154204e+19 9.11553090964751e+15 8.94128920230279e+12 3.40474734567056e+14 4.83200478608502e+16 1.99863995439820e+11 0.00000000000000e+00 0.00000000000000e+00 0.00000000000000e+00 0.00000000000000e+00 0.00000000000000e+00 0.00000000000000e+00 0.00000000000000e+00 
3.31333721263404e+02 3.23546231260038e+02 3.23358395393226e+02 1.59772746966503e+20 1.35651527442729e+19 6.63865056797981e+16 3.75755556680629e+15 3.82471475183705e+15 5.03709015154136e+19 9.11553090964790e+15 8.94128920228972e+12 3.40474734475712e+14 4.83200478468997e+16 1.99863995439813e+11 0.00000000000000e+00 0.00000000000000e+00 0.00000000000000e+00 0.00000000000000e+00 0.00000000000000e+00 0.00000000000000e+00 0.00000000000000e+00 
4.31333721263404e+02 3.23546231260038e+02 3.23358395393226e+02 1.59772746966510e+20 1.35651527442729e+19 6.63865056798001e+16 3.75755556680650e+15 3.82471475182658e+15 5.03709015154173e+19 9.11553090964846e+15 8.94128920229089e+12 3.40474734484026e+14 4.83200478481565e+16 1.99863995439850e+11 0.00000000000000e+00 0.00000000000000e+00 0.00000000000000e+00 0.00000000000000e+00 0.00000000000000e+00 0.00000000000000e+00 0.00000000000000e+00 
5.31333721263404e+02 3.23546231260038e+02 3.23358395393226e+02 1.59772746966515e+20 1.35651527442743e+19 6.63865056798051e+16 3.75755556680664e+15 3.82471475184239e+15 5.03709015154167e+19 9.11553090964857e+15 8.94128920228914e+12 3.40474734471777e+14 4.83200478462902e+16 1.99863995439852e+11 0.00000000000000e+00 0.00000000000000e+00 0.00000000000000e+00 0.00000000000000e+00 0.00000000000000e+00 0.00000000000000e+00 0.00000000000000e+00 
6.31333721263404e+02 3.23546231260038e+02 3.23358395393226e+02 1.59772746966524e+20 1.35651527442747e+19 6.63865056798086e+16 3.75755556680688e+15 3.82471475183782e+15 5.03709015154200e+19 9.11553090964914e+15 8.94128920228977e+12 3.40474734475496e+14 4.83200478468581e+16 1.99863995439886e+11 0.00000000000000e+00 0.00000000000000e+00 0.00000000000000e+00 0.00000000000000e+00 0.00000000000000e+00 0.00000000000000e+00 0.00000000000000e+00 
7.31333721263404e+02 3.23546231260038e+02 3.23358395393226e+02 1.59772746966536e+20 1.35651527442759e+19 6.63865056798155e+16 3.75755556680724e+15 3.82471475184099e+15 5.03709015154236e+19 9.11553090964988e+15 8.94128920228945e+12 3.40474734473263e+14 4.83200478465206e+16 1.99863995439930e+11 0.00000000000000e+00 0.00000000000000e+00 0.00000000000000e+00 0.00000000000000e+00 0.00000000000000e+00 0.00000000000000e+00 0.00000000000000e+00 
8.31333721263404e+02 3.23546231260038e+02 3.23358395393226e+02 1.59772746966542e+20 1.35651527442763e+19 6.63865056798183e+16 3.75755556680739e+15 3.82471475183993e+15 5.03709015154255e+19 9.11553090965023e+15 8.94128920228952e+12 3.40474734474195e+14 4.83200478466632e+16 1.99863995439953e+11 0.00000000000000e+00 0.00000000000000e+00 0.00000000000000e+00 0.00000000000000e+00 0.00000000000000e+00 0.00000000000000e+00 0.00000000000000e+00 
9.31333721263404e+02 3.23546231260038e+02 3.23358395393226e+02 1.59772746966545e+20 1.35651527442766e+19 6.63865056798198e+16 3.75755556680747e+15 3.82471475184059e+15 5.03709015154263e+19 9.11553090965040e+15 8.94128920228948e+12 3.40474734473729e+14 4.83200478465931e+16 1.99863995439962e+11 0.00000000000000e+00 0.00000000000000e+00 0.00000000000000e+00 0.00000000000000e+00 0.00000000000000e+00 0.00000000000000e+00 0.00000000000000e+00 
1.00000000000000e+03 3.23546231260038e+02 3.23358395393226e+02 1.59772746966553e+20 1.35651527442773e+19 6.63865056798240e+16 3.75755556680771e+15 3.82471475184062e+15 5.03709015154289e+19 9.11553090965091e+15 8.94128920228961e+12 3.40474734473862e+14 4.83200478466154e+16 1.99863995439991e+11 0.00000000000000e+00 0.00000000000000e+00 0.00000000000000e+00 0.00000000000000e+00 0.00000000000000e+00 0.00000000000000e+00 0.00000000000000e+00 
