Time(s)              GasTemp(K)           NearWallTemp(K)      [O2(X)](m^-3)        [O2(a1Dg)](m^-3)     [O2(b1Sg+)](m^-3)    [O2(A3Su+_C3Du_c1Su-)](m^-3) [O2(+,X)](m^-3)      [O(3P)](m^-3)        [O(1D)](m^-3)        [O(+,gnd)](m^-3)     [O(-,gnd)](m^-3)     [O3(X)](m^-3)        [O3(exc)](m^-3)      [CO2(X)](m^-3)       [CO2(e1)](m^-3)      [CO2(+,X)](m^-3)     [CO(X)](m^-3)        [CO(a3P)](m^-3)      [CO(+,X)](m^-3)      [C(X)](m^-3)        
0.00000000000000e+00 3.23923205178000e+02 3.09747942330100e+02 1.14265933918083e+22 1.14265933918083e-03 1.14265933918083e-03 1.14265933918083e-03 0.00000000000000e+00 0.00000000000000e+00 0.00000000000000e+00 0.00000000000000e+00 0.00000000000000e+00 0.00000000000000e+00 0.00000000000000e+00 0.00000000000000e+00 0.00000000000000e+00 0.00000000000000e+00 0.00000000000000e+00 0.00000000000000e+00 0.00000000000000e+00 0.00000000000000e+00 
3.22065855771992e-16 3.23923205177986e+02 3.11782435294715e+02 1.14265933918083e+22 8.25443720432562e+06 1.95461955120827e+06 2.71061712383715e+06 2.05850447637911e+02 7.33908654529704e+06 1.16064993896273e+06 5.61579665109052e-03 3.47801449155746e+05 1.08016877636805e-06 8.64694201643466e-11 0.00000000000000e+00 0.00000000000000e+00 0.00000000000000e+00 0.00000000000000e+00 0.00000000000000e+00 0.00000000000000e+00 0.00000000000000e+00 
6.44131711543985e-16 3.23923205177971e+02 3.11782435294707e+02 1.14265933918083e+22 1.65088744075144e+07 3.90923910140435e+06 5.42123424652721e+06 4.11700895275818e+02 1.46781730907667e+07 2.32129987775283e+06 1.12315933018182e-02 6.95602898310238e+05 3.40914027309043e-06 2.72907705837175e-10 0.00000000000000e+00 0.00000000000000e+00 0.00000000000000e+00 0.00000000000000e+00 0.00000000000000e+00 0.00000000000000e+00 0.00000000000000e+00 
9.66197567315977e-16 3.23923205177957e+02 3.11782435294699e+02 1.14265933918083e+22 2.47633116107092e+07 5.86385865173366e+06 8.13185136921273e+06 6.17551342913721e+02 2.20172596364126e+07 3.48194981636665e+06 1.68473899521753e-02 1.04340434746345e+06 7.01324130842283e-06 5.61422365365412e-10 0.00000000000000e+00 0.00000000000000e+00 0.00000000000000e+00 0.00000000000000e+00 0.00000000000000e+00 0.00000000000000e+00 0.00000000000000e+00 
2.37138505593265e-15 3.23923205177894e+02 3.11782435294692e+02 1.14265933918082e+22 6.07777840412603e+07 1.43919496876901e+07 1.99583930498943e+07 1.51568589633775e+03 5.40380169058118e+07 8.54591652551885e+06 4.13493576366382e-02 2.56087736147440e+06 3.66607335418999e-05 2.93475653223715e-09 0.00000000000000e+00 0.00000000000000e+00 0.00000000000000e+00 0.00000000000000e+00 0.00000000000000e+00 0.00000000000000e+00 0.00000000000000e+00 
3.77657254454931e-15 3.23923205177831e+02 3.11782435294657e+02 1.14265933918081e+22 9.67922564719231e+07 2.29200407261365e+07 3.17849347304912e+07 2.41382044976171e+03 8.60587741785050e+07 1.36098832313766e+07 6.58513253141761e-02 4.07835037546144e+06 9.01394840093351e-05 7.21582505206299e-09 0.00000000000000e+00 0.00000000000000e+00 0.00000000000000e+00 0.00000000000000e+00 0.00000000000000e+00 0.00000000000000e+00 0.00000000000000e+00 
5.18176003316598e-15 3.23923205177769e+02 3.11782435294623e+02 1.14265933918081e+22 1.32806728902699e+08 3.14481317671122e+07 4.36114764110020e+07 3.31195500318558e+03 1.18079531454544e+08 1.86738499338879e+07 9.03532929846798e-02 5.59582338942418e+06 1.67825859015254e-04 1.34347567131153e-08 0.00000000000000e+00 0.00000000000000e+00 0.00000000000000e+00 0.00000000000000e+00 0.00000000000000e+00 0.00000000000000e+00 0.00000000000000e+00 
6.58694752178265e-15 3.23923205177706e+02 3.11782435294589e+02 1.14265933918080e+22 1.68821201333589e+08 3.99762228106310e+07 5.54380180914263e+07 4.21008955660938e+03 1.50100288733948e+08 2.37378166330344e+07 1.14855260648111e-01 7.11329640336249e+06 2.69852685699380e-04 2.16021845629851e-08 0.00000000000000e+00 0.00000000000000e+00 0.00000000000000e+00 0.00000000000000e+00 0.00000000000000e+00 0.00000000000000e+00 0.00000000000000e+00 
1.07573167250017e-14 3.23923205177519e+02 3.11782435294554e+02 1.14265933918078e+22 2.75706330836677e+08 6.52862177823469e+07 9.05372810748060e+07 6.87560765457662e+03 2.45132717595885e+08 3.87668507736417e+07 1.87573137892979e-01 1.16169108854926e+07 7.16143091349958e-04 5.73285205398804e-08 0.00000000000000e+00 0.00000000000000e+00 0.00000000000000e+00 0.00000000000000e+00 0.00000000000000e+00 0.00000000000000e+00 0.00000000000000e+00 
1.49276859282208e-14 3.23923205177333e+02 3.11782435294453e+02 1.14265933918075e+22 3.82591460340770e+08 9.05962127764864e+07 1.25636544057423e+08 9.54112575254316e+03 3.40165146487486e+08 5.37958848845803e+07 2.60291015075483e-01 1.61205253674073e+07 1.37705017454250e-03 1.10235300987478e-07 0.00000000000000e+00 0.00000000000000e+00 0.00000000000000e+00 0.00000000000000e+00 0.00000000000000e+00 0.00000000000000e+00 0.00000000000000e+00 
1.90980551314399e-14 3.23923205177147e+02 3.11782435294351e+02 1.14265933918073e+22 4.89476589845869e+08 1.15906207793050e+08 1.60735807039276e+08 1.22066438505090e+04 4.35197575408752e+08 6.88249189658496e+07 3.33008892195622e-01 2.06241398491066e+07 2.25258060905565e-03 1.80323060159492e-07 0.00000000000000e+00 0.00000000000000e+00 0.00000000000000e+00 0.00000000000000e+00 0.00000000000000e+00 0.00000000000000e+00 0.00000000000000e+00 
2.32684243346590e-14 3.23923205176960e+02 3.11782435294249e+02 1.14265933918071e+22 5.96361719351972e+08 1.41216202832038e+08 1.95835070020366e+08 1.48721619484741e+04 5.30230004359683e+08 8.38539530174495e+07 4.05726769253395e-01 2.51277543305906e+07 3.34273287911459e-03 2.67591676721579e-07 0.00000000000000e+00 0.00000000000000e+00 0.00000000000000e+00 0.00000000000000e+00 0.00000000000000e+00 0.00000000000000e+00 0.00000000000000e+00 
6.49721163668498e-14 3.23923205175097e+02 3.11782435294147e+02 1.14265933918049e+22 1.66521301446830e+09 3.94316154455220e+08 5.46827699789299e+08 4.15273429280871e+04 1.48055429550056e+09 2.34144291901659e+08 1.13290553640109e+00 7.01638991335843e+07 2.60483276469659e-02 2.08521468331010e-06 0.00000000000000e+00 0.00000000000000e+00 0.00000000000000e+00 0.00000000000000e+00 0.00000000000000e+00 0.00000000000000e+00 0.00000000000000e+00 
1.06675808399041e-13 3.23923205173234e+02 3.11782435293129e+02 1.14265933918026e+22 2.73406430968515e+09 6.47416108320784e+08 8.97820329481922e+08 6.81825239076300e+04 2.43087858960790e+09 3.84434627818970e+08 1.86008429731233e+00 1.15200043915040e+08 7.02159141477150e-02 5.62090808020842e-06 0.00000000000000e+00 0.00000000000000e+00 0.00000000000000e+00 0.00000000000000e+00 0.00000000000000e+00 0.00000000000000e+00 0.00000000000000e+00 
1.48379500431231e-13 3.23923205171371e+02 3.11782435292111e+02 1.14265933918004e+22 3.80291560500253e+09 9.00516064428726e+08 1.24881295909823e+09 9.48377048871030e+04 3.38120288668172e+09 5.34724960769386e+08 2.58726305198711e+00 1.60236188674958e+08 1.35845473797354e-01 1.08746703855573e-05 0.00000000000000e+00 0.00000000000000e+00 0.00000000000000e+00 0.00000000000000e+00 0.00000000000000e+00 0.00000000000000e+00 0.00000000000000e+00 
1.90083192463422e-13 3.23923205169508e+02 3.11782435291093e+02 1.14265933917981e+22 4.87176690042043e+09 1.15361602277905e+09 1.59980558863824e+09 1.21492885866506e+05 4.33152718672201e+09 6.85015290752907e+08 3.31444180042545e+00 2.05272333413338e+08 2.22937003591450e-01 1.78465013649458e-05 0.00000000000000e+00 0.00000000000000e+00 0.00000000000000e+00 0.00000000000000e+00 0.00000000000000e+00 0.00000000000000e+00 0.00000000000000e+00 
6.07120112785330e-13 3.23923205150876e+02 3.11782435290075e+02 1.14265933917757e+22 1.55602798601284e+10 3.68461572961305e+09 5.10973187984118e+09 3.88044695656686e+05 1.38347703502808e+10 2.18791842740891e+09 1.05862289418041e+01 6.55633779612552e+08 2.27426071893424e+00 1.82058595197489e-04 0.00000000000000e+00 0.00000000000000e+00 0.00000000000000e+00 0.00000000000000e+00 0.00000000000000e+00 0.00000000000000e+00 0.00000000000000e+00 
1.02415703310724e-12 3.23923205132245e+02 3.11782435279895e+02 1.14265933917532e+22 2.62487928298890e+10 6.21561566068484e+09 8.61965816341309e+09 6.54596505439868e+05 2.33380138104867e+10 3.69082126737548e+09 1.78580154595380e+01 1.10599522365797e+09 6.47178153509098e+00 5.18077570315808e-04 0.00000000000000e+00 0.00000000000000e+00 0.00000000000000e+00 0.00000000000000e+00 0.00000000000000e+00 0.00000000000000e+00 0.00000000000000e+00 
1.44119395342915e-12 3.23923205113614e+02 3.11782435269716e+02 1.14265933917307e+22 3.69373058097021e+10 8.74661581599438e+09 1.21295844393540e+10 9.21148315216051e+05 3.28412575673396e+10 5.19372381065267e+09 2.51298013536270e+01 1.55635666554960e+09 1.28154994537506e+01 1.02590343267860e-03 0.00000000000000e+00 0.00000000000000e+00 0.00000000000000e+00 0.00000000000000e+00 0.00000000000000e+00 0.00000000000000e+00 0.00000000000000e+00 
1.85823087375105e-12 3.23923205094982e+02 3.11782435259536e+02 1.14265933917083e+22 4.76258187995679e+10 1.12776161955416e+10 1.56395107076638e+10 1.18770012498524e+06 4.23445016208395e+10 6.69662605724054e+09 3.24015866240713e+01 2.00671810528744e+09 2.13054144672452e+01 1.70553618777137e-03 0.00000000000000e+00 0.00000000000000e+00 0.00000000000000e+00 0.00000000000000e+00 0.00000000000000e+00 0.00000000000000e+00 0.00000000000000e+00 
6.02860007697014e-12 3.23923204908668e+02 3.11782435249356e+02 1.14265933914837e+22 1.54510949251118e+11 3.65876323240716e+10 5.07387729710551e+10 3.85321822229215e+06 1.37376958471401e+11 2.17256322052277e+10 1.05119405028074e+02 6.51033238420730e+09 2.24245401285176e+02 1.79512447628886e-02 0.00000000000000e+00 0.00000000000000e+00 0.00000000000000e+00 0.00000000000000e+00 0.00000000000000e+00 0.00000000000000e+00 0.00000000000000e+00 
1.01989692801892e-11 3.23923204722355e+02 3.11782435147559e+02 1.14265933912591e+22 2.61396080707925e+11 6.18976708763210e+10 8.58380344713428e+10 6.51873631889918e+06 2.32409444986592e+11 3.67546086843496e+10 1.77837161067669e+02 1.10139464477480e+10 6.41805086473659e+02 5.13776486892535e-02 0.00000000000000e+00 0.00000000000000e+00 0.00000000000000e+00 0.00000000000000e+00 0.00000000000000e+00 0.00000000000000e+00 0.00000000000000e+00 
1.43693384834083e-11 3.23923204536041e+02 3.11782435045761e+02 1.14265933910345e+22 3.68281213169989e+11 8.72077318522473e+10 1.20937295208527e+11 9.18425441480632e+06 3.27441961166358e+11 5.17835554946621e+10 2.50554854742911e+02 1.55175602959096e+10 1.27398446077477e+03 1.01984753049235e-01 0.00000000000000e+00 0.00000000000000e+00 0.00000000000000e+00 0.00000000000000e+00 0.00000000000000e+00 0.00000000000000e+00 0.00000000000000e+00 
1.85397076866274e-11 3.23923204349727e+02 3.11782434943963e+02 1.14265933908100e+22 4.75166346637309e+11 1.12517815251806e+11 1.56036555182607e+11 1.18497725100136e+07 4.22474507010641e+11 6.68124726362236e+10 3.23272486053857e+02 2.00211739286920e+10 2.12078351449636e+03 1.69772563166258e-01 0.00000000000000e+00 0.00000000000000e+00 0.00000000000000e+00 0.00000000000000e+00 0.00000000000000e+00 0.00000000000000e+00 0.00000000000000e+00 
6.02433997188182e-11 3.23923202486590e+02 3.11782434842166e+02 1.14265933885642e+22 1.54401773659903e+12 3.65619882531026e+11 5.07029112952719e+11 3.85049534235883e+07 1.37280159698067e+12 2.17100012291707e+11 1.05044536914793e+03 6.50572984106651e+10 2.23928529133751e+04 1.79259140710157e+00 0.00000000000000e+00 0.00000000000000e+00 0.00000000000000e+00 0.00000000000000e+00 0.00000000000000e+00 0.00000000000000e+00 0.00000000000000e+00 
1.01947091751009e-10 3.23923200623454e+02 3.11782433824190e+02 1.14265933863184e+22 2.61286922708468e+12 6.18724192122518e+11 8.58021594412488e+11 6.51601342671626e+07 2.32313165333546e+12 3.67384585138935e+11 1.77761201587835e+03 1.10093401354729e+11 6.41268791830931e+04 5.13348690819862e+00 0.00000000000000e+00 0.00000000000000e+00 0.00000000000000e+00 0.00000000000000e+00 0.00000000000000e+00 0.00000000000000e+00 0.00000000000000e+00 
1.43650783783200e-10 3.23923198760318e+02 3.11782432806215e+02 1.14265933840726e+22 3.68172081809291e+12 8.71830743983700e+11 1.20901399956193e+12 9.18153150407276e+07 3.27346467601914e+12 5.17666191233767e+11 2.50477242630019e+03 1.55129482760889e+11 1.27322853070719e+05 1.01924641490382e+01 0.00000000000000e+00 0.00000000000000e+00 0.00000000000000e+00 0.00000000000000e+00 0.00000000000000e+00 0.00000000000000e+00 0.00000000000000e+00 
1.85354475815391e-10 3.23923196897183e+02 3.11782431788241e+02 1.14265933818268e+22 4.75057250962234e+12 1.12493953806997e+12 1.56000632840106e+12 1.18470495744274e+08 4.22380066497320e+12 6.67944830634706e+11 3.23192660047113e+03 2.00165542629148e+11 2.11980764885059e+05 1.69695284528429e+01 0.00000000000000e+00 0.00000000000000e+00 0.00000000000000e+00 0.00000000000000e+00 0.00000000000000e+00 0.00000000000000e+00 0.00000000000000e+00 
6.02391396137299e-10 3.23923178265880e+02 3.11782430770266e+02 1.14265933593686e+22 1.54390949530780e+13 3.65615078517801e+12 5.06992541973131e+12 3.85022298925352e+08 1.37273236782179e+13 2.17056807764510e+12 1.05031253692511e+04 6.50524956728824e+11 2.23896296252985e+06 1.79236885756244e+02 0.00000000000000e+00 0.00000000000000e+00 0.00000000000000e+00 0.00000000000000e+00 0.00000000000000e+00 0.00000000000000e+00 0.00000000000000e+00 
1.01942831645921e-09 3.23923159634658e+02 3.11782420590549e+02 1.14265933369102e+22 2.61276274470606e+13 6.18758620385077e+12 8.57983688004947e+12 6.51574095093947e+08 2.32311432516671e+13 3.67289472209389e+12 1.77737005788364e+04 1.10088221704353e+12 6.41212788164287e+06 5.13319029476031e+02 0.00000000000000e+00 0.00000000000000e+00 0.00000000000000e+00 0.00000000000000e+00 0.00000000000000e+00 0.00000000000000e+00 0.00000000000000e+00 
1.43646523678111e-09 3.23923141003515e+02 3.11782410410875e+02 1.14265933144515e+22 3.68161699902391e+13 8.71924575152232e+12 1.20897407093713e+13 9.18125884241177e+08 3.27352593294786e+13 5.17492481981811e+12 2.50436522842925e+04 1.55123732357748e+12 1.27314662693198e+07 1.01922104032437e+03 0.00000000000000e+00 0.00000000000000e+00 0.00000000000000e+00 0.00000000000000e+00 0.00000000000000e+00 0.00000000000000e+00 0.00000000000000e+00 
1.85350215710302e-09 3.23923122372453e+02 3.11782400231246e+02 1.14265932919927e+22 4.75047225812201e+13 1.12511293836189e+13 1.55996369077135e+13 1.18467766635774e+09 4.22396718531761e+13 6.67665842928869e+12 3.23129805432879e+04 2.00159027633511e+12 2.11969684344084e+07 1.69694823872447e+03 0.00000000000000e+00 0.00000000000000e+00 0.00000000000000e+00 0.00000000000000e+00 0.00000000000000e+00 0.00000000000000e+00 0.00000000000000e+00 
6.02387136032210e-09 3.23922936066247e+02 3.11782390051662e+02 1.14265930673915e+22 1.54390800616540e+14 3.65822742404048e+13 5.06981791932486e+13 3.85019509747162e+09 1.37300080482384e+14 2.16777087995785e+13 1.04971994431000e+05 6.50500134781457e+12 2.23887491428024e+08 1.79265280976601e+04 0.00000000000000e+00 0.00000000000000e+00 0.00000000000000e+00 0.00000000000000e+00 0.00000000000000e+00 0.00000000000000e+00 0.00000000000000e+00 
1.01942405635412e-08 3.23922749768060e+02 3.11782288258251e+02 1.14265928427675e+22 2.61277881841585e+14 6.19357766694218e+13 8.57959583997470e+13 6.51571181489406e+09 2.32390066963500e+14 3.66491770749991e+13 1.77568729522069e+05 1.10081970467152e+13 6.41183321169699e+08 5.13446934853449e+04 0.00000000000000e+00 0.00000000000000e+00 0.00000000000000e+00 0.00000000000000e+00 0.00000000000000e+00 0.00000000000000e+00 0.00000000000000e+00 
1.43646097667603e-08 3.23922563477881e+02 3.11782186469268e+02 1.14265926181208e+22 3.68165964930642e+14 8.73115942702124e+13 1.20892974543032e+14 9.18122780974578e+09 3.27509575671370e+14 5.15911188755331e+13 2.50103240779368e+05 1.55111773772580e+13 1.27307520504120e+09 1.01956506470037e+05 0.00000000000000e+00 0.00000000000000e+00 0.00000000000000e+00 0.00000000000000e+00 0.00000000000000e+00 0.00000000000000e+00 0.00000000000000e+00 
1.85349789699793e-08 3.23922377195700e+02 3.11782084684704e+02 1.14265923934513e+22 4.75055048497759e+14 1.12709682716077e+14 1.55989227639676e+14 1.18467430727276e+10 4.22658548453793e+14 6.65035923479646e+13 3.22575585718104e+05 2.00139423438611e+13 2.11955345231741e+09 1.69767259569591e+05 0.00000000000000e+00 0.00000000000000e+00 0.00000000000000e+00 0.00000000000000e+00 0.00000000000000e+00 0.00000000000000e+00 0.00000000000000e+00 
4.61933060612749e-08 3.23921141954250e+02 3.11781982904555e+02 1.14265909028481e+22 1.18397991143564e+15 2.81712926018037e+14 3.88731958391171e+14 2.95247013925906e+10 1.05443804568408e+15 1.64663072157952e+14 8.01650620698565e+05 4.98713028805864e+13 1.31636342328694e+10 1.05515486465940e+06 0.00000000000000e+00 0.00000000000000e+00 0.00000000000000e+00 0.00000000000000e+00 0.00000000000000e+00 0.00000000000000e+00 0.00000000000000e+00 
7.38516331525705e-08 3.23919907060721e+02 3.11781307999168e+02 1.14265894112607e+22 1.89294831921325e+15 4.51681004865480e+14 6.21441132240134e+14 4.72026243991087e+10 1.68749417283080e+15 2.61545733143557e+14 1.27801050956734e+06 7.97191921527052e+13 3.36430026682951e+10 2.69879446040919e+06 0.00000000000000e+00 0.00000000000000e+00 0.00000000000000e+00 0.00000000000000e+00 0.00000000000000e+00 0.00000000000000e+00 0.00000000000000e+00 
1.01509960243866e-07 3.23918672511817e+02 3.11780633285844e+02 1.14265879187022e+22 2.60195987513077e+15 6.22601233096499e+14 8.54116754030904e+14 6.48805093756727e+10 2.32181028689219e+15 3.57168216728460e+14 1.75167189764311e+06 1.09557611443196e+14 6.35548258578584e+10 5.10219998083827e+06 0.00000000000000e+00 0.00000000000000e+00 0.00000000000000e+00 0.00000000000000e+00 0.00000000000000e+00 0.00000000000000e+00 0.00000000000000e+00 
1.29168287335162e-07 3.23917438304289e+02 3.11779958762782e+02 1.14265864251856e+22 3.31101418803449e+15 7.94461102815150e+14 1.08675882860425e+15 8.25583536087288e+10 2.95736997871799e+15 4.51546930489276e+14 2.22265131282736e+06 1.39386562028879e+14 1.02896272892100e+11 8.26686384106551e+06 0.00000000000000e+00 0.00000000000000e+00 0.00000000000000e+00 0.00000000000000e+00 0.00000000000000e+00 0.00000000000000e+00 0.00000000000000e+00 
1.56826614426457e-07 3.23916204434933e+02 3.11779284428205e+02 1.14265849307235e+22 4.02011087219481e+15 9.67248280471320e+14 1.31936736079762e+15 1.00236154387634e+11 3.59415706786692e+15 5.44698053297964e+14 2.69096516790247e+06 1.69206045180634e+14 1.51664514710569e+11 1.21942574781569e+07 0.00000000000000e+00 0.00000000000000e+00 0.00000000000000e+00 0.00000000000000e+00 0.00000000000000e+00 0.00000000000000e+00 0.00000000000000e+00 
3.83438695339696e-07 3.23906107352517e+02 3.11778610280360e+02 1.14265726521618e+22 9.83147794566517e+15 2.41633803407420e+15 3.22392872342413e+15 2.45073127194894e+11 8.85574830398457e+15 1.26367857710181e+15 6.42966386768982e+06 4.13168660286824e+14 9.05900374380721e+11 7.32799369047472e+07 0.00000000000000e+00 0.00000000000000e+00 0.00000000000000e+00 0.00000000000000e+00 0.00000000000000e+00 0.00000000000000e+00 0.00000000000000e+00 
6.10050776252936e-07 3.23896031131969e+02 3.11773093622384e+02 1.14265603174330e+22 1.56454678966834e+16 3.92059848865801e+15 5.12624138127928e+15 3.89905514977845e+11 1.41904470637278e+16 1.90953762187377e+15 9.99920434975485e+06 6.56496498180025e+14 2.29120865928630e+12 1.86411198904793e+08 0.00000000000000e+00 0.00000000000000e+00 0.00000000000000e+00 0.00000000000000e+00 0.00000000000000e+00 0.00000000000000e+00 0.00000000000000e+00 
8.36662857166175e-07 3.23885974300438e+02 3.11767588493767e+02 1.14265479323803e+22 2.14619033269341e+16 5.47436346426095e+15 7.02630798890391e+15 5.34731837993410e+11 1.95908197524096e+16 2.48970794357510e+15 1.34078674286837e+07 8.99190224555685e+14 4.30603618038192e+12 3.52262886044580e+08 0.00000000000000e+00 0.00000000000000e+00 0.00000000000000e+00 0.00000000000000e+00 0.00000000000000e+00 0.00000000000000e+00 0.00000000000000e+00 
1.06327493807941e-06 3.23875935534546e+02 3.11762094089071e+02 1.14265355022521e+22 2.72806247866413e+16 7.07254382131986e+15 8.92413119864892e+15 6.79550622304902e+11 2.50501897417758e+16 3.01086534475032e+15 1.66635243524202e+07 1.14125048959720e+15 6.94883055868846e+12 5.71440807508012e+08 0.00000000000000e+00 0.00000000000000e+00 0.00000000000000e+00 0.00000000000000e+00 0.00000000000000e+00 0.00000000000000e+00 0.00000000000000e+00 
1.28988701899265e-06 3.23865913644205e+02 3.11756609684587e+02 1.14265230317662e+22 3.31014888320505e+16 8.71056499807629e+15 1.08197136601899e+16 8.24360400067501e+11 3.05625554312737e+16 3.47901061255460e+15 1.97736579066729e+07 1.38267793058901e+15 1.02180404925827e+13 8.44489000234614e+08 0.00000000000000e+00 0.00000000000000e+00 0.00000000000000e+00 0.00000000000000e+00 0.00000000000000e+00 0.00000000000000e+00 0.00000000000000e+00 
1.51649909990589e-06 3.23855907559288e+02 3.11751134629494e+02 1.14265105251628e+22 3.89243664240823e+16 1.03843155158583e+16 1.27130580199437e+16 9.69159709867067e+11 3.61225226970963e+16 3.89953706913956e+15 2.27453802163975e+07 1.62347317393719e+15 1.41121160849686e+13 1.17189563701385e+09 0.00000000000000e+00 0.00000000000000e+00 0.00000000000000e+00 0.00000000000000e+00 0.00000000000000e+00 0.00000000000000e+00 0.00000000000000e+00 
2.17316777379190e-06 3.23826992999925e+02 3.11745668338563e+02 1.14264741137688e+22 5.58080422595499e+16 1.54034775930548e+16 1.81869109079519e+16 1.38868165211064e+12 5.24598584715962e+16 4.89216520035768e+15 3.06360924704124e+07 2.31767672890490e+15 2.89108313026719e+13 2.43151097484880e+09 0.00000000000000e+00 0.00000000000000e+00 0.00000000000000e+00 0.00000000000000e+00 0.00000000000000e+00 0.00000000000000e+00 0.00000000000000e+00 
2.82983644767790e-06 3.23798184316563e+02 3.11729873138377e+02 1.14264375053094e+22 7.27053850689796e+16 2.06196793438807e+16 2.36420567087001e+16 1.80806840321940e+12 6.90617939337492e+16 5.62002356768979e+15 3.75691387944506e+07 3.00659159950352e+15 4.89059525499284e+13 4.15976299297321e+09 0.00000000000000e+00 0.00000000000000e+00 0.00000000000000e+00 0.00000000000000e+00 0.00000000000000e+00 0.00000000000000e+00 0.00000000000000e+00 
3.48650512156391e-06 3.23769467536973e+02 3.11714136850615e+02 1.14264007549309e+22 8.96147040243564e+16 2.59794596351898e+16 2.90785593847922e+16 2.22728530120590e+12 8.58581825663325e+16 6.15324054845040e+15 4.36733731504825e+07 3.69023224557056e+15 7.40599428322346e+13 6.36292648594931e+09 0.00000000000000e+00 0.00000000000000e+00 0.00000000000000e+00 0.00000000000000e+00 0.00000000000000e+00 0.00000000000000e+00 0.00000000000000e+00 
4.14317379544991e-06 3.23740832319728e+02 3.11698451832540e+02 1.14263639033280e+22 1.06534744308788e+17 3.14433724459805e+16 3.44964826887861e+16 2.64629812760417e+12 1.02797263066740e+17 6.54355982279000e+15 4.90602418298520e+07 4.36861304736169e+15 1.04335348013655e+14 9.04557597827945e+09 0.00000000000000e+00 0.00000000000000e+00 0.00000000000000e+00 0.00000000000000e+00 0.00000000000000e+00 0.00000000000000e+00 0.00000000000000e+00 
4.79984246933591e-06 3.23712270950284e+02 3.11682812426384e+02 1.14263269807405e+22 1.23464566580539e+17 3.69821114202561e+16 3.98958901616646e+16 3.06507310926502e+12 1.19840575514802e+17 6.82942413396721e+15 5.38262678742888e+07 5.04174842660489e+15 1.39694797614092e+14 1.22110601654587e+10 0.00000000000000e+00 0.00000000000000e+00 0.00000000000000e+00 0.00000000000000e+00 0.00000000000000e+00 0.00000000000000e+00 0.00000000000000e+00 
5.45651114322192e-06 3.23683777737926e+02 3.11667214410435e+02 1.14262900093527e+22 1.40403474577736e+17 4.25741822385351e+16 4.52768451315683e+16 3.48357692021817e+12 1.36959907978105e+17 7.03902863574610e+15 5.80549838665515e+07 5.70965290961717e+15 1.80101006209070e+14 1.58617965130747e+10 0.00000000000000e+00 0.00000000000000e+00 0.00000000000000e+00 0.00000000000000e+00 0.00000000000000e+00 0.00000000000000e+00 0.00000000000000e+00 
6.45569087794405e-06 3.23640544375911e+02 3.11651654669251e+02 1.14262336958948e+22 1.66193829380737e+17 5.11510289583866e+16 5.34291888251320e+16 4.11977353189934e+12 1.63109303609119e+17 7.25665341286855e+15 6.36190552046303e+07 6.71592702797875e+15 2.51180654690214e+14 2.23514321340673e+10 0.00000000000000e+00 0.00000000000000e+00 0.00000000000000e+00 0.00000000000000e+00 0.00000000000000e+00 0.00000000000000e+00 0.00000000000000e+00 
7.45487061266617e-06 3.23597449475517e+02 3.11628047548757e+02 1.14261773437031e+22 1.92002822941287e+17 5.97794597231770e+16 6.15391781481945e+16 4.75515249429455e+12 1.89340305845344e+17 7.39202197031969e+15 6.83167137890417e+07 7.71017686168339e+15 3.33727963809616e+14 2.99723355360852e+10 0.00000000000000e+00 0.00000000000000e+00 0.00000000000000e+00 0.00000000000000e+00 0.00000000000000e+00 0.00000000000000e+00 0.00000000000000e+00 
8.45405034738830e-06 3.23554486655086e+02 3.11604518443920e+02 1.14261209765458e+22 2.17829644198952e+17 6.84364932682981e+16 6.96070333467620e+16 5.38960240816282e+12 2.15622714471113e+17 7.47527944996910e+15 7.23180414958940e+07 8.69245578951072e+15 4.27612753360192e+14 3.87266716287645e+10 0.00000000000000e+00 0.00000000000000e+00 0.00000000000000e+00 0.00000000000000e+00 0.00000000000000e+00 0.00000000000000e+00 0.00000000000000e+00 
9.45323008211043e-06 3.23511651452993e+02 3.11581063848442e+02 1.14260646105569e+22 2.43673712916067e+17 7.71065512203573e+16 7.76329735180916e+16 6.02301431020113e+12 2.41936041064929e+17 7.52686044215431e+15 7.57602554669964e+07 9.66281819350205e+15 5.32705333417079e+14 4.86156379202487e+10 0.00000000000000e+00 0.00000000000000e+00 0.00000000000000e+00 0.00000000000000e+00 0.00000000000000e+00 0.00000000000000e+00 0.00000000000000e+00 
1.04524098168326e-05 3.23468940882665e+02 3.11557681305505e+02 1.14260082560034e+22 2.69534626349682e+17 8.57797437209206e+16 8.56172166146883e+16 6.65528168506976e+12 2.68267260068673e+17 7.55973787261102e+15 7.87538929203872e+07 1.06213194859073e+16 6.48876516436097e+14 5.96397718948804e+10 0.00000000000000e+00 0.00000000000000e+00 0.00000000000000e+00 0.00000000000000e+00 0.00000000000000e+00 0.00000000000000e+00 0.00000000000000e+00 
1.14515895515547e-05 3.23426353127567e+02 3.11534369164374e+02 1.14259519184980e+22 2.95412122681678e+17 9.44506937812051e+16 9.35599794479783e+16 7.28630047573367e+12 2.94609266567497e+17 7.58096517923422e+15 8.13875468393343e+07 1.15680160925100e+16 7.75997629271181e+14 7.17991457683317e+10 0.00000000000000e+00 0.00000000000000e+00 0.00000000000000e+00 0.00000000000000e+00 0.00000000000000e+00 0.00000000000000e+00 0.00000000000000e+00 
1.32206053696915e-05 3.23351250014183e+02 3.11511126413534e+02 1.14258522277475e+22 3.41267452620701e+17 1.09786179034398e+17 1.07521320685537e+17 8.40012526911789e+12 3.41259270775788e+17 7.60395419980099e+15 8.53816277338035e+07 1.32153383548216e+16 1.02752167770848e+15 9.61104933845083e+10 0.00000000000000e+00 0.00000000000000e+00 0.00000000000000e+00 0.00000000000000e+00 0.00000000000000e+00 0.00000000000000e+00 0.00000000000000e+00 
1.49896211878283e-05 3.23276523313549e+02 3.11470143770206e+02 1.14257526105538e+22 3.87173361249259e+17 1.25095679855677e+17 1.21354503258945e+17 9.50917450406237e+12 3.87917788063887e+17 7.61529660961045e+15 8.87569322626183e+07 1.48261636463732e+16 1.31226053318158e+15 1.23977362070361e+11 0.00000000000000e+00 0.00000000000000e+00 0.00000000000000e+00 0.00000000000000e+00 0.00000000000000e+00 0.00000000000000e+00 0.00000000000000e+00 
1.67586370059650e-05 3.23202169860563e+02 3.11429373794593e+02 1.14256530706676e+22 4.33129234130324e+17 1.40375900298932e+17 1.35060704284015e+17 1.06129278254925e+13 4.34580224423901e+17 7.61932397471553e+15 9.17087793714078e+07 1.64008256272365e+16 1.62951265670052e+15 1.55396851308596e+11 0.00000000000000e+00 0.00000000000000e+00 0.00000000000000e+00 0.00000000000000e+00 0.00000000000000e+00 0.00000000000000e+00 0.00000000000000e+00 
1.85276528241018e-05 3.23128186848813e+02 3.11388814653533e+02 1.14255536104619e+22 4.79134503456405e+17 1.55624868837074e+17 1.48641089911164e+17 1.17108893246052e+13 4.81243729367988e+17 7.61863367990368e+15 9.43709023515251e+07 1.79396659671260e+16 1.97858216678290e+15 1.90365988901681e+11 0.00000000000000e+00 0.00000000000000e+00 0.00000000000000e+00 0.00000000000000e+00 0.00000000000000e+00 0.00000000000000e+00 0.00000000000000e+00 
2.02966686422386e-05 3.23054571207990e+02 3.11348464711156e+02 1.14254542334255e+22 5.25188572834331e+17 1.70839520996311e+17 1.62096815420840e+17 1.28025875175260e+13 5.27904024764178e+17 7.61725980644896e+15 9.68380525718236e+07 1.94430337185156e+16 2.35877901311527e+15 2.28881594014977e+11 0.00000000000000e+00 0.00000000000000e+00 0.00000000000000e+00 0.00000000000000e+00 0.00000000000000e+00 0.00000000000000e+00 0.00000000000000e+00 
2.20656844603754e-05 3.22981320067022e+02 3.11308322189242e+02 1.14253549423164e+22 5.71290872906296e+17 1.86017489465217e+17 1.75429025331443e+17 1.38875752689082e+13 5.74557753046808e+17 7.61832490167333e+15 9.91753238547752e+07 2.09112850751434e+16 2.76941913087132e+15 2.70940114642424e+11 0.00000000000000e+00 0.00000000000000e+00 0.00000000000000e+00 0.00000000000000e+00 0.00000000000000e+00 0.00000000000000e+00 0.00000000000000e+00 
2.53451916379600e-05 3.22846480594539e+02 3.11268385419812e+02 1.14251710938969e+22 6.56884148439934e+17 2.14063076966585e+17 1.99822167057629e+17 1.58798456512229e+13 6.61035324149953e+17 7.62052428004869e+15 1.03282354340051e+08 2.35415692115816e+16 3.60892854159996e+15 3.58270283095045e+11 0.00000000000000e+00 0.00000000000000e+00 0.00000000000000e+00 0.00000000000000e+00 0.00000000000000e+00 0.00000000000000e+00 0.00000000000000e+00 
2.86246988155445e-05 3.22712873686609e+02 3.11194888726570e+02 1.14249875368939e+22 7.42638629887737e+17 2.41989157507270e+17 2.23801824990612e+17 1.78451496175761e+13 7.47496585832797e+17 7.62271814969132e+15 1.07240459906447e+08 2.60547922676873e+16 4.54648143892060e+15 4.57740694380527e+11 0.00000000000000e+00 0.00000000000000e+00 0.00000000000000e+00 0.00000000000000e+00 0.00000000000000e+00 0.00000000000000e+00 0.00000000000000e+00 
3.19042059931291e-05 3.22580485574779e+02 3.11122087196894e+02 1.14248042721944e+22 8.28551322273378e+17 2.69796524596684e+17 2.47375011069613e+17 1.97812751048687e+13 8.33941128479519e+17 7.62405110200958e+15 1.11126140977391e+08 2.84533906904443e+16 5.57789037089176e+15 5.69327924778336e+11 0.00000000000000e+00 0.00000000000000e+00 0.00000000000000e+00 0.00000000000000e+00 0.00000000000000e+00 0.00000000000000e+00 0.00000000000000e+00 
3.51837131707137e-05 3.22449302395816e+02 3.11049972704686e+02 1.14246213016900e+22 9.14619258147441e+17 2.97484857547560e+17 2.70548611565057e+17 2.16862928122727e+13 9.20367150009464e+17 7.62516212654396e+15 1.14968396430239e+08 3.07398658389930e+16 6.69905083187139e+15 6.93008226622190e+11 0.00000000000000e+00 0.00000000000000e+00 0.00000000000000e+00 0.00000000000000e+00 0.00000000000000e+00 0.00000000000000e+00 0.00000000000000e+00 
3.84632203482983e-05 3.22319310506337e+02 3.10978537086748e+02 1.14244386269960e+22 1.00083953348174e+18 3.25053966720750e+17 2.93329392612992e+17 2.35585398725753e+13 1.00677308576867e+18 7.62654896228775e+15 1.18782004944182e+08 3.29167744454557e+16 7.90594210916596e+15 8.28757417489800e+11 0.00000000000000e+00 0.00000000000000e+00 0.00000000000000e+00 0.00000000000000e+00 0.00000000000000e+00 0.00000000000000e+00 0.00000000000000e+00 
4.67438796363505e-05 3.21996297864490e+02 3.10907772313925e+02 1.14239787007006e+22 1.21920246617917e+18 3.94136788495494e+17 3.49146036571717e+17 2.81319991535473e+13 1.22485098420846e+18 7.63041200501203e+15 1.28340091441849e+08 3.79435110529722e+16 1.13089288075779e+16 1.22506254309648e+12 0.00000000000000e+00 0.00000000000000e+00 0.00000000000000e+00 0.00000000000000e+00 0.00000000000000e+00 0.00000000000000e+00 0.00000000000000e+00 
5.50245389244027e-05 3.21680586124604e+02 3.10732026692308e+02 1.14235206781635e+22 1.43847478411252e+18 4.62465823512039e+17 4.02604058902593e+17 3.24723550797342e+13 1.44278288611314e+18 7.63484216970157e+15 1.37861867374954e+08 4.23313128991095e+16 1.51729591519540e+16 1.69775041010782e+12 0.00000000000000e+00 0.00000000000000e+00 0.00000000000000e+00 0.00000000000000e+00 0.00000000000000e+00 0.00000000000000e+00 0.00000000000000e+00 
6.33051982124549e-05 3.21371972165943e+02 3.10560385108678e+02 1.14230645658162e+22 1.65861451568497e+18 5.30046205740619e+17 4.53803146180575e+17 3.65713247764229e+13 1.66055914828063e+18 7.63924754525162e+15 1.47371504027181e+08 4.61239249371734e+16 1.94406821213827e+16 2.24640596567592e+12 0.00000000000000e+00 0.00000000000000e+00 0.00000000000000e+00 0.00000000000000e+00 0.00000000000000e+00 0.00000000000000e+00 0.00000000000000e+00 
7.15858575005072e-05 3.21070259933083e+02 3.10392728422393e+02 1.14226103645417e+22 1.87958185143944e+18 5.96883246759455e+17 5.02838527744053e+17 4.04281543236020e+13 1.87817252291953e+18 7.64371793392854e+15 1.56875368400433e+08 4.93655442982314e+16 2.40586759767252e+16 2.87060336788907e+12 0.00000000000000e+00 0.00000000000000e+00 0.00000000000000e+00 0.00000000000000e+00 0.00000000000000e+00 0.00000000000000e+00 0.00000000000000e+00 
7.98665167885594e-05 3.20775260098434e+02 3.10228941829465e+02 1.14221580697388e+22 2.10133898324518e+18 6.62982780418982e+17 5.49801284677405e+17 4.40479912289311e+13 2.09561833087379e+18 7.64841910423129e+15 1.66383641693431e+08 5.21001962803320e+16 2.89774300924481e+16 3.56990762900250e+12 0.00000000000000e+00 0.00000000000000e+00 0.00000000000000e+00 0.00000000000000e+00 0.00000000000000e+00 0.00000000000000e+00 0.00000000000000e+00 
1.00156056807521e-04 3.20079698849849e+02 3.10068914649966e+02 1.14210578158114e+22 2.64781736301240e+18 8.21867198654213e+17 6.56638024504099e+17 5.19919371569923e+13 2.62769906264308e+18 7.66063373704792e+15 1.89764653579981e+08 5.69240879658350e+16 4.20340864021549e+16 5.59802973367426e+12 0.00000000000000e+00 0.00000000000000e+00 0.00000000000000e+00 0.00000000000000e+00 0.00000000000000e+00 0.00000000000000e+00 0.00000000000000e+00 
1.20445596826482e-04 3.19420817268886e+02 3.09692050013745e+02 1.14199686873259e+22 3.19834020923238e+18 9.76466882818541e+17 7.52734844343087e+17 5.87786884181867e+13 3.15877501786656e+18 7.67371035721283e+15 2.13331119933930e+08 5.95601370555973e+16 5.60581555922852e+16 8.06773236822194e+12 0.00000000000000e+00 0.00000000000000e+00 0.00000000000000e+00 0.00000000000000e+00 0.00000000000000e+00 0.00000000000000e+00 0.00000000000000e+00 
1.40735136845443e-04 3.18796262345356e+02 3.09335647580724e+02 1.14188903249722e+22 3.75247141421566e+18 1.12689234306158e+18 8.39170925027690e+17 6.46407084600388e+13 3.68889614713757e+18 7.68742572747434e+15 2.37130140801124e+08 6.05471764656920e+16 7.05904539889012e+16 1.09721973467192e+13 0.00000000000000e+00 0.00000000000000e+00 0.00000000000000e+00 0.00000000000000e+00 0.00000000000000e+00 0.00000000000000e+00 0.00000000000000e+00 
1.61024676864404e-04 3.18203874579925e+02 3.08998343625240e+02 1.14178222764070e+22 4.30982512538120e+18 1.27325844717840e+18 9.16910620806254e+17 6.98096596528541e+13 4.21814184556632e+18 7.70171903221848e+15 2.61170031164942e+08 6.03444643442096e+16 8.52906190942919e+16 1.43044736669171e+13 0.00000000000000e+00 0.00000000000000e+00 0.00000000000000e+00 0.00000000000000e+00 0.00000000000000e+00 0.00000000000000e+00 0.00000000000000e+00 
1.81314216883366e-04 3.17641664848813e+02 3.08678890815421e+02 1.14167640359546e+22 4.87005726649948e+18 1.41568043466150e+18 9.86818805081812e+17 7.44863155392321e+13 4.74660277332721e+18 7.71651405056175e+15 2.85436276965363e+08 5.93263464512789e+16 9.99166400852392e+16 1.80575264853571e+13 0.00000000000000e+00 0.00000000000000e+00 0.00000000000000e+00 0.00000000000000e+00 0.00000000000000e+00 0.00000000000000e+00 0.00000000000000e+00 
2.08981778050084e-04 3.16920381396402e+02 3.08376144132653e+02 1.14153358238787e+22 5.63810369059005e+18 1.60374004734832e+18 1.07090288413317e+18 8.03504841232913e+13 5.46613292385526e+18 7.73733762615262e+15 3.18862110566667e+08 5.71349523968120e+16 1.19468394469689e+17 2.38406122157306e+13 0.00000000000000e+00 0.00000000000000e+00 0.00000000000000e+00 0.00000000000000e+00 0.00000000000000e+00 0.00000000000000e+00 0.00000000000000e+00 
2.36649339216803e-04 3.16247552082350e+02 3.07988355533288e+02 1.14139235452389e+22 6.41023666032818e+18 1.78495095711265e+18 1.14360977895820e+18 8.58767365989410e+13 6.18457323256037e+18 7.75876569760940e+15 3.52558766660469e+08 5.45033827159199e+16 1.38333364069264e+17 3.03748604638993e+13 0.00000000000000e+00 0.00000000000000e+00 0.00000000000000e+00 0.00000000000000e+00 0.00000000000000e+00 0.00000000000000e+00 0.00000000000000e+00 
2.64316900383522e-04 3.15619324822704e+02 3.07627246245980e+02 1.14125259498023e+22 7.18584747513661e+18 1.95957388364616e+18 1.20646013991033e+18 9.12303121034781e+13 6.90207979771070e+18 7.78066552251199e+15 3.86430826320771e+08 5.17617750279145e+16 1.56401131502276e+17 3.76420658487561e+13 0.00000000000000e+00 0.00000000000000e+00 0.00000000000000e+00 0.00000000000000e+00 0.00000000000000e+00 0.00000000000000e+00 0.00000000000000e+00 
2.91984461550241e-04 3.15032236629319e+02 3.07290624578662e+02 1.14111418843835e+22 7.96440884488040e+18 2.12785605002441e+18 1.26076265910346e+18 9.64991810668099e+13 7.61877039142360e+18 7.80292679270820e+15 4.20418613010464e+08 4.90907367036070e+16 1.73655273845826e+17 4.56239068513482e+13 0.00000000000000e+00 0.00000000000000e+00 0.00000000000000e+00 0.00000000000000e+00 0.00000000000000e+00 0.00000000000000e+00 0.00000000000000e+00 
3.19652022716959e-04 3.14483157364906e+02 3.06976527616270e+02 1.14097703057899e+22 8.74546166115894e+18 2.29003310937113e+18 1.30764943461546e+18 1.01729404547194e+14 8.33473241010966e+18 7.82546056730787e+15 4.54475887907578e+08 4.65808453928649e+16 1.90126183540394e+17 5.43019651029845e+13 0.00000000000000e+00 0.00000000000000e+00 0.00000000000000e+00 0.00000000000000e+00 0.00000000000000e+00 0.00000000000000e+00 0.00000000000000e+00 
3.54962726372173e-04 3.13833168469653e+02 3.06683187746965e+02 1.14080365091366e+22 9.74527674995936e+18 2.48849952153366e+18 1.35824061910198e+18 1.08383927566509e+14 9.24751971403205e+18 7.85450259080606e+15 4.97993340287216e+08 4.36666081545283e+16 2.10091632228613e+17 6.63592536686584e+13 0.00000000000000e+00 0.00000000000000e+00 0.00000000000000e+00 0.00000000000000e+00 0.00000000000000e+00 0.00000000000000e+00 0.00000000000000e+00 
3.90273430027387e-04 3.13235176782216e+02 3.06336466730667e+02 1.14063198264048e+22 1.07477855938288e+19 2.67783767272021e+18 1.40008673027141e+18 1.15033810393608e+14 1.01593212443578e+19 7.88375753364147e+15 5.41513496579378e+08 4.10905052954838e+16 2.28982265920848e+17 7.94818735913814e+13 0.00000000000000e+00 0.00000000000000e+00 0.00000000000000e+00 0.00000000000000e+00 0.00000000000000e+00 0.00000000000000e+00 0.00000000000000e+00 
4.25584133682600e-04 3.12684460201297e+02 3.06017990186678e+02 1.14046187805893e+22 1.17523853821340e+19 2.85847573926866e+18 1.43464623513104e+18 1.21675224887648e+14 1.10701986573943e+19 7.91314070725981e+15 5.85007081096597e+08 3.88177839815564e+16 2.46917967887011e+17 9.36312379590712e+13 0.00000000000000e+00 0.00000000000000e+00 0.00000000000000e+00 0.00000000000000e+00 0.00000000000000e+00 0.00000000000000e+00 0.00000000000000e+00 
4.60894837337814e-04 3.12176833858338e+02 3.05725122989879e+02 1.14029320997929e+22 1.27585749807813e+19 3.03082308060282e+18 1.46312490766606e+18 1.28297614753873e+14 1.19801943970484e+19 7.94258825412068e+15 6.28470571252511e+08 3.68001973237560e+16 2.64006004418763e+17 1.08768802318855e+14 0.00000000000000e+00 0.00000000000000e+00 0.00000000000000e+00 0.00000000000000e+00 0.00000000000000e+00 0.00000000000000e+00 0.00000000000000e+00 
4.96205540993028e-04 3.11708563451499e+02 3.05455538486857e+02 1.14012586734902e+22 1.37659359905342e+19 3.19527253510091e+18 1.48652632947599e+18 1.34894258315777e+14 1.28893441741362e+19 7.97205361301516e+15 6.71908614374835e+08 3.49977931669271e+16 2.80336184266285e+17 1.24856163141256e+14 0.00000000000000e+00 0.00000000000000e+00 0.00000000000000e+00 0.00000000000000e+00 0.00000000000000e+00 0.00000000000000e+00 0.00000000000000e+00 
5.72317057832632e-04 3.10818301908287e+02 3.05207168136867e+02 1.13976924434245e+22 1.59397821084467e+19 3.52460497207720e+18 1.52324516178540e+18 1.49017827771885e+14 1.48462581027564e+19 8.03546356801365e+15 7.65448508536608e+08 3.17156313572252e+16 3.13279101548079e+17 1.62583264888175e+14 0.00000000000000e+00 0.00000000000000e+00 0.00000000000000e+00 0.00000000000000e+00 0.00000000000000e+00 0.00000000000000e+00 0.00000000000000e+00 
6.48428574672236e-04 3.10067230445559e+02 3.04735805837785e+02 1.13941752480611e+22 1.81148072626067e+19 3.82248608119752e+18 1.54654087181363e+18 1.62990577090754e+14 1.67996301760883e+19 8.09862600537286e+15 8.58863186651847e+08 2.90477386157711e+16 3.43634678565453e+17 2.04170069167759e+14 0.00000000000000e+00 0.00000000000000e+00 0.00000000000000e+00 0.00000000000000e+00 0.00000000000000e+00 0.00000000000000e+00 0.00000000000000e+00 
7.24540091511840e-04 3.09432084118034e+02 3.04338990341271e+02 1.13907006221803e+22 2.02891236296133e+19 4.09213560203910e+18 1.56087687803718e+18 1.76807815429778e+14 1.87496497099678e+19 8.16149893324355e+15 9.52172260965183e+08 2.68250528899088e+16 3.71843138079799e+17 2.49249810354071e+14 0.00000000000000e+00 0.00000000000000e+00 0.00000000000000e+00 0.00000000000000e+00 0.00000000000000e+00 0.00000000000000e+00 0.00000000000000e+00 
8.00651608351444e-04 3.08894352626948e+02 3.04004031108978e+02 1.13872635352427e+22 2.24615091292643e+19 4.33645351558780e+18 1.56911329876445e+18 1.90476291983563e+14 2.06964622532190e+19 8.22407085888863e+15 1.04539078655910e+09 2.49430102451644e+16 3.98219518784407e+17 2.97468380274777e+14 0.00000000000000e+00 0.00000000000000e+00 0.00000000000000e+00 0.00000000000000e+00 0.00000000000000e+00 0.00000000000000e+00 0.00000000000000e+00 
8.76763125191048e-04 3.08438949011236e+02 3.03720883094173e+02 1.13838599187319e+22 2.46311450541039e+19 4.55804927638130e+18 1.57314498480616e+18 2.04005251453566e+14 2.26401836493809e+19 8.28634706424604e+15 1.13852503394822e+09 2.33293823213378e+16 4.23004893038983e+17 3.48486027962527e+14 0.00000000000000e+00 0.00000000000000e+00 0.00000000000000e+00 0.00000000000000e+00 0.00000000000000e+00 0.00000000000000e+00 0.00000000000000e+00 
9.82700579060904e-04 3.07919394418758e+02 3.03481399418157e+02 1.13791720806689e+22 2.76454128409635e+19 4.83297182114187e+18 1.57406175000730e+18 2.22616747284892e+14 2.53406107116959e+19 8.37255685105034e+15 1.26802266046567e+09 2.14247430715561e+16 4.55201852651760e+17 4.23551930693702e+14 0.00000000000000e+00 0.00000000000000e+00 0.00000000000000e+00 0.00000000000000e+00 0.00000000000000e+00 0.00000000000000e+00 0.00000000000000e+00 
1.08863803293076e-03 3.07507616755680e+02 3.03208531605343e+02 1.13745349808515e+22 3.06522023050487e+19 5.07397694685129e+18 1.57172641823402e+18 2.40998247904807e+14 2.80354351647327e+19 8.45831045036731e+15 1.39739489362014e+09 1.98282530608132e+16 4.85099690207349e+17 5.02594044909150e+14 0.00000000000000e+00 0.00000000000000e+00 0.00000000000000e+00 0.00000000000000e+00 0.00000000000000e+00 0.00000000000000e+00 0.00000000000000e+00 
1.19457548680062e-03 3.07181815222737e+02 3.02992532511402e+02 1.13699424941693e+22 3.36508833355159e+19 5.28590031119294e+18 1.56753138587114e+18 2.59171897749821e+14 3.07248243637952e+19 8.54367025659561e+15 1.52663640322444e+09 1.84683078513069e+16 5.13018656392356e+17 5.84853955642917e+14 0.00000000000000e+00 0.00000000000000e+00 0.00000000000000e+00 0.00000000000000e+00 0.00000000000000e+00 0.00000000000000e+00 0.00000000000000e+00 
1.30051294067047e-03 3.06925039841404e+02 3.02821796783613e+02 1.13653896827869e+22 3.66411070844040e+19 5.47286818058707e+18 1.56222184293397e+18 2.77157082120926e+14 3.34089138638152e+19 8.62865926364873e+15 1.65575669428294e+09 1.72969605409376e+16 5.39207037385846e+17 6.69640296249841e+14 0.00000000000000e+00 0.00000000000000e+00 0.00000000000000e+00 0.00000000000000e+00 0.00000000000000e+00 0.00000000000000e+00 0.00000000000000e+00 
1.40645039454033e-03 3.06723827531620e+02 3.02687334543336e+02 1.13608724580993e+22 3.96226649149386e+19 5.63841492990708e+18 1.55622909379483e+18 2.94968191568584e+14 3.60878109417846e+19 8.71329855385846e+15 1.78475106930196e+09 1.62742511448437e+16 5.63864044981781e+17 7.56327218959273e+14 0.00000000000000e+00 0.00000000000000e+00 0.00000000000000e+00 0.00000000000000e+00 0.00000000000000e+00 0.00000000000000e+00 0.00000000000000e+00 
1.59731669921934e-03 3.06469867946318e+02 3.02582028079162e+02 1.13528133793450e+22 4.49722631146394e+19 5.89168906934977e+18 1.54446451705407e+18 3.26655962172314e+14 4.09015055261232e+19 8.86484203166893e+15 2.01685091079946e+09 1.47200206650790e+16 6.04900356582278e+17 9.15585793259172e+14 0.00000000000000e+00 0.00000000000000e+00 0.00000000000000e+00 0.00000000000000e+00 0.00000000000000e+00 0.00000000000000e+00 0.00000000000000e+00 
1.78818300389835e-03 3.06314259326331e+02 3.02449183875774e+02 1.13448426371857e+22 5.02928626882457e+19 6.09949740701566e+18 1.53228889742830e+18 3.57890190545035e+14 4.56990891056382e+19 9.01526707588414e+15 2.24854707358345e+09 1.34572130854488e+16 6.42234898050829e+17 1.07640091991512e+15 0.00000000000000e+00 0.00000000000000e+00 0.00000000000000e+00 0.00000000000000e+00 0.00000000000000e+00 0.00000000000000e+00 0.00000000000000e+00 
1.97904930857736e-03 3.06224118886024e+02 3.02367813253146e+02 1.13369479005494e+22 5.55843142816897e+19 6.27295944539841e+18 1.52006655764571e+18 3.88717620052626e+14 5.04809175561825e+19 9.16455527774850e+15 2.47979082688109e+09 1.24030724189167e+16 6.76443269124030e+17 1.23650830259124e+15 0.00000000000000e+00 0.00000000000000e+00 0.00000000000000e+00 0.00000000000000e+00 0.00000000000000e+00 0.00000000000000e+00 0.00000000000000e+00 
2.16991561325637e-03 3.06178270218181e+02 3.02320672715715e+02 1.13291201029390e+22 6.08466341228282e+19 6.42028090288233e+18 1.50788757876988e+18 4.19175313275125e+14 5.52472779534512e+19 9.31267195457073e+15 2.71057521560385e+09 1.15092548627295e+16 7.07950583643410e+17 1.39418360009230e+15 0.00000000000000e+00 0.00000000000000e+00 0.00000000000000e+00 0.00000000000000e+00 0.00000000000000e+00 0.00000000000000e+00 0.00000000000000e+00 
2.36078191793538e-03 3.06162540320329e+02 3.02296675890998e+02 1.13213523680276e+22 6.60798906076599e+19 6.54761659375951e+18 1.49580076834748e+18 4.49292652840931e+14 5.99984148318079e+19 9.45960480031232e+15 2.94088004906059e+09 1.07440845608043e+16 7.37090028450056e+17 1.54814424921012e+15 0.00000000000000e+00 0.00000000000000e+00 0.00000000000000e+00 0.00000000000000e+00 0.00000000000000e+00 0.00000000000000e+00 0.00000000000000e+00 
2.61918793580839e-03 3.06172783695322e+02 3.02288411465622e+02 1.13109226056043e+22 7.31188387192757e+19 6.69610988679965e+18 1.47967264763727e+18 4.89562095773670e+14 6.64068851074983e+19 9.65666965636144e+15 3.25188604373752e+09 9.86607486577575e+15 7.73231848356465e+17 1.74912721172427e+15 0.00000000000000e+00 0.00000000000000e+00 0.00000000000000e+00 0.00000000000000e+00 0.00000000000000e+00 0.00000000000000e+00 0.00000000000000e+00 
2.87759395368139e-03 3.06204009190984e+02 3.02293694526463e+02 1.13005832768864e+22 8.01049735422659e+19 6.82509288109556e+18 1.46387951831257e+18 5.29293124704257e+14 7.27882803764968e+19 9.85163370608130e+15 3.56194938747825e+09 9.13017308775424e+15 8.06065573697487e+17 1.94015730827130e+15 0.00000000000000e+00 0.00000000000000e+00 0.00000000000000e+00 0.00000000000000e+00 0.00000000000000e+00 0.00000000000000e+00 0.00000000000000e+00 
3.13599997155439e-03 3.06246638542427e+02 3.02309936294866e+02 1.12903272668393e+22 8.70386454245879e+19 6.94051251315918e+18 1.44843981592682e+18 5.68519625642149e+14 7.91429761771401e+19 1.00445469269454e+16 3.87104026462371e+09 8.50196631487685e+15 8.36011062450060e+17 2.12050512820768e+15 0.00000000000000e+00 0.00000000000000e+00 0.00000000000000e+00 0.00000000000000e+00 0.00000000000000e+00 0.00000000000000e+00 0.00000000000000e+00 
3.39440598942739e-03 3.06295571207422e+02 3.02332135898459e+02 1.12801496330640e+22 9.39202395329967e+19 7.04630331240561e+18 1.43334688431516e+18 6.07268299949930e+14 8.54712852282337e+19 1.02354603622758e+16 4.17914661806673e+09 7.95816223026167e+15 8.63391525610211e+17 2.29002214094025e+15 0.00000000000000e+00 0.00000000000000e+00 0.00000000000000e+00 0.00000000000000e+00 0.00000000000000e+00 0.00000000000000e+00 0.00000000000000e+00 
3.65281200730039e-03 3.06347934280271e+02 3.02357630594636e+02 1.12700467779466e+22 1.00750154777651e+20 7.14514260900156e+18 1.41859253275900e+18 6.45561963387110e+14 9.17734868983671e+19 1.04244288861401e+16 4.48626475593815e+09 7.48654388054649e+15 8.88470705296933e+17 2.44892496294628e+15 0.00000000000000e+00 0.00000000000000e+00 0.00000000000000e+00 0.00000000000000e+00 0.00000000000000e+00 0.00000000000000e+00 0.00000000000000e+00 
4.09985335916220e-03 3.06441307358411e+02 3.02384920545675e+02 1.12527375256576e+22 1.12445022175553e+20 7.30520449444239e+18 1.39384912667369e+18 7.10784266841163e+14 1.02615318184936e+20 1.07469140366013e+16 5.01522048910941e+09 6.79935835892497e+15 9.27064867732676e+17 2.70002663460593e+15 0.00000000000000e+00 0.00000000000000e+00 0.00000000000000e+00 0.00000000000000e+00 0.00000000000000e+00 0.00000000000000e+00 0.00000000000000e+00 
4.54689471102401e-03 3.06535654521918e+02 3.02433595643397e+02 1.12356342845096e+22 1.23988519772106e+20 7.45585852651018e+18 1.37005739375118e+18 7.74765164441577e+14 1.13380761330795e+20 1.10640244372221e+16 5.54118685055223e+09 6.23338677977588e+15 9.60321196365268e+17 2.92378388680197e+15 0.00000000000000e+00 0.00000000000000e+00 0.00000000000000e+00 0.00000000000000e+00 0.00000000000000e+00 0.00000000000000e+00 0.00000000000000e+00 
4.99393606288581e-03 3.06629688132956e+02 3.02482790834422e+02 1.12187305873463e+22 1.35382730862209e+20 7.60011177695471e+18 1.34716595202912e+18 8.37563261233953e+14 1.24070652935367e+20 1.13760120596364e+16 6.06417599612965e+09 5.76222953683476e+15 9.88918175774628e+17 3.12363689931245e+15 0.00000000000000e+00 0.00000000000000e+00 0.00000000000000e+00 0.00000000000000e+00 0.00000000000000e+00 0.00000000000000e+00 0.00000000000000e+00 
5.44097741474762e-03 3.06722545916135e+02 3.02531833269386e+02 1.12020213898393e+22 1.46629702987054e+20 7.73982698653816e+18 1.32512417077334e+18 8.99224697510321e+14 1.34685701632586e+20 1.16831015693896e+16 6.58418796345647e+09 5.36530823598300e+15 1.01341298070042e+18 3.30273818065525e+15 0.00000000000000e+00 0.00000000000000e+00 0.00000000000000e+00 0.00000000000000e+00 0.00000000000000e+00 0.00000000000000e+00 0.00000000000000e+00 
5.88801876660942e-03 3.06813827459300e+02 3.02580271926815e+02 1.11855025931132e+22 1.57731445018831e+20 7.87614546644473e+18 1.30388708969640e+18 9.59788037674691e+14 1.45226513068407e+20 1.19855017091628e+16 7.10122597153575e+09 5.02345462698288e+15 1.03426967787485e+18 3.46386822523939e+15 0.00000000000000e+00 0.00000000000000e+00 0.00000000000000e+00 0.00000000000000e+00 0.00000000000000e+00 0.00000000000000e+00 0.00000000000000e+00 
6.33506011847123e-03 3.06903668502319e+02 3.02627896963776e+02 1.11691708642059e+22 1.68689930314139e+20 8.00963008549614e+18 1.28341302281960e+18 1.01929011663700e+15 1.55693613629799e+20 1.22834064584095e+16 7.61529886065734e+09 4.72630939119861e+15 1.05187267646930e+18 3.60946763182531e+15 0.00000000000000e+00 0.00000000000000e+00 0.00000000000000e+00 0.00000000000000e+00 0.00000000000000e+00 0.00000000000000e+00 0.00000000000000e+00 
6.86778598206012e-03 3.07009196383331e+02 3.02674778858709e+02 1.11499491204994e+22 1.81564444481963e+20 8.16534762028229e+18 1.25995530683145e+18 1.08885459423264e+15 1.68071344458563e+20 1.26327860394444e+16 8.22404397645007e+09 4.42166790404212e+15 1.06905815879129e+18 3.76556645444713e+15 0.00000000000000e+00 0.00000000000000e+00 0.00000000000000e+00 0.00000000000000e+00 0.00000000000000e+00 0.00000000000000e+00 0.00000000000000e+00 
7.40051184564902e-03 3.07113277334593e+02 3.02729857659884e+02 1.11309845053989e+22 1.94241478775311e+20 8.31762960800216e+18 1.23746120076624e+18 1.15700510896108e+15 1.80345769872104e+20 1.29763068915752e+16 8.82859597604995e+09 4.15575672910284e+15 1.08256713166161e+18 3.90543561590163e+15 0.00000000000000e+00 0.00000000000000e+00 0.00000000000000e+00 0.00000000000000e+00 0.00000000000000e+00 0.00000000000000e+00 0.00000000000000e+00 
7.93323770923791e-03 3.07215901989714e+02 3.02784193130417e+02 1.11122727604488e+22 2.06724167761722e+20 8.46670012697775e+18 1.21587387252680e+18 1.22378737163341e+15 1.92517543421205e+20 1.33142197566497e+16 9.42896795393652e+09 3.92600030340891e+15 1.09281795388053e+18 4.03137174087194e+15 0.00000000000000e+00 0.00000000000000e+00 0.00000000000000e+00 0.00000000000000e+00 0.00000000000000e+00 0.00000000000000e+00 0.00000000000000e+00 
8.46596357282680e-03 3.07317057551310e+02 3.02837779816808e+02 1.10938098032933e+22 2.19015577990409e+20 8.61276279409326e+18 1.19514123852700e+18 1.28923960971708e+15 2.04587275354274e+20 1.36467553174195e+16 1.00251592226719e+10 3.72354664335723e+15 1.10018436464687e+18 4.14525009262493e+15 0.00000000000000e+00 0.00000000000000e+00 0.00000000000000e+00 0.00000000000000e+00 0.00000000000000e+00 0.00000000000000e+00 0.00000000000000e+00 
8.99868943641569e-03 3.07416823386866e+02 3.02890610472619e+02 1.10755917627489e+22 2.31118713593921e+20 8.75595435416188e+18 1.17521479295298e+18 1.35340201647540e+15 2.16555541387332e+20 1.39741260728800e+16 1.06171778650266e+10 3.54288672630251e+15 1.10499384391023e+18 4.24863199544447e+15 0.00000000000000e+00 0.00000000000000e+00 0.00000000000000e+00 0.00000000000000e+00 0.00000000000000e+00 0.00000000000000e+00 0.00000000000000e+00 
9.53141530000459e-03 3.07515289985175e+02 3.02942726130786e+02 1.10576149320242e+22 2.43036518915165e+20 8.89636324253972e+18 1.15604954591447e+18 1.41631260615011e+15 2.28422900122988e+20 1.42965282482343e+16 1.12050307498140e+10 3.38244427084476e+15 1.10753866121765e+18 4.34281706905781e+15 0.00000000000000e+00 0.00000000000000e+00 0.00000000000000e+00 0.00000000000000e+00 0.00000000000000e+00 0.00000000000000e+00 0.00000000000000e+00 
1.05132195007527e-02 3.07693457018231e+02 3.02994173698776e+02 1.10251038251075e+22 2.64524943843601e+20 9.14815188087730e+18 1.12258541530407e+18 1.52908929225852e+15 2.50031705120492e+20 1.48782929625169e+16 1.22775352091675e+10 3.12760199936214e+15 1.10717146178098e+18 4.49584537026126e+15 0.00000000000000e+00 0.00000000000000e+00 0.00000000000000e+00 0.00000000000000e+00 0.00000000000000e+00 0.00000000000000e+00 0.00000000000000e+00 
1.14950237015008e-02 3.07867493069282e+02 3.03087290515745e+02 1.09933781527411e+22 2.85411227054752e+20 9.39129307494083e+18 1.09133395937414e+18 1.63793276638162e+15 2.71302965925383e+20 1.54448135956692e+16 1.33359395989044e+10 2.91406666265882e+15 1.10142983262144e+18 4.62659311925277e+15 0.00000000000000e+00 0.00000000000000e+00 0.00000000000000e+00 0.00000000000000e+00 0.00000000000000e+00 0.00000000000000e+00 0.00000000000000e+00 
1.24768279022489e-02 3.08037533961194e+02 3.03178281614433e+02 1.09624172110244e+22 3.05712352865810e+20 9.62626858060072e+18 1.06209014014172e+18 1.74303555994448e+15 2.92239996615019e+20 1.59969880346959e+16 1.43802828682051e+10 2.73295276443718e+15 1.09150278160170e+18 4.73913798471588e+15 0.00000000000000e+00 0.00000000000000e+00 0.00000000000000e+00 0.00000000000000e+00 0.00000000000000e+00 0.00000000000000e+00 0.00000000000000e+00 
1.34586321029970e-02 3.08203746965916e+02 3.03267215658637e+02 1.09322011466775e+22 3.25444752072320e+20 9.85350420621312e+18 1.03467326065803e+18 1.84457292845239e+15 3.12846144919960e+20 1.65356083482371e+16 1.54106097064767e+10 2.57789547717817e+15 1.07839118498238e+18 4.83668280787462e+15 0.00000000000000e+00 0.00000000000000e+00 0.00000000000000e+00 0.00000000000000e+00 0.00000000000000e+00 0.00000000000000e+00 0.00000000000000e+00 
1.44404363037451e-02 3.08366294376033e+02 3.03354177990846e+02 1.09027109028752e+22 3.44624333789704e+20 1.00733541201483e+19 1.00892377365472e+18 1.94270859251019e+15 3.33124805083567e+20 1.70613772373127e+16 1.64269708649687e+10 2.44299269476165e+15 1.06293148377788e+18 4.92172186865857e+15 0.00000000000000e+00 0.00000000000000e+00 0.00000000000000e+00 0.00000000000000e+00 0.00000000000000e+00 0.00000000000000e+00 0.00000000000000e+00 
1.54222405044932e-02 3.08525300497729e+02 3.03439251532002e+02 1.08739281385963e+22 3.63266511346446e+20 1.02861344645091e+19 9.84700229532843e+17 2.03760176242142e+15 3.53079416621706e+20 1.75749210517465e+16 1.74294232140747e+10 2.32426917853308e+15 1.04581156559234e+18 4.99620603933195e+15 0.00000000000000e+00 0.00000000000000e+00 0.00000000000000e+00 0.00000000000000e+00 0.00000000000000e+00 0.00000000000000e+00 0.00000000000000e+00 
1.68505175046240e-02 3.08750507945996e+02 3.03522499433114e+02 1.08332836508865e+22 3.89457055596479e+20 1.05836678266666e+19 9.51930519156906e+17 2.17014860537706e+15 3.81536962636620e+20 1.83013133564596e+16 1.88630380896692e+10 2.17619367607977e+15 1.01904228796681e+18 5.08888013368182e+15 0.00000000000000e+00 0.00000000000000e+00 0.00000000000000e+00 0.00000000000000e+00 0.00000000000000e+00 0.00000000000000e+00 0.00000000000000e+00 
1.82787945047549e-02 3.08968769680363e+02 3.03640454146986e+02 1.07940466932501e+22 4.14586098801860e+20 1.08677270995070e+19 9.21786233679215e+17 2.29654529734800e+15 4.09327112637870e+20 1.90045299275005e+16 2.02675735368772e+10 2.05073274741036e+15 9.91304175355879e+17 5.16643807183419e+15 0.00000000000000e+00 0.00000000000000e+00 0.00000000000000e+00 0.00000000000000e+00 0.00000000000000e+00 0.00000000000000e+00 0.00000000000000e+00 
1.97070715048857e-02 3.09180384962013e+02 3.03754823564617e+02 1.07561671964044e+22 4.38696145133157e+20 1.11390708108596e+19 8.93979471849837e+17 2.41716732383652e+15 4.36461044038591e+20 1.96858944082918e+16 2.16432750087285e+10 1.94311321877660e+15 9.63599099813363e+17 5.23175988887044e+15 0.00000000000000e+00 0.00000000000000e+00 0.00000000000000e+00 0.00000000000000e+00 0.00000000000000e+00 0.00000000000000e+00 0.00000000000000e+00 
2.11353485050165e-02 3.09385620963050e+02 3.03865759678585e+02 1.07195973797491e+22 4.61827842833980e+20 1.13983854181272e+19 8.68263645388773e+17 2.53236023443568e+15 4.62950114795612e+20 2.03465507083515e+16 2.29904117173526e+10 1.84969381961877e+15 9.36601142273358e+17 5.28703971058021e+15 0.00000000000000e+00 0.00000000000000e+00 0.00000000000000e+00 0.00000000000000e+00 0.00000000000000e+00 0.00000000000000e+00 0.00000000000000e+00 
2.25636255051473e-02 3.09584721976527e+02 3.03973398062641e+02 1.06842914746023e+22 4.84020137840637e+20 1.16463154244587e+19 8.44420449733666e+17 2.64244664621720e+15 4.88805801646275e+20 2.09875391574977e+16 2.43092742883138e+10 1.76773922400745e+15 9.10747577820146e+17 5.33413790574478e+15 0.00000000000000e+00 0.00000000000000e+00 0.00000000000000e+00 0.00000000000000e+00 0.00000000000000e+00 0.00000000000000e+00 0.00000000000000e+00 
2.50993033274145e-02 3.09923764489210e+02 3.04077862656376e+02 1.06245913723256e+22 5.21218409678461e+20 1.20602566500487e+19 8.06141270780137e+17 2.82621409698763e+15 5.33183878039566e+20 2.20797916456667e+16 2.65820140568250e+10 1.64438311601393e+15 8.68321251019656e+17 5.40178427103982e+15 0.00000000000000e+00 0.00000000000000e+00 0.00000000000000e+00 0.00000000000000e+00 0.00000000000000e+00 0.00000000000000e+00 0.00000000000000e+00 
2.76349811496818e-02 3.10245307196112e+02 3.04255851173671e+02 1.05685044119998e+22 5.55770116954834e+20 1.24432122782988e+19 7.72327734247159e+17 2.99628458854801e+15 5.75666809510165e+20 2.31171326098674e+16 2.87684575886505e+10 1.54411533621325e+15 8.30940442055398e+17 5.45366940305612e+15 0.00000000000000e+00 0.00000000000000e+00 0.00000000000000e+00 0.00000000000000e+00 0.00000000000000e+00 0.00000000000000e+00 0.00000000000000e+00 
3.01706589719490e-02 3.10550383261128e+02 3.04424768276156e+02 1.05158119720989e+22 5.87859694044131e+20 1.27978839731668e+19 7.42277872406619e+17 3.15396719834456e+15 6.16319242404317e+20 2.41033382898970e+16 3.08705617782875e+10 1.45975159779879e+15 7.98510617048814e+17 5.49411217382102e+15 0.00000000000000e+00 0.00000000000000e+00 0.00000000000000e+00 0.00000000000000e+00 0.00000000000000e+00 0.00000000000000e+00 0.00000000000000e+00 
3.27063367942163e-02 3.10839902506375e+02 3.04585138920665e+02 1.04663098746928e+22 6.17658206548433e+20 1.31266686451813e+19 7.15453929387470e+17 3.30040315545290e+15 6.55205273321069e+20 2.50414222291415e+16 3.28903812327469e+10 1.38835618170673e+15 7.70498332606140e+17 5.52568590900947e+15 0.00000000000000e+00 0.00000000000000e+00 0.00000000000000e+00 0.00000000000000e+00 0.00000000000000e+00 0.00000000000000e+00 0.00000000000000e+00 
3.52420146164835e-02 3.11114716471107e+02 3.04737425405534e+02 1.04198066208112e+22 6.45324786650906e+20 1.34317472736030e+19 6.91391441019752e+17 3.43657945604978e+15 6.92388095831753e+20 2.59342288444070e+16 3.48300325494894e+10 1.32728951280255e+15 7.46269508706792e+17 5.55073390400297e+15 0.00000000000000e+00 0.00000000000000e+00 0.00000000000000e+00 0.00000000000000e+00 0.00000000000000e+00 0.00000000000000e+00 0.00000000000000e+00 
4.07834933401991e-02 3.11667766586834e+02 3.04882061342487e+02 1.03277770004262e+22 6.99054271592354e+20 1.40250227004890e+19 6.46678177890834e+17 3.70248308048891e+15 7.68016375073049e+20 2.77391850111014e+16 3.88003166113401e+10 1.21983343121310e+15 7.03776137625478e+17 5.59011141248029e+15 0.00000000000000e+00 0.00000000000000e+00 0.00000000000000e+00 0.00000000000000e+00 0.00000000000000e+00 0.00000000000000e+00 0.00000000000000e+00 
4.63249720639147e-02 3.12161437066707e+02 3.05173383418592e+02 1.02475219081895e+22 7.44679502174902e+20 1.45314331900284e+19 6.10521776248116e+17 3.93118685216173e+15 8.36429903931314e+20 2.93607370914108e+16 4.24209836887974e+10 1.13829056197864e+15 6.71646567337066e+17 5.61597196249436e+15 0.00000000000000e+00 0.00000000000000e+00 0.00000000000000e+00 0.00000000000000e+00 0.00000000000000e+00 0.00000000000000e+00 0.00000000000000e+00 
5.18664507876303e-02 3.12602084878753e+02 3.05433707947246e+02 1.01775353635965e+22 7.83401276486796e+20 1.49649225900642e+19 5.80872485704390e+17 4.12880773414037e+15 8.98225510393335e+20 3.08174992031815e+16 4.57153213848005e+10 1.07431346906264e+15 6.46450193408947e+17 5.63430227216176e+15 0.00000000000000e+00 0.00000000000000e+00 0.00000000000000e+00 0.00000000000000e+00 0.00000000000000e+00 0.00000000000000e+00 0.00000000000000e+00 
5.74079295113459e-02 3.12995266870771e+02 3.05666296032211e+02 1.01165112001296e+22 8.16237668967203e+20 1.53367755393367e+19 5.56289584610571e+17 4.30009398379034e+15 9.53965829011682e+20 3.21253384043713e+16 4.87064071314371e+10 1.02322697289676e+15 6.26130680002307e+17 5.64846514088151e+15 0.00000000000000e+00 0.00000000000000e+00 0.00000000000000e+00 0.00000000000000e+00 0.00000000000000e+00 0.00000000000000e+00 0.00000000000000e+00 
6.29494082350615e-02 3.13345930605843e+02 3.05874007961633e+02 1.00633111853962e+22 8.44056708402130e+20 1.56562971413273e+19 5.35713225022508e+17 4.44894497945975e+15 1.00417856445668e+21 3.32984839678222e+16 5.14168142803408e+10 9.81343615172448e+14 6.09417236672698e+17 5.66047996412854e+15 0.00000000000000e+00 0.00000000000000e+00 0.00000000000000e+00 0.00000000000000e+00 0.00000000000000e+00 0.00000000000000e+00 0.00000000000000e+00 
7.07258545196882e-02 3.13774606039001e+02 3.06059399307131e+02 1.00000008137895e+22 8.76008761512658e+20 1.60307878362418e+19 5.12128558476815e+17 4.62602878806249e+15 1.06624841785274e+21 3.47416523353436e+16 5.47881934064226e+10 9.34206421163869e+14 5.90475689769861e+17 5.67582196890353e+15 0.00000000000000e+00 0.00000000000000e+00 0.00000000000000e+00 0.00000000000000e+00 0.00000000000000e+00 0.00000000000000e+00 0.00000000000000e+00 
7.85023008043148e-02 3.14139002578216e+02 3.06286214492630e+02 9.94780153396071e+21 9.01246601575792e+20 1.63347752081426e+19 4.93316514978369e+17 4.77258691794066e+15 1.11964486846576e+21 3.59764577190706e+16 5.77070535593196e+10 8.97201663652213e+14 5.75323455944434e+17 5.69053235022121e+15 0.00000000000000e+00 0.00000000000000e+00 0.00000000000000e+00 0.00000000000000e+00 0.00000000000000e+00 0.00000000000000e+00 0.00000000000000e+00 
8.62787470889415e-02 3.14448468828542e+02 3.06479174405192e+02 9.90475508346259e+21 9.21155725114365e+20 1.65820160835626e+19 4.78174191582632e+17 4.89422269633260e+15 1.16549089867466e+21 3.70310364491965e+16 6.02269250409648e+10 8.67791941628326e+14 5.63028403627828e+17 5.70500129528837e+15 0.00000000000000e+00 0.00000000000000e+00 0.00000000000000e+00 0.00000000000000e+00 0.00000000000000e+00 0.00000000000000e+00 0.00000000000000e+00 
9.40551933735682e-02 3.14711016436215e+02 3.06643158219522e+02 9.86926020982695e+21 9.36830316963485e+20 1.67834028788373e+19 4.65881500426165e+17 4.99533800182222e+15 1.20478231866841e+21 3.79301012392848e+16 6.23966445786219e+10 8.44018193417077e+14 5.52973288434681e+17 5.71941820609638e+15 0.00000000000000e+00 0.00000000000000e+00 0.00000000000000e+00 0.00000000000000e+00 0.00000000000000e+00 0.00000000000000e+00 0.00000000000000e+00 
1.01831639658195e-01 3.14933529163001e+02 3.06782359747507e+02 9.83999818734383e+21 9.49141826909423e+20 1.69476441782084e+19 4.55832009903361e+17 5.07955081151342e+15 1.23839894200108e+21 3.86953012314521e+16 6.42604033981293e+10 8.24543165038917e+14 5.44660290881546e+17 5.73375356782001e+15 0.00000000000000e+00 0.00000000000000e+00 0.00000000000000e+00 0.00000000000000e+00 0.00000000000000e+00 0.00000000000000e+00 0.00000000000000e+00 
1.14297928560487e-01 3.15220796205531e+02 3.06900391611624e+02 9.80352420625700e+21 9.63488212432325e+20 1.71498387020378e+19 4.43350753125509e+17 5.18614922108220e+15 1.28230496910712e+21 3.96876743160279e+16 6.67048810238520e+10 8.00496043103117e+14 5.34156514848999e+17 5.75618063154156e+15 0.00000000000000e+00 0.00000000000000e+00 0.00000000000000e+00 0.00000000000000e+00 0.00000000000000e+00 0.00000000000000e+00 0.00000000000000e+00 
1.26764217462779e-01 3.15440287233513e+02 3.07052847976643e+02 9.77676733802187e+21 9.73130272346203e+20 1.72962649348271e+19 4.34139186148972e+17 5.26615950024832e+15 1.31628312675852e+21 4.04494902199604e+16 6.86045857266645e+10 7.82482799751902e+14 5.26177443376276e+17 5.77717870981794e+15 0.00000000000000e+00 0.00000000000000e+00 0.00000000000000e+00 0.00000000000000e+00 0.00000000000000e+00 0.00000000000000e+00 0.00000000000000e+00 
1.39230506365071e-01 3.15607871589198e+02 3.07169391350941e+02 9.75709206809603e+21 9.79597232894788e+20 1.74027820720189e+19 4.27266342541261e+17 5.32648747169325e+15 1.34251807966123e+21 4.10333688881344e+16 7.00761008989822e+10 7.68900418478947e+14 5.20053847336661e+17 5.79619971384828e+15 0.00000000000000e+00 0.00000000000000e+00 0.00000000000000e+00 0.00000000000000e+00 0.00000000000000e+00 0.00000000000000e+00 0.00000000000000e+00 
1.51696795267363e-01 3.15735603127984e+02 3.07258406120264e+02 9.74262141653462e+21 9.83900447366463e+20 1.74803142001608e+19 4.22152096125651e+17 5.37195476249958e+15 1.36272155431571e+21 4.14797232670314e+16 7.12122335798604e+10 7.58755976791139e+14 5.15382823065213e+17 5.81276381687220e+15 0.00000000000000e+00 0.00000000000000e+00 0.00000000000000e+00 0.00000000000000e+00 0.00000000000000e+00 0.00000000000000e+00 0.00000000000000e+00 
1.64163084169654e-01 3.15832764624101e+02 3.07326270676534e+02 9.73199000812157e+21 9.86726399971570e+20 1.75368142362046e+19 4.18301462619084e+17 5.40620191062486e+15 1.37823746529303e+21 4.18201032957880e+16 7.20862904297796e+10 7.51026228088686e+14 5.11802002820701e+17 5.82715034859564e+15 0.00000000000000e+00 0.00000000000000e+00 0.00000000000000e+00 0.00000000000000e+00 0.00000000000000e+00 0.00000000000000e+00 0.00000000000000e+00 
1.88607355912547e-01 3.15958782641640e+02 3.07377903236193e+02 9.71892298978460e+21 9.89530784814853e+20 1.76054991066608e+19 4.13362176792962e+17 5.45017894879904e+15 1.39864900259853e+21 4.22629513574255e+16 7.32380550383089e+10 7.40949963317365e+14 5.07018872398948e+17 5.84954807687055e+15 0.00000000000000e+00 0.00000000000000e+00 0.00000000000000e+00 0.00000000000000e+00 0.00000000000000e+00 0.00000000000000e+00 0.00000000000000e+00 
2.13051627655439e-01 3.16031866204849e+02 3.07444881731092e+02 9.71176838921355e+21 9.90652227769282e+20 1.76426577786970e+19 4.10526627938304e+17 5.47556082696523e+15 1.41065498277568e+21 4.25206026052275e+16 7.39166898809229e+10 7.35058430502158e+14 5.04132435557714e+17 5.86474134566235e+15 0.00000000000000e+00 0.00000000000000e+00 0.00000000000000e+00 0.00000000000000e+00 0.00000000000000e+00 0.00000000000000e+00 0.00000000000000e+00 
2.37495899398331e-01 3.16075120690533e+02 3.07483731106656e+02 9.70768240770784e+21 9.91138883667993e+20 1.76637002168742e+19 4.08860080624450e+17 5.49054564136903e+15 1.41781986895403e+21 4.26733503384537e+16 7.43220655652721e+10 7.31563329231194e+14 5.02400680771358e+17 5.87449715388739e+15 0.00000000000000e+00 0.00000000000000e+00 0.00000000000000e+00 0.00000000000000e+00 0.00000000000000e+00 0.00000000000000e+00 0.00000000000000e+00 
2.61940171141223e-01 3.16100772076122e+02 3.07506725985081e+02 9.70533772438826e+21 9.91333799603167e+20 1.76756910083264e+19 4.07874679848245e+17 5.49937576763235e+15 1.42210037873048e+21 4.27640622330025e+16 7.45643734583864e+10 7.29476294157338e+14 5.01363763615447e+17 5.88071571480748e+15 0.00000000000000e+00 0.00000000000000e+00 0.00000000000000e+00 0.00000000000000e+00 0.00000000000000e+00 0.00000000000000e+00 0.00000000000000e+00 
2.86384442884115e-01 3.16115675853042e+02 3.07520363213958e+02 9.70404197303346e+21 9.91367611861959e+20 1.76822575068476e+19 4.07301502250370e+17 5.50448165615307e+15 1.42461407124894e+21 4.28168700029852e+16 7.47066969154860e+10 7.28243371146413e+14 5.00738832991243e+17 5.88472429680470e+15 0.00000000000000e+00 0.00000000000000e+00 0.00000000000000e+00 0.00000000000000e+00 0.00000000000000e+00 0.00000000000000e+00 0.00000000000000e+00 
3.27131271899832e-01 3.16126786737818e+02 3.07528286511940e+02 9.70316472014822e+21 9.91286962178162e+20 1.76866293317883e+19 4.06869117557067e+17 5.50829988475255e+15 1.42652345245529e+21 4.28563847407066e+16 7.48148061249155e+10 7.27284122760462e+14 5.00234899969563e+17 5.88827166168694e+15 0.00000000000000e+00 0.00000000000000e+00 0.00000000000000e+00 0.00000000000000e+00 0.00000000000000e+00 0.00000000000000e+00 0.00000000000000e+00 
3.67878100915550e-01 3.16131249825081e+02 3.07534192962971e+02 9.70283931904136e+21 9.91222366125238e+20 1.76882270375109e+19 4.06694110500894e+17 5.50985435964006e+15 1.42730122574717e+21 4.28723000684854e+16 7.48588420123251e+10 7.26887520216604e+14 5.00018966920138e+17 5.88986545578805e+15 0.00000000000000e+00 0.00000000000000e+00 0.00000000000000e+00 0.00000000000000e+00 0.00000000000000e+00 0.00000000000000e+00 0.00000000000000e+00 
4.08624929931267e-01 3.16133587538271e+02 3.07536565359717e+02 9.70265461200004e+21 9.91205519699023e+20 1.76891451028757e+19 4.06604308412379e+17 5.51066026577923e+15 1.42770297466931e+21 4.28806094549516e+16 7.48815918605772e+10 7.26689979471630e+14 4.99915476077255e+17 5.89060332627100e+15 0.00000000000000e+00 0.00000000000000e+00 0.00000000000000e+00 0.00000000000000e+00 0.00000000000000e+00 0.00000000000000e+00 0.00000000000000e+00 
4.49371758946984e-01 3.16134792292562e+02 3.07537808097480e+02 9.70255507415522e+21 9.91201996098762e+20 1.76896419535505e+19 4.06559098328985e+17 5.51106612066479e+15 1.42790833586690e+21 4.28848811769325e+16 7.48932205228803e+10 7.26592912527654e+14 4.99866265272972e+17 5.89095081246476e+15 0.00000000000000e+00 0.00000000000000e+00 0.00000000000000e+00 0.00000000000000e+00 0.00000000000000e+00 0.00000000000000e+00 0.00000000000000e+00 
4.90118587962702e-01 3.16135209249024e+02 3.07538448580415e+02 9.70252590858050e+21 9.91194423825614e+20 1.76897711744493e+19 4.06546980144480e+17 5.51119491639522e+15 1.42798161348870e+21 4.28863669401965e+16 7.48974474283149e+10 7.26568334825804e+14 4.99853528407110e+17 5.89107084429456e+15 0.00000000000000e+00 0.00000000000000e+00 0.00000000000000e+00 0.00000000000000e+00 0.00000000000000e+00 0.00000000000000e+00 0.00000000000000e+00 
6.45075249200512e-01 3.16135607881105e+02 3.07538670209783e+02 9.70250251646430e+21 9.91181838820191e+20 1.76898866525064e+19 4.06529787486900e+17 5.51133666104010e+15 1.42805343438574e+21 4.28877872935903e+16 7.49014282215230e+10 7.26528567711875e+14 4.99831713603561e+17 5.89126640437462e+15 0.00000000000000e+00 0.00000000000000e+00 0.00000000000000e+00 0.00000000000000e+00 0.00000000000000e+00 0.00000000000000e+00 0.00000000000000e+00 
8.00031910438321e-01 3.16135236899039e+02 3.07538882069766e+02 9.70253475077358e+21 9.91181039371923e+20 1.76897247750280e+19 4.06543471083525e+17 5.51121306372368e+15 1.42799082137700e+21 4.28864748763533e+16 7.48978820126289e+10 7.26557004908909e+14 4.99845562295557e+17 5.89117016128172e+15 0.00000000000000e+00 0.00000000000000e+00 0.00000000000000e+00 0.00000000000000e+00 0.00000000000000e+00 0.00000000000000e+00 0.00000000000000e+00 
9.54988571676131e-01 3.16135169930783e+02 3.07538684833738e+02 9.70253898300556e+21 9.91182849922978e+20 1.76897255123852e+19 4.06539500159766e+17 5.51121353279336e+15 1.42797876886267e+21 4.28862347221141e+16 7.48970737516431e+10 7.26543760616546e+14 4.99836752296315e+17 5.89119955801782e+15 0.00000000000000e+00 0.00000000000000e+00 0.00000000000000e+00 0.00000000000000e+00 0.00000000000000e+00 0.00000000000000e+00 0.00000000000000e+00 
1.10994523291394e+00 3.16135220237588e+02 3.07538649242563e+02 9.70253434798479e+21 9.91183225843921e+20 1.76897260643358e+19 4.06544798293193e+17 5.51120679780525e+15 1.42798724397163e+21 4.28864163655483e+16 7.48977015488064e+10 7.26560701236050e+14 4.99847211734867e+17 5.89114825502322e+15 0.00000000000000e+00 0.00000000000000e+00 0.00000000000000e+00 0.00000000000000e+00 0.00000000000000e+00 0.00000000000000e+00 0.00000000000000e+00 
2.15189685186831e+00 3.16135244151332e+02 3.07538675988414e+02 9.70253265423272e+21 9.91182850876134e+20 1.76897391269003e+19 4.06542032451223e+17 5.51121827458950e+15 1.42799137279988e+21 4.28865037632172e+16 7.48979166950138e+10 7.26552822003564e+14 4.99843180730426e+17 5.89117121348415e+15 0.00000000000000e+00 0.00000000000000e+00 0.00000000000000e+00 0.00000000000000e+00 0.00000000000000e+00 0.00000000000000e+00 0.00000000000000e+00 
3.19384847082267e+00 3.16135242836681e+02 3.07538688700925e+02 9.70253278172599e+21 9.91182831465214e+20 1.76897380373559e+19 4.06542224661113e+17 5.51121772278772e+15 1.42799115821219e+21 4.28864990923187e+16 7.48979073161392e+10 7.26553092692962e+14 4.99843269631058e+17 5.89116938644434e+15 0.00000000000000e+00 0.00000000000000e+00 0.00000000000000e+00 0.00000000000000e+00 0.00000000000000e+00 0.00000000000000e+00 0.00000000000000e+00 
4.23580008977704e+00 3.16135242643851e+02 3.07538688001854e+02 9.70253280276340e+21 9.91182831020829e+20 1.76897386133444e+19 4.06541979593818e+17 5.51121871816924e+15 1.42799111788517e+21 4.28864987941832e+16 7.48979020205530e+10 7.26552273683708e+14 4.99842761159420e+17 5.89117125136641e+15 0.00000000000000e+00 0.00000000000000e+00 0.00000000000000e+00 0.00000000000000e+00 0.00000000000000e+00 0.00000000000000e+00 0.00000000000000e+00 
1.46553162793207e+01 3.16135242636131e+02 3.07538687899485e+02 9.70253280273354e+21 9.91182831397061e+20 1.76897385708678e+19 4.06541998557045e+17 5.51121869541574e+15 1.42799111715082e+21 4.28864987185955e+16 7.48979020680865e+10 7.26552310526198e+14 4.99842780753242e+17 5.89117109087652e+15 0.00000000000000e+00 0.00000000000000e+00 0.00000000000000e+00 0.00000000000000e+00 0.00000000000000e+00 0.00000000000000e+00 0.00000000000000e+00 
2.50748324688643e+01 3.16135242638344e+02 3.07538687895370e+02 9.70253280236387e+21 9.91182831288499e+20 1.76897385569362e+19 4.06542005894301e+17 5.51121864296787e+15 1.42799111802011e+21 4.28864986981104e+16 7.48979021150604e+10 7.26552360829836e+14 4.99842813123303e+17 5.89117106954524e+15 0.00000000000000e+00 0.00000000000000e+00 0.00000000000000e+00 0.00000000000000e+00 0.00000000000000e+00 0.00000000000000e+00 0.00000000000000e+00 
3.54943486584080e+01 3.16135242638060e+02 3.07538687896537e+02 9.70253280236148e+21 9.91182831318705e+20 1.76897385567876e+19 4.06542006198554e+17 5.51121864678172e+15 1.42799111797009e+21 4.28864986959266e+16 7.48979021132893e+10 7.26552355916110e+14 4.99842809984598e+17 5.89117106389483e+15 0.00000000000000e+00 0.00000000000000e+00 0.00000000000000e+00 0.00000000000000e+00 0.00000000000000e+00 0.00000000000000e+00 0.00000000000000e+00 
1.35494348658408e+02 3.16135242638117e+02 3.07538687896386e+02 9.70253280234434e+21 9.91182831308362e+20 1.76897385559419e+19 4.06542006583608e+17 5.51121864335686e+15 1.42799111800917e+21 4.28864986946121e+16 7.48979021150020e+10 7.26552359594527e+14 4.99842812316816e+17 5.89117106338358e+15 0.00000000000000e+00 0.00000000000000e+00 0.00000000000000e+00 0.00000000000000e+00 0.00000000000000e+00 0.00000000000000e+00 0.00000000000000e+00 
2.35494348658408e+02 3.16135242638124e+02 3.07538687896416e+02 9.70253280234260e+21 9.91182831307255e+20 1.76897385559801e+19 4.06542006549610e+17 5.51121864332340e+15 1.42799111800933e+21 4.28864986947901e+16 7.48979021150354e+10 7.26552359643711e+14 4.99842812343327e+17 5.89117106352059e+15 0.00000000000000e+00 0.00000000000000e+00 0.00000000000000e+00 0.00000000000000e+00 0.00000000000000e+00 0.00000000000000e+00 0.00000000000000e+00 
3.35494348658408e+02 3.16135242638132e+02 3.07538687896420e+02 9.70253280234271e+21 9.91182831306534e+20 1.76897385559232e+19 4.06542006575321e+17 5.51121864304951e+15 1.42799111801249e+21 4.28864986947135e+16 7.48979021151866e+10 7.26552359923461e+14 4.99842812519785e+17 5.89117106350338e+15 0.00000000000000e+00 0.00000000000000e+00 0.00000000000000e+00 0.00000000000000e+00 0.00000000000000e+00 0.00000000000000e+00 0.00000000000000e+00 
4.35494348658408e+02 3.16135242638130e+02 3.07538687896424e+02 9.70253280234226e+21 9.91182831306565e+20 1.76897385559318e+19 4.06542006570420e+17 5.51121864308686e+15 1.42799111801196e+21 4.28864986947291e+16 7.48979021151620e+10 7.26552359883613e+14 4.99842812494514e+17 5.89117106350810e+15 0.00000000000000e+00 0.00000000000000e+00 0.00000000000000e+00 0.00000000000000e+00 0.00000000000000e+00 0.00000000000000e+00 0.00000000000000e+00 
5.35494348658408e+02 3.16135242638129e+02 3.07538687896423e+02 9.70253280234114e+21 9.91182831306364e+20 1.76897385559240e+19 4.06542006572391e+17 5.51121864305916e+15 1.42799111801212e+21 4.28864986947243e+16 7.48979021151775e+10 7.26552359911691e+14 4.99842812512117e+17 5.89117106350721e+15 0.00000000000000e+00 0.00000000000000e+00 0.00000000000000e+00 0.00000000000000e+00 0.00000000000000e+00 0.00000000000000e+00 0.00000000000000e+00 
6.35494348658408e+02 3.16135242638127e+02 3.07538687896423e+02 9.70253280234043e+21 9.91182831306314e+20 1.76897385559234e+19 4.06542006571887e+17 5.51121864306604e+15 1.42799111801193e+21 4.28864986947255e+16 7.48979021151741e+10 7.26552359904182e+14 4.99842812507409e+17 5.89117106350618e+15 0.00000000000000e+00 0.00000000000000e+00 0.00000000000000e+00 0.00000000000000e+00 0.00000000000000e+00 0.00000000000000e+00 0.00000000000000e+00 
7.35494348658408e+02 3.16135242638126e+02 3.07538687896422e+02 9.70253280233962e+21 9.91182831306218e+20 1.76897385559208e+19 4.06542006572040e+17 5.51121864306232e+15 1.42799111801185e+21 4.28864986947250e+16 7.48979021151756e+10 7.26552359907550e+14 4.99842812509506e+17 5.89117106350549e+15 0.00000000000000e+00 0.00000000000000e+00 0.00000000000000e+00 0.00000000000000e+00 0.00000000000000e+00 0.00000000000000e+00 0.00000000000000e+00 
8.35494348658408e+02 3.16135242638125e+02 3.07538687896421e+02 9.70253280233902e+21 9.91182831306161e+20 1.76897385559194e+19 4.06542006571988e+17 5.51121864306306e+15 1.42799111801176e+21 4.28864986947250e+16 7.48979021151752e+10 7.26552359906434e+14 4.99842812508807e+17 5.89117106350473e+15 0.00000000000000e+00 0.00000000000000e+00 0.00000000000000e+00 0.00000000000000e+00 0.00000000000000e+00 0.00000000000000e+00 0.00000000000000e+00 
9.35494348658408e+02 3.16135242638124e+02 3.07538687896420e+02 9.70253280233870e+21 9.91182831306126e+20 1.76897385559185e+19 4.06542006571997e+17 5.51121864306246e+15 1.42799111801172e+21 4.28864986947250e+16 7.48979021151756e+10 7.26552359906870e+14 4.99842812509076e+17 5.89117106350441e+15 0.00000000000000e+00 0.00000000000000e+00 0.00000000000000e+00 0.00000000000000e+00 0.00000000000000e+00 0.00000000000000e+00 0.00000000000000e+00 
1.00000000000000e+03 3.16135242638124e+02 3.07538687896420e+02 9.70253280233854e+21 9.91182831306109e+20 1.76897385559181e+19 4.06542006571994e+17 5.51121864306247e+15 1.42799111801169e+21 4.28864986947246e+16 7.48979021151749e+10 7.26552359906766e+14 4.99842812509012e+17 5.89117106350420e+15 0.00000000000000e+00 0.00000000000000e+00 0.00000000000000e+00 0.00000000000000e+00 0.00000000000000e+00 0.00000000000000e+00 0.00000000000000e+00 
