Time(s)              GasTemp(K)           NearWallTemp(K)      [O2(X)](m^-3)        [O2(a1Dg)](m^-3)     [O2(b1Sg+)](m^-3)    [O2(A3Su+_C3Du_c1Su-)](m^-3) [O2(+,X)](m^-3)      [O(3P)](m^-3)        [O(1D)](m^-3)        [O(+,gnd)](m^-3)     [O(-,gnd)](m^-3)     [O3(X)](m^-3)        [O3(exc)](m^-3)      [CO2(X)](m^-3)       [CO2(e1)](m^-3)      [CO2(+,X)](m^-3)     [CO(X)](m^-3)        [CO(a3P)](m^-3)      [CO(+,X)](m^-3)      [C(X)](m^-3)        
0.00000000000000e+00 3.96252108460000e+02 3.56045948807000e+02 1.91145835428067e+20 1.91145835428067e-05 1.91145835428067e-05 1.91145835428067e-05 0.00000000000000e+00 0.00000000000000e+00 0.00000000000000e+00 0.00000000000000e+00 0.00000000000000e+00 0.00000000000000e+00 0.00000000000000e+00 0.00000000000000e+00 0.00000000000000e+00 0.00000000000000e+00 0.00000000000000e+00 0.00000000000000e+00 0.00000000000000e+00 0.00000000000000e+00 
8.93900227357227e-15 3.96252108381773e+02 3.65008772463710e+02 1.91145835428047e+20 6.59267187107281e+06 1.55008295353003e+06 2.94379927755969e+06 8.15041998384499e+03 1.25355770457024e+07 3.96588893124185e+06 3.51298143600467e+00 3.44686286503664e+05 4.97003998399107e-07 7.89498152078825e-13 0.00000000000000e+00 0.00000000000000e+00 0.00000000000000e+00 0.00000000000000e+00 0.00000000000000e+00 0.00000000000000e+00 0.00000000000000e+00 
1.78780045471445e-14 3.96252108303546e+02 3.65008772415832e+02 1.91145835428028e+20 1.31853437421311e+07 3.10016590719343e+06 5.88759855408458e+06 1.63008399676830e+04 2.50711540936376e+07 7.93177786024840e+06 7.02596287214319e+00 6.89372573006469e+05 1.56860333672299e-06 2.49174944265138e-12 0.00000000000000e+00 0.00000000000000e+00 0.00000000000000e+00 0.00000000000000e+00 0.00000000000000e+00 0.00000000000000e+00 0.00000000000000e+00 
2.68170068207168e-14 3.96252108225320e+02 3.65008772367953e+02 1.91145835428008e+20 1.97780156131941e+07 4.65024886101255e+06 8.83139782957236e+06 2.44512599515139e+04 3.76067311438525e+07 1.18976667869725e+07 1.05389443084184e+01 1.03405885950840e+06 3.22691143116261e-06 5.12599621201892e-12 0.00000000000000e+00 0.00000000000000e+00 0.00000000000000e+00 0.00000000000000e+00 0.00000000000000e+00 0.00000000000000e+00 0.00000000000000e+00 
7.73361391095882e-14 3.96252107783218e+02 3.65008772320074e+02 1.91145835427898e+20 5.70367668920440e+07 1.34106052666716e+07 2.54683982815023e+07 7.05136875883436e+04 1.08452051046298e+08 3.43110481507181e+07 3.03927007454170e+01 2.98206732543000e+06 2.30427810364754e-05 3.66037962473977e-11 0.00000000000000e+00 0.00000000000000e+00 0.00000000000000e+00 0.00000000000000e+00 0.00000000000000e+00 0.00000000000000e+00 0.00000000000000e+00 
1.27855271398460e-13 3.96252107341116e+02 3.65008772049484e+02 1.91145835427788e+20 9.42955181710423e+07 2.21709616772379e+07 4.21053987007472e+07 1.16576115224949e+05 1.79297371020591e+08 5.67244294425317e+07 5.02464571867225e+01 4.93007579132398e+06 6.13491499211328e-05 9.74540262020454e-11 0.00000000000000e+00 0.00000000000000e+00 0.00000000000000e+00 0.00000000000000e+00 0.00000000000000e+00 0.00000000000000e+00 0.00000000000000e+00 
1.78374403687331e-13 3.96252106899014e+02 3.65008771778895e+02 1.91145835427677e+20 1.31554269450191e+08 3.09313180927715e+07 5.87423990869079e+07 1.62638542861326e+05 2.50142691067611e+08 7.91378106615349e+07 7.01002136323876e+01 6.87808425718999e+06 1.18371800708360e-04 1.88035345221626e-10 0.00000000000000e+00 0.00000000000000e+00 0.00000000000000e+00 0.00000000000000e+00 0.00000000000000e+00 0.00000000000000e+00 0.00000000000000e+00 
2.28893535976203e-13 3.96252106456912e+02 3.65008771508305e+02 1.91145835427567e+20 1.68813020729490e+08 3.96916745132934e+07 7.53793994398440e+07 2.08700970497476e+05 3.20988011187666e+08 1.01551191807419e+08 8.99539700824306e+01 8.82609272302792e+06 1.94190143019613e-04 3.08473896794251e-10 0.00000000000000e+00 0.00000000000000e+00 0.00000000000000e+00 0.00000000000000e+00 0.00000000000000e+00 0.00000000000000e+00 0.00000000000000e+00 
4.06871955034576e-13 3.96252104899392e+02 3.65008771237716e+02 1.91145835427179e+20 3.00075244532577e+08 7.05543262945377e+07 1.33991392028560e+08 3.70978461759661e+05 5.70575395823990e+08 1.80513318271291e+08 1.59898563883200e+02 1.56889078851803e+07 6.11188940513278e-04 9.70882622533877e-10 0.00000000000000e+00 0.00000000000000e+00 0.00000000000000e+00 0.00000000000000e+00 0.00000000000000e+00 0.00000000000000e+00 0.00000000000000e+00 
5.84850374092949e-13 3.96252103341871e+02 3.65008770284431e+02 1.91145835426790e+20 4.31337468337537e+08 1.01416978137743e+08 1.92603384204583e+08 5.33255953019010e+05 8.20162781367501e+08 2.59475443826926e+08 2.29843157738351e+02 2.25517230469838e+07 1.26165473748409e-03 2.00415712017405e-09 0.00000000000000e+00 0.00000000000000e+00 0.00000000000000e+00 0.00000000000000e+00 0.00000000000000e+00 0.00000000000000e+00 0.00000000000000e+00 
7.62828793151323e-13 3.96252101784351e+02 3.65008769331147e+02 1.91145835426401e+20 5.62599692144370e+08 1.32279630042912e+08 2.51215375967900e+08 6.95533444275522e+05 1.06975016781823e+09 3.38437568474296e+08 2.99787751647884e+02 2.94145382084384e+07 2.14559484336839e-03 3.40830900670140e-09 0.00000000000000e+00 0.00000000000000e+00 0.00000000000000e+00 0.00000000000000e+00 0.00000000000000e+00 0.00000000000000e+00 0.00000000000000e+00 
9.40807212209696e-13 3.96252100226830e+02 3.65008768377863e+02 1.91145835426013e+20 6.93861915953077e+08 1.63142282010045e+08 3.09827367318513e+08 8.57810935529197e+05 1.31933755517617e+09 4.17399692213402e+08 3.69732345611799e+02 3.62773533695442e+07 3.26300861137011e-03 5.18333726070886e-09 0.00000000000000e+00 0.00000000000000e+00 0.00000000000000e+00 0.00000000000000e+00 0.00000000000000e+00 0.00000000000000e+00 0.00000000000000e+00 
2.72059140279343e-12 3.96252084651628e+02 3.65008767424579e+02 1.91145835422127e+20 2.00648415414318e+09 4.71768805089317e+08 8.95947258126077e+08 2.48058584790991e+06 3.81521147865187e+09 1.20702087965040e+09 1.06917828824195e+03 1.04905504961415e+08 2.72780981053702e-02 4.33316639723296e-08 0.00000000000000e+00 0.00000000000000e+00 0.00000000000000e+00 0.00000000000000e+00 0.00000000000000e+00 0.00000000000000e+00 0.00000000000000e+00 
4.50037559337716e-12 3.96252069076430e+02 3.65008757891738e+02 1.91145835418241e+20 3.31910639252061e+09 7.80395334364871e+08 1.48206710766347e+09 4.10336076000691e+06 6.31108549284825e+09 1.99664197626171e+09 1.76862423631030e+03 1.73533656518400e+08 7.46404050733337e-02 1.18567398043935e-07 0.00000000000000e+00 0.00000000000000e+00 0.00000000000000e+00 0.00000000000000e+00 0.00000000000000e+00 0.00000000000000e+00 0.00000000000000e+00 
6.28015978396090e-12 3.96252053501234e+02 3.65008748358900e+02 1.91145835414355e+20 4.63172863108537e+09 1.08902186983670e+09 2.06818691593071e+09 5.72613567182020e+06 8.80695959776525e+09 2.78626298204739e+09 2.46807018981684e+03 2.42161808040499e+08 1.45349914926995e-01 2.30890522055783e-07 0.00000000000000e+00 0.00000000000000e+00 0.00000000000000e+00 0.00000000000000e+00 0.00000000000000e+00 0.00000000000000e+00 0.00000000000000e+00 
8.05994397454463e-12 3.96252037926043e+02 3.65008738826065e+02 1.91145835410469e+20 5.94435086983747e+09 1.39764841150480e+09 2.65430668292782e+09 7.34891058334979e+06 1.13028337934028e+10 3.57588389700746e+09 3.16751614876158e+03 3.10789959527713e+08 2.39406625304889e-01 3.80301038283176e-07 0.00000000000000e+00 0.00000000000000e+00 0.00000000000000e+00 0.00000000000000e+00 0.00000000000000e+00 0.00000000000000e+00 0.00000000000000e+00 
2.58577858803820e-11 3.96251882174317e+02 3.65008729293231e+02 1.91145835371608e+20 1.90705732676617e+10 4.48391416898067e+09 8.51550208304280e+09 2.35766596830418e+07 3.62615807394067e+10 1.14720880512044e+10 1.01619760373094e+04 9.97071472481140e+08 2.46406981750530e+00 3.91421504759137e-06 0.00000000000000e+00 0.00000000000000e+00 0.00000000000000e+00 0.00000000000000e+00 0.00000000000000e+00 0.00000000000000e+00 0.00000000000000e+00 
4.36556277862193e-11 3.96251726422940e+02 3.65008633965028e+02 1.91145835332747e+20 3.21967956842192e+10 7.57018054608310e+09 1.43766933561488e+10 3.98044087543631e+07 6.12203367574553e+10 1.93682831228553e+10 1.71564364696765e+04 1.68335298194600e+09 7.02345317301168e+00 1.11568753392995e-05 0.00000000000000e+00 0.00000000000000e+00 0.00000000000000e+00 0.00000000000000e+00 0.00000000000000e+00 0.00000000000000e+00 0.00000000000000e+00 
6.14534696920567e-11 3.96251570671911e+02 3.65008538637060e+02 1.91145835293887e+20 4.53230181195098e+10 1.06564475428113e+10 2.02378805022499e+10 5.60321577973137e+07 8.61791018475364e+10 2.72644691119725e+10 2.41508974458628e+04 2.36963448792230e+09 1.39175567306504e+01 2.21082877290715e-05 0.00000000000000e+00 0.00000000000000e+00 0.00000000000000e+00 0.00000000000000e+00 0.00000000000000e+00 0.00000000000000e+00 0.00000000000000e+00 
7.92513115978940e-11 3.96251414921231e+02 3.65008443309330e+02 1.91145835255026e+20 5.84492405735335e+10 1.37427151591645e+10 2.60990635213504e+10 7.22599068118936e+07 1.11137876009637e+11 3.51606460185687e+10 3.11453589658686e+04 3.05591599041003e+09 2.31463805238434e+01 3.67684582965182e-05 0.00000000000000e+00 0.00000000000000e+00 0.00000000000000e+00 0.00000000000000e+00 0.00000000000000e+00 0.00000000000000e+00 0.00000000000000e+00 
2.57229730656267e-10 3.96249857433597e+02 3.65008347981837e+02 1.91145834866421e+20 1.89711466144084e+11 4.46054254017739e+10 8.47106667288555e+10 2.34537395397288e+08 3.60726116587066e+11 1.14121915550534e+11 1.01090004076032e+05 9.91873082341587e+09 2.43844242919316e+02 3.87354062531846e-04 0.00000000000000e+00 0.00000000000000e+00 0.00000000000000e+00 0.00000000000000e+00 0.00000000000000e+00 0.00000000000000e+00 0.00000000000000e+00 
4.35208149714641e-10 3.96248299980815e+02 3.65007394719918e+02 1.91145834477817e+20 3.20973693587918e+11 7.54681976059476e+10 1.43321857241148e+11 3.96814881145569e+08 6.10315264351758e+11 1.93082276845102e+11 1.71034703568258e+05 1.67815453075641e+10 6.98014165237078e+02 1.10882242694862e-03 0.00000000000000e+00 0.00000000000000e+00 0.00000000000000e+00 0.00000000000000e+00 0.00000000000000e+00 0.00000000000000e+00 0.00000000000000e+00 
6.13186568773014e-10 3.96246742562882e+02 3.65006441481669e+02 1.91145834089212e+20 4.52235922905009e+11 1.06331031770906e+11 2.01932635062287e+11 5.59092364056705e+08 8.59905319291429e+11 2.72041729914555e+11 2.40979457442647e+05 2.36443594428538e+10 1.38565617789390e+03 2.20117935376018e-03 0.00000000000000e+00 0.00000000000000e+00 0.00000000000000e+00 0.00000000000000e+00 0.00000000000000e+00 0.00000000000000e+00 0.00000000000000e+00 
7.91164987831388e-10 3.96245185179797e+02 3.65005488267086e+02 1.91145833700608e+20 5.83498154095330e+11 1.37193927895835e+11 2.60543000196521e+11 7.21369844130663e+08 1.10949628139322e+12 3.51000274771755e+11 3.10924265699304e+05 3.05071732292841e+10 2.30677031275046e+03 3.66443091995881e-03 0.00000000000000e+00 0.00000000000000e+00 0.00000000000000e+00 0.00000000000000e+00 0.00000000000000e+00 0.00000000000000e+00 0.00000000000000e+00 
2.57094917841512e-09 3.96229613265347e+02 3.65004535076170e+02 1.91145829814588e+20 1.89612056901618e+12 4.45826296648237e+11 8.46623955296572e+11 2.34414448881373e+09 3.60545579167342e+12 1.14053577632352e+12 1.01037533932881e+06 9.91352919059986e+10 2.43588899103369e+04 3.86983504318828e-02 0.00000000000000e+00 0.00000000000000e+00 0.00000000000000e+00 0.00000000000000e+00 0.00000000000000e+00 0.00000000000000e+00 0.00000000000000e+00 
4.35073336899886e-09 3.96214044834841e+02 3.64995004468469e+02 1.91145825928602e+20 3.20874317122850e+12 7.54464860465501e+11 1.43266364656031e+12 3.96691884974191e+09 6.10150600347107e+12 1.92998047134298e+12 1.70983185130571e+06 1.67763375695757e+11 6.97582581260151e+04 1.10828675727584e-01 0.00000000000000e+00 0.00000000000000e+00 0.00000000000000e+00 0.00000000000000e+00 0.00000000000000e+00 0.00000000000000e+00 0.00000000000000e+00 
6.13051755958259e-09 3.96198479887488e+02 3.64985476226709e+02 1.91145822042652e+20 4.52136596070598e+12 1.06310961856877e+12 2.01866207804376e+12 5.58969292688412e+09 8.59764690450843e+12 2.71933437210689e+12 2.40929380173075e+06 2.36391424597709e+11 1.38504905379753e+05 2.20061208107310e-01 0.00000000000000e+00 0.00000000000000e+00 0.00000000000000e+00 0.00000000000000e+00 0.00000000000000e+00 0.00000000000000e+00 0.00000000000000e+00 
7.91030175016632e-09 3.96182918422457e+02 3.64975950350266e+02 1.91145818156736e+20 5.83398893742108e+12 1.37176057014236e+12 2.60461925399424e+12 7.21246672020784e+09 1.10938784819287e+13 3.50859749147101e+12 3.10876119070943e+06 3.05019438610964e+11 2.30598863532052e+05 3.66402023178143e-01 0.00000000000000e+00 0.00000000000000e+00 0.00000000000000e+00 0.00000000000000e+00 0.00000000000000e+00 0.00000000000000e+00 0.00000000000000e+00 
2.16074811828075e-08 3.96063274170831e+02 3.64966426838491e+02 1.91145788251983e+20 1.59359123505418e+13 3.74733856710016e+12 7.11275257439146e+12 1.97012881370006e+10 3.03078538531206e+13 9.57971250957773e+12 8.49202861106087e+06 8.33177936166376e+11 1.72060365338777e+06 2.73501109555966e+00 0.00000000000000e+00 0.00000000000000e+00 0.00000000000000e+00 0.00000000000000e+00 0.00000000000000e+00 0.00000000000000e+00 0.00000000000000e+00 
3.53046606154488e-08 3.95943835743351e+02 3.64893213160910e+02 1.91145758349296e+20 2.60378468391977e+13 6.12328297116106e+12 1.16184445957215e+13 3.21900927269929e+10 4.95271931927549e+13 1.56454573387711e+13 1.38756182008066e+07 1.36133436687229e+12 4.59344109142626e+06 7.30460230466548e+00 0.00000000000000e+00 0.00000000000000e+00 0.00000000000000e+00 0.00000000000000e+00 0.00000000000000e+00 0.00000000000000e+00 0.00000000000000e+00 
4.90018400480900e-08 3.95824602762211e+02 3.64820139204252e+02 1.91145728448673e+20 3.61397923908256e+13 8.49959341022568e+12 1.61216972528450e+13 4.46788804753117e+10 6.87518906441160e+13 2.17058378352996e+13 1.92595300080640e+07 1.88948873032166e+12 8.84912572753884e+06 1.40779475809942e+01 0.00000000000000e+00 0.00000000000000e+00 0.00000000000000e+00 0.00000000000000e+00 0.00000000000000e+00 0.00000000000000e+00 0.00000000000000e+00 
6.26990194807312e-08 3.95705574850543e+02 3.64747204673467e+02 1.91145698550114e+20 4.62417489928784e+13 1.08762695126500e+13 2.06225124765617e+13 5.71676513670834e+10 8.79819403629132e+13 2.77608598429851e+13 2.46437640808851e+07 2.41764102610744e+12 1.44876721039478e+07 2.30578157090678e+01 0.00000000000000e+00 0.00000000000000e+00 0.00000000000000e+00 0.00000000000000e+00 0.00000000000000e+00 0.00000000000000e+00 0.00000000000000e+00 
7.63961989133724e-08 3.95586751632395e+02 3.64674409274306e+02 1.91145668653615e+20 5.63437166328250e+13 1.32533109072319e+13 2.51208921936987e+13 6.96564053874335e+10 1.07217336517015e+14 3.38105291934882e+13 3.00283204672585e+07 2.94579125382260e+12 2.15090947556609e+07 3.42469724202806e+01 0.00000000000000e+00 0.00000000000000e+00 0.00000000000000e+00 0.00000000000000e+00 0.00000000000000e+00 0.00000000000000e+00 0.00000000000000e+00 
2.13367993239785e-07 3.94409695818184e+02 3.64601752713309e+02 1.91145369801663e+20 1.57363997372655e+14 3.70437346154432e+13 6.99711565075961e+13 1.94543014382014e+11 2.99864080885812e+14 9.40140975618436e+13 8.38916220804157e+07 8.22717969734326e+12 1.67784712321153e+08 2.68255452777551e+02 0.00000000000000e+00 0.00000000000000e+00 0.00000000000000e+00 0.00000000000000e+00 0.00000000000000e+00 0.00000000000000e+00 0.00000000000000e+00 
3.50339787566197e-07 3.93252701735292e+02 3.63882759371412e+02 1.91145071154162e+20 2.58385368200995e+14 6.08702815056617e+13 1.14579964953329e+14 3.19427919818488e+11 4.93039129402706e+14 1.53688739063283e+14 1.37787207489481e+08 1.35083608847706e+13 4.52363935398011e+08 7.26219685059280e+02 0.00000000000000e+00 0.00000000000000e+00 0.00000000000000e+00 0.00000000000000e+00 0.00000000000000e+00 0.00000000000000e+00 0.00000000000000e+00 
4.87311581892609e-07 3.92115404976593e+02 3.63177332314976e+02 1.91144772709614e+20 3.59407816748255e+14 8.47325848043119e+13 1.58949196411136e+14 4.44311106716381e+11 6.86736797215030e+14 2.12840138053366e+14 1.91715124021079e+08 1.87893344065243e+13 8.75261279242342e+08 1.41087494429022e+03 0.00000000000000e+00 0.00000000000000e+00 0.00000000000000e+00 0.00000000000000e+00 0.00000000000000e+00 0.00000000000000e+00 0.00000000000000e+00 
6.24283376219021e-07 3.90997448476068e+02 3.62485188770155e+02 1.91144474466547e+20 4.60431330747378e+14 1.08630280549402e+14 2.03080699476444e+14 5.69192560027812e+11 8.80951492479993e+14 2.71473885860769e+14 2.45675418592902e+08 2.40700998513875e+13 1.43649124664496e+09 2.32493622658807e+03 0.00000000000000e+00 0.00000000000000e+00 0.00000000000000e+00 0.00000000000000e+00 0.00000000000000e+00 0.00000000000000e+00 0.00000000000000e+00 
7.61255170545433e-07 3.89898482330225e+02 3.61806052566497e+02 1.91144176423515e+20 5.61455898032423e+14 1.32563007558677e+14 2.46976293271371e+14 6.94072264639482e+11 1.07567771399079e+15 3.29595483161727e+14 2.99668137721682e+08 2.93506568065368e+13 2.13606832795632e+09 3.47109783799196e+03 0.00000000000000e+00 0.00000000000000e+00 0.00000000000000e+00 0.00000000000000e+00 0.00000000000000e+00 0.00000000000000e+00 0.00000000000000e+00 
1.68331976557179e-06 3.82969342196431e+02 3.61139653960310e+02 1.91142175162577e+20 1.24155801553495e+15 2.94557744129475e+14 5.36465692228124e+14 1.53468885437396e+12 2.39944257639039e+15 7.07931346732492e+14 6.63982771157959e+08 6.48927706564289e+13 1.04469599728580e+10 1.74272080220108e+04 0.00000000000000e+00 0.00000000000000e+00 0.00000000000000e+00 0.00000000000000e+00 0.00000000000000e+00 0.00000000000000e+00 0.00000000000000e+00 
2.60538436059814e-06 3.76788963174546e+02 3.56965717646196e+02 1.91140182499390e+20 1.92170375848080e+15 4.58017778310210e+14 8.15858136494777e+14 2.37522080756494e+12 3.74459542771234e+15 1.06485072180093e+15 1.02978249356821e+09 1.00425289278430e+14 2.50323733433627e+10 4.28083459979699e+04 0.00000000000000e+00 0.00000000000000e+00 0.00000000000000e+00 0.00000000000000e+00 0.00000000000000e+00 0.00000000000000e+00 0.00000000000000e+00 
3.52744895562449e-06 3.71272095250525e+02 3.53284175822641e+02 1.91138198070536e+20 2.60188973437784e+15 6.22841815461538e+14 1.08562189980768e+15 3.21566332645157e+12 5.10972623112110e+15 1.40176343616501e+15 1.39708029919237e+09 1.35948081744300e+14 4.58966852272781e+10 8.03564300196090e+04 0.00000000000000e+00 0.00000000000000e+00 0.00000000000000e+00 0.00000000000000e+00 0.00000000000000e+00 0.00000000000000e+00 0.00000000000000e+00 
4.44951355065084e-06 3.66343859807513e+02 3.50031749479514e+02 1.91136221548640e+20 3.28211271880214e+15 7.88933337345086e+14 1.34618427922752e+15 4.05601152983177e+12 6.49355329588016e+15 1.71995095074664e+15 1.76588855827544e+09 1.71461014590000e+14 7.30442465003672e+10 1.30762400019068e+05 0.00000000000000e+00 0.00000000000000e+00 0.00000000000000e+00 0.00000000000000e+00 0.00000000000000e+00 0.00000000000000e+00 0.00000000000000e+00 
5.37157814567719e-06 3.61938334801959e+02 3.47154055218995e+02 1.91134252636506e+20 3.96236964306328e+15 9.56200316580064e+14 1.59793775715129e+15 4.89626047047577e+12 7.89490515120035e+15 2.02058449005297e+15 2.13621905695741e+09 2.06963952062967e+14 1.06479381629567e+11 1.94663956174503e+05 0.00000000000000e+00 0.00000000000000e+00 0.00000000000000e+00 0.00000000000000e+00 0.00000000000000e+00 0.00000000000000e+00 0.00000000000000e+00 
6.29364274070354e-06 3.57997441247160e+02 3.44604223591126e+02 1.91132291062693e+20 4.64265758413732e+15 1.12455497863025e+15 1.84124466760814e+15 5.73640514897301e+12 9.31270679757421e+15 2.30473879413181e+15 2.50808301576226e+09 2.42456756323995e+14 1.46206388242843e+11 2.72644856638265e+05 0.00000000000000e+00 0.00000000000000e+00 0.00000000000000e+00 0.00000000000000e+00 0.00000000000000e+00 0.00000000000000e+00 0.00000000000000e+00 
9.60038222069856e-06 3.46942220478989e+02 3.42341796771122e+02 1.91125313037250e+20 7.08254301137595e+15 1.73601442247073e+15 2.64933802750302e+15 8.74842598835226e+12 1.45179218119716e+16 3.20288996221018e+15 3.85444036356795e+09 3.69656776067704e+14 3.40484024302825e+11 6.75744521865238e+05 0.00000000000000e+00 0.00000000000000e+00 0.00000000000000e+00 0.00000000000000e+00 0.00000000000000e+00 0.00000000000000e+00 0.00000000000000e+00 
1.29071217006936e-05 3.39444083094562e+02 3.36091142355215e+02 1.91118416510310e+20 9.52267781256371e+15 2.35697207031480e+15 3.36633209153680e+15 1.17588063408173e+13 1.98840400970302e+16 3.93974278893169e+15 5.22106956162367e+09 4.96718049818695e+14 6.15930466549404e+11 1.28554448156555e+06 0.00000000000000e+00 0.00000000000000e+00 0.00000000000000e+00 0.00000000000000e+00 0.00000000000000e+00 0.00000000000000e+00 0.00000000000000e+00 
1.62138611806886e-05 3.34351973878235e+02 3.31935171940853e+02 1.91111593697680e+20 1.19629651979375e+16 2.98453108324152e+15 4.00301467299372e+15 1.47673100209287e+13 2.53813839417884e+16 4.54496172872586e+15 6.60828699748030e+09 6.23633755749480e+14 9.72735015073639e+11 2.11438006360527e+06 0.00000000000000e+00 0.00000000000000e+00 0.00000000000000e+00 0.00000000000000e+00 0.00000000000000e+00 0.00000000000000e+00 0.00000000000000e+00 
1.95206006606836e-05 3.30898859657688e+02 3.29152740054204e+02 1.91104837977488e+20 1.44033236589754e+16 3.61627288786024e+15 4.56851762376109e+15 1.77737019868488e+13 3.09862296045531e+16 5.04225761215295e+15 8.01629972456257e+09 7.50396924917594e+14 1.41108210294552e+12 3.16924002607454e+06 0.00000000000000e+00 0.00000000000000e+00 0.00000000000000e+00 0.00000000000000e+00 0.00000000000000e+00 0.00000000000000e+00 0.00000000000000e+00 
2.28273401406786e-05 3.28551496597228e+02 3.27284760946208e+02 1.91098143457450e+20 1.68436846710953e+16 4.25019076922859e+15 5.07081807365362e+15 2.07777493228821e+13 3.66791671733629e+16 5.45102813138934e+15 9.44520280126443e+09 8.77000489487587e+14 1.93115117753313e+12 4.45355072218098e+06 0.00000000000000e+00 0.00000000000000e+00 0.00000000000000e+00 0.00000000000000e+00 0.00000000000000e+00 0.00000000000000e+00 0.00000000000000e+00 
2.61340796206737e-05 3.26946046544140e+02 3.26023807800137e+02 1.91091504826614e+20 1.92839909787845e+16 4.88463671722939e+15 5.51694149557876e+15 2.37792211097275e+13 4.24443248636780e+16 5.78713363984200e+15 1.08949813462220e+10 1.00343731471195e+15 2.53311661618896e+12 5.96860595565742e+06 0.00000000000000e+00 0.00000000000000e+00 0.00000000000000e+00 0.00000000000000e+00 0.00000000000000e+00 0.00000000000000e+00 0.00000000000000e+00 
3.18001638732597e-05 3.25244367686867e+02 3.25165576536414e+02 1.91080245808821e+20 2.34651842212237e+16 5.96921456596659e+15 6.16838450248508e+15 2.89155833893558e+13 5.24543520481972e+16 6.23053086188020e+15 1.34273268298021e+10 1.21967800897186e+15 3.75545735398233e+12 9.10185586700917e+06 0.00000000000000e+00 0.00000000000000e+00 0.00000000000000e+00 0.00000000000000e+00 0.00000000000000e+00 0.00000000000000e+00 0.00000000000000e+00 
3.74662481258457e-05 3.24341511377644e+02 3.24259647593462e+02 1.91069115623321e+20 2.76458915889426e+16 7.04637194354324e+15 6.69951478125499e+15 3.40425675170159e+13 6.25893308629860e+16 6.54759027547194e+15 1.60194382273192e+10 1.43537184855432e+15 5.21956162309850e+12 1.29093144553045e+07 0.00000000000000e+00 0.00000000000000e+00 0.00000000000000e+00 0.00000000000000e+00 0.00000000000000e+00 0.00000000000000e+00 0.00000000000000e+00 
4.31323323784318e-05 3.23896833388404e+02 3.23780566150191e+02 1.91058096206516e+20 3.18259753274412e+16 8.11257189048201e+15 7.13211095377556e+15 3.91590431334314e+13 7.28137737564463e+16 6.77375500047550e+15 1.86696160685533e+10 1.65048259430757e+15 6.92619980978460e+12 1.73837834674117e+07 0.00000000000000e+00 0.00000000000000e+00 0.00000000000000e+00 0.00000000000000e+00 0.00000000000000e+00 0.00000000000000e+00 0.00000000000000e+00 
4.87984166310178e-05 3.23691641447722e+02 3.23545010804884e+02 1.91047172182219e+20 3.60053323755133e+16 9.16535080146818e+15 7.48415442957814e+15 4.42638917144425e+13 8.31016814911068e+16 6.93498331096361e+15 2.13757713051891e+10 1.86497416633501e+15 8.87609624330500e+12 2.25176006842701e+07 0.00000000000000e+00 0.00000000000000e+00 0.00000000000000e+00 0.00000000000000e+00 0.00000000000000e+00 0.00000000000000e+00 0.00000000000000e+00 
5.44645008836039e-05 3.23589516083397e+02 3.23436406278923e+02 1.91036330474500e+20 4.01838855891552e+16 1.02030387506704e+16 7.77050530344924e+15 4.93560051294107e+13 9.34340862859978e+16 7.05020481068342e+15 2.41355204164709e+10 2.07881073343059e+15 1.10699288557156e+13 2.83036939802068e+07 0.00000000000000e+00 0.00000000000000e+00 0.00000000000000e+00 0.00000000000000e+00 0.00000000000000e+00 0.00000000000000e+00 0.00000000000000e+00 
6.01305851361899e-05 3.23530574956350e+02 3.23382374248731e+02 1.91025560028198e+20 4.43615778735284e+16 1.12245723615795e+16 8.00337513330101e+15 5.44342853396448e+13 1.03797525498781e+17 7.13284613420801e+15 2.69462604287234e+10 2.29195676119398e+15 1.35083289723552e+13 3.47355633275525e+07 0.00000000000000e+00 0.00000000000000e+00 0.00000000000000e+00 0.00000000000000e+00 0.00000000000000e+00 0.00000000000000e+00 0.00000000000000e+00 
7.00619931492798e-05 3.23463338038262e+02 3.23351196303679e+02 1.91006826404611e+20 5.16819580335615e+16 1.29743012213963e+16 8.31187868493523e+15 6.32987568455091e+13 1.22009669698775e+17 7.22656620602058e+15 3.19876062186005e+10 2.66378327046445e+15 1.83740711846199e+13 4.75476901148623e+07 0.00000000000000e+00 0.00000000000000e+00 0.00000000000000e+00 0.00000000000000e+00 0.00000000000000e+00 0.00000000000000e+00 0.00000000000000e+00 
7.99934011623697e-05 3.23449658321104e+02 3.23315635852751e+02 1.90988244959916e+20 5.89994105035296e+16 1.46711967374000e+16 8.52660723335831e+15 7.21116470266017e+13 1.40257904785669e+17 7.27916121884178e+15 3.71618988402108e+10 3.03319344183601e+15 2.39957551540799e+13 6.22879926688464e+07 0.00000000000000e+00 0.00000000000000e+00 0.00000000000000e+00 0.00000000000000e+00 0.00000000000000e+00 0.00000000000000e+00 0.00000000000000e+00 
8.99248091754596e-05 3.23471986814493e+02 3.23308401315333e+02 1.90969788000813e+20 6.63138329856551e+16 1.63152764394357e+16 8.67552033764071e+15 8.08673468020885e+13 1.58524575797921e+17 7.30811083609528e+15 4.24537742337371e+10 3.40000375600171e+15 3.03757372551247e+13 7.89181485611972e+07 0.00000000000000e+00 0.00000000000000e+00 0.00000000000000e+00 0.00000000000000e+00 0.00000000000000e+00 0.00000000000000e+00 0.00000000000000e+00 
9.98562171885495e-05 3.23489565469861e+02 3.23320208705184e+02 1.90951435395396e+20 7.36251479073006e+16 1.79070807670876e+16 8.77846600824484e+15 8.95603976483404e+13 1.76797524766538e+17 7.32540021603365e+15 4.78481271762632e+10 3.76403427656263e+15 3.75159293496276e+13 9.74001658957130e+07 0.00000000000000e+00 0.00000000000000e+00 0.00000000000000e+00 0.00000000000000e+00 0.00000000000000e+00 0.00000000000000e+00 0.00000000000000e+00 
1.09787625201639e-04 3.23488909711107e+02 3.23329504689361e+02 1.90933172104759e+20 8.09332989896537e+16 1.94476419476777e+16 8.84968298711108e+15 9.81854982968545e+13 1.95069607269725e+17 7.33800449126958e+15 5.33301412290643e+10 4.12510893700903e+15 4.54177985790247e+13 1.17698074915340e+08 0.00000000000000e+00 0.00000000000000e+00 0.00000000000000e+00 0.00000000000000e+00 0.00000000000000e+00 0.00000000000000e+00 0.00000000000000e+00 
1.19719033214729e-04 3.23483920626026e+02 3.23329157399413e+02 1.90914986922484e+20 8.82382495496808e+16 2.09384631026554e+16 8.89908371203706e+15 1.06737519458206e+14 2.13338604460933e+17 7.34797678785810e+15 5.88853681366549e+10 4.48305574722388e+15 5.40823680191559e+13 1.39776606417921e+08 0.00000000000000e+00 0.00000000000000e+00 0.00000000000000e+00 0.00000000000000e+00 0.00000000000000e+00 0.00000000000000e+00 0.00000000000000e+00 
1.38556050700167e-04 3.23473232579855e+02 3.23326518420345e+02 1.90880681388088e+20 1.02084735272275e+17 2.36349416744602e+16 8.95615945642160e+15 1.22740012849132e+14 2.47976830030061e+17 7.36339735422170e+15 6.95743727154953e+10 5.15278910379395e+15 7.26135037266339e+13 1.86418112494802e+08 0.00000000000000e+00 0.00000000000000e+00 0.00000000000000e+00 0.00000000000000e+00 0.00000000000000e+00 0.00000000000000e+00 0.00000000000000e+00 
1.57393068185605e-04 3.23485793640504e+02 3.23320865248789e+02 1.90846592717968e+20 1.15919437936795e+17 2.61687286679334e+16 8.98464629405964e+15 1.38430311973923e+14 2.82598861243967e+17 7.37275848494871e+15 8.03898128498391e+10 5.80956344921846e+15 9.38898319679512e+13 2.39086278636220e+08 0.00000000000000e+00 0.00000000000000e+00 0.00000000000000e+00 0.00000000000000e+00 0.00000000000000e+00 0.00000000000000e+00 0.00000000000000e+00 
1.76230085671042e-04 3.23498370509484e+02 3.23327507145838e+02 1.90812699842791e+20 1.29742207042900e+17 2.85495840708251e+16 8.99709819447930e+15 1.53779311650329e+14 3.17200829028309e+17 7.37886688894008e+15 9.12529777333479e+10 6.45232929903078e+15 1.17905317904609e+14 2.97551520438320e+08 0.00000000000000e+00 0.00000000000000e+00 0.00000000000000e+00 0.00000000000000e+00 0.00000000000000e+00 0.00000000000000e+00 0.00000000000000e+00 
1.95067103156480e-04 3.23496964030088e+02 3.23334157549987e+02 1.90778986935447e+20 1.43552901156445e+17 3.07865672980412e+16 9.00147253480937e+15 1.68760668578235e+14 3.51777616006484e+17 7.38582077157012e+15 1.02094620574724e+11 7.08009692760067e+15 1.44648347759963e+14 3.61606116628889e+08 0.00000000000000e+00 0.00000000000000e+00 0.00000000000000e+00 0.00000000000000e+00 0.00000000000000e+00 0.00000000000000e+00 0.00000000000000e+00 
2.13904120641918e-04 3.23492785600919e+02 3.23333412781481e+02 1.90745441369733e+20 1.57351399672091e+17 3.28884869686926e+16 9.00271041482625e+15 1.83351177059101e+14 3.86327506145219e+17 7.39435606089464e+15 1.12855580258518e+11 7.69193834929404e+15 1.74101834233734e+14 4.31033994286238e+08 0.00000000000000e+00 0.00000000000000e+00 0.00000000000000e+00 0.00000000000000e+00 0.00000000000000e+00 0.00000000000000e+00 0.00000000000000e+00 
2.32741138127355e-04 3.23494525995641e+02 3.23331202078300e+02 1.90712053731862e+20 1.71137598495036e+17 3.48638031797349e+16 9.00282527981338e+15 1.97530810798733e+14 4.20851091842449e+17 7.40294129071577e+15 1.23486624651632e+11 8.28698873319364e+15 2.06243337990393e+14 5.05612471537732e+08 0.00000000000000e+00 0.00000000000000e+00 0.00000000000000e+00 0.00000000000000e+00 0.00000000000000e+00 0.00000000000000e+00 0.00000000000000e+00 
2.68287430444660e-04 3.23499949054380e+02 3.23332121557303e+02 1.90649453724819e+20 1.97118919630480e+17 3.82737690207205e+16 9.00238163762671e+15 2.23111265204372e+14 4.85924276957109e+17 7.41890080356114e+15 1.43058711688117e+11 9.36137094779518e+15 2.74116548495069e+14 6.59686676680029e+08 0.00000000000000e+00 0.00000000000000e+00 0.00000000000000e+00 0.00000000000000e+00 0.00000000000000e+00 0.00000000000000e+00 0.00000000000000e+00 
3.03833722761965e-04 3.23501983717146e+02 3.23334987776509e+02 1.90587348077258e+20 2.23055497508195e+17 4.13086565091034e+16 8.99984445847157e+15 2.47085140350643e+14 5.50897364590121e+17 7.43288112486704e+15 1.61845768759368e+11 1.03684484333565e+16 3.51225302008164e+14 8.30132409632973e+08 0.00000000000000e+00 0.00000000000000e+00 0.00000000000000e+00 0.00000000000000e+00 0.00000000000000e+00 0.00000000000000e+00 0.00000000000000e+00 
3.39380015079270e-04 3.23501096674819e+02 3.23336062031921e+02 1.90525699271263e+20 2.48946810887775e+17 4.40108017379604e+16 8.99572470172489e+15 2.69405633471971e+14 6.15763418681446e+17 7.44702623281387e+15 1.79760839534101e+11 1.13043738161054e+16 4.37275383953474e+14 1.01576504644128e+09 0.00000000000000e+00 0.00000000000000e+00 0.00000000000000e+00 0.00000000000000e+00 0.00000000000000e+00 0.00000000000000e+00 0.00000000000000e+00 
3.74926307396575e-04 3.23502416782006e+02 3.23335591152748e+02 1.90464472208333e+20 2.74792420743897e+17 4.64178233114914e+16 8.99200476036825e+15 2.90062248108941e+14 6.80517456467093e+17 7.46222663894080e+15 1.96797440856743e+11 1.21661803112699e+16 5.31917828137053e+14 1.21543974262501e+09 0.00000000000000e+00 0.00000000000000e+00 0.00000000000000e+00 0.00000000000000e+00 0.00000000000000e+00 0.00000000000000e+00 0.00000000000000e+00 
4.10472599713880e-04 3.23504943957688e+02 3.23336287511904e+02 1.90403636382618e+20 3.00591970185530e+17 4.85633327606941e+16 8.98924344830489e+15 3.09076712080520e+14 7.45157153148532e+17 7.47744208645957e+15 2.13008636027721e+11 1.29517683706843e+16 6.34754597144987e+14 1.42809943232326e+09 0.00000000000000e+00 0.00000000000000e+00 0.00000000000000e+00 0.00000000000000e+00 0.00000000000000e+00 0.00000000000000e+00 0.00000000000000e+00 
4.46018892031185e-04 3.23506318361814e+02 3.23337622207733e+02 1.90343165576564e+20 3.26345172700806e+17 5.04771827814280e+16 8.98664386260214e+15 3.26498517830687e+14 8.09680453809686e+17 7.49210150025252e+15 2.28488611385048e+11 1.36598850420172e+16 7.45344495956129e+14 1.65279617075768e+09 0.00000000000000e+00 0.00000000000000e+00 0.00000000000000e+00 0.00000000000000e+00 0.00000000000000e+00 0.00000000000000e+00 0.00000000000000e+00 
5.20838922496424e-04 3.23508733336040e+02 3.23338347267779e+02 1.90216974175577e+20 3.80399824977578e+17 5.38578542222739e+16 8.98077206484465e+15 3.58346942763775e+14 9.45104482582650e+17 7.52292712691076e+15 2.59255186749274e+11 1.48975222770731e+16 1.00123694804666e+15 2.16122297994399e+09 0.00000000000000e+00 0.00000000000000e+00 0.00000000000000e+00 0.00000000000000e+00 0.00000000000000e+00 0.00000000000000e+00 0.00000000000000e+00 
5.95658952961662e-04 3.23510611751464e+02 3.23339620647297e+02 1.90092098882866e+20 4.34246969814528e+17 5.65305079515715e+16 8.97436780927562e+15 3.84396815705862e+14 1.07999538807906e+18 7.55359570118100e+15 2.88540233141904e+11 1.57978095209800e+16 1.28450521677759e+15 2.71150221966789e+09 0.00000000000000e+00 0.00000000000000e+00 0.00000000000000e+00 0.00000000000000e+00 0.00000000000000e+00 0.00000000000000e+00 0.00000000000000e+00 
6.70478983426900e-04 3.23512667777772e+02 3.23340610270552e+02 1.89968372455162e+20 4.87886259864958e+17 5.86574927138991e+16 8.96821173576797e+15 4.05732519245580e+14 1.21435675667327e+18 7.58421744405529e+15 3.17538668672413e+11 1.63791923685035e+16 1.59001941103744e+15 3.29701017383979e+09 0.00000000000000e+00 0.00000000000000e+00 0.00000000000000e+00 0.00000000000000e+00 0.00000000000000e+00 0.00000000000000e+00 0.00000000000000e+00 
7.45299013892139e-04 3.23514500158807e+02 3.23341693810811e+02 1.89845656057644e+20 5.41318193053316e+17 6.03618104356105e+16 8.96236365692568e+15 4.23504565085122e+14 1.34820351732662e+18 7.61466477767621e+15 3.47270093215908e+11 1.66708682687208e+16 1.91252935131210e+15 3.91210373699176e+09 0.00000000000000e+00 0.00000000000000e+00 0.00000000000000e+00 0.00000000000000e+00 0.00000000000000e+00 0.00000000000000e+00 0.00000000000000e+00 
8.20119044357377e-04 3.23516060818164e+02 3.23342659077718e+02 1.89723831262494e+20 5.94543870988163e+17 6.17378791671240e+16 8.95655138737840e+15 4.38796658468649e+14 1.48155877679683e+18 7.64493123342940e+15 3.78499936626991e+11 1.67092387213355e+16 2.24693194850735e+15 4.55196630974940e+09 0.00000000000000e+00 0.00000000000000e+00 0.00000000000000e+00 0.00000000000000e+00 0.00000000000000e+00 0.00000000000000e+00 0.00000000000000e+00 
9.42893557103312e-04 3.23518373735716e+02 3.23343480652816e+02 1.89525598050815e+20 6.81440809602181e+17 6.34625031166635e+16 8.94699215400939e+15 4.60819635873371e+14 1.69939870952367e+18 7.69433659798020e+15 4.34249437539525e+11 1.63306252143615e+16 2.80946099225637e+15 5.64532954850684e+09 0.00000000000000e+00 0.00000000000000e+00 0.00000000000000e+00 0.00000000000000e+00 0.00000000000000e+00 0.00000000000000e+00 0.00000000000000e+00 
1.06566806984925e-03 3.23520466813372e+02 3.23344697645208e+02 1.89329110248795e+20 7.67794141753323e+17 6.47356791661713e+16 8.93747175932238e+15 4.81769514278062e+14 1.91613019195612e+18 7.74346614401986e+15 4.96948584390274e+11 1.55568530276864e+16 3.37373525274086e+15 6.77949606139450e+09 0.00000000000000e+00 0.00000000000000e+00 0.00000000000000e+00 0.00000000000000e+00 0.00000000000000e+00 0.00000000000000e+00 0.00000000000000e+00 
1.18844258259518e-03 3.23522406813260e+02 3.23345798382826e+02 1.89134068010102e+20 8.53611980880440e+17 6.57164342404864e+16 8.92807116718782e+15 5.03731377448634e+14 2.13188994300507e+18 7.79235460338821e+15 5.67291380513283e+11 1.45532838910780e+16 3.92607599758185e+15 7.94277851646642e+09 0.00000000000000e+00 0.00000000000000e+00 0.00000000000000e+00 0.00000000000000e+00 0.00000000000000e+00 0.00000000000000e+00 0.00000000000000e+00 
1.31121709534112e-03 3.23524244270448e+02 3.23346818168384e+02 1.88940249584279e+20 9.38902007608644e+17 6.65030951088387e+16 8.91874856506477e+15 5.27809706071344e+14 2.34679810146905e+18 7.84103376554445e+15 6.45289299146457e+11 1.34562410824712e+16 4.45743887245850e+15 9.12638743477983e+09 0.00000000000000e+00 0.00000000000000e+00 0.00000000000000e+00 0.00000000000000e+00 0.00000000000000e+00 0.00000000000000e+00 0.00000000000000e+00 
1.43399160808705e-03 3.23526017488408e+02 3.23347783721950e+02 1.88747496616474e+20 1.02367079550598e+18 6.71588932736799e+16 8.90946687494057e+15 5.54416472553917e+14 2.56094701959803e+18 7.88953183545532e+15 7.30452460550402e+11 1.23642754225349e+16 4.96296354514077e+15 1.03236330346779e+10 0.00000000000000e+00 0.00000000000000e+00 0.00000000000000e+00 0.00000000000000e+00 0.00000000000000e+00 0.00000000000000e+00 0.00000000000000e+00 
1.58172925954761e-03 3.23528099157799e+02 3.23348715295160e+02 1.88516814265298e+20 1.12499161714992e+18 6.78354215898067e+16 8.89835369534408e+15 5.89748466920130e+14 2.81771730553212e+18 7.94767489375909e+15 8.41084430308317e+11 1.11418250635061e+16 5.53478726741054e+15 1.17750646367047e+10 0.00000000000000e+00 0.00000000000000e+00 0.00000000000000e+00 0.00000000000000e+00 0.00000000000000e+00 0.00000000000000e+00 0.00000000000000e+00 
1.72946691100816e-03 3.23530144077846e+02 3.23349808718777e+02 1.88287408546098e+20 1.22557247310087e+18 6.84319297590238e+16 8.88730729612384e+15 6.28224485556371e+14 3.07353746915885e+18 8.00559648548838e+15 9.58921827454484e+11 1.00648845794746e+16 6.06831526189093e+15 1.32320036029625e+10 0.00000000000000e+00 0.00000000000000e+00 0.00000000000000e+00 0.00000000000000e+00 0.00000000000000e+00 0.00000000000000e+00 0.00000000000000e+00 
1.87720456246872e-03 3.23532165958914e+02 3.23350882688286e+02 1.88059222455402e+20 1.32541902558980e+18 6.89772260964404e+16 8.87632145317101e+15 6.69212297982393e+14 3.32843191039173e+18 8.06330380116265e+15 1.08226833616574e+12 9.14379836608764e+15 6.56741185183032e+15 1.46895360603325e+10 0.00000000000000e+00 0.00000000000000e+00 0.00000000000000e+00 0.00000000000000e+00 0.00000000000000e+00 0.00000000000000e+00 0.00000000000000e+00 
2.02494221392928e-03 3.23534172904613e+02 3.23351944453143e+02 1.87832229211665e+20 1.42453613967595e+18 6.94895433761281e+16 8.86539010026845e+15 7.12104165671706e+14 3.58240543701438e+18 8.12079971665006e+15 1.20962104471122e+12 8.36883117397162e+15 7.03658407885783e+15 1.61439950346639e+10 0.00000000000000e+00 0.00000000000000e+00 0.00000000000000e+00 0.00000000000000e+00 0.00000000000000e+00 0.00000000000000e+00 0.00000000000000e+00 
2.17267986538983e-03 3.23536169011612e+02 3.23352998298881e+02 1.87606418727992e+20 1.52292830543341e+18 6.99802548794458e+16 8.85451481557800e+15 7.56350761946781e+14 3.83545310188178e+18 8.17808399387147e+15 1.33967366214208e+12 7.72134619414745e+15 7.48020796597234e+15 1.75926397368904e+10 0.00000000000000e+00 0.00000000000000e+00 0.00000000000000e+00 0.00000000000000e+00 0.00000000000000e+00 0.00000000000000e+00 0.00000000000000e+00 
2.32041751685039e-03 3.23538156389808e+02 3.23354046392771e+02 1.87381790945056e+20 1.62059981721467e+18 7.04561374556985e+16 8.84369711790610e+15 8.01460933273176e+14 4.08756464030421e+18 8.23515479195178e+15 1.47133640613570e+12 7.17857901754591e+15 7.90227936366688e+15 1.90334525738122e+10 0.00000000000000e+00 0.00000000000000e+00 0.00000000000000e+00 0.00000000000000e+00 0.00000000000000e+00 0.00000000000000e+00 0.00000000000000e+00 
2.55728749471902e-03 3.23541325475421e+02 3.23355089851838e+02 1.87024120967801e+20 1.77570475001497e+18 7.11968922630076e+16 8.82647133048968e+15 8.74663865447610e+14 4.48979690534540e+18 8.32620633980766e+15 1.68414446703067e+12 6.47258592494027e+15 8.54197330973855e+15 2.13238741241715e+10 0.00000000000000e+00 0.00000000000000e+00 0.00000000000000e+00 0.00000000000000e+00 0.00000000000000e+00 0.00000000000000e+00 0.00000000000000e+00 
2.79415747258766e-03 3.23544473067074e+02 3.23356753657241e+02 1.86669508385291e+20 1.92898643904259e+18 7.19196675134517e+16 8.80939208353147e+15 9.47993968533485e+14 4.88956201611394e+18 8.41669724796713e+15 1.89789581772837e+12 5.91066837356202e+15 9.14525000584300e+15 2.35863438748639e+10 0.00000000000000e+00 0.00000000000000e+00 0.00000000000000e+00 0.00000000000000e+00 0.00000000000000e+00 0.00000000000000e+00 0.00000000000000e+00 
3.03102745045629e-03 3.23547598829295e+02 3.23358406057312e+02 1.86317948643956e+20 2.08046389742060e+18 7.26292264864122e+16 8.79245965966191e+15 1.02085030470213e+15 5.28684517777014e+18 8.50662446316392e+15 2.11236527396489e+12 5.44879976805625e+15 9.71930290963624e+15 2.58184049831164e+10 0.00000000000000e+00 0.00000000000000e+00 0.00000000000000e+00 0.00000000000000e+00 0.00000000000000e+00 0.00000000000000e+00 0.00000000000000e+00 
3.26789742832493e-03 3.23550702479261e+02 3.23360046879365e+02 1.85969427310636e+20 2.23015659491045e+18 7.33274621637013e+16 8.77567361438024e+15 1.09295676670791e+15 5.68164444526848e+18 8.59598758214459e+15 2.32761257335928e+12 5.06134878038954e+15 1.02688889083348e+16 2.80188510432109e+10 0.00000000000000e+00 0.00000000000000e+00 0.00000000000000e+00 0.00000000000000e+00 0.00000000000000e+00 0.00000000000000e+00 0.00000000000000e+00 
3.50476740619357e-03 3.23553784046209e+02 3.23361675977771e+02 1.85623924923829e+20 2.37808410448004e+18 7.40154309350422e+16 8.75903304031757e+15 1.16417135255295e+15 6.07396398102842e+18 8.68478751856742e+15 2.54350754996687e+12 4.73175552300437e+15 1.07974569322607e+16 3.01871590703678e+10 0.00000000000000e+00 0.00000000000000e+00 0.00000000000000e+00 0.00000000000000e+00 0.00000000000000e+00 0.00000000000000e+00 0.00000000000000e+00 
3.80881362308181e-03 3.23557707368694e+02 3.23363293371438e+02 1.85184828714692e+20 2.56540793394191e+18 7.48847115385086e+16 8.73788484937504e+15 1.25413057213450e+15 6.57392140428398e+18 8.79794798248682e+15 2.82115643742382e+12 4.37380637790535e+15 1.14493421515662e+16 3.29231294225642e+10 0.00000000000000e+00 0.00000000000000e+00 0.00000000000000e+00 0.00000000000000e+00 0.00000000000000e+00 0.00000000000000e+00 0.00000000000000e+00 
4.11285983997005e-03 3.23561594505126e+02 3.23365352408052e+02 1.84750623779013e+20 2.74989641497214e+18 7.57395545310129e+16 8.71697256225388e+15 1.34235442832150e+15 7.06982168834076e+18 8.91018670453353e+15 3.09911027408084e+12 4.07108457197686e+15 1.20755132186451e+16 3.56061577362546e+10 0.00000000000000e+00 0.00000000000000e+00 0.00000000000000e+00 0.00000000000000e+00 0.00000000000000e+00 0.00000000000000e+00 0.00000000000000e+00 
4.41690605685830e-03 3.23565445673921e+02 3.23367392276349e+02 1.84321258649222e+20 2.93159017309540e+18 7.65805910356538e+16 8.69629376029530e+15 1.42881734665785e+15 7.56168743920253e+18 9.02150854448158e+15 3.37721045271906e+12 3.81148579242706e+15 1.26792939465206e+16 3.82369172234617e+10 0.00000000000000e+00 0.00000000000000e+00 0.00000000000000e+00 0.00000000000000e+00 0.00000000000000e+00 0.00000000000000e+00 0.00000000000000e+00 
4.72095227374654e-03 3.23569261252252e+02 3.23369413097750e+02 1.83896680513317e+20 3.11052937955080e+18 7.74081779127834e+16 8.67584591263362e+15 1.51353507547917e+15 8.04954354818609e+18 9.13191887924375e+15 3.65528860327151e+12 3.58703718915244e+15 1.32632235651340e+16 4.08163396325460e+10 0.00000000000000e+00 0.00000000000000e+00 0.00000000000000e+00 0.00000000000000e+00 0.00000000000000e+00 0.00000000000000e+00 0.00000000000000e+00 
5.02499849063479e-03 3.23573041611134e+02 3.23371415077226e+02 1.83476837127084e+20 3.28675366666241e+18 7.82226088202168e+16 8.65562650997652e+15 1.59652850533033e+15 8.53341505659865e+18 9.24142314528645e+15 3.93309581525045e+12 3.39107710579649e+15 1.38293736936195e+16 4.33454593103357e+10 0.00000000000000e+00 0.00000000000000e+00 0.00000000000000e+00 0.00000000000000e+00 0.00000000000000e+00 0.00000000000000e+00 0.00000000000000e+00 
5.60574811617325e-03 3.23580165500870e+02 3.23373398416271e+02 1.82687879588029e+20 3.61594967391136e+18 7.97426984685856e+16 8.61763199488277e+15 1.75035046248488e+15 9.44666049715160e+18 9.44808560582352e+15 4.46221506689373e+12 3.07695078137581e+15 1.48669435400738e+16 4.80403254263238e+10 0.00000000000000e+00 0.00000000000000e+00 0.00000000000000e+00 0.00000000000000e+00 0.00000000000000e+00 0.00000000000000e+00 0.00000000000000e+00 
6.18649774171171e-03 3.23587163787169e+02 3.23377135485804e+02 1.81915647331293e+20 3.93565007631687e+18 8.12176435154248e+16 8.58044454295269e+15 1.89823367624854e+15 1.03456417426609e+19 9.65150185363174e+15 4.98871062905759e+12 2.82124770287629e+15 1.58545863064688e+16 5.25629918406811e+10 0.00000000000000e+00 0.00000000000000e+00 0.00000000000000e+00 0.00000000000000e+00 0.00000000000000e+00 0.00000000000000e+00 0.00000000000000e+00 
6.76724736725017e-03 3.23594038813721e+02 3.23380806128518e+02 1.81159782093024e+20 4.24611578419372e+18 8.26489784006777e+16 8.54404682611444e+15 2.04048952118312e+15 1.12305447166655e+19 9.85171256581018e+15 5.51204847352454e+12 2.60960392704963e+15 1.67987854391229e+16 5.69208025783860e+10 0.00000000000000e+00 0.00000000000000e+00 0.00000000000000e+00 0.00000000000000e+00 0.00000000000000e+00 0.00000000000000e+00 0.00000000000000e+00 
7.34799699278863e-03 3.23600792853075e+02 3.23384411614305e+02 1.80419933449122e+20 4.54760054859094e+18 8.40380570610668e+16 8.50842186815971e+15 2.17740425645654e+15 1.21015548246819e+19 1.00487584310691e+16 6.03169752612581e+12 2.43231605323343e+15 1.77043267290113e+16 6.11208431500769e+10 0.00000000000000e+00 0.00000000000000e+00 0.00000000000000e+00 0.00000000000000e+00 0.00000000000000e+00 0.00000000000000e+00 0.00000000000000e+00 
7.92874661832709e-03 3.23607427933305e+02 3.23387953173135e+02 1.79695759758592e+20 4.84035126293353e+18 8.53861653867934e+16 8.47355312608406e+15 2.30922868257445e+15 1.29588553433450e+19 1.02426797977769e+16 6.54718276097065e+12 2.28124597839951e+15 1.85749689833328e+16 6.51698627594786e+10 0.00000000000000e+00 0.00000000000000e+00 0.00000000000000e+00 0.00000000000000e+00 0.00000000000000e+00 0.00000000000000e+00 0.00000000000000e+00 
8.89174773271894e-03 3.23618173355383e+02 3.23391431903757e+02 1.78528587173496e+20 5.30718171644380e+18 8.75346047276353e+16 8.41735710501586e+15 2.51723723130953e+15 1.43507080431145e+19 1.05574625440375e+16 7.39207709144637e+12 2.07407008066274e+15 1.99491652238825e+16 7.15681476753682e+10 0.00000000000000e+00 0.00000000000000e+00 0.00000000000000e+00 0.00000000000000e+00 0.00000000000000e+00 0.00000000000000e+00 0.00000000000000e+00 
9.85474884711078e-03 3.23628606042796e+02 3.23397064738100e+02 1.77402114065460e+20 5.75171234245882e+18 8.95791296912681e+16 8.36312408426418e+15 2.71296783401022e+15 1.57061912772270e+19 1.08639477066091e+16 8.22390273880212e+12 1.90650446018428e+15 2.12458036811548e+16 7.75962779572481e+10 0.00000000000000e+00 0.00000000000000e+00 0.00000000000000e+00 0.00000000000000e+00 0.00000000000000e+00 0.00000000000000e+00 0.00000000000000e+00 
1.08177499615026e-02 3.23638734866734e+02 3.23402532576916e+02 1.76314904621733e+20 6.17495678763497e+18 9.15247148649833e+16 8.31078447847374e+15 2.89737865135705e+15 1.70261228897354e+19 1.11623173613285e+16 9.04218665343957e+12 1.76956586670208e+15 2.24727388219647e+16 8.32796548455510e+10 0.00000000000000e+00 0.00000000000000e+00 0.00000000000000e+00 0.00000000000000e+00 0.00000000000000e+00 0.00000000000000e+00 0.00000000000000e+00 
1.17807510758945e-02 3.23648568289156e+02 3.23407840198039e+02 1.75265580399516e+20 6.57788232550508e+18 9.33760572742075e+16 8.26027149831363e+15 3.07129724696504e+15 1.83113050591072e+19 1.14527508525590e+16 9.84631093982256e+12 1.65445154446405e+15 2.36359267856217e+16 8.86416421656803e+10 0.00000000000000e+00 0.00000000000000e+00 0.00000000000000e+00 0.00000000000000e+00 0.00000000000000e+00 0.00000000000000e+00 0.00000000000000e+00 
1.27437521902863e-02 3.23658114378191e+02 3.23412992151916e+02 1.74252811411747e+20 6.96141329666016e+18 9.51376268719957e+16 8.21152072849263e+15 3.23548677382275e+15 1.95625294999525e+19 1.17354255435421e+16 1.06360547678272e+13 1.55634104284586e+15 2.47399956360337e+16 9.37039239245944e+10 0.00000000000000e+00 0.00000000000000e+00 0.00000000000000e+00 0.00000000000000e+00 0.00000000000000e+00 0.00000000000000e+00 0.00000000000000e+00 
1.38920082642281e-02 3.23669132493666e+02 3.23417992770610e+02 1.73091216179345e+20 7.39459814410158e+18 9.71265989494802e+16 8.15560889281440e+15 3.41949775011472e+15 2.10111534324892e+19 1.20625815269373e+16 1.15588130263726e+13 1.45743963145377e+15 2.59844958331648e+16 9.93759985612923e+10 0.00000000000000e+00 0.00000000000000e+00 0.00000000000000e+00 0.00000000000000e+00 0.00000000000000e+00 0.00000000000000e+00 0.00000000000000e+00 
1.50402643381698e-02 3.23679766679772e+02 3.23423763558125e+02 1.71977681199565e+20 7.80289020026059e+18 9.90007590222400e+16 8.10201305714692e+15 3.59170921176917e+15 2.24139053337266e+19 1.23792492045099e+16 1.24608074373681e+13 1.37353546675967e+15 2.71560669025346e+16 1.04681581075275e+11 0.00000000000000e+00 0.00000000000000e+00 0.00000000000000e+00 0.00000000000000e+00 0.00000000000000e+00 0.00000000000000e+00 0.00000000000000e+00 
1.61885204121116e-02 3.23690029588482e+02 3.23429332346186e+02 1.70910202903159e+20 8.18764307673036e+18 1.00766537411185e+17 8.05063626638433e+15 3.75307694911641e+15 2.37720596513407e+19 1.26857171975624e+16 1.33419528907181e+13 1.30119197008064e+15 2.82593879195345e+16 1.09649094278201e+11 0.00000000000000e+00 0.00000000000000e+00 0.00000000000000e+00 0.00000000000000e+00 0.00000000000000e+00 0.00000000000000e+00 0.00000000000000e+00 
1.73367764860534e-02 3.23699933589921e+02 3.23434705890785e+02 1.69886863438638e+20 8.55013793822101e+18 1.02429993228186e+17 8.00138574709132e+15 3.90446117818542e+15 2.50868658162289e+19 1.29822694347469e+16 1.42023310695182e+13 1.23843327175473e+15 2.92984526567531e+16 1.14304418019417e+11 0.00000000000000e+00 0.00000000000000e+00 0.00000000000000e+00 0.00000000000000e+00 0.00000000000000e+00 0.00000000000000e+00 0.00000000000000e+00 
1.84850325599951e-02 3.23709490646469e+02 3.23439890785759e+02 1.68905826200973e+20 8.89158840305649e+18 1.03996846076001e+17 7.95417268331292e+15 4.04662682102817e+15 2.63595477179905e+19 1.32691846342069e+16 1.50420472962111e+13 1.18355725389061e+15 3.02768329959677e+16 1.18671229220133e+11 0.00000000000000e+00 0.00000000000000e+00 0.00000000000000e+00 0.00000000000000e+00 0.00000000000000e+00 0.00000000000000e+00 0.00000000000000e+00 
2.09721698093887e-02 3.23729055558808e+02 3.23444893397979e+02 1.66917790707094e+20 9.56430175085635e+18 1.07084305792453e+17 7.85850094254070e+15 4.32606148561875e+15 2.89773799421117e+19 1.38588825515069e+16 1.67906630667705e+13 1.08524682726840e+15 3.22023199750873e+16 1.27240210895990e+11 0.00000000000000e+00 0.00000000000000e+00 0.00000000000000e+00 0.00000000000000e+00 0.00000000000000e+00 0.00000000000000e+00 0.00000000000000e+00 
2.34593070587822e-02 3.23747158094969e+02 3.23455132702926e+02 1.65103380578032e+20 1.01543132983844e+19 1.09793706550337e+17 7.77118783032452e+15 4.57156025766708e+15 3.14149184816351e+19 1.44073341856072e+16 1.84448275899627e+13 1.00738691472499e+15 3.38860474208846e+16 1.34747664225372e+11 0.00000000000000e+00 0.00000000000000e+00 0.00000000000000e+00 0.00000000000000e+00 0.00000000000000e+00 0.00000000000000e+00 0.00000000000000e+00 
2.59464443081758e-02 3.23763903328522e+02 3.23464604569000e+02 1.63447268846617e+20 1.06712447742239e+19 1.12169782090654e+17 7.69149345054138e+15 4.78820705840471e+15 3.36834054272148e+19 1.49171280237012e+16 2.00071107601648e+13 9.44524721315655e+14 3.53523794059769e+16 1.41351722225920e+11 0.00000000000000e+00 0.00000000000000e+00 0.00000000000000e+00 0.00000000000000e+00 0.00000000000000e+00 0.00000000000000e+00 0.00000000000000e+00 
2.84335815575693e-02 3.23779388935355e+02 3.23473364599230e+02 1.61935556948083e+20 1.11235879064704e+19 1.14251856057008e+17 7.61874723162608e+15 4.98007586728668e+15 3.57935065378831e+19 1.53907235003207e+16 2.14803957251516e+13 8.92831749436561e+14 3.66225912534019e+16 1.47183408033004e+11 0.00000000000000e+00 0.00000000000000e+00 0.00000000000000e+00 0.00000000000000e+00 0.00000000000000e+00 0.00000000000000e+00 0.00000000000000e+00 
3.09207188069629e-02 3.23793705856854e+02 3.23481464379997e+02 1.60555600780788e+20 1.15188652716506e+19 1.16074641456638e+17 7.55233947544819e+15 5.15053146311844e+15 3.77553332678338e+19 1.58304561265322e+16 2.28677628619632e+13 8.49518424405181e+14 3.77157198009186e+16 1.52352798423530e+11 0.00000000000000e+00 0.00000000000000e+00 0.00000000000000e+00 0.00000000000000e+00 0.00000000000000e+00 0.00000000000000e+00 0.00000000000000e+00 
3.44772646268948e-02 3.23812313838214e+02 3.23488951860793e+02 1.58788816152766e+20 1.19978549934679e+19 1.18290013103603e+17 7.46731108202487e+15 5.36246720404782e+15 4.03218451195070e+19 1.64047604918149e+16 2.47089158866231e+13 7.98882591708246e+14 3.90050110671299e+16 1.58772954492018e+11 0.00000000000000e+00 0.00000000000000e+00 0.00000000000000e+00 0.00000000000000e+00 0.00000000000000e+00 0.00000000000000e+00 0.00000000000000e+00 
3.80338104468267e-02 3.23828932439066e+02 3.23498682153304e+02 1.57237815908650e+20 1.23906867923972e+19 1.20115096379943e+17 7.39265994204661e+15 5.54321340483437e+15 4.26308202176742e+19 1.69203942763392e+16 2.63909866090274e+13 7.57649991094920e+14 4.00127896871256e+16 1.64244202963202e+11 0.00000000000000e+00 0.00000000000000e+00 0.00000000000000e+00 0.00000000000000e+00 0.00000000000000e+00 0.00000000000000e+00 0.00000000000000e+00 
4.15903562667586e-02 3.23843768409219e+02 3.23507371032257e+02 1.55875980490169e+20 1.27117598468958e+19 1.21615317095753e+17 7.32710485745558e+15 5.69817618927678e+15 4.47064353353664e+19 1.73829657967241e+16 2.79244026828039e+13 7.24010398006259e+14 4.07794143673431e+16 1.68935678663599e+11 0.00000000000000e+00 0.00000000000000e+00 0.00000000000000e+00 0.00000000000000e+00 0.00000000000000e+00 0.00000000000000e+00 0.00000000000000e+00 
4.51469020866905e-02 3.23857007189396e+02 3.23515127061824e+02 1.54680122469567e+20 1.29730839053833e+19 1.22845065327924e+17 7.26953036077230e+15 5.83157726965956e+15 4.65708211879559e+19 1.77976041132860e+16 2.93193304509785e+13 6.95957829558945e+14 4.13403907781146e+16 1.72981102529963e+11 0.00000000000000e+00 0.00000000000000e+00 0.00000000000000e+00 0.00000000000000e+00 0.00000000000000e+00 0.00000000000000e+00 0.00000000000000e+00 
4.87034479066224e-02 3.23868815706675e+02 3.23522047516614e+02 1.53629946384106e+20 1.31847320727939e+19 1.23849922782796e+17 7.21896018940319e+15 5.94680188175209e+15 4.82442289283751e+19 1.81689864155350e+16 3.05857806683039e+13 6.72348597099755e+14 4.17270647385795e+16 1.76490429598186e+11 0.00000000000000e+00 0.00000000000000e+00 0.00000000000000e+00 0.00000000000000e+00 0.00000000000000e+00 0.00000000000000e+00 0.00000000000000e+00 
5.37100416391622e-02 3.23883296997302e+02 3.23528219889707e+02 1.52365217879517e+20 1.34141672132247e+19 1.24953909998701e+17 7.15804291280254e+15 6.08336949982670e+15 5.03111235532899e+19 1.86265362720127e+16 3.21693142407614e+13 6.44988065809919e+14 4.20274123751302e+16 1.80680944007218e+11 0.00000000000000e+00 0.00000000000000e+00 0.00000000000000e+00 0.00000000000000e+00 0.00000000000000e+00 0.00000000000000e+00 0.00000000000000e+00 
5.87166353717020e-02 3.23895609273791e+02 3.23535788834757e+02 1.51311569871977e+20 1.35810676432966e+19 1.25773424494171e+17 7.10727591235521e+15 6.19566686972572e+15 5.20822621671998e+19 1.90174743596222e+16 3.35435165161357e+13 6.22917908405890e+14 4.21021453060025e+16 1.84161769448367e+11 0.00000000000000e+00 0.00000000000000e+00 0.00000000000000e+00 0.00000000000000e+00 0.00000000000000e+00 0.00000000000000e+00 0.00000000000000e+00 
6.37232291042417e-02 3.23906072043406e+02 3.23542223707344e+02 1.50433357401838e+20 1.37005673685541e+19 1.26376105193893e+17 7.06494674439601e+15 6.28848614277086e+15 5.35983528398815e+19 1.93511689443590e+16 3.47328300513256e+13 6.04954148965683e+14 4.20059942011220e+16 1.87071794489475e+11 0.00000000000000e+00 0.00000000000000e+00 0.00000000000000e+00 0.00000000000000e+00 0.00000000000000e+00 0.00000000000000e+00 0.00000000000000e+00 
6.87298228367815e-02 3.23914957481481e+02 3.23547691695351e+02 1.49701245010539e+20 1.37842191625762e+19 1.26813622030690e+17 7.02964607747766e+15 6.36546217045118e+15 5.48947126392627e+19 1.96357101411025e+16 3.57594983770838e+13 5.90204169695998e+14 4.17833894083457e+16 1.89518148941264e+11 0.00000000000000e+00 0.00000000000000e+00 0.00000000000000e+00 0.00000000000000e+00 0.00000000000000e+00 0.00000000000000e+00 0.00000000000000e+00 
7.37364165693213e-02 3.23922498394193e+02 3.23552335168495e+02 1.49090895424164e+20 1.38409230554464e+19 1.27125798817439e+17 7.00020469551656e+15 6.42947356610721e+15 5.60020191723185e+19 1.98780982118539e+16 3.66436784080839e+13 5.77986691989536e+14 4.14701558858945e+16 1.91584179666991e+11 0.00000000000000e+00 0.00000000000000e+00 0.00000000000000e+00 0.00000000000000e+00 0.00000000000000e+00 0.00000000000000e+00 0.00000000000000e+00 
8.33487758279971e-02 3.23933884247457e+02 3.23556275872880e+02 1.48192353639365e+20 1.38965976528183e+19 1.27474388854212e+17 6.95683399843760e+15 6.52374316213193e+15 5.76888870832065e+19 2.02458975400281e+16 3.80039439195670e+13 5.60046425289424e+14 4.07089083425575e+16 1.94708927209948e+11 0.00000000000000e+00 0.00000000000000e+00 0.00000000000000e+00 0.00000000000000e+00 0.00000000000000e+00 0.00000000000000e+00 0.00000000000000e+00 
9.29611350866729e-02 3.23942164384781e+02 3.23562225602797e+02 1.47558418614759e+20 1.39117126391061e+19 1.27624583676451e+17 6.92620980117942e+15 6.59081459095813e+15 5.89284334913145e+19 2.05149056061629e+16 3.90138545350234e+13 5.47261643823749e+14 3.98632897362340e+16 1.97002699676654e+11 0.00000000000000e+00 0.00000000000000e+00 0.00000000000000e+00 0.00000000000000e+00 0.00000000000000e+00 0.00000000000000e+00 0.00000000000000e+00 
1.02573494345349e-01 3.23948192127221e+02 3.23566552232446e+02 1.47108974582679e+20 1.39070579996467e+19 1.27670570044174e+17 6.90448089357286e+15 6.63908761431538e+15 5.98388095100066e+19 2.07116840703647e+16 3.97613518109149e+13 5.37911469275722e+14 3.90259838976797e+16 1.98693421131892e+11 0.00000000000000e+00 0.00000000000000e+00 0.00000000000000e+00 0.00000000000000e+00 0.00000000000000e+00 0.00000000000000e+00 0.00000000000000e+00 
1.12185853604025e-01 3.23952575708464e+02 3.23569701800891e+02 1.46790007670447e+20 1.38934361546805e+19 1.27662892744417e+17 6.88904793063037e+15 6.67387759620658e+15 6.05061636830609e+19 2.08554022783718e+16 4.03126436117036e+13 5.31223288069710e+14 3.82467828588451e+16 1.99942864612508e+11 0.00000000000000e+00 0.00000000000000e+00 0.00000000000000e+00 0.00000000000000e+00 0.00000000000000e+00 0.00000000000000e+00 0.00000000000000e+00 
1.21798212862700e-01 3.23955755427790e+02 3.23571992197587e+02 1.46564047323554e+20 1.38765329965056e+19 1.27629309347567e+17 6.87810608150665e+15 6.69888654753748e+15 6.09939216076969e+19 2.09600715266936e+16 4.07175371593264e+13 5.26359816593969e+14 3.75494177743717e+16 2.00867710625235e+11 0.00000000000000e+00 0.00000000000000e+00 0.00000000000000e+00 0.00000000000000e+00 0.00000000000000e+00 0.00000000000000e+00 0.00000000000000e+00 
1.37511373327870e-01 3.23959129116102e+02 3.23573653525458e+02 1.46331886216803e+20 1.38487640132514e+19 1.27554747254108e+17 6.86685054686868e+15 6.72519707857760e+15 6.15166424731410e+19 2.10717074971034e+16 4.11532188991402e+13 5.21205218790534e+14 3.65998873682351e+16 2.01879529475776e+11 0.00000000000000e+00 0.00000000000000e+00 0.00000000000000e+00 0.00000000000000e+00 0.00000000000000e+00 0.00000000000000e+00 0.00000000000000e+00 
1.53224533793040e-01 3.23961115114966e+02 3.23575416106981e+02 1.46199398440974e+20 1.38270052807020e+19 1.27489420856944e+17 6.86041984969996e+15 6.74066017272081e+15 6.18273283239404e+19 2.11377813445375e+16 4.14134886210322e+13 5.18133055326910e+14 3.58853835109073e+16 2.02491601831790e+11 0.00000000000000e+00 0.00000000000000e+00 0.00000000000000e+00 0.00000000000000e+00 0.00000000000000e+00 0.00000000000000e+00 0.00000000000000e+00 
1.68937694258209e-01 3.23962304978715e+02 3.23576453640552e+02 1.46121574082809e+20 1.38119681133844e+19 1.27442505577581e+17 6.85663922864898e+15 6.74998255792009e+15 6.20146445781153e+19 2.11775104680156e+16 4.15707079976771e+13 5.16263704924836e+14 3.53692243854152e+16 2.02866785105204e+11 0.00000000000000e+00 0.00000000000000e+00 0.00000000000000e+00 0.00000000000000e+00 0.00000000000000e+00 0.00000000000000e+00 0.00000000000000e+00 
1.84650854723379e-01 3.23963017746796e+02 3.23577075235673e+02 1.46075795630929e+20 1.38018792842148e+19 1.27410250813915e+17 6.85441354503784e+15 6.75559823139337e+15 6.21275089711888e+19 2.12013900556198e+16 4.16654639881549e+13 5.15126897651247e+14 3.50042435278890e+16 2.03097120301064e+11 0.00000000000000e+00 0.00000000000000e+00 0.00000000000000e+00 0.00000000000000e+00 0.00000000000000e+00 0.00000000000000e+00 0.00000000000000e+00 
2.00364015188549e-01 3.23963437040778e+02 3.23577447581211e+02 1.46049537883878e+20 1.37950788313443e+19 1.27387929563901e+17 6.85313547833778e+15 6.75891179814899e+15 6.21944171672699e+19 2.12154999262940e+16 4.17216913209177e+13 5.14445655517359e+14 3.47493395468196e+16 2.03236706849300e+11 0.00000000000000e+00 0.00000000000000e+00 0.00000000000000e+00 0.00000000000000e+00 0.00000000000000e+00 0.00000000000000e+00 0.00000000000000e+00 
2.29727752189787e-01 3.23963770290069e+02 3.23577666608327e+02 1.46029694395760e+20 1.37883560491370e+19 1.27365104181716e+17 6.85216735368556e+15 6.76158192008208e+15 6.22484041862955e+19 2.12268168469005e+16 4.17671416773983e+13 5.13884590344271e+14 3.44749946075136e+16 2.03353849074695e+11 0.00000000000000e+00 0.00000000000000e+00 0.00000000000000e+00 0.00000000000000e+00 0.00000000000000e+00 0.00000000000000e+00 0.00000000000000e+00 
2.59091489191026e-01 3.23963897036050e+02 3.23577840673257e+02 1.46022366148279e+20 1.37855201398078e+19 1.27355345096458e+17 6.85180934747574e+15 6.76260693867563e+15 6.22691361070948e+19 2.12311515011008e+16 4.17846797134294e+13 5.13670122540600e+14 3.43451410048631e+16 2.03399379710053e+11 0.00000000000000e+00 0.00000000000000e+00 0.00000000000000e+00 0.00000000000000e+00 0.00000000000000e+00 0.00000000000000e+00 0.00000000000000e+00 
2.88455226192264e-01 3.23963968601998e+02 3.23577906872908e+02 1.46017972383847e+20 1.37842455828303e+19 1.27351006158253e+17 6.85159554712014e+15 6.76314651174750e+15 6.22806671109223e+19 2.12335886270263e+16 4.17947635399616e+13 5.13574213428758e+14 3.42822445378932e+16 2.03421174147965e+11 0.00000000000000e+00 0.00000000000000e+00 0.00000000000000e+00 0.00000000000000e+00 0.00000000000000e+00 0.00000000000000e+00 0.00000000000000e+00 
3.17818963193503e-01 3.23964006094097e+02 3.23577944255603e+02 1.46015643378272e+20 1.37836168249640e+19 1.27348996138848e+17 6.85148199934746e+15 6.76344491387910e+15 6.22866807956125e+19 2.12348520607620e+16 4.17996505131270e+13 5.13500321039826e+14 3.42503423394462e+16 2.03435069741799e+11 0.00000000000000e+00 0.00000000000000e+00 0.00000000000000e+00 0.00000000000000e+00 0.00000000000000e+00 0.00000000000000e+00 0.00000000000000e+00 
3.47182700194741e-01 3.23964016485841e+02 3.23577963840330e+02 1.46015083118100e+20 1.37833346924721e+19 1.27348048960983e+17 6.85145444274610e+15 6.76354956626981e+15 6.22884145558349e+19 2.12352092913721e+16 4.18009752238588e+13 5.13478307410328e+14 3.42344842821877e+16 2.03440071360964e+11 0.00000000000000e+00 0.00000000000000e+00 0.00000000000000e+00 0.00000000000000e+00 0.00000000000000e+00 0.00000000000000e+00 0.00000000000000e+00 
4.01290316102925e-01 3.23964018076108e+02 3.23577969267470e+02 1.46015073044659e+20 1.37831956401572e+19 1.27347536062172e+17 6.85145374440275e+15 6.76357595457579e+15 6.22887475578360e+19 2.12352739932521e+16 4.18012578026450e+13 5.13471185624009e+14 3.42232056085325e+16 2.03441235149171e+11 0.00000000000000e+00 0.00000000000000e+00 0.00000000000000e+00 0.00000000000000e+00 0.00000000000000e+00 0.00000000000000e+00 0.00000000000000e+00 
4.55397932011109e-01 3.23964014036809e+02 3.23577970096909e+02 1.46015344341394e+20 1.37832389012721e+19 1.27347678139558e+17 6.85146688310584e+15 6.76354913690596e+15 6.22881201849075e+19 2.12351399146208e+16 4.18006986401866e+13 5.13474955866391e+14 3.42225830215667e+16 2.03440255290714e+11 0.00000000000000e+00 0.00000000000000e+00 0.00000000000000e+00 0.00000000000000e+00 0.00000000000000e+00 0.00000000000000e+00 0.00000000000000e+00 
5.09505547919293e-01 3.23964012622065e+02 3.23577967986666e+02 1.46015424332307e+20 1.37832725348497e+19 1.27347788232257e+17 6.85147081255138e+15 6.76353487061947e+15 6.22878896106937e+19 2.12350925204136e+16 4.18005284024534e+13 5.13479165088468e+14 3.42236397678305e+16 2.03439563742669e+11 0.00000000000000e+00 0.00000000000000e+00 0.00000000000000e+00 0.00000000000000e+00 0.00000000000000e+00 0.00000000000000e+00 0.00000000000000e+00 
5.63613163827477e-01 3.23964012850326e+02 3.23577967247748e+02 1.46015404205370e+20 1.37832759739733e+19 1.27347800460566e+17 6.85146985229307e+15 6.76353458561761e+15 6.22879216469557e+19 2.12350998601310e+16 4.18005662779596e+13 5.13479313976728e+14 3.42240765760305e+16 2.03439532481271e+11 0.00000000000000e+00 0.00000000000000e+00 0.00000000000000e+00 0.00000000000000e+00 0.00000000000000e+00 0.00000000000000e+00 0.00000000000000e+00 
1.10468932290932e+00 3.23964013318725e+02 3.23577967367056e+02 1.46015375546318e+20 1.37832673994804e+19 1.27347771779588e+17 6.85146845524178e+15 6.76353815426227e+15 6.22879966188146e+19 2.12351155725355e+16 4.18006282544128e+13 5.13478615154823e+14 3.42239212529039e+16 2.03439698301992e+11 0.00000000000000e+00 0.00000000000000e+00 0.00000000000000e+00 0.00000000000000e+00 0.00000000000000e+00 0.00000000000000e+00 0.00000000000000e+00 
1.64576548199116e+00 3.23964013328437e+02 3.23577967611721e+02 1.46015375420418e+20 1.37832666210321e+19 1.27347768755805e+17 6.85146844836942e+15 6.76353823054199e+15 6.22879986005270e+19 2.12351159724316e+16 4.18006304683858e+13 5.13478619135958e+14 3.42238654068588e+16 2.03439701212181e+11 0.00000000000000e+00 0.00000000000000e+00 0.00000000000000e+00 0.00000000000000e+00 0.00000000000000e+00 0.00000000000000e+00 0.00000000000000e+00 
2.18684164107299e+00 3.23964013324674e+02 3.23577967616786e+02 1.46015375672520e+20 1.37832666669582e+19 1.27347769041890e+17 6.85146846027568e+15 6.76353826582600e+15 6.22879980192348e+19 2.12351158387954e+16 4.18006295054108e+13 5.13478596342824e+14 3.42238603041626e+16 2.03439703428801e+11 0.00000000000000e+00 0.00000000000000e+00 0.00000000000000e+00 0.00000000000000e+00 0.00000000000000e+00 0.00000000000000e+00 0.00000000000000e+00 
7.59760323189139e+00 3.23964013324323e+02 3.23577967614821e+02 1.46015375691950e+20 1.37832666779059e+19 1.27347769084816e+17 6.85146846122089e+15 6.76353826471867e+15 6.22879979580971e+19 2.12351158258685e+16 4.18006294298628e+13 5.13478596964590e+14 3.42238603895715e+16 2.03439703374422e+11 0.00000000000000e+00 0.00000000000000e+00 0.00000000000000e+00 0.00000000000000e+00 0.00000000000000e+00 0.00000000000000e+00 0.00000000000000e+00 
1.30083648227098e+01 3.23964013324358e+02 3.23577967614637e+02 1.46015375689673e+20 1.37832666773888e+19 1.27347769083128e+17 6.85146846110997e+15 6.76353826477462e+15 6.22879979635142e+19 2.12351158269945e+16 4.18006294341888e+13 5.13478596955915e+14 3.42238604439528e+16 2.03439703387754e+11 0.00000000000000e+00 0.00000000000000e+00 0.00000000000000e+00 0.00000000000000e+00 0.00000000000000e+00 0.00000000000000e+00 0.00000000000000e+00 
1.84191264135282e+01 3.23964013324358e+02 3.23577967614656e+02 1.46015375689636e+20 1.37832666773710e+19 1.27347769082934e+17 6.85146846110849e+15 6.76353826469910e+15 6.22879979636164e+19 2.12351158270256e+16 4.18006294348898e+13 5.13478596982235e+14 3.42238604473314e+16 2.03439703384887e+11 0.00000000000000e+00 0.00000000000000e+00 0.00000000000000e+00 0.00000000000000e+00 0.00000000000000e+00 0.00000000000000e+00 0.00000000000000e+00 
7.25267423217121e+01 3.23964013324358e+02 3.23577967614656e+02 1.46015375689642e+20 1.37832666773719e+19 1.27347769082950e+17 6.85146846110874e+15 6.76353826470380e+15 6.22879979636130e+19 2.12351158270243e+16 4.18006294348549e+13 5.13478596980637e+14 3.42238604472508e+16 2.03439703385152e+11 0.00000000000000e+00 0.00000000000000e+00 0.00000000000000e+00 0.00000000000000e+00 0.00000000000000e+00 0.00000000000000e+00 0.00000000000000e+00 
1.26634358229896e+02 3.23964013324358e+02 3.23577967614656e+02 1.46015375689641e+20 1.37832666773719e+19 1.27347769082949e+17 6.85146846110870e+15 6.76353826470394e+15 6.22879979636126e+19 2.12351158270242e+16 4.18006294348543e+13 5.13478596980563e+14 3.42238604472392e+16 2.03439703385149e+11 0.00000000000000e+00 0.00000000000000e+00 0.00000000000000e+00 0.00000000000000e+00 0.00000000000000e+00 0.00000000000000e+00 0.00000000000000e+00 
1.80741974138080e+02 3.23964013324359e+02 3.23577967614656e+02 1.46015375689653e+20 1.37832666773731e+19 1.27347769082963e+17 6.85146846110941e+15 6.76353826470455e+15 6.22879979636179e+19 2.12351158270261e+16 4.18006294348548e+13 5.13478596980533e+14 3.42238604472386e+16 2.03439703385199e+11 0.00000000000000e+00 0.00000000000000e+00 0.00000000000000e+00 0.00000000000000e+00 0.00000000000000e+00 0.00000000000000e+00 0.00000000000000e+00 
2.80741974138080e+02 3.23964013324358e+02 3.23577967614656e+02 1.46015375689653e+20 1.37832666773730e+19 1.27347769082962e+17 6.85146846110937e+15 6.76353826470452e+15 6.22879979636177e+19 2.12351158270260e+16 4.18006294348549e+13 5.13478596980531e+14 3.42238604472383e+16 2.03439703385197e+11 0.00000000000000e+00 0.00000000000000e+00 0.00000000000000e+00 0.00000000000000e+00 0.00000000000000e+00 0.00000000000000e+00 0.00000000000000e+00 
3.80741974138080e+02 3.23964013324358e+02 3.23577967614656e+02 1.46015375689646e+20 1.37832666773724e+19 1.27347769082955e+17 6.85146846110901e+15 6.76353826470422e+15 6.22879979636149e+19 2.12351158270250e+16 4.18006294348545e+13 5.13478596980534e+14 3.42238604472374e+16 2.03439703385171e+11 0.00000000000000e+00 0.00000000000000e+00 0.00000000000000e+00 0.00000000000000e+00 0.00000000000000e+00 0.00000000000000e+00 0.00000000000000e+00 
4.80741974138080e+02 3.23964013324358e+02 3.23577967614656e+02 1.46015375689645e+20 1.37832666773723e+19 1.27347769082954e+17 6.85146846110893e+15 6.76353826470416e+15 6.22879979636143e+19 2.12351158270248e+16 4.18006294348546e+13 5.13478596980533e+14 3.42238604472371e+16 2.03439703385165e+11 0.00000000000000e+00 0.00000000000000e+00 0.00000000000000e+00 0.00000000000000e+00 0.00000000000000e+00 0.00000000000000e+00 0.00000000000000e+00 
5.80741974138080e+02 3.23964013324358e+02 3.23577967614656e+02 1.46015375689664e+20 1.37832666773741e+19 1.27347769082975e+17 6.85146846111001e+15 6.76353826470504e+15 6.22879979636225e+19 2.12351158270278e+16 4.18006294348550e+13 5.13478596980532e+14 3.42238604472402e+16 2.03439703385243e+11 0.00000000000000e+00 0.00000000000000e+00 0.00000000000000e+00 0.00000000000000e+00 0.00000000000000e+00 0.00000000000000e+00 0.00000000000000e+00 
6.80741974138080e+02 3.23964013324359e+02 3.23577967614656e+02 1.46015375689687e+20 1.37832666773763e+19 1.27347769083001e+17 6.85146846111135e+15 6.76353826470615e+15 6.22879979636326e+19 2.12351158270315e+16 4.18006294348552e+13 5.13478596980533e+14 3.42238604472444e+16 2.03439703385339e+11 0.00000000000000e+00 0.00000000000000e+00 0.00000000000000e+00 0.00000000000000e+00 0.00000000000000e+00 0.00000000000000e+00 0.00000000000000e+00 
7.80741974138080e+02 3.23964013324359e+02 3.23577967614656e+02 1.46015375689705e+20 1.37832666773780e+19 1.27347769083021e+17 6.85146846111235e+15 6.76353826470697e+15 6.22879979636401e+19 2.12351158270343e+16 4.18006294348553e+13 5.13478596980535e+14 3.42238604472475e+16 2.03439703385412e+11 0.00000000000000e+00 0.00000000000000e+00 0.00000000000000e+00 0.00000000000000e+00 0.00000000000000e+00 0.00000000000000e+00 0.00000000000000e+00 
8.80741974138080e+02 3.23964013324359e+02 3.23577967614656e+02 1.46015375689673e+20 1.37832666773749e+19 1.27347769082985e+17 6.85146846111052e+15 6.76353826470547e+15 6.22879979636263e+19 2.12351158270292e+16 4.18006294348546e+13 5.13478596980538e+14 3.42238604472422e+16 2.03439703385281e+11 0.00000000000000e+00 0.00000000000000e+00 0.00000000000000e+00 0.00000000000000e+00 0.00000000000000e+00 0.00000000000000e+00 0.00000000000000e+00 
9.80741974138080e+02 3.23964013324359e+02 3.23577967614656e+02 1.46015375689683e+20 1.37832666773759e+19 1.27347769082996e+17 6.85146846111107e+15 6.76353826470592e+15 6.22879979636304e+19 2.12351158270307e+16 4.18006294348554e+13 5.13478596980530e+14 3.42238604472433e+16 2.03439703385318e+11 0.00000000000000e+00 0.00000000000000e+00 0.00000000000000e+00 0.00000000000000e+00 0.00000000000000e+00 0.00000000000000e+00 0.00000000000000e+00 
9.86519381896656e+02 3.23964013324359e+02 3.23577967614656e+02 1.46015375689683e+20 1.37832666773759e+19 1.27347769082996e+17 6.85146846111106e+15 6.76353826470592e+15 6.22879979636304e+19 2.12351158270307e+16 4.18006294348551e+13 5.13478596980534e+14 3.42238604472435e+16 2.03439703385319e+11 0.00000000000000e+00 0.00000000000000e+00 0.00000000000000e+00 0.00000000000000e+00 0.00000000000000e+00 0.00000000000000e+00 0.00000000000000e+00 
9.92296789655232e+02 3.23964013324359e+02 3.23577967614656e+02 1.46015375689683e+20 1.37832666773759e+19 1.27347769082996e+17 6.85146846111107e+15 6.76353826470592e+15 6.22879979636304e+19 2.12351158270307e+16 4.18006294348551e+13 5.13478596980534e+14 3.42238604472436e+16 2.03439703385319e+11 0.00000000000000e+00 0.00000000000000e+00 0.00000000000000e+00 0.00000000000000e+00 0.00000000000000e+00 0.00000000000000e+00 0.00000000000000e+00 
9.98074197413808e+02 3.23964013324359e+02 3.23577967614656e+02 1.46015375689682e+20 1.37832666773758e+19 1.27347769082995e+17 6.85146846111104e+15 6.76353826470589e+15 6.22879979636302e+19 2.12351158270307e+16 4.18006294348551e+13 5.13478596980534e+14 3.42238604472435e+16 2.03439703385317e+11 0.00000000000000e+00 0.00000000000000e+00 0.00000000000000e+00 0.00000000000000e+00 0.00000000000000e+00 0.00000000000000e+00 0.00000000000000e+00 
1.00000000000000e+03 3.23964013324359e+02 3.23577967614656e+02 1.46015375689682e+20 1.37832666773758e+19 1.27347769082994e+17 6.85146846111101e+15 6.76353826470587e+15 6.22879979636300e+19 2.12351158270306e+16 4.18006294348551e+13 5.13478596980534e+14 3.42238604472434e+16 2.03439703385315e+11 0.00000000000000e+00 0.00000000000000e+00 0.00000000000000e+00 0.00000000000000e+00 0.00000000000000e+00 0.00000000000000e+00 0.00000000000000e+00 
