Time(s)              GasTemp(K)           NearWallTemp(K)      [O2(X)](m^-3)        [O2(a1Dg)](m^-3)     [O2(b1Sg+)](m^-3)    [O2(A3Su+_C3Du_c1Su-)](m^-3) [O2(+,X)](m^-3)      [O(3P)](m^-3)        [O(1D)](m^-3)        [O(+,gnd)](m^-3)     [O(-,gnd)](m^-3)     [O3(X)](m^-3)        [O3(exc)](m^-3)      [CO2(X)](m^-3)       [CO2(e1)](m^-3)      [CO2(+,X)](m^-3)     [CO(X)](m^-3)        [CO(a3P)](m^-3)      [CO(+,X)](m^-3)      [C(X)](m^-3)        
0.00000000000000e+00 4.43970555230000e+02 3.77519249853500e+02 8.37083581919732e+19 8.37083581919732e-06 8.37083581919732e-06 8.37083581919732e-06 0.00000000000000e+00 0.00000000000000e+00 0.00000000000000e+00 0.00000000000000e+00 0.00000000000000e+00 0.00000000000000e+00 0.00000000000000e+00 8.37083581919732e+19 8.37083581919732e-06 0.00000000000000e+00 0.00000000000000e+00 0.00000000000000e+00 0.00000000000000e+00 0.00000000000000e+00 
1.71122915839369e-14 4.43970555006795e+02 3.89712579814388e+02 8.37083581919608e+19 3.92135857508341e+06 9.07956727980837e+05 1.74885284863400e+06 1.03306199181969e+04 8.88867303587044e+06 3.61841753636089e+06 7.11112522680519e+00 2.27227029795446e+05 2.74674770778473e-07 1.71699681005730e-13 8.37083581919692e+19 3.05253401484231e+06 5.41819569909593e+03 5.67787100639954e+05 4.27131734264071e+05 1.82519992891915e-11 1.86218342442713e-10 
3.42245831678737e-14 4.43970554783590e+02 3.89712579675000e+02 8.37083581919483e+19 7.84271715016130e+06 1.81591345604769e+06 3.49770569605640e+06 2.06612398367841e+04 1.77773460760798e+07 7.23683506842070e+06 1.42222504446562e+01 4.54454059589045e+05 8.66906027605896e-07 5.41904478783736e-13 8.37083581919651e+19 6.10506802934957e+06 1.08363913834002e+04 1.13557420131761e+06 8.54263468486230e+05 5.76054660053724e-11 5.87727089239426e-10 
5.13368747518106e-14 4.43970554560385e+02 3.89712579535614e+02 8.37083581919358e+19 1.17640757252421e+07 2.72387018421092e+06 5.24655854225019e+06 3.09918597557698e+04 2.66660191207195e+07 1.08552525960887e+07 2.13333756533643e+01 6.81681089380758e+05 1.78338838425989e-06 1.11479920853743e-12 8.37083581919611e+19 9.15760204352327e+06 1.62545870526009e+04 1.70336130203377e+06 1.28139520266559e+06 1.18505253716174e-10 1.20906491673332e-09 
1.69184827911974e-13 4.43970553023231e+02 3.89712579396227e+02 8.37083581918500e+19 3.87694641862133e+07 8.97673476929654e+06 1.72904584924972e+07 1.02136183503032e+05 8.78800255237208e+07 3.57743638250919e+07 7.03058667039656e+01 2.24653523129566e+06 1.65138490784018e-05 1.03228360985903e-11 8.37083581919331e+19 3.01796190895409e+07 5.35683074034958e+04 5.61356510723656e+06 4.22294165404943e+06 1.09733687751500e-09 1.11957191940903e-08 
2.87032781072138e-13 4.43970551486077e+02 3.89712578436304e+02 8.37083581917642e+19 6.57748526473211e+07 1.52295993589061e+07 2.93343583850742e+07 1.73280507269002e+05 1.49094032134681e+08 6.06934748479481e+07 1.19278357325402e+02 3.81138937312206e+06 4.64644838951188e-05 2.90450307106363e-11 8.37083581919052e+19 5.12016361199012e+07 9.08820270454391e+04 9.52376891424658e+06 7.16448810342448e+06 3.08754129969195e-09 3.15010335735823e-08 
4.04880734232301e-13 4.43970549948922e+02 3.89712577476382e+02 8.37083581916784e+19 9.27802411085670e+07 2.14824639530851e+07 4.13782582194015e+07 2.44424831053866e+05 2.10308038955690e+08 8.56125856625851e+07 1.68250847513359e+02 5.37624351485907e+06 9.17882945231735e-05 5.73770247929539e-11 8.37083581918773e+19 7.22236531344469e+07 1.28195745971304e+05 1.34339727230820e+07 1.01060345507705e+07 6.09928536517500e-09 6.22287369918970e-08 
5.22728687392465e-13 4.43970548411768e+02 3.89712576516459e+02 8.37083581915926e+19 1.19785629569951e+08 2.77353285518495e+07 5.34221579952758e+07 3.15569154857692e+05 2.71522045987481e+08 1.10531696268276e+08 2.17223337266324e+02 6.94109765650636e+06 1.52538917472451e-04 9.53523467520578e-11 8.37083581918494e+19 9.32456701331227e+07 1.65509464178592e+05 1.73441765337492e+07 1.30475809960806e+07 1.01361331510538e-08 1.03415192828983e-07 
9.95921033271127e-13 4.43970542239666e+02 3.89712575556537e+02 8.37083581912481e+19 2.28219783705869e+08 5.28423210286298e+07 1.01781768546288e+08 6.01233424761873e+05 5.17313330957418e+08 2.10588861797189e+08 4.13861515289403e+02 1.32244227570377e+07 5.51920908691877e-04 3.45006742223819e-10 8.37083581917373e+19 1.77654921656902e+08 3.15334425284558e+05 3.30447336210147e+07 2.48587090065748e+07 3.66748601230808e-08 3.74179967829496e-07 
1.46911337914979e-12 4.43970536067564e+02 3.89712571702181e+02 8.37083581909037e+19 3.36653937844022e+08 7.79493135793851e+07 1.50141378154290e+08 8.86897694971952e+05 7.63104619327861e+08 3.10646023955222e+08 6.10499686294846e+02 1.95077478561218e+07 1.20018068479945e-03 7.50235095373511e-10 8.37083581916253e+19 2.62064172924656e+08 4.65159374797866e+05 4.87452907378317e+07 3.66698369842218e+07 7.97513840393036e-08 8.13673776770350e-07 
1.94230572502845e-12 4.43970529895462e+02 3.89712567847825e+02 8.37083581905592e+19 4.45088091984411e+08 1.03056306204118e+08 1.98500986819254e+08 1.17256196548794e+06 1.00889591109891e+09 4.10703182742274e+08 8.07137850282444e+02 2.57910729537585e+07 2.09732559172667e-03 1.31104200629430e-09 8.37083581915132e+19 3.46473423936378e+08 6.14984312718176e+05 6.44458478842011e+07 4.84809649290204e+07 1.39366190411514e-07 1.42190160014265e-06 
2.41549807090711e-12 4.43970523723360e+02 3.89712563993470e+02 8.37083581902147e+19 5.53522246127034e+08 1.28163298902827e+08 2.46860594541181e+08 1.45822623630983e+06 1.25468720627056e+09 5.10760338158350e+08 1.00377600725220e+03 3.20743980499481e+07 3.24335541805066e-03 2.02742735125965e-09 8.37083581914011e+19 4.30882674692067e+08 7.64809239045499e+05 8.01464050601228e+07 6.02920928409707e+07 2.15519262473844e-07 2.19886329486707e-06 
7.14742152969373e-12 4.43970462002365e+02 3.89712560139115e+02 8.37083581867697e+19 1.63786378767621e+09 3.79233229958640e+08 7.30456619893707e+08 4.31486896135345e+06 3.71260034501903e+09 1.51133170691654e+09 2.97015719097115e+03 9.49076489322432e+07 2.83922421304197e-02 1.77480463878208e-08 8.37083581902804e+19 1.27497516816727e+09 2.26305786470880e+06 2.37151978444711e+08 1.78403370153829e+08 1.88664815805348e-06 1.92487875867728e-05 
1.18793449884804e-11 4.43970400281403e+02 3.89712521595578e+02 8.37083581833247e+19 2.72220532944892e+09 6.30303168412125e+08 1.21405255094299e+09 7.17151171698747e+06 6.17051382382591e+09 2.51190273857887e+09 4.93653767291011e+03 1.57740899669811e+08 7.84294978354575e-02 4.90264415936631e-08 8.37083581891597e+19 2.11906763603936e+09 3.76130533108079e+06 3.94157554784520e+08 2.96514644181875e+08 5.21159235426240e-06 5.31720159536991e-05 
1.66112684472670e-11 4.43970338560475e+02 3.89712483052066e+02 8.37083581798798e+19 3.80654687144515e+09 8.81373114263276e+08 1.69764838768910e+09 1.00281545032119e+07 8.62842764269090e+09 3.51247343314564e+09 6.90291745306968e+03 2.20574150262652e+08 1.53355110348385e-01 9.58626133919381e-08 8.37083581880390e+19 2.96316007830836e+09 5.25955163816344e+06 5.51163134079549e+08 4.14625914925111e+08 1.01903484515655e-05 1.03968540379660e-04 
2.13431919060536e-11 4.43970276839580e+02 3.89712444508579e+02 8.37083581764348e+19 4.89088841366491e+09 1.13244306751209e+09 2.18124413013208e+09 1.28847973200266e+07 1.10863418016138e+10 4.51304379061701e+09 8.86929653145019e+03 2.83407400710765e+08 2.53169077677852e-01 1.58256568958597e-07 8.37083581869183e+19 3.80725249497427e+09 6.75779678595831e+06 7.08168716329798e+08 5.32737182383537e+08 1.68229136050934e-05 1.71638359770997e-04 
6.86624264939198e-11 4.43969659632475e+02 3.89712405965116e+02 8.37083581419852e+19 1.57343038481565e+10 3.64314300687051e+09 7.01719636790017e+09 4.14512271706339e+07 3.56655020939781e+10 1.45187288251355e+10 2.85330487175049e+04 9.11739897231897e+08 2.62016831604455e+00 1.63787731004467e-06 8.37083581757112e+19 1.22481752534646e+10 2.17401845036050e+07 2.27822470136935e+09 1.71384967630326e+09 1.74107085123069e-04 1.77636790355762e-03 
1.15981661081786e-10 4.43969042428724e+02 3.89712020531854e+02 8.37083581075355e+19 2.65777193050009e+10 6.15384368599156e+09 1.18531391753888e+10 7.00176600802474e+07 6.02446963919730e+10 2.45243801502773e+10 4.81967307259639e+04 1.54007237928030e+09 7.47600313140887e+00 4.67328610744191e-06 8.37083581645041e+19 2.06890954516493e+10 3.67224562941379e+07 3.84828098193078e+09 2.89496184174206e+09 4.96769069845900e-04 5.06842730142842e-03 
1.63300895669652e-10 4.43968425228325e+02 3.89711635101068e+02 8.37083580730859e+19 3.74211347841978e+10 8.66454510487220e+09 1.66890725526263e+10 9.85840960488433e+07 8.48239246954624e+10 3.45299977661788e+10 6.78603425570875e+04 2.16840484685597e+09 1.48206735594540e+01 9.26449102340196e-06 8.37083581532971e+19 2.91300130895309e+10 5.17046121589503e+07 5.41833755801402e+09 4.07607367870002e+09 9.84806280364811e-04 1.00478168223766e-02 
2.10620130257518e-10 4.43967808031279e+02 3.89711249672759e+02 8.37083580386363e+19 4.82645502857472e+10 1.11752472635093e+10 2.15249964996425e+10 1.27150535076397e+08 1.09403187004303e+11 4.45355816729829e+10 8.75238842111485e+04 2.79673729995891e+09 2.46541796316123e+01 1.54115004983284e-05 8.37083581420900e+19 3.75709281671123e+10 6.66866520995022e+07 6.98839442961897e+09 5.25718518717723e+09 1.63821600637734e-03 1.67145367441084e-02 
6.83812476136180e-10 4.43961636245225e+02 3.89710864246927e+02 8.37083576941405e+19 1.56698706530588e+11 3.62823095353373e+10 6.98837173184089e+10 4.12815093585669e+08 3.55197680335312e+11 1.44589566792356e+11 2.84155441112018e+05 9.08006103498734e+09 2.59875211671121e+02 1.62453899588909e-04 8.37083580300195e+19 1.21979938127392e+11 2.16500676198837e+08 2.26889793993333e+10 1.70682822055413e+10 1.72668210720655e-02 1.76185008157765e-01 
1.15700482201484e-09 4.43955464794440e+02 3.89707010124814e+02 8.37083573496456e+19 2.65132865010550e+11 6.13894457791891e+10 1.18241495149068e+11 6.98479957962484e+08 6.00995574038146e+11 2.44640181165196e+11 4.80779980618270e+05 1.53633833227403e+10 7.43979842536783e+02 4.65086395927243e-04 8.37083579179493e+19 2.06388692060746e+11 3.66303109539645e+08 3.83895939211251e+10 2.88793463759348e+10 4.94295819710122e-02 5.04388835887358e-01 
1.63019716789350e-09 4.43949293678904e+02 3.89703156250348e+02 8.37083570051515e+19 3.73567025725528e+11 8.64966559920396e+10 1.66598330020054e+11 9.84145128183246e+08 8.46796867976322e+11 3.44687424927898e+11 6.77397502990353e+05 2.16467041632161e+10 1.47696810100966e+03 9.23317047415692e-04 8.37083578058793e+19 2.90797189969771e+11 5.16093953515349e+08 5.40902379949153e+10 4.06903776984448e+10 9.81239118886541e-02 1.00132628424433e+00 
2.10338951377217e-09 4.43943122898599e+02 3.89699302623511e+02 8.37083566606583e+19 4.82001188675412e+11 1.11603940170721e+11 2.14954221961144e+11 1.26981060422325e+09 1.09260156200690e+12 4.44731298223310e+11 8.74008008501040e+05 2.79300235564129e+10 2.45884001723655e+03 1.53715429360457e-03 8.37083576938096e+19 3.75205431857185e+11 6.65873209585165e+08 6.97909116206210e+10 5.25013761731624e+10 1.63347102019033e-01 1.66699763005970e+00 
5.74732234696624e-09 4.43895614531393e+02 3.89695449244286e+02 8.37083540078330e+19 1.31702492791703e+12 3.04951170628831e+11 5.87298951580362e+11 3.46965737529583e+09 2.98559432797844e+12 1.21503059602878e+12 2.38782001757945e+06 7.63162054012742e+10 1.83578622953243e+04 1.14780608036865e-02 8.37083568307987e+19 1.02520306654130e+12 1.81889677684051e+09 1.90698760390078e+11 1.43453744266060e+11 1.21905668952809e+00 1.24459622825424e+01 
9.39125518016032e-09 4.43848126033782e+02 3.89665783653073e+02 8.37083513550580e+19 2.15204879963476e+12 4.98302785732289e+11 9.59587779461816e+11 5.66952226914233e+09 4.87878865057290e+12 1.98513009397660e+12 3.90121605743078e+06 1.24702301419419e+11 4.90160616455262e+04 3.06510216917247e-02 8.37083559678039e+19 1.67518552017616e+12 2.97123391733687e+09 3.11608361588151e+11 2.34404164484329e+11 3.25355469918278e+00 3.32312344706643e+01 
1.30351880133544e-08 4.43800657396852e+02 3.89636132736675e+02 8.37083487023335e+19 2.98707280377806e+12 6.91658784031991e+11 1.33182071922119e+12 7.86940527447360e+09 6.77218446443423e+12 2.75502985738129e+12 5.41419625281131e+06 1.73088311609987e+11 9.44334518622419e+04 5.90598986584001e-02 8.37083551048252e+19 2.32515279400466e+12 4.12288529754879e+09 4.32519715176918e+11 3.25352636869666e+11 6.26560507131840e+00 6.40229408600337e+01 
1.66791208465485e-08 4.43753208611698e+02 3.89606496487164e+02 8.37083460496594e+19 3.82209694029645e+12 8.85019164079817e+11 1.70399778446146e+12 1.00693063800167e+10 8.66578170426759e+12 3.52472995149613e+12 6.92676072838324e+06 2.21474235972119e+11 1.54610046733415e+05 9.67085516299234e-02 8.37083542418625e+19 2.97510488926848e+12 5.27385158286431e+09 5.53432821118480e+11 4.16299161463748e+11 1.02539744745785e+01 1.04821208055140e+02 
2.03230536797426e-08 4.43705779669424e+02 3.89576874896622e+02 8.37083433970356e+19 4.65712120913946e+12 1.07838392442858e+12 2.07611898877337e+12 1.22692255745144e+10 1.05595803048372e+13 4.29423044151544e+12 8.43890960871875e+06 2.69860074504957e+11 2.29545860040941e+05 1.43600838876094e-01 8.37083533789158e+19 3.62504180720812e+12 6.42413343761139e+09 6.74347679374950e+11 5.07243738308234e+11 1.52174322485280e+01 1.55626162603254e+02 
5.67623820116833e-08 4.43232579653189e+02 3.89547267957134e+02 8.37083168735659e+19 1.30073711643393e+13 3.01227212653067e+12 5.79426166240189e+12 3.42694099491554e+10 2.95086268397330e+13 1.19782714186137e+13 2.35375680300596e+07 7.53713739032862e+11 1.79066403840271e+06 1.12177225290810e+00 8.37083447503322e+19 1.01235765058327e+13 1.78894534840843e+10 1.88359263092718e+12 1.41658238968827e+12 1.18213777039560e+02 1.21407134408774e+03 
9.32017103436241e-08 4.42761354172546e+02 3.89252002634060e+02 8.37082903551205e+19 2.13576342966017e+13 4.94659676957364e+12 9.50683314024632e+12 5.62713909237506e+10 4.84777379441354e+13 1.96424234446098e+13 3.85948036459886e+07 1.23755881968479e+12 4.82771921673172e+06 3.02855039075432e+00 8.37083361233522e+19 1.66205948312326e+13 2.92870550610714e+10 3.09301277230851e+12 2.32572631192357e+12 3.17382060684185e+02 3.27332441487287e+03 
1.29641038675565e-07 4.42292094397181e+02 3.88958193746669e+02 8.37082638416875e+19 2.97079105556766e+13 6.88135641166667e+12 1.32138469105120e+13 7.82751574110594e+10 6.74668488782272e+13 2.72867512178066e+13 5.36107404263503e+07 1.72139531559900e+12 9.34072517046558e+06 5.86779216437681e+00 8.37083274979740e+19 2.31160980134965e+13 4.06175904811075e+10 4.30260806565425e+12 3.23467554665629e+12 6.11524417535382e+02 6.33351183629051e+03 
1.66080367007506e-07 4.41824791539631e+02 3.88665833452846e+02 8.37082373332549e+19 3.80581998914507e+13 8.81654961429634e+12 1.69153163955979e+13 1.00280698432389e+11 8.64758952203926e+13 3.49113191183042e+13 6.85855019545476e+07 2.20522322591215e+12 1.53296956712412e+07 9.64335364773486e+00 8.37083188741956e+19 2.96100872760296e+13 5.18817043807557e+10 5.51237847311164e+12 4.14343013551896e+12 9.99463873110040e+02 1.03947600174739e+04 
2.02519695339446e-07 4.41359436854918e+02 3.88374913954935e+02 8.37082108298109e+19 4.64085022539457e+13 1.07521749423020e+13 2.06112549527572e+13 1.22288003116159e+11 1.05504812864032e+14 4.25161912111846e+13 8.35192114301620e+07 2.68904254975930e+12 2.27946444869269e+07 1.43590900247689e+01 8.37083102520152e+19 3.61025638356203e+13 6.30800338382309e+10 6.72232395683973e+12 5.05199012013458e+12 1.48004387161254e+03 1.54571953157658e+04 
4.03701623379254e-07 4.38824887369199e+02 3.88085427499407e+02 8.37080645932807e+19 9.25108446707722e+13 2.14464977779331e+13 4.09176050809727e+13 2.43821838637766e+11 2.10918518221781e+14 8.41510859028387e+13 1.65234919269624e+08 5.36005969219893e+12 9.05788368284608e+07 5.74929588529505e+01 8.37082626775474e+19 7.19204212563332e+13 1.23750016582267e+11 1.34055960233956e+13 1.00646584276528e+13 5.75053578378738e+03 6.14353089377608e+04 
6.04883551419062e-07 4.36348016260372e+02 3.86512620387673e+02 8.37079185065058e+19 1.38613574334124e+14 3.21537098306898e+13 6.10579682621434e+13 3.65407354158580e+11 3.16925434209813e+14 1.25198111037151e+14 2.45723482757000e+08 8.03081493258701e+12 2.03355885967705e+08 1.30050227399016e+02 8.37082151514312e+19 1.07692405844251e+14 1.82535678377610e+11 2.00941971756625e+13 1.50714031597189e+13 1.26301426970672e+04 1.37956243612682e+05 
8.06065479458870e-07 4.33927417985026e+02 3.84981988436851e+02 8.37077725675884e+19 1.84716683043754e+14 4.28735748089585e+13 8.10344920243438e+13 4.87042880656244e+11 4.23515257321944e+14 1.65667563130741e+14 3.25005032719366e+08 1.07013081228970e+13 3.61128102793035e+08 2.32677693021726e+02 8.37081676733754e+19 1.43418712173272e+14 2.39532991279512e+11 2.67881210640451e+13 2.00722313057286e+13 2.19536006234245e+04 2.45041180976922e+05 
1.00724740749868e-06 4.31561722983598e+02 3.83492296086200e+02 8.37076267746820e+19 2.30820162713890e+14 5.36058592761272e+13 1.00849270021483e+14 6.08726832414346e+11 5.30677944212683e+14 2.05569478538145e+14 4.03099368920118e+08 1.33715391137587e+13 5.63897794731049e+08 3.66020641911081e+02 8.37081202431001e+19 1.79099529339509e+14 2.94832156240913e+11 3.34873613492137e+13 2.50671498464895e+13 3.35700578198474e+04 3.82711256045549e+05 
1.20842933553849e-06 4.29249596786257e+02 3.82042345340808e+02 8.37074811259890e+19 2.76924005370295e+14 6.43503325859513e+13 1.20504343924491e+14 7.30457701826097e+11 6.38403702428810e+14 2.44913642720287e+14 4.80025965713001e+08 1.60415077544907e+13 8.11667265718248e+08 5.30722542045270e+02 8.37080728603360e+19 2.14735041151855e+14 3.48518003619514e+11 4.01919117019514e+13 3.00561657542299e+13 4.73416329968325e+04 5.50987557192604e+05 
1.40961126357829e-06 4.26989739186971e+02 3.80630974701645e+02 8.37073356197589e+19 3.23028203147642e+14 7.51067668251125e+13 1.40001705130726e+14 8.52234054845576e+11 7.46682982073989e+14 2.83709598579957e+14 5.55803977235780e+08 1.87112138931294e+13 1.10443881617508e+09 7.27424758084482e+02 8.37080255248239e+19 2.50325426305587e+14 4.00670339940555e+11 4.69017658030196e+13 3.50392859926078e+13 6.31422268808363e+04 7.49891126134977e+05 
1.98299716160690e-06 4.20824612484986e+02 3.79257058148538e+02 8.37069216810915e+19 4.54431034993431e+14 1.05827171438004e+14 1.94722630197466e+14 1.19954487212490e+12 1.05824343770752e+15 3.91355375310866e+14 7.65641994116189e+08 2.63186657375575e+13 2.18578911952783e+09 1.46926854200874e+03 8.37078908715903e+19 3.51515036786456e+14 5.41546210460817e+11 6.60544737229865e+13 4.92093245665206e+13 1.18315127324133e+05 1.48500726472309e+06 
2.55638305963550e-06 4.15046008332806e+02 3.75537220402832e+02 8.37065088484355e+19 5.85836513808715e+14 1.36637816804397e+14 2.48220987482080e+14 1.54718547571907e+12 1.37401955683879e+15 4.94828428078909e+14 9.66724272357921e+08 3.39239804289069e+13 3.63276265968502e+09 2.49088906718399e+03 8.37077565948094e+19 4.52343291333733e+14 6.72112931490099e+11 8.52500671048773e+13 6.33316897543636e+13 1.86796865852491e+05 2.46956279757086e+06 
3.12976895766411e-06 4.09628016456733e+02 3.72089089418865e+02 8.37060970868735e+19 7.17244470912055e+14 1.67533767111702e+14 3.00536913898690e+14 1.89513071450205e+12 1.69381904052547e+15 5.94320893828184e+14 1.15945394608291e+09 4.15271542914168e+13 5.44541221482244e+09 3.80672858199068e+03 8.37076226896239e+19 5.52813721289905e+14 7.93681402508235e+11 1.04488400926291e+14 7.74065416366112e+13 2.66813435213902e+05 3.70403865230110e+06 
3.70315485569271e-06 4.04546574256023e+02 3.68890874530255e+02 8.37056863638620e+19 8.48654743653312e+14 1.98510242527612e+14 3.51708007876906e+14 2.24335855713092e+12 2.01746187192646e+15 6.90012627423194e+14 1.34421565596642e+09 4.91281835791797e+13 7.62379032111456e+09 5.43095902431739e+03 8.37074891516325e+19 6.52929601845798e+14 9.07362757059024e+11 1.23769330765808e+14 9.14340397377153e+13 3.56955269894314e+05 5.18891270238536e+06 
4.27654075372132e-06 3.99779327800893e+02 3.65922640332425e+02 8.37052766489938e+19 9.80067175041758e+14 2.29562611382242e+14 4.01769574620906e+14 2.59184958005426e+12 2.34477915530985e+15 7.82072362685211e+14 1.52137645991253e+09 5.67270644808797e+13 1.01679492692662e+10 7.37743858421400e+03 8.37073559768275e+19 7.52693978026260e+14 1.01410444857429e+12 1.43092712785503e+14 1.05414343029322e+14 4.56088002800883e+05 6.92465977515145e+06 
4.84992665174992e-06 3.95305510189607e+02 3.63166147150286e+02 8.37048679138012e+19 1.11148161343360e+15 2.60686383639187e+14 4.50754830987532e+14 2.94058657220780e+12 2.67561215405059e+15 8.70658674438616e+14 1.69128664613187e+09 6.43237931238961e+13 1.30779411014498e+10 9.65967491699069e+03 8.37072231615464e+19 8.52109686612008e+14 1.11471708331218e+12 1.62458403716916e+14 1.19347609933205e+14 5.63296361115030e+05 8.91175165926346e+06 
6.02102065127708e-06 3.87000265093437e+02 3.60604708059484e+02 8.37040360388452e+19 1.37989052825169e+15 3.24457910111513e+14 5.47588740390872e+14 3.65355499640398e+12 3.36161688127490e+15 1.04141445305174e+15 2.01717137014858e+09 7.98327892351624e+13 2.01582020051762e+10 1.54185713822957e+04 8.37069530003275e+19 1.05408582623080e+15 1.30400627605923e+12 2.02142104905989e+14 1.47659693682644e+14 8.04318064098785e+05 1.37530989558336e+07 
7.19211465080424e-06 3.79692537133731e+02 3.55916577381369e+02 8.37032079328384e+19 1.64830602071853e+15 3.88473830480814e+14 6.40307165552384e+14 4.36737580542381e+12 4.06050447043970e+15 1.19946174074563e+15 2.31684475396259e+09 9.53327566497757e+13 2.87651788138376e+10 2.27386066496128e+04 8.37066842996991e+19 1.25463887241613e+15 1.47532556533549e+12 2.42000493015657e+14 1.75777562402236e+14 1.07132148600897e+06 1.96488312085119e+07 
8.36320865033140e-06 3.73255516997631e+02 3.51865749928632e+02 8.37023834112748e+19 1.91672698078393e+15 4.52700876406882e+14 7.29129843656519e+14 5.08196085372114e+12 4.77123490530802e+15 1.34583918467984e+15 2.59271877767948e+09 1.10823660380231e+14 3.88993049578847e+10 3.17182214811194e+04 8.37064170380126e+19 1.45378685533691e+15 1.63216402640203e+12 2.82032368466326e+14 2.03702544756043e+14 1.36107450516735e+06 2.66028506819295e+07 
9.53430264985856e-06 3.67579603373417e+02 3.48357107436309e+02 8.37015623083808e+19 2.18515236977107e+15 5.17107820299730e+14 8.14255647878720e+14 5.79723857896260e+12 5.49287431065402e+15 1.48147929795552e+15 2.84698594832601e+09 1.26305464724784e+14 5.05610092676799e+10 4.24474455362800e+04 8.37061511964006e+19 1.65154589042709e+15 1.77714511262736e+12 3.22236540671735e+14 2.31435960129609e+14 1.67108474498812e+06 3.46190075596037e+07 
1.07053966493857e-05 3.62569865856777e+02 3.45310978631893e+02 8.37007444738309e+19 2.45358121430936e+15 5.81665339748036e+14 8.95866016909531e+14 6.51314917386258e+12 6.22457902894728e+15 1.60722438392350e+15 3.08164009329616e+09 1.41778133356130e+14 6.37507158999216e+10 5.50076517735695e+04 8.37058867581382e+19 1.84793054921302e+15 1.91229350228338e+12 3.62611827809459e+14 2.58979118718363e+14 1.99938506920003e+06 4.37011002055614e+07 
1.18764906489129e-05 3.58144046255367e+02 3.42660458918954e+02 8.36999297703462e+19 2.72201260151928e+15 6.46345905841452e+14 9.74127476326478e+14 7.22964157034335e+12 6.96558388790948e+15 1.72383826935689e+15 3.29849408415752e+09 1.57241629393976e+14 7.84688442754873e+10 6.94715640524411e+04 8.37056237082179e+19 2.04295412988011e+15 2.03919098430571e+12 4.03157056649846e+14 2.86333321608572e+14 2.34447924919318e+06 5.38528754137288e+07 
1.43982469104364e-05 3.50269609546417e+02 3.40349278392727e+02 8.36981854864381e+19 3.30003965009583e+15 7.85923308142463e+14 1.13199316453476e+15 8.77426355875275e+12 8.58957845141236e+15 1.94715041733796e+15 3.71259622070526e+09 1.90508379855228e+14 1.15352958833540e+11 1.07373007811286e+05 8.37050619241729e+19 2.45834107370370e+15 2.29008308821168e+12 4.91035970930988e+14 3.44600590085486e+14 3.13904865817150e+06 7.93620058291301e+07 
1.69200031719598e-05 3.44205756686006e+02 3.36309613663337e+02 8.36964540192745e+19 3.87806686463729e+15 9.25721273702940e+14 1.27640501394352e+15 1.03210332666119e+13 1.02474849821937e+16 2.13731459510210e+15 4.06582066273064e+09 2.23732045391069e+14 1.59330108988499e+11 1.54910614568312e+05 8.37045063950122e+19 2.86758352024486e+15 2.51689758729747e+12 5.79685990037980e+14 4.02010439265234e+14 3.99688217904019e+06 1.09884250848091e+08 
1.94417594334833e-05 3.39526911477116e+02 3.33263750791219e+02 8.36947343939981e+19 4.45608753734030e+15 1.06553897703893e+15 1.40855296128755e+15 1.18696805023870e+13 1.19342944763208e+16 2.29932686456283e+15 4.36968390350622e+09 2.56912239637002e+14 2.10404251744825e+11 2.12454506215477e+05 8.37039570162393e+19 3.27077949250708e+15 2.72486115753972e+12 6.69095789394507e+14 4.58575440492813e+14 4.91080757234752e+06 1.45454620584188e+08 
2.19635156950068e-05 3.35910627927756e+02 3.30953297630815e+02 8.36930257402244e+19 5.03409583884740e+15 1.20520350691215e+15 1.52949350504918e+15 1.34199821854324e+13 1.36457904500071e+16 2.43739101025812e+15 4.63357267754808e+09 2.90048571247455e+14 2.68579235927735e+11 2.80251165841007e+05 8.37034136922511e+19 3.66801974871103e+15 2.91758745472577e+12 7.59254214518724e+14 5.14307979462976e+14 5.87452393781819e+06 1.86107051360493e+08 
2.44852719565303e-05 3.33110391031338e+02 3.29191766500862e+02 8.36913272693707e+19 5.61208669040772e+15 1.34456598742779e+15 1.64017640346048e+15 1.49717449122758e+13 1.53783894700643e+16 2.55507800178327e+15 4.86518333727351e+09 3.23140645290273e+14 3.33858800760594e+11 3.58445184613805e+05 8.37028763333408e+19 4.05939007285482e+15 3.09778414523541e+12 8.50150277273886e+14 5.69220259390093e+14 6.88274387572633e+06 2.31874417830010e+08 
2.70070282180538e-05 3.30937927420837e+02 3.27842488562376e+02 8.36896382577289e+19 6.19005572450376e+15 1.48350063536031e+15 1.74146256888586e+15 1.65248109331166e+13 1.71290668193809e+16 2.65540034429573e+15 5.07070927854495e+09 3.56188064420331e+14 4.06246574719769e+11 4.47117525348497e+05 8.37023448533485e+19 4.44497361552440e+15 3.26726136641184e+12 9.41773153221666e+14 6.23324303911992e+14 7.93133508436521e+06 2.82788544706279e+08 
3.23160025749317e-05 3.27794885237623e+02 3.26804679731170e+02 8.36861104122713e+19 7.40674809676921e+15 1.77413662113893e+15 1.92743106824500e+15 1.97980732560201e+13 2.08626310243656e+16 2.82096725001844e+15 5.43982459920086e+09 4.25614011280698e+14 5.81892565357128e+11 6.68199544083425e+05 8.37012447869946e+19 5.23817863089002e+15 3.59503438126364e+12 1.13699215091138e+15 7.34638745244724e+14 1.02559947950997e+07 4.06936207195862e+08 
3.76249769318096e-05 3.25928863878006e+02 3.25317269405518e+02 8.36826160502227e+19 8.62329935404136e+15 2.06165485423593e+15 2.08155206635080e+15 2.30754017265784e+13 2.46464819831022e+16 2.93924920533032e+15 5.74877881341391e+09 4.94836540026217e+14 7.89089872239882e+11 9.35729730524539e+05 8.37001696492395e+19 6.00683328047371e+15 3.88940613251189e+12 1.33528818254806e+15 8.42531297536932e+14 1.27200622509106e+07 5.54302799504412e+08 
4.29339512886875e-05 3.24842372650957e+02 3.24442140735385e+02 8.36791504707888e+19 9.83968876191879e+15 2.34553033253435e+15 2.20913234651141e+15 2.63558477498199e+13 2.84672236977704e+16 3.02353770286835e+15 6.01934828801755e+09 5.63851916750130e+14 1.02786744456519e+12 1.24916897012293e+06 8.36991187073123e+19 6.75165428217312e+15 4.15595234253663e+12 1.53656699542370e+15 9.47106690484063e+14 1.53042804038682e+07 7.25141160286525e+08 
4.82429256455654e-05 3.24221118416298e+02 3.23935347843051e+02 8.36757096466919e+19 1.10559007957042e+16 2.62540544238094e+15 2.31463046954333e+15 2.96385587057521e+13 3.23150481422647e+16 3.08353996886972e+15 6.26618098240270e+09 6.32656422396885e+14 1.29825197823722e+12 1.60787486517871e+06 8.36980912422584e+19 7.47334569906863e+15 4.39940486086664e+12 1.74073721921301e+15 1.04846645394814e+15 1.79934601920269e+07 9.19685010562872e+08 
5.35519000024432e-05 3.23861460786257e+02 3.23646478740574e+02 8.36722901247473e+19 1.22719238333445e+16 2.90104726859471e+15 2.40180029167772e+15 3.29227918789571e+13 3.61827937445217e+16 3.12632025557044e+15 6.49891065062930e+09 7.01246361565593e+14 1.60026790448426e+12 2.01124114907119e+06 8.36970865469509e+19 8.17260119293503e+15 4.62337790768906e+12 1.94771027312269e+15 1.14670901938904e+15 2.07767327173917e+07 1.13814947635320e+09 
5.88608743593211e-05 3.23647005097027e+02 3.23479551011043e+02 8.36688889599638e+19 1.34877492627677e+16 3.17231809236307e+15 2.47378737672891e+15 3.62079032303888e+13 4.00653578987711e+16 3.15688711909142e+15 6.72332169983827e+09 7.69618066652183e+14 1.93393738446650e+12 2.45872369985533e+06 8.36961039278180e+19 8.85010232667298e+15 4.83033044861949e+12 2.15740028114815e+15 1.24192981261700e+15 2.36462131965528e+07 1.38073159401039e+09 
6.84298456094243e-05 3.23432216446106e+02 3.23380122342609e+02 8.36627972246003e+19 1.56786512896151e+16 3.65001168433584e+15 2.57337923322119e+15 4.21293817183738e+13 4.70896224451634e+16 3.19199559750937e+15 7.11696800063171e+09 8.92289425489050e+14 2.61535303668960e+12 3.37510817073407e+06 8.36943864381976e+19 1.00184200621506e+16 5.16650662037153e+12 2.54194539895856e+15 1.40621989948315e+15 2.90137881623072e+07 1.87943964101557e+09 
7.79988168595275e-05 3.23350006582435e+02 3.23280619101869e+02 8.36567457261610e+19 1.78688645068509e+16 4.11320823059262e+15 2.64385483703271e+15 4.80486985932158e+13 5.41369875004427e+16 3.21166277277695e+15 7.50578687091266e+09 1.01421896677780e+15 3.39976251791753e+12 4.43050542666646e+06 8.36927346529435e+19 1.11219822763266e+16 5.46224300933943e+12 2.93458115944385e+15 1.56151085839850e+15 3.46048337185261e+07 2.45798432730444e+09 
8.75677881096306e-05 3.23347326292296e+02 3.23242555671931e+02 8.36507261899187e+19 2.00583727436137e+16 4.56211561567298e+15 2.69357594763464e+15 5.39630627443927e+13 6.12007378995021e+16 3.22212136708383e+15 7.89218909296352e+09 1.13538600514060e+15 4.28723960112754e+12 5.62214717876491e+06 8.36911449505441e+19 1.21643549180232e+16 5.72409829362558e+12 3.33486606802384e+15 1.70829318733828e+15 4.03907512779329e+07 3.11710752841479e+09 
9.71367593597338e-05 3.23366097363369e+02 3.23241315164021e+02 8.36447325966915e+19 2.22471636988963e+16 4.99702547414126e+15 2.72854681992374e+15 5.98699296038843e+13 6.82764123154139e+16 3.22737546902742e+15 8.27778687440619e+09 1.25577020077387e+15 5.27783408811862e+12 6.94739119075130e+06 8.36896139046078e+19 1.31489127978008e+16 5.95735723302633e+12 3.74238254402990e+15 1.84703076265381e+15 4.63500528264090e+07 3.85739092619567e+09 
1.06705730609837e-04 3.23373012647353e+02 3.23250005549964e+02 8.36387605246905e+19 2.44352269620854e+16 5.41825599868280e+15 2.75313235842809e+15 6.57669704003097e+13 7.53603874768217e+16 3.23061486416477e+15 8.66615408900943e+09 1.37535155494781e+15 6.37157186522402e+12 8.40385916067727e+06 8.36881382672585e+19 1.40788559543542e+16 6.16612315765925e+12 4.15673561902978e+15 1.97816228646996e+15 5.24670370514691e+07 4.67926558059091e+09 
1.16274701859940e-04 3.23371281449253e+02 3.23253207474059e+02 8.36328067279955e+19 2.66225547874405e+16 5.82618365292237e+15 2.77044776541315e+15 7.16520382000452e+13 8.24506663296961e+16 3.23342582688334e+15 9.05905269130061e+09 1.49411044378178e+15 7.56845494368202e+12 9.98929516769052e+06 8.36867149627478e+19 1.49572156800597e+16 6.35354178578605e+12 4.57755175396917e+15 2.10210260791958e+15 5.87262986065682e+07 5.58302097356579e+09 
1.31908318240234e-04 3.23374092052558e+02 3.23252406290887e+02 8.36231133575885e+19 3.01945772624386e+16 6.46515122491748e+15 2.78804292182710e+15 8.12361123148044e+13 9.40477102889161e+16 3.23659427610266e+15 9.70342000186469e+09 1.68631736987853e+15 9.74573773219726e+12 1.28509941194904e+07 8.36844947942462e+19 1.62885698346840e+16 6.61996473028016e+12 5.27807886835925e+15 2.29012175401701e+15 6.92183926796843e+07 7.23600484307005e+09 
1.47541934620528e-04 3.23383812664792e+02 3.23253708090360e+02 8.36134557084259e+19 3.37646011088958e+16 7.07152367503255e+15 2.79793244559201e+15 9.07748762214655e+13 1.05658717457033e+17 3.23886740918427e+15 1.03492860950733e+10 1.87619612045512e+15 1.21980379065613e+13 1.60406238898385e+07 8.36823949040188e+19 1.75013695350514e+16 6.84491279228100e+12 5.99349155438218e+15 2.46157276429146e+15 7.99970388084922e+07 9.10789847055390e+09 
1.63175551000822e-04 3.23393629959445e+02 3.23258209253403e+02 8.36038294995747e+19 3.73326064789162e+16 7.64698175862523e+15 2.80358659120666e+15 1.00260947065825e+14 1.17281821331924e+17 3.24065084604016e+15 1.09962319768432e+10 2.06366757857763e+15 1.49249646859155e+13 1.95483317173598e+07 8.36804045465388e+19 1.86062089168282e+16 7.03525564131946e+12 6.72247618014226e+15 2.61791379283077e+15 9.10228534050776e+07 1.11979472887256e+10 
1.78809167381116e-04 3.23400165738638e+02 3.23262755393892e+02 8.35942321901869e+19 4.08985752547612e+16 8.19311953232593e+15 2.80674869157553e+15 1.09687583810615e+14 1.28915355661628e+17 3.24227632094483e+15 1.16444837203095e+10 2.24865554000931e+15 1.79259547207717e+13 2.33646831098869e+07 8.36785139763545e+19 1.96126971543600e+16 7.19631547681881e+12 7.46383934189355e+15 2.76046920008229e+15 1.02261955601152e+08 1.35046617929320e+10 
1.94442783761411e-04 3.23404839101657e+02 3.23265782268413e+02 8.35846620141150e+19 4.44624907316194e+16 8.71145403588919e+15 2.80839950442805e+15 1.19048581331946e+14 1.40557937416446e+17 3.24390386575149e+15 1.22936166102746e+10 2.43108673892868e+15 2.12002781269633e+13 2.74804584573162e+07 8.36767143304386e+19 2.05295738874074e+16 7.33245165980136e+12 8.21649350857274e+15 2.89044554744148e+15 1.13683414882983e+08 1.60259328182705e+10 
2.26610117613378e-04 3.23413672147229e+02 3.23267946853718e+02 8.35650506367519e+19 5.17889904884807e+16 9.69645992505677e+15 2.80919726095883e+15 1.38079756180303e+14 1.64537345339295e+17 3.24724482327482e+15 1.36290052707723e+10 2.79811874517555e+15 2.87930280658586e+13 3.68528479006451e+07 8.36732648915905e+19 2.21663276005688e+16 7.54850832618570e+12 9.79664586542955e+15 3.12275639459444e+15 1.37652103243653e+08 2.18761747131953e+10 
2.58777451465345e-04 3.23422235892617e+02 3.23272038371837e+02 8.35455390690959e+19 5.91066089244226e+16 1.05813776245306e+16 2.80901891394498e+15 1.56764884242729e+14 1.88541726645298e+17 3.25065299529726e+15 1.49614559550568e+10 3.15346175415270e+15 3.75290559238737e+13 4.73791977032804e+07 8.36701057811863e+19 2.35170018460140e+16 7.69893006653675e+12 1.14129422794689e+16 3.31473897468954e+15 1.62100313340464e+08 2.85946409044293e+10 
2.90944785317312e-04 3.23429348643092e+02 3.23276005402345e+02 8.35261204337088e+19 6.64152356763536e+16 1.13766852266107e+16 2.80869965932150e+15 1.75065903904656e+14 2.12563836491851e+17 3.25404051217216e+15 1.62891466629800e+10 3.49659654718445e+15 4.73958409586958e+13 5.89878026021471e+07 8.36671857814004e+19 2.46321116447771e+16 7.80113188880520e+12 1.30590428485850e+16 3.47341861334680e+15 1.86890623877881e+08 3.61473701617001e+10 
3.23112119169279e-04 3.23434827982480e+02 3.23279300676105e+02 8.35067891336132e+19 7.37147734724885e+16 1.20917105573374e+16 2.80821636730127e+15 1.92951162365272e+14 2.36597593041046e+17 3.25739394608965e+15 1.76117308031563e+10 3.82706296019176e+15 5.83780487169656e+13 7.16112105567447e+07 8.36644632194760e+19 2.55527611903735e+16 7.86748424594042e+12 1.47297670007660e+16 3.60453211390712e+15 2.11917609680172e+08 4.44960931006027e+10 
3.55279453021246e-04 3.23439342083018e+02 3.23281839636606e+02 8.34875399577167e+19 8.10051362302801e+16 1.27347894313085e+16 2.80756924852483e+15 2.10394473366134e+14 2.60637851406373e+17 3.26074397328909e+15 1.89279944430403e+10 4.14445862487537e+15 7.04577376143986e+13 8.51857887356175e+07 8.36619038950304e+19 2.63126873169676e+16 7.90657086344374e+12 1.64208449397661e+16 3.71280427840111e+15 2.37103614972232e+08 5.35997869067319e+10 
4.12714921206236e-04 3.23445796155587e+02 3.23283931666134e+02 8.34533594385425e+19 9.39991937527398e+16 1.37264647167589e+16 2.80633292491336e+15 2.40380792717741e+14 3.03565741701412e+17 3.26673467506914e+15 2.12613147356617e+10 4.67767046525478e+15 9.46882965069875e+13 1.11605211781081e+08 8.36576580728749e+19 2.73507916926598e+16 7.92816474503873e+12 1.94806207651517e+16 3.86070659440482e+15 2.82299377599666e+08 7.15991234899064e+10 
4.70150389391226e-04 3.23450633953720e+02 3.23286923420052e+02 8.34194004525287e+19 1.06963399865900e+17 1.45488671074415e+16 2.80513605186056e+15 2.68808597703657e+14 3.46481089449951e+17 3.27272663990588e+15 2.35754934500881e+10 5.16664364882317e+15 1.22217548716748e+14 1.40552425591829e+08 8.36537191838037e+19 2.80871065608303e+16 7.91250264328602e+12 2.25784595817696e+16 3.96543756410505e+15 3.27585537226818e+08 9.16326147810463e+10 
5.27585857576216e-04 3.23454141387120e+02 3.23289166740749e+02 8.33856415896104e+19 1.19897466900335e+17 1.52325008417086e+16 2.80399451851733e+15 2.95633262967929e+14 3.89368976042691e+17 3.27870088359447e+15 2.58736507058767e+10 5.61041013106683e+15 1.52892007972687e+14 1.71742362002818e+08 8.36499965182234e+19 2.86111347490284e+16 7.87667943044517e+12 2.57028747072901e+16 4.03967377128374e+15 3.72838754497107e+08 1.13469980073187e+11 
5.85021325761206e-04 3.23456728166364e+02 3.23290793973614e+02 8.33520646649708e+19 1.32801179743931e+17 1.58020855249871e+16 2.80285765647839e+15 3.20849184443112e+14 4.32218594935105e+17 3.28465911561602e+15 2.81578722639954e+10 6.00857245896285e+15 1.86539072620322e+14 2.04920502526280e+08 8.36464281205412e+19 2.89840152472054e+16 7.83036578146667e+12 2.88459630161610e+16 4.09212548924282e+15 4.18009995131360e+08 1.36895635301150e+11 
6.42456793946196e-04 3.23458697087407e+02 3.23291994836554e+02 8.33186540907286e+19 1.45674382278177e+17 1.62778397224861e+16 2.80171247495732e+15 3.44482859589768e+14 4.75021966903157e+17 3.29060649294339e+15 3.04306194104441e+10 6.36125649773590e+15 2.22970772893370e+14 2.39859009802025e+08 8.36429705547109e+19 2.92486133481309e+16 7.78008386526796e+12 3.20021528213698e+16 4.12892883295889e+15 4.63092934924405e+08 1.61712965887873e+11 
7.38418900805857e-04 3.23460995095169e+02 3.23292909551269e+02 8.32631687264696e+19 1.67114366613040e+17 1.69057963622123e+16 2.79981388417687e+15 3.80606087328476e+14 5.46419178658572e+17 3.30051703570618e+15 3.42111273579478e+10 6.85115204108292e+15 2.89498393960668e+14 3.01626233617722e+08 8.36373643670741e+19 2.95247191629465e+16 7.69863879013835e+12 3.72948238128289e+16 4.16637692513658e+15 5.38290438631770e+08 2.05821188486968e+11 
8.34381007665518e-04 3.23462542898226e+02 3.23293978565057e+02 8.32080588636898e+19 1.88468640392206e+17 1.73781706571404e+16 2.79793610558280e+15 4.12830498234193e+14 6.17652121367429e+17 3.31039360960465e+15 3.79808090329262e+10 7.22132243162279e+15 3.62260584433714e+14 3.66920455765275e+08 8.36318841624179e+19 2.96794950286812e+16 7.63017342562786e+12 4.26004726709246e+16 4.18617844123046e+15 6.13473152190388e+08 2.52627703046070e+11 
9.30343114525178e-04 3.23463663190825e+02 3.23294700107627e+02 8.31532828996283e+19 2.09737190002053e+17 1.77393962008859e+16 2.79607460641406e+15 4.41618207543488e+14 6.88710144750572e+17 3.32023641751010e+15 4.17483064707662e+10 7.47972146500807e+15 4.40246985551300e+14 4.35050089302434e+08 8.36264738402813e+19 2.97682149457650e+16 7.57832359269235e+12 4.79119137903091e+16 4.19634238255300e+15 6.88853456302220e+08 3.01561002091315e+11 
1.02630522138484e-03 3.23464528502956e+02 3.23295223632770e+02 8.30988079799219e+19 2.30920209342291e+17 1.80203944399090e+16 2.79422335043411e+15 4.67491372837876e+14 7.59589075295823e+17 3.33004779784494e+15 4.55207856791863e+10 7.63652053738868e+15 5.22444037563932e+14 5.05449144194259e+08 8.36211053011216e+19 2.98184636747439e+16 7.54366549190195e+12 5.32256345751839e+16 4.20089599869691e+15 7.64636075172052e+08 3.52173026659531e+11 
1.12226732824450e-03 3.23465232196216e+02 3.23295629049449e+02 8.30446071881492e+19 2.52018033641957e+17 1.82432022693178e+16 2.79238132397209e+15 4.90981160693021e+14 8.30288694431730e+17 3.33982961005017e+15 4.93047090233454e+10 7.70331051324767e+15 6.07870171334203e+14 5.77651415400748e+08 8.36157629894143e+19 2.98453957667054e+16 7.52565964682799e+12 5.85398153577972e+16 4.20206082178926e+15 8.40983969649976e+08 4.04112171726262e+11 
1.29289564729100e-03 3.23466242694844e+02 3.23295959600095e+02 8.29488442269433e+19 2.89322659854224e+17 1.85398855406508e+16 2.78912901529569e+15 5.28370501878730e+14 9.55565181575092e+17 3.35715390733017e+15 5.60753138157808e+10 7.63837611604425e+15 7.64982988381418e+14 7.09378224043587e+08 8.36063021192965e+19 2.98611640644159e+16 7.52904956547696e+12 6.79873895550181e+16 4.19949006998278e+15 9.78435744156974e+08 4.98959533705368e+11 
1.46352396633750e-03 3.23467121849169e+02 3.23296435830352e+02 8.28537722376160e+19 3.26362107128316e+17 1.87624975849378e+16 2.78590188983236e+15 5.62219573157028e+14 1.08030775707091e+18 3.37439782951311e+15 6.29010078509663e+10 7.39630313122493e+15 9.24938189296034e+14 8.43932525482713e+08 8.35968614232808e+19 2.98629162340640e+16 7.56681223142140e+12 7.74307451398484e+16 4.19494337642892e+15 1.11820537279331e+09 5.96011941925152e+11 
1.63415228538400e-03 3.23467946257890e+02 3.23296851216072e+02 8.27593100703387e+19 3.63139393594361e+17 1.89452770774527e+16 2.78269611700939e+15 5.94419098070028e+14 1.20454954245951e+18 3.39156910004714e+15 6.97807130629670e+10 7.04051277927639e+15 1.08411218716251e+15 9.80104207178356e+08 8.35874287919055e+19 2.98611077794618e+16 7.62470017716612e+12 8.68700244282309e+16 4.18994737679072e+15 1.26004407093984e+09 6.94523416175061e+11 
1.80478060443050e-03 3.23468733008439e+02 3.23297241245743e+02 8.26653969846388e+19 3.99657528069777e+17 1.91048193527523e+16 2.77950938881838e+15 6.26264285267323e+14 1.32832597775221e+18 3.40867416320695e+15 7.67003042094495e+10 6.62448360228745e+15 1.23990288478213e+15 1.11707750694360e+09 8.35780015191709e+19 2.98570244824219e+16 7.69063272807763e+12 9.63064736699690e+16 4.18468856879543e+15 1.40342133166059e+09 7.94045441650919e+11 
1.97540892347700e-03 3.23469491096948e+02 3.23297613837960e+02 8.25719875494864e+19 4.35919290693049e+17 1.92500033844225e+16 2.77634015270607e+15 6.58534759188922e+14 1.45166866401753e+18 3.42571805420094e+15 8.36402174238480e+10 6.18870027707473e+15 1.39066547626542e+15 1.25429221244689e+09 8.35685780319005e+19 2.98510801281353e+16 7.75507428410528e+12 1.05741201811992e+17 4.17922721496358e+15 1.54766521442885e+09 8.94295640750902e+11 
2.19041442313400e-03 3.23470421629440e+02 3.23297973162516e+02 8.24549488222332e+19 4.81250853437892e+17 1.94213409165936e+16 2.77236955494478e+15 7.00422576234997e+14 1.60651280907331e+18 3.44711351956496e+15 9.23862485964708e+10 5.65515019649672e+15 1.57212170210458e+15 1.42692569783799e+09 8.35567060810881e+19 2.98425413957115e+16 7.82282237746337e+12 1.17628433245185e+17 4.17229032991161e+15 1.72962008881876e+09 1.02136184029544e+12 
2.40541992279100e-03 3.23471337627291e+02 3.23298414507291e+02 8.23386109277031e+19 5.26183720309389e+17 1.95850413206094e+16 2.76842287708541e+15 7.43816689656310e+14 1.76074771314574e+18 3.46842312571385e+15 1.01098354169608e+11 5.16791042601509e+15 1.74375654960764e+15 1.59879598107350e+09 8.35448345363858e+19 2.98340388208513e+16 7.86975157859821e+12 1.29515132857913e+17 4.16546319189476e+15 1.91081282437350e+09 1.14905379404586e+12 
2.62042542244800e-03 3.23472244699539e+02 3.23298849143311e+02 8.22229490075412e+19 5.70721704870644e+17 1.97442754298767e+16 2.76449915457413e+15 7.88532143756604e+14 1.91439693899326e+18 3.48964984159995e+15 1.09760216905032e+11 4.73856335955356e+15 1.90609150912308e+15 1.76958176077784e+09 8.35329625284078e+19 2.98258489463498e+16 7.89575735549828e+12 1.41401859151835e+17 4.15878037945554e+15 2.09064356922779e+09 1.27723925273070e+12 
2.83543092210499e-03 3.23473143527928e+02 3.23299279670694e+02 8.21079500586069e+19 6.14868264510900e+17 1.99006605817455e+16 2.76059792825894e+15 8.34256086039689e+14 2.06747427777901e+18 3.51079525423642e+15 1.18357683517785e+11 4.36731030649527e+15 2.06003226108653e+15 1.93907720834368e+09 8.35210901444980e+19 2.98176550682963e+16 7.90248778038091e+12 1.53288890054665e+17 4.15219175779532e+15 2.26877780589837e+09 1.40583743060492e+12 
3.05043642176199e-03 3.23474034893776e+02 3.23299706405059e+02 8.19936073017209e+19 6.58626667789836e+17 2.00549214343364e+16 2.75671894580120e+15 8.80656063746074e+14 2.21998791516996e+18 3.53186021223392e+15 1.26885550171568e+11 4.04929063734260e+15 2.20656463441722e+15 2.10715375092209e+09 8.35092174675444e+19 2.98093249858086e+16 7.89317316636717e+12 1.65176292525761e+17 4.14567649890598e+15 2.44514790782244e+09 1.53479950458552e+12 
3.26544192141899e-03 3.23474920422159e+02 3.23300129707714e+02 8.18799173215044e+19 7.02000071496479e+17 2.02073492894633e+16 2.75286207420001e+15 9.27414654173996e+14 2.37194263710040e+18 3.55284513684181e+15 1.35346051403758e+11 3.77736629919149e+15 2.34664534510090e+15 2.27373765822551e+09 8.34973444154246e+19 2.98009879905697e+16 7.87184998945779e+12 1.77063997738157e+17 4.13925225166498e+15 2.61983695699235e+09 1.66409782137374e+12 
3.60581353772594e-03 3.23476312044285e+02 3.23300550330961e+02 8.17012675869844e+19 7.69884111894569e+17 2.04452474754194e+16 2.74680143171911e+15 1.00153496353499e+15 2.61136242799920e+18 3.58590275288605e+15 1.48609069682768e+11 3.42219707058508e+15 2.55723767354545e+15 2.53432645044264e+09 8.34785477548268e+19 2.97879068126555e+16 7.82119320217794e+12 1.95883554689404e+17 4.12928211443565e+15 2.89325071541894e+09 1.86944277373828e+12 
3.94618515403289e-03 3.23477691673065e+02 3.23301211516168e+02 8.15242434501484e+19 8.36823144526415e+17 2.06793513195050e+16 2.74079591530833e+15 1.07505663018449e+15 2.84939509233989e+18 3.61876078011599e+15 1.61718953820388e+11 3.13583245368717e+15 2.75659455157245e+15 2.79101693137236e+09 8.34597507290979e+19 2.97749277421908e+16 7.75825932010374e+12 2.14703153097066e+17 4.11954505820409e+15 3.16332978927243e+09 2.07555456283625e+12 
4.28655677033984e-03 3.23479058463956e+02 3.23301867201884e+02 8.13488354182110e+19 9.02829298140809e+17 2.09098632543152e+16 2.73484525350499e+15 1.14748873429101e+15 3.08604844495594e+18 3.65142006440201e+15 1.74696834873528e+11 2.89934236161979e+15 2.94675126898266e+15 3.04381389184060e+09 8.34409537342506e+19 2.97619652513213e+16 7.68665105359548e+12 2.33522496963831e+17 4.11002301194472e+15 3.43012990896627e+09 2.28241364123876e+12 
4.62692838664678e-03 3.23480413259188e+02 3.23302516993000e+02 8.11750318981324e+19 9.67914636749130e+17 2.11368894790702e+16 2.72894906785209e+15 1.21856827634402e+15 3.32133021129323e+18 3.68388166567421e+15 1.87541690737976e+11 2.69984329745569e+15 3.12914070829476e+15 3.29276227477907e+09 8.34221570036188e+19 2.97490119990795e+16 7.61112476054792e+12 2.52341361281518e+17 4.10071024451608e+15 3.69415875469981e+09 2.49000982048268e+12 
4.96730000295373e-03 3.23481756413742e+02 3.23303161276982e+02 8.10028195357457e+19 1.03209114280574e+18 2.13605186406059e+16 2.72310691878486e+15 1.28816360027074e+15 3.55524852846747e+18 3.71614677321936e+15 2.00263673900682e+11 2.52875321994415e+15 3.30480061083190e+15 3.53792018308757e+09 8.34033606683731e+19 2.97360956338596e+16 7.53367884502636e+12 2.71159586010603e+17 4.09160598523951e+15 3.95552265088956e+09 2.69833560870891e+12 
5.41725201202867e-03 3.23483514770003e+02 3.23303800215731e+02 8.07775823524111e+19 1.11555415768468e+18 2.16510692234855e+16 2.71546605372392e+15 1.37778682433482e+15 3.86239663743556e+18 3.75849997452990e+15 2.16900785345870e+11 2.33627568774615e+15 3.52798337511615e+15 3.85629337775567e+09 8.33785137741181e+19 2.97190899524322e+16 7.43062424026721e+12 2.96035033974761e+17 4.07988416652026e+15 4.29729290920477e+09 2.97483954349394e+12 
5.86720402110360e-03 3.23485253820856e+02 3.23304636949108e+02 8.05550663876688e+19 1.19747677938985e+18 2.19359882975450e+16 2.70791763546915e+15 1.46465815426884e+15 4.16719601926718e+18 3.80051500350891e+15 2.33345927786590e+11 2.17353957096974e+15 3.74219622416172e+15 4.16829957174001e+09 8.33536679746223e+19 2.97021555874045e+16 7.32767192302011e+12 3.20908968315404e+17 4.06850854598643e+15 4.63487957743053e+09 3.25259487532376e+12 
6.31715603017853e-03 3.23486974317446e+02 3.23305464812883e+02 8.03352366773853e+19 1.27788570151598e+18 2.22154060498662e+16 2.70046047878282e+15 1.54879983734384e+15 4.46966586052792e+18 3.84219488472790e+15 2.49606861323952e+11 2.03419840641770e+15 3.94851762759571e+15 4.47409172278541e+09 8.33288234366426e+19 2.96852841770326e+16 7.22645116216050e+12 3.45781240048399e+17 4.05746809360664e+15 4.96866763542261e+09 3.53159124269549e+12 
6.76710803925346e-03 3.23488676831270e+02 3.23306284150578e+02 8.01180587955795e+19 1.35680716397704e+18 2.24894370680875e+16 2.69309341570207e+15 1.63026692366011e+15 4.76982430950563e+18 3.88354252306212e+15 2.65692162288670e+11 1.91346160014136e+15 4.14778781840895e+15 4.77382207773466e+09 8.33039803124257e+19 2.96684764019045e+16 7.12791214912938e+12 3.70651704519025e+17 4.04675359585567e+15 5.29893294179073e+09 3.81181909666235e+12 
7.21706004832840e-03 3.23490361792902e+02 3.23307095222637e+02 7.99034988133967e+19 1.43426696807309e+18 2.27581910971057e+16 2.68581529591778e+15 1.70913262131466e+15 5.06768878219278e+18 3.92456073273193e+15 2.81608597153576e+11 1.80763756926810e+15 4.34067879295584e+15 5.06763880642615e+09 8.32791387476268e+19 2.96517345280881e+16 7.03240776496900e+12 3.95520222120181e+17 4.03635639497380e+15 5.62590509799906e+09 4.09326884847758e+12 
7.98469138896335e-03 3.23493197073642e+02 3.23307898224328e+02 7.95434013353905e+19 1.56311359082194e+18 2.32048110149569e+16 2.67360069758091e+15 1.83791843297160e+15 5.57060661672725e+18 3.99378632348862e+15 3.08389324840412e+11 1.65397781621793e+15 4.65647196506193e+15 5.55565312400745e+09 8.32367623173389e+19 2.96233227924369e+16 6.87750883285549e+12 4.37941765557440e+17 4.01932637498028e+15 6.17699762627769e+09 4.57622279426650e+12 
8.75232272959831e-03 3.23495983938550e+02 3.23309250085640e+02 7.91906614807534e+19 1.68790280532551e+18 2.36368739614971e+16 2.66163607436618e+15 1.95984036213079e+15 6.06697965024991e+18 4.06207454006136e+15 3.34721972767275e+11 1.52695852331323e+15 4.95734877536580e+15 6.02755670491201e+09 8.31943914541489e+19 2.95950979580262e+16 6.73110747332471e+12 4.80356685483842e+17 4.00315389887665e+15 6.71935646998085e+09 5.06265561323920e+12 
9.51995407023327e-03 3.23498724232202e+02 3.23310579664094e+02 7.88451191080051e+19 1.80875444646672e+18 2.40548436753424e+16 2.64991597153354e+15 2.07534398897776e+15 6.55688762148643e+18 4.12943839088922e+15 3.60629959613905e+11 1.42014391125769e+15 5.24493767545401e+15 6.48400233824827e+09 8.31520267640792e+19 2.95670569440941e+16 6.59434285743222e+12 5.22764415845074e+17 3.98780098812764e+15 7.25455991699234e+09 5.55251788461542e+12 
1.02875854108682e-02 3.23501419121407e+02 3.23311887796534e+02 7.85066186035987e+19 1.92578478652035e+18 2.44591619652773e+16 2.63843509530122e+15 2.18485266709304e+15 7.04040765530951e+18 4.19589044231131e+15 3.86132824388858e+11 1.32905568321454e+15 5.52047709816746e+15 6.92561029872390e+09 8.31096688382992e+19 2.95391979171396e+16 6.46617213268285e+12 5.65164403788104e+17 3.97323225302985e+15 7.78286711469271e+09 6.04575930557762e+12 
1.10552167515032e-02 3.23504069821058e+02 3.23313175006136e+02 7.81750086483201e+19 2.03910672949011e+18 2.48502548618181e+16 2.62718829509808e+15 2.28876106062436e+15 7.51761481516777e+18 4.26144291741760e+15 4.11242745111387e+11 1.25028935778014e+15 5.78495031566719e+15 7.35297160714828e+09 8.30673182572231e+19 2.95115189395569e+16 6.34638258526428e+12 6.07556104345549e+17 3.95941444719456e+15 8.30505692393358e+09 6.54232860499557e+12 
1.22577252752144e-02 3.23508135916487e+02 3.23314441839324e+02 7.76690381068336e+19 2.20943243852449e+18 2.54372943309349e+16 2.61002864013795e+15 2.44114844673097e+15 8.25265269086413e+18 4.36235201432171e+15 4.49829974814918e+11 1.14586013872702e+15 6.17879525286625e+15 7.99513538389737e+09 8.30009914167240e+19 2.94685158876902e+16 6.17398714336600e+12 6.73945545533403e+17 3.93920394848927e+15 9.11264248658620e+09 7.32677830794991e+12 
1.34602337989256e-02 3.23512099748164e+02 3.23316386542744e+02 7.71790656917560e+19 2.37133229506246e+18 2.59943901849485e+16 2.59341239069620e+15 2.58201055229396e+15 8.97265803024341e+18 4.46112786319373e+15 4.87536396894465e+11 1.05988163806250e+15 6.54985838272674e+15 8.60576428598499e+09 8.29346860090815e+19 2.94259407706333e+16 6.01703618467600e+12 7.40311448193942e+17 3.92064791889486e+15 9.90692850460143e+09 8.11906355575863e+12 
1.46627423226368e-02 3.23515965042804e+02 3.23318284008832e+02 7.67045623638988e+19 2.52519536980585e+18 2.65229755445297e+16 2.57732153500698e+15 2.71249710478674e+15 9.67790277070507e+18 4.55781420345846e+15 5.24405383491175e+11 9.87326049901323e+14 6.90009966475948e+15 9.18675928343864e+09 8.28684040168714e+19 2.93837854774288e+16 5.87489744595182e+12 8.06651940422104e+17 3.90364463294944e+15 1.06916963564187e+10 8.91897870383194e+12 
1.58652508463480e-02 3.23519734706850e+02 3.23320135911595e+02 7.62450189131275e+19 2.67139279196228e+18 2.70244117445519e+16 2.56173874673738e+15 2.83362165986874e+15 1.03686544920842e+19 4.65245372862174e+15 5.60465305099286e+11 9.25574544149476e+14 7.23105625891871e+15 9.73988821312728e+09 8.28021472822364e+19 2.93420420565996e+16 5.74468446960087e+12 8.72965284355499e+17 3.88810085687430e+15 1.14660301957011e+10 9.72631585760651e+12 
1.70677593700592e-02 3.23523411824196e+02 3.23321943547826e+02 7.57999453798661e+19 2.81027899378423e+18 2.74999946214110e+16 2.54664735003282e+15 2.94626180286653e+15 1.10451763280514e+19 4.74508815460461e+15 5.95750379042291e+11 8.72551529456581e+14 7.54403109045904e+15 1.02668030610708e+10 8.27359175467411e+19 2.93007026359567e+16 5.62504376354350e+12 9.39249833716875e+17 3.87393073681080e+15 1.22311727602491e+10 1.05408660725376e+13 
1.91082068080140e-02 3.23529447253994e+02 3.23323708300638e+02 7.50765311529629e+19 3.03015403034974e+18 2.82512459672233e+16 2.52211963535924e+15 3.12010237520267e+15 1.21612823948677e+19 4.89779877228504e+15 6.53917518774764e+11 7.97079109587813e+14 8.03689523089879e+15 1.11051836247865e+10 8.26236036634799e+19 2.92314595735473e+16 5.44357893516148e+12 1.05165286233092e+18 3.85281056806344e+15 1.35130989355725e+10 1.19389272229752e+13 
2.11486542459688e-02 3.23535236816643e+02 3.23326608132465e+02 7.43912350744199e+19 3.23150310979769e+18 2.89372591841403e+16 2.49888617514048e+15 3.27508280552782e+15 1.32384023937096e+19 5.04504756489239e+15 7.10029413090816e+11 7.35616549671836e+14 8.48558774818812e+15 1.18793866955348e+10 8.25113799358659e+19 2.91633206480173e+16 5.28408139762711e+12 1.16396120634188e+18 3.83507412953198e+15 1.47759118363442e+10 1.33561274143450e+13 
2.31891016839237e-02 3.23540792476997e+02 3.23329393724577e+02 7.37419868419091e+19 3.41577303665236e+18 2.95632796666248e+16 2.47687655198653e+15 3.41395295682871e+15 1.42777525024232e+19 5.18702309216582e+15 7.64185588145117e+11 6.84785815424558e+14 8.89385154494519e+15 1.25955267200448e+10 8.23992533314193e+19 2.90962498791306e+16 5.14272024469133e+12 1.27616824145714e+18 3.82041902072760e+15 1.60214415727213e+10 1.47914495067923e+13 
2.52295491218785e-02 3.23546125278885e+02 3.23332070454947e+02 7.31268446863994e+19 3.58429781143428e+18 3.01341338140579e+16 2.45602473386360e+15 3.53892900643107e+15 1.52805208468664e+19 5.32390768582401e+15 8.16470548564167e+11 6.42024132846788e+14 9.26486172667205e+15 1.32590592717133e+10 8.22872302002041e+19 2.90302122872697e+16 5.01649896248028e+12 1.38826792355556e+18 3.80857827875912e+15 1.72519288674619e+10 1.62438886807427e+13 
2.72699965598333e-02 3.23551245567912e+02 3.23334643295145e+02 7.25439821918979e+19 3.73831037145398e+18 3.06542737161394e+16 2.43626862372472e+15 3.65184023859928e+15 1.62478693538916e+19 5.45587808770441e+15 8.66961498312384e+11 6.05609161952638e+14 9.60141177096692e+15 1.38748827324103e+10 8.21753163347550e+19 2.89651738585381e+16 4.90293483207484e+12 1.50025473364460e+18 3.79931584680980e+15 1.84685792123863e+10 1.77124562911925e+13 
3.10182904013198e-02 3.23560130080656e+02 3.23337116911904e+02 7.15516962620284e+19 3.98717617405966e+18 3.14911637314274e+16 2.40263871378723e+15 3.83298552501682e+15 1.79363585553958e+19 5.68607090402681e+15 9.55275460945458e+11 5.50565547313566e+14 1.01379902278552e+16 1.48961478810926e+10 8.19700335002396e+19 2.88481927021250e+16 4.72149039506354e+12 1.70566297295728e+18 3.78833486619646e+15 2.06769452500111e+10 2.04490326882122e+13 
3.47665842428062e-02 3.23568386204655e+02 3.23341417003902e+02 7.06527678465992e+19 4.19722436324804e+18 3.21934306886160e+16 2.37217708595580e+15 3.98629381563672e+15 1.95159545087720e+19 5.90127514616109e+15 1.03817865390187e+12 5.07182839859254e+14 1.05798741283067e+16 1.57942553641606e+10 8.17651670656534e+19 2.87342760188179e+16 4.56783255150435e+12 1.91064477806621e+18 3.78425052929390e+15 2.28526360983413e+10 2.32310134966904e+13 
3.85148780842926e-02 3.23576064680157e+02 3.23345422470349e+02 6.98383978035500e+19 4.37394207185262e+18 3.27807178391370e+16 2.34458479190493e+15 4.11744147811048e+15 2.09931741276774e+19 6.10245269515416e+15 1.11603714351646e+12 4.71853178118714e+14 1.09384210842095e+16 1.65883893278398e+10 8.15607428534161e+19 2.86232381481658e+16 4.43583988866637e+12 2.11517543577179e+18 3.78615084645086e+15 2.50052781293190e+10 2.60529391499747e+13 
4.22631719257790e-02 3.23583211595756e+02 3.23349156414837e+02 6.91006707068872e+19 4.52208673462452e+18 3.32699931337974e+16 2.31959298665714e+15 4.23071770250920e+15 2.23742397015616e+19 6.29051227255432e+15 1.18917975754129e+12 4.42798604883978e+14 1.12237416542528e+16 1.72943985013165e+10 8.13567832917461e+19 2.85149038292331e+16 4.32104738424196e+12 2.31923345639022e+18 3.79328212273239e+15 2.71333748565004e+10 2.89096976950601e+13 
4.60114657672654e-02 3.23589869123660e+02 3.23352639905081e+02 6.84324586467838e+19 4.64578165429957e+18 3.36759073412241e+16 2.29695963555369e+15 4.32936475656974e+15 2.36650789378470e+19 6.46631136728579e+15 1.25791982062352e+12 4.18534833005326e+14 1.14449912371656e+16 1.79253742317679e+10 8.11533079093695e+19 2.84091078958801e+16 4.22023794015243e+12 2.52280011734139e+18 3.80501132641780e+15 2.92408309898037e+10 3.17965547784717e+13 
4.97597596087518e-02 3.23596075754384e+02 3.23355892293079e+02 6.78273434017963e+19 4.74859244641398e+18 3.40110839285128e+16 2.27646685348424e+15 4.41593031240851e+15 2.48713262423331e+19 6.63065791777574e+15 1.32253978901734e+12 3.97765487316298e+14 1.16102378422129e+16 1.84921815198593e+10 8.09503340432857e+19 2.83056950797380e+16 4.13093899927096e+12 2.72585877583780e+18 3.82080634705035e+15 3.13345432239561e+10 3.47091432156697e+13 
5.61146043509577e-02 3.23605666180958e+02 3.23358931304867e+02 6.69295493140384e+19 4.88368967308075e+18 3.44477022032577e+16 2.24606959989360e+15 4.54066248016398e+15 2.67380243292923e+19 6.88524321932286e+15 1.42343242391645e+12 3.68868060389980e+14 1.17821561685722e+16 1.93313507624258e+10 8.06074016285015e+19 2.81354085760824e+16 4.00061088663444e+12 3.06892180093587e+18 3.85562361221265e+15 3.48537204749653e+10 3.96948779544277e+13 
6.24694490931637e-02 3.23614213754174e+02 3.23363641396891e+02 6.61721406495752e+19 4.97979238314132e+18 3.47549243497823e+16 2.22043449330852e+15 4.64352286013219e+15 2.84010322097935e+19 7.11248720642422e+15 1.51444542274002e+12 3.45972929914394e+14 1.18431702411534e+16 2.00464982728371e+10 8.02660189218311e+19 2.79709050398608e+16 3.89129524575012e+12 3.41042068400945e+18 3.89902536069293e+15 3.83392956813522e+10 4.47260927290975e+13 
6.88242938353696e-02 3.23621850751042e+02 3.23367855492403e+02 6.55344807643522e+19 5.04644553339128e+18 3.49659979748172e+16 2.19886141171350e+15 4.72942826978469e+15 2.98823301417849e+19 7.31545051711641e+15 1.59665194868953e+12 3.27436597217068e+14 1.18181134793865e+16 2.06639304532854e+10 7.99262387659118e+19 2.78116014735292e+16 3.79824391897663e+12 3.75030462505192e+18 3.94957117633347e+15 4.17984874375992e+10 4.97883093550240e+13 
7.51791385775755e-02 3.23628692108850e+02 3.23371635285976e+02 6.49991169591366e+19 5.09108098084116e+18 3.51066038666394e+16 2.18075837965520e+15 4.80211648186118e+15 3.12017951783666e+19 7.49687660697226e+15 1.67101429459993e+12 3.12083796082017e+14 1.17274251063916e+16 2.12034856126071e+10 7.95881057631374e+19 2.76569783147244e+16 3.71797647470349e+12 4.08853071174820e+18 4.00610602703534e+15 4.52409626050226e+10 5.48695173218191e+13 
8.15339833197814e-02 3.23634837695145e+02 3.23375034630668e+02 6.45512555948636e+19 5.11946699570964e+18 3.51964963235795e+16 2.16562369517851e+15 4.86441397159067e+15 3.23773446259204e+19 7.65921914013970e+15 1.73839652804709e+12 2.99286297948671e+14 1.15878399920363e+16 2.16802262730568e+10 7.92516576105018e+19 2.75065734235302e+16 3.64807487825658e+12 4.42506266305970e+18 4.06768835301982e+15 4.86654886830912e+10 5.99598826805459e+13 
8.78888280619873e-02 3.23640374368999e+02 3.23378100512377e+02 6.41783589091096e+19 5.13603622409378e+18 3.52507046959970e+16 2.15303220030422e+15 4.91832478215689e+15 3.34250816606125e+19 7.80466688142570e+15 1.79957374816658e+12 2.88568844481164e+14 1.14131307645375e+16 2.21057857452077e+10 7.89169255202360e+19 2.73599762130900e+16 3.58670553127258e+12 4.75987046812767e+18 4.13353717146329e+15 5.20712110507251e+10 6.50514352272767e+13 
9.81925683301106e-02 3.23648242310424e+02 3.23380873949547e+02 6.37073541999196e+19 5.14565390577713e+18 3.52890809119489e+16 2.13714938621666e+15 4.99162679322098e+15 3.48877316942931e+19 8.00936268061628e+15 1.88728124158442e+12 2.74307505071201e+14 1.10809929893870e+16 2.27095477422735e+10 7.83779026643647e+19 2.71294787386551e+16 3.50138257990495e+12 5.29900142990627e+18 4.24776707424475e+15 5.75768759820962e+10 7.32929155467141e+13 
1.08496308598234e-01 3.23654975744726e+02 3.23384836866350e+02 6.33689643212639e+19 5.14313081629254e+18 3.52964834870601e+16 2.12576666875611e+15 5.05187633633325e+15 3.61049492651033e+19 8.18182314430030e+15 1.96302634624075e+12 2.63130395475592e+14 1.07198171952272e+16 2.32308170198414e+10 7.78435516899926e+19 2.69067251265184e+16 3.42996277718764e+12 5.83344550914259e+18 4.36927455729337e+15 6.30547611447869e+10 8.15001201801466e+13 
1.18800048866357e-01 3.23660794219865e+02 3.23388252401526e+02 6.31341745502134e+19 5.13504820587383e+18 3.52939381234303e+16 2.11790021863506e+15 5.10247190124456e+15 3.71214077831886e+19 8.32800242807565e+15 2.02897435409646e+12 2.54219212267385e+14 1.03542249518886e+16 2.36888733221845e+10 7.73139413325541e+19 2.66906243929984e+16 3.36910376157830e+12 6.36313690909875e+18 4.49622570639410e+15 6.85080011196151e+10 8.96625773001890e+13 
1.29103789134480e-01 3.23665871413566e+02 3.23391225426485e+02 6.29809480168648e+19 5.12514898787613e+18 3.52928999585584e+16 2.11280258831113e+15 5.14573767979042e+15 3.79735704232765e+19 8.45270528848732e+15 2.08687955912137e+12 2.46973532207500e+14 9.99963521087492e+15 2.40989455211697e+10 7.67891206858200e+19 2.64802851523448e+16 3.31630420585273e+12 6.88802884083615e+18 4.62722137646542e+15 7.39419041827365e+10 9.77684866140967e+13 
1.39407529402604e-01 3.23670345943858e+02 3.23393839182577e+02 6.28921877318854e+19 5.11555496000437e+18 3.52993328012642e+16 2.10989381947359e+15 5.18338795447839e+15 3.86913088518820e+19 8.55985597274131e+15 2.13818986547777e+12 2.41012835338396e+14 9.66525971987645e+15 2.44714689003429e+10 7.62691238028808e+19 2.62749905258824e+16 3.26985908426980e+12 7.40808912257438e+18 4.76111447466781e+15 7.93555261900144e+10 1.05812226734851e+14 
1.55161196371662e-01 3.23676262120745e+02 3.23396160303190e+02 6.28523484891406e+19 5.10380762244940e+18 3.53291290763071e+16 2.10870232783673e+15 5.23288841162210e+15 3.95815676821349e+19 8.69663785517093e+15 2.20645200715405e+12 2.33714462582640e+14 9.20248037839926e+15 2.49854424586645e+10 7.54834583350377e+19 2.59695945047863e+16 3.20812891081113e+12 8.19383944947513e+18 4.96953493476130e+15 8.76001934445243e+10 1.17982197640171e+14 
1.70914863340721e-01 3.23681337025744e+02 3.23399259042366e+02 6.28955960864663e+19 5.09747763356398e+18 3.53863752762460e+16 2.11033348373301e+15 5.27551493908208e+15 4.02832233540747e+19 8.80881280998185e+15 2.26545643194440e+12 2.28052893999136e+14 8.80533953009907e+15 2.54487857413577e+10 7.47091579397855e+19 2.56730119511852e+16 3.15483654428618e+12 8.96821401479923e+18 5.17997581631987e+15 9.57920599039536e+10 1.29998888265952e+14 
1.86668530309780e-01 3.23685796201795e+02 3.23401947601176e+02 6.29961559459142e+19 5.09668667216369e+18 3.54688157926764e+16 2.11391228357543e+15 5.31327654699932e+15 4.08475933504012e+19 8.90304482633630e+15 2.31773812207276e+12 2.23543118920758e+14 8.47240894585543e+15 2.58754985575378e+10 7.39462124978941e+19 2.53840256658994e+16 3.10761232096081e+12 9.73122613009612e+18 5.39046494547796e+15 1.03923055872090e+11 1.41861724236827e+14 
2.02422197278839e-01 3.23689797243784e+02 3.23404335250576e+02 6.31366301031879e+19 5.10061584630651e+18 3.55716737700740e+16 2.11884779247159e+15 5.34749233201509e+15 4.13111832626888e+19 8.98405516232196e+15 2.36511362049568e+12 2.19833294535741e+14 8.19695313725184e+15 2.62752793912030e+10 7.31945749376900e+19 2.51017628622837e+16 3.06479105229648e+12 1.04829251364271e+19 5.59960693560983e+15 1.11994055727477e+11 1.53571153806449e+14 
2.18175864247897e-01 3.23693452813123e+02 3.23406498482462e+02 6.33048338521783e+19 5.10829894544906e+18 3.56901794873803e+16 2.12472598638095e+15 5.37910446197801e+15 4.17003984501467e+19 9.05525234037208e+15 2.40890742453286e+12 2.16706241560065e+14 7.97056371852335e+15 2.66548436817989e+10 7.24541728933572e+19 2.48255817731189e+16 3.02527328034968e+12 1.12233850507911e+19 5.80639187310484e+15 1.19999697106657e+11 1.65128779663730e+14 
2.44622754468548e-01 3.23699017276207e+02 3.23408492059553e+02 6.36278132548345e+19 5.12749503546934e+18 3.59142784519597e+16 2.13597465094080e+15 5.42794969632078e+15 4.22346928879025e+19 9.15891756436936e+15 2.47679853281047e+12 2.12369082217831e+14 7.67897538132048e+15 2.72584995966916e+10 7.12362047720780e+19 2.43743853109063e+16 2.96434986927284e+12 1.24414451492252e+19 6.14659597321545e+15 1.33286460776013e+11 1.84191606561219e+14 
2.71069644689200e-01 3.23704100101675e+02 3.23411556758194e+02 6.39768177747472e+19 5.15183919401114e+18 3.61573663409036e+16 2.14810794998337e+15 5.47314521681802e+15 4.26754725666740e+19 9.24992247272082e+15 2.54049161219601e+12 2.08842458315934e+14 7.47027087972593e+15 2.78334287497482e+10 7.00491212154184e+19 2.39373509420444e+16 2.90836488967258e+12 1.36286180332049e+19 6.47569368971748e+15 1.46342553588684e+11 2.02843862043331e+14 
2.97516534909851e-01 3.23708858619078e+02 3.23414382910949e+02 6.43359300973566e+19 5.17902117141090e+18 3.64094584223646e+16 2.16058416491676e+15 5.51585689205147e+15 4.30598762779125e+19 9.33306726256285e+15 2.60194759129359e+12 2.05712995295719e+14 7.31772657881008e+15 2.83886980341028e+10 6.88923341536001e+19 2.35133893581892e+16 2.85544763458732e+12 1.47854936772082e+19 6.79287277089512e+15 1.59198660119873e+11 2.21084233386179e+14 
3.23963425130502e-01 3.23713374482227e+02 3.23417047220659e+02 6.46972362375288e+19 5.20757432856956e+18 3.66644614580300e+16 2.17313369487821e+15 5.55655046410640e+15 4.34073836028068e+19 9.41085693696901e+15 2.66211227789718e+12 2.02993886186322e+14 7.20286852500659e+15 2.89290684375180e+10 6.77651906852732e+19 2.31017799523262e+16 2.80538369287382e+12 1.59127264976683e+19 7.09732528700099e+15 1.71800626712986e+11 2.38926452591712e+14 
3.50410315351153e-01 3.23717696130873e+02 3.23419589435759e+02 6.50563864536719e+19 5.23664873098559e+18 3.69188883762841e+16 2.18560824130527e+15 5.59558887161961e+15 4.37291051596184e+19 9.48472894392055e+15 2.72160152755362e+12 2.00487639015411e+14 7.11323754476486e+15 2.94573111751265e+10 6.66670227682995e+19 2.27019716332104e+16 2.75731557204483e+12 1.70109844780320e+19 7.38967165872262e+15 1.84182960152798e+11 2.56360705665901e+14 
3.89325494044759e-01 3.23723763407738e+02 3.23422033058061e+02 6.55757630391934e+19 5.27946386903028e+18 3.72884186957921e+16 2.20365095401526e+15 5.65051945295000e+15 4.41692444131504e+19 9.58806680660976e+15 2.80853623274700e+12 1.97135685663712e+14 7.01149203869830e+15 3.02155865817352e+10 6.51024129775019e+19 2.21342079849151e+16 2.68985593434030e+12 1.85757287227201e+19 7.79810639463762e+15 2.01986394631670e+11 2.81285403534335e+14 
4.28240672738365e-01 3.23729542967701e+02 3.23425479084666e+02 6.60797170083153e+19 5.32145127119444e+18 3.76486476220919e+16 2.22116398189980e+15 5.70292714945606e+15 4.45826310599266e+19 9.68670108083375e+15 2.89542250162520e+12 1.94033152323101e+14 6.92992719064631e+15 3.09541984300619e+10 6.35970009083916e+19 2.15897830570966e+16 2.62551545834599e+12 2.00812772694191e+19 8.18204421074031e+15 2.19315559407411e+11 3.05341932513948e+14 
4.67155851431972e-01 3.23735066794201e+02 3.23428775775346e+02 6.65665257662884e+19 5.36220758429178e+18 3.79980154339394e+16 2.23808805525259e+15 5.75281329269315e+15 4.49756654869255e+19 9.78146968341143e+15 2.98248775262634e+12 1.91314225314621e+14 6.86134329679935e+15 3.16744251645066e+10 6.21486630309528e+19 2.10676234202285e+16 2.56465842884902e+12 2.15297536199010e+19 8.54256040414265e+15 2.36099808865194e+11 3.28556404379111e+14 
5.06071030125578e-01 3.23740354216122e+02 3.23431938365256e+02 6.70360892910270e+19 5.40161669734344e+18 3.83361816247968e+16 2.25441932697143e+15 5.80048013485248e+15 4.53508475108263e+19 9.87270938748553e+15 3.06980588417374e+12 1.88738771281644e+14 6.80185034729369e+15 3.23767055756687e+10 6.07553444129090e+19 2.05667664380508e+16 2.50629023599237e+12 2.29232115058256e+19 8.88182197794751e+15 2.52430570073906e+11 3.50925979736180e+14 
5.44986208819184e-01 3.23745417855170e+02 3.23434975888862e+02 6.74886916478474e+19 5.43965773080414e+18 3.86631773109447e+16 2.27016708026343e+15 5.84616185018259e+15 4.57096283651046e+19 9.96061876476328e+15 3.15735253529774e+12 1.86323332599613e+14 6.74850152971412e+15 3.30611654084351e+10 5.94150764387331e+19 2.00863199550866e+16 2.45037851696897e+12 2.42636190579956e+19 9.20118483396430e+15 2.68301899246299e+11 3.72471654675349e+14 
6.16873307154354e-01 3.23754227307221e+02 3.23437894173640e+02 6.82818629850450e+19 5.50638556007378e+18 3.92386779578247e+16 2.29778001679653e+15 5.92541022788665e+15 4.63339022992960e+19 1.01149569506667e+16 3.31966618577600e+12 1.82369843456107e+14 6.66196437410468e+15 3.42800556701083e+10 5.70706236527254e+19 1.92490200371003e+16 2.35358022949376e+12 2.66083293490581e+19 9.74330060835842e+15 2.96393770413629e+11 4.10219415841416e+14 
6.88760405489525e-01 3.23762372707022e+02 3.23442992739487e+02 6.90213230843082e+19 5.56864353898287e+18 3.97780646292478e+16 2.32354107457586e+15 5.99845352027887e+15 4.69117475730985e+19 1.02593271893553e+16 3.48242934524788e+12 1.78924145863358e+14 6.58882848701422e+15 3.54394263525488e+10 5.48889549833109e+19 1.84733635627962e+16 2.26428435115274e+12 2.87902501990197e+19 1.02317590246691e+16 3.22950974286264e+11 4.45299650542144e+14 
7.60647503824695e-01 3.23769908136475e+02 3.23447731176849e+02 6.97101351154412e+19 5.62665917394933e+18 4.02829740052627e+16 2.34755322566198e+15 6.06591862377920e+15 4.74471664827212e+19 1.03943435679211e+16 3.64511200236496e+12 1.75858897726392e+14 6.52563665439753e+15 3.65397494469663e+10 5.28594966835970e+19 1.77548076555564e+16 2.18162388512804e+12 3.08199547520502e+19 1.06715010173057e+16 3.48051444733555e+11 4.77918037069275e+14 
8.32534602159866e-01 3.23776879666680e+02 3.23452135258739e+02 7.03515108508604e+19 5.68069278018106e+18 4.07553044472599e+16 2.36992544531201e+15 6.12823493829587e+15 4.79434685432771e+19 1.05205803906417e+16 3.80734539415347e+12 1.73152357396243e+14 6.47045773822987e+15 3.75825539607292e+10 5.09719997868905e+19 1.70891222181307e+16 2.10518431089434e+12 3.27076899827856e+19 1.10686236243249e+16 3.71733045306052e+11 5.08200009019248e+14 
9.65304187422549e-01 3.23788440133477e+02 3.23456227448868e+02 7.14237867595918e+19 5.77105745058622e+18 4.15497865028893e+16 2.40735790414485e+15 6.23139106438578e+15 4.87687009698418e+19 1.07328174603574e+16 4.10506014034226e+12 1.68894763025851e+14 6.38513674769076e+15 3.93659497548888e+10 4.78208200662614e+19 1.59833365815605e+16 1.97818890833301e+12 3.58592868769198e+19 1.17069103220198e+16 4.12054856581655e+11 5.58612555882310e+14 
1.09807377268523e+00 3.23798463739862e+02 3.23463050864692e+02 7.23623463225016e+19 5.85018949487918e+18 4.22501441438129e+16 2.44015239557502e+15 6.32067293741994e+15 4.94865127156064e+19 1.09198095663745e+16 4.39728004684465e+12 1.65417987821456e+14 6.31731225050617e+15 4.09675909569211e+10 4.50670046341376e+19 1.50225402783223e+16 1.86767435204883e+12 3.86134844062951e+19 1.22418561363221e+16 4.48120890681646e+11 6.02440477677598e+14 
1.23084335794791e+00 3.23807156505504e+02 3.23469005181545e+02 7.31828939638373e+19 5.91939919958437e+18 4.28663271949038e+16 2.46884651642601e+15 6.39800802456564e+15 5.01109849032316e+19 1.10843059314094e+16 4.68133478393653e+12 1.62549849113152e+14 6.26256255835337e+15 4.23996226020378e+10 4.26624485333012e+19 1.41878179455102e+16 1.77138761881307e+12 4.10183866346372e+19 1.26924631283423e+16 4.80281325046927e+11 6.40492663798609e+14 
1.36361294321060e+00 3.23814699197890e+02 3.23474197608707e+02 7.38998412680586e+19 5.97988998631311e+18 4.34077270524709e+16 2.49393545675673e+15 6.46504885331487e+15 5.06544602058905e+19 1.12288525615541e+16 4.95512486513164e+12 1.60165102620251e+14 6.21781389804888e+15 4.36754438043699e+10 4.05635803295742e+19 1.34624006500973e+16 1.68742557327027e+12 4.31175659497721e+19 1.30737920996779e+16 5.08883883324382e+11 6.73525223336665e+14 
1.59164734960363e+00 3.23825383784083e+02 3.23478724701106e+02 7.49232518841937e+19 6.06627115911064e+18 4.41855248708522e+16 2.52977741385962e+15 6.55993861580922e+15 5.14270019438212e+19 1.14365708136906e+16 5.39565137032328e+12 1.56925633057277e+14 6.15838227408826e+15 4.55367571953574e+10 3.75706875205690e+19 1.24330627915631e+16 1.56758492824183e+12 4.61109152051290e+19 1.36000239985864e+16 5.50586004423308e+11 7.20262929918688e+14 
1.81968175599666e+00 3.23833764433132e+02 3.23485171945567e+02 7.57324346669060e+19 6.13459373466968e+18 4.48046770743273e+16 2.55814045543538e+15 6.63430924365954e+15 5.20354126707592e+19 1.16020125221538e+16 5.79250052718497e+12 1.54503346047516e+14 6.11460338267919e+15 4.70423981039488e+10 3.52066357971412e+19 1.16242095422877e+16 1.47283723668325e+12 4.84753382735742e+19 1.40009646518586e+16 5.84293038253350e+11 7.56891362641326e+14 
2.04771616238969e+00 3.23840355901800e+02 3.23490257310749e+02 7.63730444944756e+19 6.18869742509297e+18 4.52974880261185e+16 2.58060960472073e+15 6.69274552229911e+15 5.25154953738354e+19 1.17337465572813e+16 6.14354830922600e+12 1.52681341753364e+14 6.08221932566709e+15 4.82557271404508e+10 3.33366116155269e+19 1.09869929757724e+16 1.39786495071381e+12 5.03456628019948e+19 1.43090665023015e+16 6.11447166935495e+11 7.85707153749487e+14 
2.27575056878272e+00 3.23845548981534e+02 3.23494274692395e+02 7.68803304949031e+19 6.23155227185631e+18 4.56894042855190e+16 2.59841177321716e+15 6.73875763412179e+15 5.28946751702322e+19 1.18385399370097e+16 6.44935967462416e+12 1.51288251868110e+14 6.05799331488975e+15 4.92299940850555e+10 3.18567330138246e+19 1.04843440392747e+16 1.33844478502889e+12 5.18257828073727e+19 1.45476746499939e+16 6.33257601600946e+11 8.08381788854462e+14 
2.50378497517575e+00 3.23849641975911e+02 3.23497450734803e+02 7.72817165444331e+19 6.26546797766875e+18 4.60005681394166e+16 2.61250345232743e+15 6.77501919546162e+15 5.31941596274137e+19 1.19217711872966e+16 6.71068720582884e+12 1.50209083979087e+14 6.03943874263983e+15 5.00094243094633e+10 3.06863096828549e+19 1.00878165529381e+16 1.29133593341103e+12 5.29963993337560e+19 1.47331881498644e+16 6.50719422368420e+11 8.26229436556375e+14 
2.85942020896147e+00 3.23854345845386e+02 3.23499960758427e+02 7.77445900566581e+19 6.30458674546539e+18 4.63606117775838e+16 2.62876028067620e+15 6.81668571878466e+15 5.35390444112944e+19 1.20181280223478e+16 7.03538499035794e+12 1.48983250698145e+14 6.01849362019137e+15 5.09176587802081e+10 2.93370483394218e+19 9.63177694433277e+15 1.23683265285542e+12 5.43458851642186e+19 1.49443124273959e+16 6.71105202288650e+11 8.46690499361326e+14 
3.21505544274718e+00 3.23857593660863e+02 3.23502852690841e+02 7.80651588842992e+19 6.33168213968694e+18 4.66107140810291e+16 2.64002319939229e+15 6.84544625974468e+15 5.37776505455324e+19 1.20851015341979e+16 7.27569526425359e+12 1.48150350502174e+14 6.00426615818933e+15 5.15526681568207e+10 2.84028390050920e+19 9.31670603520137e+15 1.19901031805875e+12 5.52802511639467e+19 1.50886502400862e+16 6.85371061367136e+11 8.60781201404263e+14 
3.57069067653289e+00 3.23859845143034e+02 3.23504853997072e+02 7.82880816548094e+19 6.35052540078670e+18 4.67849680253179e+16 2.64785727161929e+15 6.86536191237568e+15 5.39432895570026e+19 1.21317610002518e+16 7.45428415970823e+12 1.47595779561467e+14 5.99492539662085e+15 5.19970808197234e+10 2.77534741467167e+19 9.09804854611979e+15 1.17280015647577e+12 5.59297262241676e+19 1.51873164468051e+16 6.95339612779077e+11 8.70585754627899e+14 
3.92632591031860e+00 3.23861407190711e+02 3.23506243737687e+02 7.84431008370101e+19 6.36363036053995e+18 4.69062922148616e+16 2.65330592746959e+15 6.87916973867857e+15 5.40582866280807e+19 1.21642373533740e+16 7.58552629575772e+12 1.47221247751614e+14 5.98878500561074e+15 5.23074567426637e+10 2.73020924920423e+19 8.94622787099198e+15 1.15461988275407e+12 5.63811850795657e+19 1.52551240456841e+16 7.02290872873057e+11 8.77404608669995e+14 
4.28196114410431e+00 3.23862489289432e+02 3.23507209071918e+02 7.85505636089507e+19 6.37271606535488e+18 4.69904830481199e+16 2.65708353428376e+15 6.88874578474215e+15 5.41379934414672e+19 1.21867790880378e+16 7.67557968499433e+12 1.46955960550222e+14 5.98443498843483e+15 5.25233268862777e+10 2.69891942269785e+19 8.84106553401035e+15 1.14195831371959e+12 5.66941369208431e+19 1.53020069512475e+16 7.07133183908227e+11 8.82108912037028e+14 
4.80136802935231e+00 3.23863486738415e+02 3.23507878273231e+02 7.86495508168483e+19 6.38108596701378e+18 4.70681403716375e+16 2.66056360849096e+15 6.89758518958155e+15 5.42115134348331e+19 1.22075927659092e+16 7.75542036682870e+12 1.46699069980521e+14 5.98010394457438e+15 5.27226829568426e+10 2.67008736237148e+19 8.74419372193168e+15 1.13016797691603e+12 5.69825064572518e+19 1.53456409684372e+16 7.11636076333236e+11 8.86416203774290e+14 
5.32077491460032e+00 3.23864070761036e+02 3.23508495369231e+02 7.87075367445562e+19 6.38598842593726e+18 4.71136558095893e+16 2.66260234425524e+15 6.90275292902786e+15 5.42545930224314e+19 1.22197966789631e+16 7.80703277063532e+12 1.46553314728084e+14 5.97759346161646e+15 5.28396949625041e+10 2.65319664881039e+19 8.68746764062103e+15 1.12328810955020e+12 5.71514423023642e+19 1.53711399176535e+16 7.14273755881958e+11 8.88937736499242e+14 
5.84018179984832e+00 3.23864417264043e+02 3.23508856851217e+02 7.87422818480197e+19 6.38892476806535e+18 4.71408532177992e+16 2.66382385389276e+15 6.90579653730432e+15 5.42801558287805e+19 1.22270536251826e+16 7.83809243071242e+12 1.46494178722895e+14 5.97672622445080e+15 5.29098499893224e+10 2.64310086461450e+19 8.65361970573692e+15 1.11940659685588e+12 5.72524185346164e+19 1.53850355484342e+16 7.15797489761287e+11 8.90502998105984e+14 
6.35958868509632e+00 3.23864625253647e+02 3.23509071656242e+02 7.87630204940761e+19 6.39067906318584e+18 4.71571334872318e+16 2.66455305001322e+15 6.90763623825347e+15 5.42954731579162e+19 1.22314063819702e+16 7.85653225460017e+12 1.46443519521592e+14 5.97602988953053e+15 5.29517310340458e+10 2.63706866985448e+19 8.63337527406705e+15 1.11695741904099e+12 5.73127508070186e+19 1.53940409955140e+16 7.16739795990248e+11 8.91405949236857e+14 
6.87899557034433e+00 3.23864747511936e+02 3.23509200499257e+02 7.87751658996708e+19 6.39170589493940e+18 4.71666723712369e+16 2.66498009998245e+15 6.90871795186564e+15 5.43045028051132e+19 1.22339655032667e+16 7.86737509936300e+12 1.46413991202357e+14 5.97548000334894e+15 5.29762979195173e+10 2.63353020858384e+19 8.62149808603592e+15 1.11552318772482e+12 5.73481414416681e+19 1.53993105815899e+16 7.17291674929679e+11 8.91936541732465e+14 
7.72225521325250e+00 3.23864854354668e+02 3.23509276212021e+02 7.87857883043906e+19 6.39260393105073e+18 4.71750122005523e+16 2.66535359612052e+15 6.90966245593716e+15 5.43123806989368e+19 1.22362001801240e+16 7.87681998887346e+12 1.46387840205943e+14 5.97505017550878e+15 5.29977675496413e+10 2.63043739701209e+19 8.61111694656462e+15 1.11426674448838e+12 5.73790748170422e+19 1.54039309340928e+16 7.17774615343286e+11 8.92399439910970e+14 
8.56551485616067e+00 3.23864895044270e+02 3.23509342383070e+02 7.87898270846385e+19 6.39294543320999e+18 4.71781807072434e+16 2.66549559069383e+15 6.91002184481533e+15 5.43153750616074e+19 1.22370487567371e+16 7.88033655399433e+12 1.46377909990787e+14 5.97488951069778e+15 5.30059094291875e+10 2.62926153922672e+19 8.60716796549506e+15 1.11378983601286e+12 5.73908354524087e+19 1.54056920579641e+16 7.17957637139790e+11 8.92575755715511e+14 
9.40877449906884e+00 3.23864908776704e+02 3.23509367576190e+02 7.87911980740117e+19 6.39306137025240e+18 4.71792588047010e+16 2.66554380515534e+15 6.91014354987144e+15 5.43163910502018e+19 1.22373376714439e+16 7.88160233255335e+12 1.46374586555116e+14 5.97483500122099e+15 5.30086932438683e+10 2.62886242321628e+19 8.60582978499536e+15 1.11362762945683e+12 5.73948273598863e+19 1.54062835774180e+16 7.18020271698849e+11 8.92635396743669e+14 
1.02520341419770e+01 3.23864913323792e+02 3.23509376087885e+02 7.87916539317753e+19 6.39309992026223e+18 4.71796178914841e+16 2.66555983992758e+15 6.91018392884434e+15 5.43167286720303e+19 1.22374339375218e+16 7.88204487893619e+12 1.46373494091321e+14 5.97481699178798e+15 5.30096237855388e+10 2.62872973211721e+19 8.60538543471884e+15 1.11357362001093e+12 5.73961545408914e+19 1.54064787278970e+16 7.18041225131838e+11 8.92655175387342e+14 
1.38281269236086e+01 3.23864916554298e+02 3.23509378908435e+02 7.87919782072523e+19 6.39312734355580e+18 4.71798734552418e+16 2.66557124701245e+15 6.91021263769653e+15 5.43169687808334e+19 1.22375024551646e+16 7.88236090268770e+12 1.46372719997066e+14 5.97480429964198e+15 5.30102867775376e+10 2.62863534801086e+19 8.60506948704347e+15 1.11353519150537e+12 5.73970985723363e+19 1.54066171622157e+16 7.18056154206203e+11 8.92669233438104e+14 
1.74042197052403e+01 3.23864916726577e+02 3.23509380912767e+02 7.87919958591629e+19 6.39312883685528e+18 4.71798874751486e+16 2.66557186852411e+15 6.91021418577938e+15 5.43169818081558e+19 1.22375062184717e+16 7.88238139684144e+12 1.46372680118455e+14 5.97480365976827e+15 5.30103237316948e+10 2.62863021640300e+19 8.60505240660936e+15 1.11353308794557e+12 5.73971498860996e+19 1.54066244103849e+16 7.18056988435255e+11 8.92669988355555e+14 
2.09803124868719e+01 3.23864916657963e+02 3.23509381020049e+02 7.87919885770708e+19 6.39312822045296e+18 4.71798816111731e+16 2.66557161168626e+15 6.91021355748445e+15 5.43169764605365e+19 1.22375046400599e+16 7.88237042622254e+12 1.46372694996899e+14 5.97480389187551e+15 5.30103078536046e+10 2.62863233205012e+19 8.60505937765517e+15 1.11353396582581e+12 5.73971287227185e+19 1.54066216185621e+16 7.18056627777703e+11 8.92669683504660e+14 
5.67412403031881e+01 3.23864916623722e+02 3.23509380977034e+02 7.87919851333215e+19 6.39312792917203e+18 4.71798788933004e+16 2.66557149052011e+15 6.91021325308222e+15 5.43169739118965e+19 1.22375039111477e+16 7.88236686485800e+12 1.46372703176272e+14 5.97480402501346e+15 5.30103007861342e+10 2.62863333498893e+19 8.60506273205395e+15 1.11353437486241e+12 5.73971186868242e+19 1.54066201530992e+16 7.18056468277573e+11 8.92669534299146e+14 
9.25021681195043e+01 3.23864916626079e+02 3.23509380955780e+02 7.87919853610088e+19 6.39312794842012e+18 4.71798790703292e+16 2.66557149851771e+15 6.91021327357514e+15 5.43169740814940e+19 1.22375039585235e+16 7.88236702125709e+12 1.46372702577667e+14 5.97480401495428e+15 5.30103012319244e+10 2.62863326844733e+19 8.60506250706427e+15 1.11353434807825e+12 5.73971193534712e+19 1.54066202574577e+16 7.18056478303198e+11 8.92669544446100e+14 
1.28263095935821e+02 3.23864916626259e+02 3.23509380957233e+02 7.87919853851415e+19 6.39312795047021e+18 4.71798790912711e+16 2.66557149937707e+15 6.91021327545760e+15 5.43169740986637e+19 1.22375039642325e+16 7.88236710532804e+12 1.46372702558691e+14 5.97480401484614e+15 5.30103012964783e+10 2.62863326148094e+19 8.60506248545428e+15 1.11353434498850e+12 5.73971194232202e+19 1.54066202628856e+16 7.18056479805992e+11 8.92669545326750e+14 
2.28263095935821e+02 3.23864916626260e+02 3.23509380957351e+02 7.87919853848755e+19 6.39312795044740e+18 4.71798790909638e+16 2.66557149936711e+15 6.91021327544814e+15 5.43169740985145e+19 1.22375039641480e+16 7.88236710296496e+12 1.46372702556855e+14 5.97480401480040e+15 5.30103012951180e+10 2.62863326154073e+19 8.60506248556131e+15 1.11353434502356e+12 5.73971194226496e+19 1.54066202630884e+16 7.18056479776421e+11 8.92669545327390e+14 
3.28263095935821e+02 3.23864916626259e+02 3.23509380957352e+02 7.87919853847402e+19 6.39312795043600e+18 4.71798790908585e+16 2.66557149936233e+15 6.91021327543626e+15 5.43169740984162e+19 1.22375039641205e+16 7.88236710281415e+12 1.46372702557143e+14 5.97480401480376e+15 5.30103012948454e+10 2.62863326157579e+19 8.60506248567923e+15 1.11353434503790e+12 5.73971194223014e+19 1.54066202630383e+16 7.18056479770908e+11 8.92669545322424e+14 
4.28263095935821e+02 3.23864916626259e+02 3.23509380957351e+02 7.87919853847115e+19 6.39312795043366e+18 4.71798790908378e+16 2.66557149936123e+15 6.91021327543385e+15 5.43169740983981e+19 1.22375039641161e+16 7.88236710282911e+12 1.46372702557123e+14 5.97480401480126e+15 5.30103012947901e+10 2.62863326157581e+19 8.60506248567993e+15 1.11353434503783e+12 5.73971194222966e+19 1.54066202630421e+16 7.18056479770854e+11 8.92669545322737e+14 
5.28263095935821e+02 3.23864916626258e+02 3.23509380957351e+02 7.87919853846763e+19 6.39312795043078e+18 4.71798790908126e+16 2.66557149935987e+15 6.91021327543090e+15 5.43169740983758e+19 1.22375039641108e+16 7.88236710282983e+12 1.46372702557102e+14 5.97480401479818e+15 5.30103012947227e+10 2.62863326157535e+19 8.60506248567929e+15 1.11353434503762e+12 5.73971194222953e+19 1.54066202630469e+16 7.18056479770838e+11 8.92669545323222e+14 
6.28263095935821e+02 3.23864916626258e+02 3.23509380957351e+02 7.87919853846667e+19 6.39312795043000e+18 4.71798790908057e+16 2.66557149935950e+15 6.91021327543009e+15 5.43169740983698e+19 1.22375039641093e+16 7.88236710282930e+12 1.46372702557096e+14 5.97480401479736e+15 5.30103012947042e+10 2.62863326157522e+19 8.60506248567907e+15 1.11353434503756e+12 5.73971194222943e+19 1.54066202630481e+16 7.18056479770823e+11 8.92669545323342e+14 
7.28263095935821e+02 3.23864916626258e+02 3.23509380957351e+02 7.87919853846468e+19 6.39312795042837e+18 4.71798790907913e+16 2.66557149935873e+15 6.91021327542840e+15 5.43169740983570e+19 1.22375039641062e+16 7.88236710282832e+12 1.46372702557086e+14 5.97480401479568e+15 5.30103012946657e+10 2.62863326157493e+19 8.60506248567863e+15 1.11353434503743e+12 5.73971194222915e+19 1.54066202630505e+16 7.18056479770784e+11 8.92669545323576e+14 
8.28263095935821e+02 3.23864916626258e+02 3.23509380957351e+02 7.87919853846184e+19 6.39312795042605e+18 4.71798790907709e+16 2.66557149935764e+15 6.91021327542602e+15 5.43169740983390e+19 1.22375039641019e+16 7.88236710282686e+12 1.46372702557068e+14 5.97480401479321e+15 5.30103012946109e+10 2.62863326157458e+19 8.60506248567814e+15 1.11353434503728e+12 5.73971194222894e+19 1.54066202630542e+16 7.18056479770747e+11 8.92669545323947e+14 
9.28263095935821e+02 3.23864916626258e+02 3.23509380957351e+02 7.87919853846112e+19 6.39312795042546e+18 4.71798790907656e+16 2.66557149935735e+15 6.91021327542539e+15 5.43169740983343e+19 1.22375039641008e+16 7.88236710282662e+12 1.46372702557066e+14 5.97480401479266e+15 5.30103012945966e+10 2.62863326157442e+19 8.60506248567784e+15 1.11353434503721e+12 5.73971194222870e+19 1.54066202630548e+16 7.18056479770718e+11 8.92669545324006e+14 
1.00000000000000e+03 3.23864916626258e+02 3.23509380957351e+02 7.87919853845994e+19 6.39312795042450e+18 4.71798790907571e+16 2.66557149935690e+15 6.91021327542441e+15 5.43169740983268e+19 1.22375039640990e+16 7.88236710282596e+12 1.46372702557058e+14 5.97480401479161e+15 5.30103012945739e+10 2.62863326157430e+19 8.60506248567770e+15 1.11353434503715e+12 5.73971194222868e+19 1.54066202630565e+16 7.18056479770709e+11 8.92669545324174e+14 
