Time(s)              GasTemp(K)           NearWallTemp(K)      [O2(X)](m^-3)        [O2(a1Dg)](m^-3)     [O2(b1Sg+)](m^-3)    [O2(A3Su+_C3Du_c1Su-)](m^-3) [O2(+,X)](m^-3)      [O(3P)](m^-3)        [O(1D)](m^-3)        [O(+,gnd)](m^-3)     [O(-,gnd)](m^-3)     [O3(X)](m^-3)        [O3(exc)](m^-3)      [CO2(X)](m^-3)       [CO2(e1)](m^-3)      [CO2(+,X)](m^-3)     [CO(X)](m^-3)        [CO(a3P)](m^-3)      [CO(+,X)](m^-3)      [C(X)](m^-3)        
0.00000000000000e+00 3.07194599725000e+02 2.77470069876250e+02 2.04668971748692e+20 2.04668971748692e-05 2.04668971748692e-05 2.04668971748692e-05 0.00000000000000e+00 0.00000000000000e+00 0.00000000000000e+00 0.00000000000000e+00 0.00000000000000e+00 0.00000000000000e+00 0.00000000000000e+00 0.00000000000000e+00 0.00000000000000e+00 0.00000000000000e+00 0.00000000000000e+00 0.00000000000000e+00 0.00000000000000e+00 0.00000000000000e+00 
1.73599811050902e-14 3.07194599628070e+02 2.81107824801198e+02 2.04668971748673e+20 6.93105978702644e+06 1.63033696824349e+06 3.02697231201012e+06 5.27459885985301e+03 1.20930867275440e+07 3.52261544351532e+06 1.68532022544704e+00 3.60253466404893e+05 1.08016877637227e-06 2.75447631714556e-12 0.00000000000000e+00 0.00000000000000e+00 0.00000000000000e+00 0.00000000000000e+00 0.00000000000000e+00 0.00000000000000e+00 0.00000000000000e+00 
3.47199622101803e-14 3.07194599531141e+02 2.81107824747310e+02 2.04668971748653e+20 1.38621195740437e+07 3.26067393676976e+06 6.05394462226958e+06 1.05491977197016e+04 2.41861734585051e+07 7.04523088360995e+06 3.37064045090430e+00 7.20506932808253e+05 3.40914027311286e-06 8.69345268471636e-12 0.00000000000000e+00 0.00000000000000e+00 0.00000000000000e+00 0.00000000000000e+00 0.00000000000000e+00 0.00000000000000e+00 0.00000000000000e+00 
5.20799433152705e-14 3.07194599434211e+02 2.81107824693422e+02 2.04668971748633e+20 2.07931793610725e+07 4.89101090560567e+06 9.08091693076237e+06 1.58237965795457e+04 3.62792601929554e+07 1.05678463202118e+07 5.05596067637200e+00 1.08076039921005e+06 7.01324130848807e-06 1.78840636140529e-11 0.00000000000000e+00 0.00000000000000e+00 0.00000000000000e+00 0.00000000000000e+00 0.00000000000000e+00 0.00000000000000e+00 0.00000000000000e+00 
1.27822304112089e-13 3.07194599011303e+02 2.81107824639534e+02 2.04668971748548e+20 5.10336979375419e+07 1.20042427821337e+07 2.22877301749166e+07 3.88371033038715e+04 8.90419293286229e+07 2.59371723045154e+07 1.24090869156683e+01 2.65256211172527e+06 3.66607335371544e-05 9.34864299805522e-11 0.00000000000000e+00 0.00000000000000e+00 0.00000000000000e+00 0.00000000000000e+00 0.00000000000000e+00 0.00000000000000e+00 0.00000000000000e+00 
2.03564664908907e-13 3.07194598588395e+02 2.81107824404419e+02 2.04668971748463e+20 8.12742165142266e+07 1.91174746644487e+07 3.54945433860530e+07 6.18504100281131e+04 1.41804598529501e+08 4.13064982235408e+07 1.97622131551596e+01 4.22436382421124e+06 9.01394839948340e-05 2.29859519021634e-10 0.00000000000000e+00 0.00000000000000e+00 0.00000000000000e+00 0.00000000000000e+00 0.00000000000000e+00 0.00000000000000e+00 0.00000000000000e+00 
2.79307025705725e-13 3.07194598165486e+02 2.81107824169304e+02 2.04668971748377e+20 1.11514735091130e+08 2.62307065526420e+07 4.87013565636503e+07 8.48637167522691e+04 1.94567267796619e+08 5.66758240762570e+07 2.71153393948489e+01 5.79616553666751e+06 1.67825858986867e-04 4.27963081243441e-10 0.00000000000000e+00 0.00000000000000e+00 0.00000000000000e+00 0.00000000000000e+00 0.00000000000000e+00 0.00000000000000e+00 0.00000000000000e+00 
3.55049386502543e-13 3.07194597742578e+02 2.81107823934188e+02 2.04668971748292e+20 1.41755253668254e+08 3.33439384467459e+07 6.19081697075243e+07 1.07877023476339e+05 2.47329937130341e+08 7.20451498623002e+07 3.44684656347373e+01 7.36796724909390e+06 2.69852685653853e-04 6.88135831941535e-10 0.00000000000000e+00 0.00000000000000e+00 0.00000000000000e+00 0.00000000000000e+00 0.00000000000000e+00 0.00000000000000e+00 0.00000000000000e+00 
5.79840462930860e-13 3.07194596487455e+02 2.81107823699073e+02 2.04668971748038e+20 2.31504221765983e+08 5.44548602635133e+07 1.01103854876422e+08 1.76176795707067e+05 4.03921006377768e+08 1.17658822598479e+08 5.62913550360958e+01 1.20328205113612e+07 7.16143090025838e-04 1.82619536895393e-09 0.00000000000000e+00 0.00000000000000e+00 0.00000000000000e+00 0.00000000000000e+00 0.00000000000000e+00 0.00000000000000e+00 0.00000000000000e+00 
8.04631539359177e-13 3.07194595232332e+02 2.81107823001289e+02 2.04668971747785e+20 3.21253189865653e+08 7.55657821323961e+07 1.40299539747972e+08 2.44476567937035e+05 5.60512076212458e+08 1.63272494746783e+08 7.81142444392101e+01 1.66976737733651e+07 1.37705017099661e-03 3.51153658777294e-09 0.00000000000000e+00 0.00000000000000e+00 0.00000000000000e+00 0.00000000000000e+00 0.00000000000000e+00 0.00000000000000e+00 0.00000000000000e+00 
1.02942261578749e-12 3.07194593977209e+02 2.81107822303505e+02 2.04668971747531e+20 4.11002157967262e+08 9.66767040533959e+07 1.79495224322166e+08 3.12776340166245e+05 7.17103146634429e+08 2.08886166307194e+08 9.99371338440804e+01 2.13625270351057e+07 2.25258060236746e-03 5.74417651799000e-09 0.00000000000000e+00 0.00000000000000e+00 0.00000000000000e+00 0.00000000000000e+00 0.00000000000000e+00 0.00000000000000e+00 0.00000000000000e+00 
1.25421369221581e-12 3.07194592722086e+02 2.81107821605721e+02 2.04668971747278e+20 5.00751126070811e+08 1.17787626026512e+08 2.18690908599005e+08 3.81076112394696e+05 8.73694217643678e+08 2.54499837279716e+08 1.21760023250707e+02 2.60273802965828e+07 3.34273286838694e-03 8.52411130582754e-09 0.00000000000000e+00 0.00000000000000e+00 0.00000000000000e+00 0.00000000000000e+00 0.00000000000000e+00 0.00000000000000e+00 0.00000000000000e+00 
3.50212445649898e-12 3.07194580170858e+02 2.81107820907937e+02 2.04668971744742e+20 1.39824080721299e+09 3.28896848624059e+08 6.10647735013069e+08 1.06407383463746e+06 2.43960496003606e+09 7.10636514671390e+08 3.39988917413544e+02 7.26759128968687e+07 2.60483275549427e-02 6.64243518391192e-08 0.00000000000000e+00 0.00000000000000e+00 0.00000000000000e+00 0.00000000000000e+00 0.00000000000000e+00 0.00000000000000e+00 0.00000000000000e+00 
5.75003522078214e-12 3.07194567619633e+02 2.81107813930099e+02 2.04668971742206e+20 2.29573048854915e+09 5.40006076433221e+08 1.00260453169194e+09 1.74707155680434e+06 4.00551576115564e+09 1.16677313327469e+09 5.58217811751972e+02 1.19324445470817e+08 7.02159139113388e-02 1.79053602101624e-07 0.00000000000000e+00 0.00000000000000e+00 0.00000000000000e+00 0.00000000000000e+00 0.00000000000000e+00 0.00000000000000e+00 0.00000000000000e+00 
7.99794598506531e-12 3.07194555068411e+02 2.81107806952263e+02 2.04668971739671e+20 3.19322017007930e+09 7.51115309453993e+08 1.39456129863564e+09 2.43006927889532e+06 5.57142662100235e+09 1.62290969308969e+09 7.76446706265991e+02 1.65972978018427e+08 1.35845473375849e-01 3.46411825670152e-07 0.00000000000000e+00 0.00000000000000e+00 0.00000000000000e+00 0.00000000000000e+00 0.00000000000000e+00 0.00000000000000e+00 0.00000000000000e+00 
1.02458567493485e-11 3.07194542517192e+02 2.81107799974429e+02 2.04668971737135e+20 4.09070985180342e+09 9.62224547686373e+08 1.78651803584419e+09 3.11306700091042e+06 7.13733753957617e+09 2.07904619411638e+09 9.94675600955602e+02 2.12621510539700e+08 2.22937002967377e-01 5.68499026369672e-07 0.00000000000000e+00 0.00000000000000e+00 0.00000000000000e+00 0.00000000000000e+00 0.00000000000000e+00 0.00000000000000e+00 0.00000000000000e+00 
3.27249643921802e-11 3.07194417005174e+02 2.81107792996596e+02 2.04668971711779e+20 1.30656066797137e+10 3.07331721664839e+09 5.70608377249711e+09 9.94304421688732e+06 2.27964499553027e+10 6.64040797103028e+09 3.17696455750922e+03 6.79106834303850e+08 2.27426072376912e+00 5.79946908320884e-06 0.00000000000000e+00 0.00000000000000e+00 0.00000000000000e+00 0.00000000000000e+00 0.00000000000000e+00 0.00000000000000e+00 0.00000000000000e+00 
5.52040720350118e-11 3.07194291493468e+02 2.81107723218378e+02 2.04668971686423e+20 2.20405035270221e+10 5.18441040677042e+09 9.62564653563786e+09 1.67730214252751e+07 3.84555682437309e+10 1.12017638691248e+10 5.35925353162193e+03 1.14559215543423e+09 6.47178157030104e+00 1.65033501954757e-05 0.00000000000000e+00 0.00000000000000e+00 0.00000000000000e+00 0.00000000000000e+00 0.00000000000000e+00 0.00000000000000e+00 0.00000000000000e+00 
7.76831796778435e-11 3.07194165982072e+02 2.81107653440354e+02 2.04668971661068e+20 3.10154003937286e+10 7.29550411805178e+09 1.35452063252695e+10 2.36029986260736e+07 5.41146924048520e+10 1.57631138884086e+10 7.54154252329373e+03 1.61207747393083e+09 1.28154995665336e+01 3.26801533344399e-05 0.00000000000000e+00 0.00000000000000e+00 0.00000000000000e+00 0.00000000000000e+00 0.00000000000000e+00 0.00000000000000e+00 0.00000000000000e+00 
1.00162287320675e-10 3.07194040470987e+02 2.81107583662523e+02 2.04668971635712e+20 3.99902972798333e+10 9.40659835049171e+09 1.74647631413954e+10 3.04329758192830e+07 6.97738224386570e+10 2.03244580288907e+10 9.72383153252460e+03 2.07856278979365e+09 2.13054147281359e+01 5.43298899669504e-05 0.00000000000000e+00 0.00000000000000e+00 0.00000000000000e+00 0.00000000000000e+00 0.00000000000000e+00 0.00000000000000e+00 0.00000000000000e+00 
3.24953363748992e-10 3.07192785377246e+02 2.81107513884886e+02 2.04668971382153e+20 1.29739267207767e+11 3.05175693383448e+10 5.66601677610103e+10 9.87327473339670e+07 2.26365445771050e+11 6.59375761028901e+10 3.15467225905770e+04 6.74341580356409e+09 2.24245415350330e+02 5.71842745425482e-04 0.00000000000000e+00 0.00000000000000e+00 0.00000000000000e+00 0.00000000000000e+00 0.00000000000000e+00 0.00000000000000e+00 0.00000000000000e+00 
5.49744440177309e-10 3.07191530314605e+02 2.81106816119144e+02 2.04668971128595e+20 2.19488239075482e+11 5.16285924412094e+10 9.58552750337575e+10 1.67032518089717e+08 3.82957656361501e+11 1.11550106307052e+11 5.33696154045201e+04 1.14082685539564e+10 6.41805148056644e+02 1.63666204387457e-03 0.00000000000000e+00 0.00000000000000e+00 0.00000000000000e+00 0.00000000000000e+00 0.00000000000000e+00 0.00000000000000e+00 0.00000000000000e+00 
7.74535516605625e-10 3.07190275283063e+02 2.81106118372737e+02 2.04668970875037e+20 3.09237212882956e+11 7.27396676583784e+10 1.35050084962741e+11 2.35332288086521e+08 5.39550454201373e+11 1.57162048650013e+11 7.51925099743401e+04 1.60731210409702e+10 1.27398462587070e+03 3.24879872850391e-03 0.00000000000000e+00 0.00000000000000e+00 0.00000000000000e+00 0.00000000000000e+00 0.00000000000000e+00 0.00000000000000e+00 0.00000000000000e+00 
9.99326593033942e-10 3.07189020282620e+02 2.81105420645664e+02 2.04668970621479e+20 3.98986188630163e+11 9.38507949891113e+10 1.74244597551214e+11 3.03632057324365e+08 6.96143839281619e+11 2.02773403140818e+11 9.70154063000226e+04 2.07379732646050e+10 2.12078386243720e+03 5.40826426075187e-03 0.00000000000000e+00 0.00000000000000e+00 0.00000000000000e+00 0.00000000000000e+00 0.00000000000000e+00 0.00000000000000e+00 0.00000000000000e+00 
3.24723735731711e-09 3.07176471988292e+02 2.81104722937925e+02 2.04668968085916e+20 1.29647605277844e+12 3.04964934274492e+11 5.66173370884065e+11 9.86629707955167e+08 2.26210998503198e+12 6.58854619452691e+11 3.15244466124072e+05 6.73864810149348e+10 2.23928678967262e+04 5.71101530137563e-02 0.00000000000000e+00 0.00000000000000e+00 0.00000000000000e+00 0.00000000000000e+00 0.00000000000000e+00 0.00000000000000e+00 0.00000000000000e+00 
5.49514812160028e-09 3.07163926802840e+02 2.81097746923676e+02 2.04668965550376e+20 2.19396611087126e+12 5.16084284070169e+11 9.58072413879511e+11 1.66962728267468e+09 3.82813484448691e+12 1.11487706088090e+12 5.33473701517925e+05 1.14034962426819e+11 6.41269433948418e+04 1.63558019161971e-01 0.00000000000000e+00 0.00000000000000e+00 0.00000000000000e+00 0.00000000000000e+00 0.00000000000000e+00 0.00000000000000e+00 0.00000000000000e+00 
7.74305888588344e-09 3.07151384725460e+02 2.81090772842090e+02 2.04668963014861e+20 3.09145636288459e+12 7.27208843669141e+11 1.34994172964065e+12 2.35262478147010e+09 5.39421840901280e+12 1.57084073605820e+12 7.51703112467838e+05 1.60683417499803e+11 1.27323023384959e+05 3.24762804257961e-01 0.00000000000000e+00 0.00000000000000e+00 0.00000000000000e+00 0.00000000000000e+00 0.00000000000000e+00 0.00000000000000e+00 0.00000000000000e+00 
9.99096965016661e-09 3.07138845755309e+02 2.81083800692581e+02 2.04668960479370e+20 3.98894680879326e+12 9.38338612330988e+11 1.74178132141690e+12 3.03562220432803e+09 6.96036066956903e+12 2.02674565402438e+12 9.69932698959429e+05 2.07331846233411e+11 2.11981121512116e+05 5.40735967253214e-01 0.00000000000000e+00 0.00000000000000e+00 0.00000000000000e+00 0.00000000000000e+00 0.00000000000000e+00 0.00000000000000e+00 0.00000000000000e+00 
2.62615106209402e-08 3.07048180342439e+02 2.81076830474543e+02 2.04668942128029e+20 1.04850534570386e+13 2.46666640869895e+12 4.57705878479104e+12 7.97920476823717e+09 1.82979609468471e+13 5.32486752607558e+12 2.54949948876815e+06 5.44975767716744e+11 1.46460990722546e+06 3.73787170994720e+00 0.00000000000000e+00 0.00000000000000e+00 0.00000000000000e+00 0.00000000000000e+00 0.00000000000000e+00 0.00000000000000e+00 0.00000000000000e+00 
4.25320515917138e-08 3.06957677352945e+02 2.81026437060485e+02 2.04668923777961e+20 1.69811702525390e+13 3.99526678665657e+12 7.41078041941185e+12 1.29227833480140e+10 2.96386323912664e+13 8.61991502536804e+12 4.12907546896450e+06 8.82618309082604e+11 3.84163312207572e+06 9.80925268719938e+00 0.00000000000000e+00 0.00000000000000e+00 0.00000000000000e+00 0.00000000000000e+00 0.00000000000000e+00 0.00000000000000e+00 0.00000000000000e+00 
5.88025925624873e-08 3.06867336467716e+02 2.80976144573849e+02 2.04668905429167e+20 2.34772971857434e+13 5.52413946516202e+12 1.02429474568333e+13 1.78663579385617e+10 4.09823715763151e+13 1.19118915780834e+13 5.70866063412956e+06 1.22025947014998e+12 7.34305595016483e+06 1.87592290914141e+01 0.00000000000000e+00 0.00000000000000e+00 0.00000000000000e+00 0.00000000000000e+00 0.00000000000000e+00 0.00000000000000e+00 0.00000000000000e+00 
7.50731335332609e-08 3.06777157368524e+02 2.80925952784986e+02 2.04668887081644e+20 2.99734342471130e+13 7.05328416352163e+12 1.30735611259492e+13 2.28099285347834e+10 5.23291750828831e+13 1.52008006030011e+13 7.28825497887617e+06 1.55789925073788e+12 1.19688835723236e+07 3.05921462423670e+01 0.00000000000000e+00 0.00000000000000e+00 0.00000000000000e+00 0.00000000000000e+00 0.00000000000000e+00 0.00000000000000e+00 0.00000000000000e+00 
9.13436745040345e-08 3.06687139738003e+02 2.80875861464939e+02 2.04668868735392e+20 3.64695814271210e+13 8.58270060137783e+12 1.59026226530601e+13 2.77534951315822e+10 6.36790394990779e+13 1.84866455116823e+13 8.86785849784840e+06 1.89553765066531e+12 1.77191211663132e+07 4.53123447623454e+01 0.00000000000000e+00 0.00000000000000e+00 0.00000000000000e+00 0.00000000000000e+00 0.00000000000000e+00 0.00000000000000e+00 0.00000000000000e+00 
2.54049084211770e-07 3.05795775263558e+02 2.80825870385432e+02 2.04668685342567e+20 1.01431607665826e+14 2.38917492309209e+13 4.41081374112767e+13 7.71889400072410e+10 1.77345289998809e+14 5.11773118233537e+13 2.46643971270508e+07 5.27184567371262e+12 1.37065183710460e+08 3.52266300941553e+02 0.00000000000000e+00 0.00000000000000e+00 0.00000000000000e+00 0.00000000000000e+00 0.00000000000000e+00 0.00000000000000e+00 0.00000000000000e+00 
4.16754493919506e-07 3.04920214103243e+02 2.80331423227345e+02 2.04668502075817e+20 1.66394635348916e+14 3.92276650606071e+13 7.21597711268711e+13 1.26623979316101e+11 2.91313922359026e+14 8.35652752432329e+13 4.04618475104808e+07 8.64801543107596e+12 3.68857933251219e+08 9.52701173774685e+02 0.00000000000000e+00 0.00000000000000e+00 0.00000000000000e+00 0.00000000000000e+00 0.00000000000000e+00 0.00000000000000e+00 0.00000000000000e+00 
5.79459903627242e-07 3.04060149688903e+02 2.79846753571085e+02 2.04668318934231e+20 2.31358655065701e+14 5.45901709127148e+13 1.00058719527689e+14 1.76058607925931e+11 4.05581609915143e+14 1.15653862093087e+14 5.62602047298943e+07 1.20240467406740e+13 7.13102536669306e+08 1.85091419158562e+03 0.00000000000000e+00 0.00000000000000e+00 0.00000000000000e+00 0.00000000000000e+00 0.00000000000000e+00 0.00000000000000e+00 0.00000000000000e+00 
7.42165313334977e-07 3.03215282294747e+02 2.79371642357258e+02 2.04668135916919e+20 2.96323657479200e+14 6.99789916313874e+13 1.27806159052830e+14 2.25492820681977e+11 5.20145079797743e+14 1.47446344892240e+14 7.20594641488209e+07 1.53999394197183e+13 1.16980415391442e+09 3.05117343968606e+03 0.00000000000000e+00 0.00000000000000e+00 0.00000000000000e+00 0.00000000000000e+00 0.00000000000000e+00 0.00000000000000e+00 0.00000000000000e+00 
9.04870723042713e-07 3.02385318848198e+02 2.78905876193148e+02 2.04667953023004e+20 3.61289633325289e+14 8.53938540653931e+13 1.55403247385568e+14 2.74926612407656e+11 6.35001111555401e+14 1.78945943735056e+14 8.78596214067086e+07 1.87756932847261e+13 1.73896793801597e+09 4.55771702772715e+03 0.00000000000000e+00 0.00000000000000e+00 0.00000000000000e+00 0.00000000000000e+00 0.00000000000000e+00 0.00000000000000e+00 0.00000000000000e+00 
1.90925664595160e-06 2.97712716964445e+02 2.78449247180590e+02 2.04666826683634e+20 7.62347774468744e+14 1.81111261557536e+14 3.22509552597877e+14 5.80073421991951e+11 1.35028408367196e+15 3.67114044838480e+14 1.85414244883511e+08 3.96112500757768e+13 7.74262204043288e+09 2.08791494163600e+04 0.00000000000000e+00 0.00000000000000e+00 0.00000000000000e+00 0.00000000000000e+00 0.00000000000000e+00 0.00000000000000e+00 0.00000000000000e+00 
2.91364256886048e-06 2.93660465956581e+02 2.74336438579464e+02 2.04665704813220e+20 1.16344055641386e+15 2.77749247558734e+14 4.84194104360478e+14 8.85202750723991e+11 2.07587278605333e+15 5.44964086612994e+14 2.83002555479449e+08 6.04414662421766e+13 1.80331979181644e+10 4.99388041948722e+04 0.00000000000000e+00 0.00000000000000e+00 0.00000000000000e+00 0.00000000000000e+00 0.00000000000000e+00 0.00000000000000e+00 0.00000000000000e+00 
3.91802849176937e-06 2.90058466178395e+02 2.72204270381536e+02 2.04664587249528e+20 1.56456595048329e+15 3.75247410089916e+14 6.40681647481236e+14 1.19031333891967e+12 2.81113441063554e+15 7.13128762444854e+14 3.80624564772131e+08 8.12662970785012e+13 3.26118903514281e+10 9.25821449005953e+04 0.00000000000000e+00 0.00000000000000e+00 0.00000000000000e+00 0.00000000000000e+00 0.00000000000000e+00 0.00000000000000e+00 0.00000000000000e+00 
4.92241441467825e-06 2.86788126199623e+02 2.70338915305488e+02 2.04663473846664e+20 1.96572201730935e+15 4.73547844378947e+14 7.92178002664288e+14 1.49540390839663e+12 3.55548990041552e+15 8.72187004517257e+14 4.78280514084743e+08 1.02085697097865e+14 5.14798839843379e+10 1.49603462728286e+05 0.00000000000000e+00 0.00000000000000e+00 0.00000000000000e+00 0.00000000000000e+00 0.00000000000000e+00 0.00000000000000e+00 0.00000000000000e+00 
5.92680033758713e-06 2.83812381984886e+02 2.68670674709931e+02 2.04662364466986e+20 2.36690690854889e+15 5.72595491563720e+14 9.38877801940419e+14 1.80047316548754e+12 4.30839882198220e+15 1.02267912864116e+15 5.75970730848206e+08 1.22899620101559e+14 7.46383531604331e+10 2.21759143156363e+05 0.00000000000000e+00 0.00000000000000e+00 0.00000000000000e+00 0.00000000000000e+00 0.00000000000000e+00 0.00000000000000e+00 0.00000000000000e+00 
6.93118626049602e-06 2.81121572355995e+02 2.67174452331774e+02 2.04661258981331e+20 2.76811886039220e+15 6.72337897828428e+14 1.08096450549736e+15 2.10551980386498e+12 5.06935755075672e+15 1.16510864616930e+15 6.73695674811475e+08 1.43708019238189e+14 1.02088461767707e+11 3.09756446904413e+05 0.00000000000000e+00 0.00000000000000e+00 0.00000000000000e+00 0.00000000000000e+00 0.00000000000000e+00 0.00000000000000e+00 0.00000000000000e+00 
9.11318505279907e-06 2.76120312976391e+02 2.65839931809497e+02 2.04658870225856e+20 3.63982539957221e+15 8.91186040090170e+14 1.37452792098433e+15 2.76814034679373e+12 6.74813678913964e+15 1.44886905250607e+15 8.86123501412380e+08 1.88894387771039e+14 1.76517705048759e+11 5.58425826674985e+05 0.00000000000000e+00 0.00000000000000e+00 0.00000000000000e+00 0.00000000000000e+00 0.00000000000000e+00 0.00000000000000e+00 0.00000000000000e+00 
1.12951838451021e-05 2.72087383501370e+02 2.63407944182804e+02 2.04656498213387e+20 4.51163571797405e+15 1.11260112334998e+15 1.64869181359821e+15 3.43063430969054e+12 8.45850033123053e+15 1.70098297731912e+15 1.09872699242398e+09 2.34053965672571e+14 2.71218957435038e+11 8.90520851361325e+05 0.00000000000000e+00 0.00000000000000e+00 0.00000000000000e+00 0.00000000000000e+00 0.00000000000000e+00 0.00000000000000e+00 0.00000000000000e+00 
1.34771826374052e-05 2.68808994995403e+02 2.61494768508393e+02 2.04654141979609e+20 5.38353515066184e+15 1.33614799657319e+15 1.90487116533446e+15 4.09298800063132e+12 1.01967324514367e+16 1.92516493945505e+15 1.31151581835174e+09 2.79186248563859e+14 3.86203637522917e+11 1.31072661846358e+06 0.00000000000000e+00 0.00000000000000e+00 0.00000000000000e+00 0.00000000000000e+00 0.00000000000000e+00 0.00000000000000e+00 0.00000000000000e+00 
1.56591814297082e-05 2.66125309629155e+02 2.59972598326526e+02 2.04651800668687e+20 6.25551053093410e+15 1.56143765365372e+15 2.14432482484454e+15 4.75518767136061e+12 1.19596376299509e+16 2.12460928392116e+15 1.52450002231977e+09 3.24290723155697e+14 5.21482906584502e+11 1.82272322825105e+06 0.00000000000000e+00 0.00000000000000e+00 0.00000000000000e+00 0.00000000000000e+00 0.00000000000000e+00 0.00000000000000e+00 0.00000000000000e+00 
1.78411802220113e-05 2.63920684897133e+02 2.58749491272863e+02 2.04649473502118e+20 7.12755000616115e+15 1.78812193609175e+15 2.36819213055125e+15 5.41721956395252e+12 1.37444302304901e+16 2.30210051644748e+15 1.73768924092738e+09 3.69366869172386e+14 6.77067670365235e+11 2.42935610789439e+06 0.00000000000000e+00 0.00000000000000e+00 0.00000000000000e+00 0.00000000000000e+00 0.00000000000000e+00 0.00000000000000e+00 0.00000000000000e+00 
2.20743684128977e-05 2.60713640318780e+02 2.57760671218969e+02 2.04644996431484e+20 8.81949553308209e+15 2.23077292617664e+15 2.76178953196450e+15 6.70106512535348e+12 1.72608288120411e+16 2.59244064580613e+15 2.15190379875304e+09 4.56734106016590e+14 1.03685907204595e+12 3.88282437140838e+06 0.00000000000000e+00 0.00000000000000e+00 0.00000000000000e+00 0.00000000000000e+00 0.00000000000000e+00 0.00000000000000e+00 0.00000000000000e+00 
2.63075566037840e-05 2.58501756632194e+02 2.56348767863095e+02 2.04640565171148e+20 1.05115755202426e+16 2.67558168284414e+15 3.10735598569986e+15 7.98412776051971e+12 2.08355727706886e+16 2.82417667151508e+15 2.56697546910189e+09 5.43988855614264e+14 1.47319097818431e+12 5.70978381809215e+06 0.00000000000000e+00 0.00000000000000e+00 0.00000000000000e+00 0.00000000000000e+00 0.00000000000000e+00 0.00000000000000e+00 0.00000000000000e+00 
3.05407447946704e-05 2.56957488802114e+02 2.55393864186663e+02 2.04636175445934e+20 1.22037343615494e+16 3.12097348906408e+15 3.41080235102908e+15 9.26630827257471e+12 2.44566039253945e+16 3.00935996054829e+15 2.98293780050686e+09 6.31127199865812e+14 1.98613484947365e+12 7.91506321835286e+06 0.00000000000000e+00 0.00000000000000e+00 0.00000000000000e+00 0.00000000000000e+00 0.00000000000000e+00 0.00000000000000e+00 0.00000000000000e+00 
3.47739329855568e-05 2.55875160619772e+02 2.54736573663621e+02 2.04631823439117e+20 1.38959274866558e+16 3.56571840042062e+15 3.67722493459954e+15 1.05475081826964e+13 2.81145426336247e+16 3.15736395598809e+15 3.39980337655390e+09 7.18145194441451e+14 2.57575824852677e+12 1.04995853606503e+07 0.00000000000000e+00 0.00000000000000e+00 0.00000000000000e+00 0.00000000000000e+00 0.00000000000000e+00 0.00000000000000e+00 0.00000000000000e+00 
3.90071211764431e-05 2.55117975625797e+02 2.54280593303996e+02 2.04627505705019e+20 1.55881188154055e+16 4.00885028230110e+15 3.91107645923380e+15 1.18276297262586e+13 3.18019672843536e+16 3.27560457216323e+15 3.81756595714937e+09 8.05038884243852e+14 3.24212489216988e+12 1.34620484045234e+07 0.00000000000000e+00 0.00000000000000e+00 0.00000000000000e+00 0.00000000000000e+00 0.00000000000000e+00 0.00000000000000e+00 0.00000000000000e+00 
4.61588387023805e-05 2.54336444118126e+02 2.53963925541436e+02 2.04620280614864e+20 1.84468939592404e+16 4.75187747605342e+15 4.24260014823225e+15 1.39875979290633e+13 3.80832766718961e+16 3.42309365949324e+15 4.52531230281087e+09 9.51547114986960e+14 4.54242144641665e+12 1.93177165980957e+07 0.00000000000000e+00 0.00000000000000e+00 0.00000000000000e+00 0.00000000000000e+00 0.00000000000000e+00 0.00000000000000e+00 0.00000000000000e+00 
5.33105562283178e-05 2.53906169584508e+02 2.53639109657220e+02 2.04613131329613e+20 2.13054715018119e+16 5.48547403851286e+15 4.50822946901735e+15 1.61437471039803e+13 4.44103696139987e+16 3.52396889223831e+15 5.23535969121849e+09 1.09767025091541e+15 6.06219170239190e+12 2.62302013053592e+07 0.00000000000000e+00 0.00000000000000e+00 0.00000000000000e+00 0.00000000000000e+00 0.00000000000000e+00 0.00000000000000e+00 0.00000000000000e+00 
6.04622737542552e-05 2.53659807729567e+02 2.53461170276383e+02 2.04606046610531e+20 2.41637720249528e+16 6.20786220795243e+15 4.72108059656798e+15 1.82956168642194e+13 5.07680893022033e+16 3.59336568706322e+15 5.94743426277209e+09 1.24338938225770e+15 7.80166945391973e+12 3.41841933329398e+07 0.00000000000000e+00 0.00000000000000e+00 0.00000000000000e+00 0.00000000000000e+00 0.00000000000000e+00 0.00000000000000e+00 0.00000000000000e+00 
6.76139912801925e-05 2.53519356987849e+02 2.53359573622689e+02 2.04599017166473e+20 2.70217408585765e+16 6.91799508627044e+15 4.89156566222085e+15 2.04427511807293e+13 5.71465236244529e+16 3.64117639395466e+15 6.66120006637075e+09 1.38868574607839e+15 9.76105582385942e+12 4.31644312784923e+07 0.00000000000000e+00 0.00000000000000e+00 0.00000000000000e+00 0.00000000000000e+00 0.00000000000000e+00 0.00000000000000e+00 0.00000000000000e+00 
7.47657088061298e-05 2.53443061932234e+02 2.53301746926470e+02 2.04592035319369e+20 2.98793389508126e+16 7.61526997824452e+15 5.02802335926336e+15 2.25846984270128e+13 6.35389818590019e+16 3.67407297155941e+15 7.37628832035301e+09 1.53354074681947e+15 1.19405200223044e+13 5.31561774142404e+07 0.00000000000000e+00 0.00000000000000e+00 0.00000000000000e+00 0.00000000000000e+00 0.00000000000000e+00 0.00000000000000e+00 0.00000000000000e+00 
8.57455824302058e-05 2.53394301711710e+02 2.53270363048840e+02 2.04581395102018e+20 3.42657632002461e+16 8.66013453165684e+15 5.18580051503349e+15 2.58620657703475e+13 7.33707226261284e+16 3.70526344864807e+15 8.47583701277001e+09 1.75503234211680e+15 1.57152064879582e+13 7.04331340456517e+07 0.00000000000000e+00 0.00000000000000e+00 0.00000000000000e+00 0.00000000000000e+00 0.00000000000000e+00 0.00000000000000e+00 0.00000000000000e+00 
9.67254560542818e-05 2.53376127868430e+02 2.53250316047981e+02 2.04570834129648e+20 3.86511716462775e+16 9.67352397862327e+15 5.29773642272285e+15 2.91245589228028e+13 8.32135305880231e+16 3.72318207650806e+15 9.57619391788047e+09 1.97537446132485e+15 2.00093014466514e+13 9.00135167747122e+07 0.00000000000000e+00 0.00000000000000e+00 0.00000000000000e+00 0.00000000000000e+00 0.00000000000000e+00 0.00000000000000e+00 0.00000000000000e+00 
1.07705329678358e-04 2.53363688529029e+02 2.53242846173072e+02 2.04560338640921e+20 4.30355160646027e+16 1.06556840213043e+16 5.37745937962248e+15 3.23706070011176e+13 9.30610628374757e+16 3.73411015910353e+15 1.06759458304589e+10 2.19450242038713e+15 2.48229907594141e+13 1.11856416987214e+08 0.00000000000000e+00 0.00000000000000e+00 0.00000000000000e+00 0.00000000000000e+00 0.00000000000000e+00 0.00000000000000e+00 0.00000000000000e+00 
1.18685203302434e-04 2.53356510776168e+02 2.53237733937745e+02 2.04549898879770e+20 4.74187652807249e+16 1.16072312068945e+16 5.43420389558192e+15 3.55986752092415e+13 1.02910321323370e+17 3.74098487639792e+15 1.17737536335344e+10 2.41235250786059e+15 3.01562810124880e+13 1.35916457220316e+08 0.00000000000000e+00 0.00000000000000e+00 0.00000000000000e+00 0.00000000000000e+00 0.00000000000000e+00 0.00000000000000e+00 0.00000000000000e+00 
1.29665076926510e-04 2.53357059319045e+02 2.53234784262168e+02 2.04539507732819e+20 5.18008965936663e+16 1.25289213516018e+16 5.47441352766098e+15 3.88072662468701e+13 1.12759703798110e+17 3.74534803068488e+15 1.28683678251356e+10 2.62886207801504e+15 3.60090041373016e+13 1.62145035197960e+08 0.00000000000000e+00 0.00000000000000e+00 0.00000000000000e+00 0.00000000000000e+00 0.00000000000000e+00 0.00000000000000e+00 0.00000000000000e+00 
1.48966131538306e-04 2.53363076110458e+02 2.53235009517419e+02 2.04521344454172e+20 5.95013002580774e+16 1.40792673457518e+16 5.51769709859842e+15 4.43959072528097e+13 1.30070866030722e+17 3.74970055873708e+15 1.47813066853978e+10 3.00602058526604e+15 4.75550775786200e+13 2.13379495805419e+08 0.00000000000000e+00 0.00000000000000e+00 0.00000000000000e+00 0.00000000000000e+00 0.00000000000000e+00 0.00000000000000e+00 0.00000000000000e+00 
1.68267186150102e-04 2.53367998237750e+02 2.53237481696794e+02 2.04503293500067e+20 6.71981225170037e+16 1.55444898753820e+16 5.54130006587615e+15 4.99122128683234e+13 1.47375461179288e+17 3.75274096178894e+15 1.66749493838809e+10 3.37852250387753e+15 6.07019284122804e+13 2.70958967612145e+08 0.00000000000000e+00 0.00000000000000e+00 0.00000000000000e+00 0.00000000000000e+00 0.00000000000000e+00 0.00000000000000e+00 0.00000000000000e+00 
1.87568240761898e-04 2.53367609515366e+02 2.53239504132407e+02 2.04485341160120e+20 7.48913091068143e+16 1.69292283224163e+16 5.55467499042599e+15 5.53489003641140e+13 1.64672101137203e+17 3.75554597521923e+15 1.85442070946115e+10 3.74605319840786e+15 7.54448861126557e+13 3.34675490906200e+08 0.00000000000000e+00 0.00000000000000e+00 0.00000000000000e+00 0.00000000000000e+00 0.00000000000000e+00 0.00000000000000e+00 0.00000000000000e+00 
2.06869295373694e-04 2.53365903605570e+02 2.53239344113133e+02 2.04467479037270e+20 8.25808166431881e+16 1.82379521037926e+16 5.56211305465887e+15 6.06991302172360e+13 1.81960466106903e+17 3.75813062712380e+15 2.03848363294158e+10 4.10830979793430e+15 9.17776226867647e+13 4.04322729760149e+08 0.00000000000000e+00 0.00000000000000e+00 0.00000000000000e+00 0.00000000000000e+00 0.00000000000000e+00 0.00000000000000e+00 0.00000000000000e+00 
2.26170349985490e-04 2.53366974959954e+02 2.53238642807813e+02 2.04449701018775e+20 9.02666057730699e+16 1.94748648185323e+16 5.56587539364595e+15 6.59565289082641e+13 1.99240282107293e+17 3.76047094314284e+15 2.21934036090378e+10 4.46500148472494e+15 1.09692218584543e+14 4.79690894419506e+08 0.00000000000000e+00 0.00000000000000e+00 0.00000000000000e+00 0.00000000000000e+00 0.00000000000000e+00 0.00000000000000e+00 0.00000000000000e+00 
2.63060425383051e-04 2.53370235914693e+02 2.53239082799011e+02 2.04415938306251e+20 1.04945968987547e+17 2.16531754888651e+16 5.56766887246072e+15 7.57262203953711e+13 2.32241831373772e+17 3.76478114914070e+15 2.55521830914874e+10 5.13027730149423e+15 1.48296156609209e+14 6.38949365133253e+08 0.00000000000000e+00 0.00000000000000e+00 0.00000000000000e+00 0.00000000000000e+00 0.00000000000000e+00 0.00000000000000e+00 0.00000000000000e+00 
2.99950500780611e-04 2.53372746444947e+02 2.53240422352647e+02 2.04382434887319e+20 1.19611386873291e+17 2.36090977582903e+16 5.56753187101067e+15 8.50995434731662e+13 2.65208254849785e+17 3.76911427430101e+15 2.87716433483889e+10 5.77240639826818e+15 1.92561309590812e+14 8.17072667140499e+08 0.00000000000000e+00 0.00000000000000e+00 0.00000000000000e+00 0.00000000000000e+00 0.00000000000000e+00 0.00000000000000e+00 0.00000000000000e+00 
3.36840576178171e-04 2.53372629631499e+02 2.53241453534842e+02 2.04349167762220e+20 1.34262656817747e+17 2.53658353407637e+16 5.56737182302177e+15 9.40467937933807e+13 2.98137672615934e+17 3.77353853207227e+15 3.18464189081003e+10 6.38974144392194e+15 2.42387982727787e+14 1.01283845124968e+09 0.00000000000000e+00 0.00000000000000e+00 0.00000000000000e+00 0.00000000000000e+00 0.00000000000000e+00 0.00000000000000e+00 0.00000000000000e+00 
3.73730651575731e-04 2.53372247724461e+02 2.53241404996860e+02 2.04316118470966e+20 1.48899599699654e+17 2.69440567992598e+16 5.56693004239041e+15 1.02545231049021e+14 3.31028512548634e+17 3.77794939449022e+15 3.47772379432293e+10 6.98081972675533e+15 2.97657278582697e+14 1.22509782377193e+09 0.00000000000000e+00 0.00000000000000e+00 0.00000000000000e+00 0.00000000000000e+00 0.00000000000000e+00 0.00000000000000e+00 0.00000000000000e+00 
4.10620726973291e-04 2.53373797012483e+02 2.53241247519984e+02 2.04283270553270e+20 1.63522055080716e+17 2.83622123938905e+16 5.56600470783023e+15 1.10578960877653e+14 3.63879294219974e+17 3.78229063783314e+15 3.75697001390721e+10 7.54436374342873e+15 3.58232700555971e+14 1.45275430672050e+09 0.00000000000000e+00 0.00000000000000e+00 0.00000000000000e+00 0.00000000000000e+00 0.00000000000000e+00 0.00000000000000e+00 0.00000000000000e+00 
5.01920777575367e-04 2.53377311019717e+02 2.53241883672211e+02 2.04202750502554e+20 1.99648370105145e+17 3.12813158737596e+16 5.56350228100105e+15 1.28435754642924e+14 4.45001800272008e+17 3.79297728364268e+15 4.39553284560724e+10 8.81467241008655e+15 5.29914734174560e+14 2.07617439506103e+09 0.00000000000000e+00 0.00000000000000e+00 0.00000000000000e+00 0.00000000000000e+00 0.00000000000000e+00 0.00000000000000e+00 0.00000000000000e+00 
5.93220828177443e-04 2.53379424949806e+02 2.53243326453161e+02 2.04123183599198e+20 2.35683423124929e+17 3.35266296508165e+16 5.56106173201922e+15 1.43418975933853e+14 5.25853609181700e+17 3.80359963881444e+15 4.97359282719265e+10 9.89862617853889e+15 7.30446355143315e+14 2.77398818963913e+09 0.00000000000000e+00 0.00000000000000e+00 0.00000000000000e+00 0.00000000000000e+00 0.00000000000000e+00 0.00000000000000e+00 0.00000000000000e+00 
6.84520878779519e-04 2.53379617377412e+02 2.53244193862055e+02 2.04044420084170e+20 2.71626047921896e+17 3.52617412536482e+16 5.55893265647363e+15 1.55708947972559e+14 6.06423105228440e+17 3.81420268011932e+15 5.51191844171844e+10 1.07908432579999e+16 9.56750224048240e+14 3.53428267339035e+09 0.00000000000000e+00 0.00000000000000e+00 0.00000000000000e+00 0.00000000000000e+00 0.00000000000000e+00 0.00000000000000e+00 0.00000000000000e+00 
7.75820929381594e-04 2.53380445203371e+02 2.53244271609750e+02 2.03966346389086e+20 3.07475609394211e+17 3.66081955417751e+16 5.55682823774650e+15 1.65627011908912e+14 6.86704665500566e+17 3.82474216123130e+15 6.03028207883020e+10 1.14924873003646e+16 1.20541019456649e+15 4.34696661338964e+09 0.00000000000000e+00 0.00000000000000e+00 0.00000000000000e+00 0.00000000000000e+00 0.00000000000000e+00 0.00000000000000e+00 0.00000000000000e+00 
8.67120979983670e-04 2.53381923458645e+02 2.53244610482243e+02 2.03888873080528e+20 3.43231902777868e+17 3.76574911896344e+16 5.55463348449676e+15 1.73570630544998e+14 7.66698020601753e+17 3.83520915150880e+15 6.54469603650541e+10 1.20103515944208e+16 1.47282592617131e+15 5.20344316484407e+09 0.00000000000000e+00 0.00000000000000e+00 0.00000000000000e+00 0.00000000000000e+00 0.00000000000000e+00 0.00000000000000e+00 0.00000000000000e+00 
1.01062207189553e-03 2.53383473499465e+02 2.53245216651079e+02 2.03768150933334e+20 3.99243997152799e+17 3.88621824903013e+16 5.55120452421805e+15 1.83058170246880e+14 8.91858954453362e+17 3.85157087284193e+15 7.37158062141845e+10 1.24830587003744e+16 1.92235611798826e+15 6.62140319353054e+09 0.00000000000000e+00 0.00000000000000e+00 0.00000000000000e+00 0.00000000000000e+00 0.00000000000000e+00 0.00000000000000e+00 0.00000000000000e+00 
1.15412316380738e-03 2.53384404797443e+02 2.53245851562619e+02 2.03648504573338e+20 4.55027849250427e+17 3.97013849726298e+16 5.54784391930821e+15 1.90173183450110e+14 1.01635438844859e+18 3.86784036979084e+15 8.24973395813785e+10 1.25902404519349e+16 2.39575723363634e+15 8.10655895310775e+09 0.00000000000000e+00 0.00000000000000e+00 0.00000000000000e+00 0.00000000000000e+00 0.00000000000000e+00 0.00000000000000e+00 0.00000000000000e+00 
1.29762425571924e-03 2.53385485652840e+02 2.53246232205135e+02 2.03529756820973e+20 5.10586265617138e+17 4.03063378058960e+16 5.54452473328713e+15 1.96160762783468e+14 1.14023397652207e+18 3.88401944239496e+15 9.19892171770176e+10 1.24031839433928e+16 2.88065876411578e+15 9.64078737426389e+09 0.00000000000000e+00 0.00000000000000e+00 0.00000000000000e+00 0.00000000000000e+00 0.00000000000000e+00 0.00000000000000e+00 0.00000000000000e+00 
1.44112534763110e-03 2.53386625923063e+02 2.53246674310906e+02 2.03411771260540e+20 5.65922689942662e+17 4.07577665232424e+16 5.54121407260733e+15 2.01939834331954e+14 1.26355619838788e+18 3.90011785233122e+15 1.02297867952625e+11 1.19977010662731e+16 3.36653389386905e+15 1.12104334238443e+10 0.00000000000000e+00 0.00000000000000e+00 0.00000000000000e+00 0.00000000000000e+00 0.00000000000000e+00 0.00000000000000e+00 0.00000000000000e+00 
1.58462643954295e-03 2.53387551078013e+02 2.53247140833293e+02 2.03294438954067e+20 6.21040683334394e+17 4.11073883435104e+16 5.53792033359414e+15 2.08110063336494e+14 1.38638016040565e+18 3.91615166696534e+15 1.13467770771432e+11 1.14456461965802e+16 3.84509142977194e+15 1.28051460587299e+10 0.00000000000000e+00 0.00000000000000e+00 0.00000000000000e+00 0.00000000000000e+00 0.00000000000000e+00 0.00000000000000e+00 0.00000000000000e+00 
1.77620220888504e-03 2.53388678157586e+02 2.53247518957352e+02 2.03138670933639e+20 6.94289128930361e+17 4.14716775767541e+16 5.53355640371780e+15 2.17501525628176e+14 1.54966655153767e+18 3.93746900927596e+15 1.29718377615977e+11 1.05850064791076e+16 4.46289976722076e+15 1.49601339567115e+10 0.00000000000000e+00 0.00000000000000e+00 0.00000000000000e+00 0.00000000000000e+00 0.00000000000000e+00 0.00000000000000e+00 0.00000000000000e+00 
1.96777797822712e-03 2.53389863315055e+02 2.53247979371220e+02 2.02983757362881e+20 7.67160858410689e+17 4.17690560506327e+16 5.52921724433243e+15 2.28532966187590e+14 1.71226278524880e+18 3.95869601624366e+15 1.47315528684113e+11 9.68582913625026e+15 5.04864433494878e+15 1.71319407062117e+10 0.00000000000000e+00 0.00000000000000e+00 0.00000000000000e+00 0.00000000000000e+00 0.00000000000000e+00 0.00000000000000e+00 0.00000000000000e+00 
2.15935374756920e-03 2.53391020231587e+02 2.53248463647341e+02 2.02829592786515e+20 8.39661195180403e+17 4.20292093139012e+16 5.52489741862953e+15 2.41228797532577e+14 1.87424361681015e+18 3.97984402156712e+15 1.66069747623808e+11 8.82471727081967e+15 5.59882015309097e+15 1.93109266005542e+10 0.00000000000000e+00 0.00000000000000e+00 0.00000000000000e+00 0.00000000000000e+00 0.00000000000000e+00 0.00000000000000e+00 0.00000000000000e+00 
2.35092951691129e-03 2.53392136007849e+02 2.53248936313248e+02 2.02676113479102e+20 9.11794066692984e+17 4.22670233825334e+16 5.52059751505054e+15 2.55421017597299e+14 2.03565561620432e+18 4.00092013168184e+15 1.85748903653826e+11 8.04397179844131e+15 6.11385428036586e+15 2.14906840317281e+10 0.00000000000000e+00 0.00000000000000e+00 0.00000000000000e+00 0.00000000000000e+00 0.00000000000000e+00 0.00000000000000e+00 0.00000000000000e+00 
2.54250528625337e-03 2.53393247836415e+02 2.53249392067895e+02 2.02523282069693e+20 9.83562386078464e+17 4.24906802879701e+16 5.51631642562057e+15 2.70889152543763e+14 2.19652501275727e+18 4.02192712319200e+15 2.06150426753682e+11 7.36242490247981e+15 6.59639059796259e+15 2.36668180411961e+10 0.00000000000000e+00 0.00000000000000e+00 0.00000000000000e+00 0.00000000000000e+00 0.00000000000000e+00 0.00000000000000e+00 0.00000000000000e+00 
2.76021002754756e-03 2.53394513136456e+02 2.53249846193597e+02 2.02350379342359e+20 1.06467886050594e+18 4.27338656197856e+16 5.51147239162580e+15 2.89598934974437e+14 2.37868018848218e+18 4.04571595340861e+15 2.29727231214096e+11 6.70014516288120e+15 7.11028660458103e+15 2.61315112938076e+10 0.00000000000000e+00 0.00000000000000e+00 0.00000000000000e+00 0.00000000000000e+00 0.00000000000000e+00 0.00000000000000e+00 0.00000000000000e+00 
2.97791476884174e-03 2.53395771309022e+02 2.53250363000895e+02 2.02178288825816e+20 1.14532930065596e+18 4.29699313787959e+16 5.50665077669314e+15 3.09194006807355e+14 2.56014042298572e+18 4.06941629859175e+15 2.53566859366749e+11 6.14743052647176e+15 7.59269431912522e+15 2.85842909927517e+10 0.00000000000000e+00 0.00000000000000e+00 0.00000000000000e+00 0.00000000000000e+00 0.00000000000000e+00 0.00000000000000e+00 0.00000000000000e+00 
3.19561951013593e-03 2.53397021148375e+02 2.53250876871101e+02 2.02007012637551e+20 1.22551569515035e+18 4.32013524538447e+16 5.50185191140067e+15 3.29361642575284e+14 2.74089758988737e+18 4.09302742746777e+15 2.77500592176851e+11 5.68449419695113e+15 8.04873928616856e+15 3.10229710234535e+10 0.00000000000000e+00 0.00000000000000e+00 0.00000000000000e+00 0.00000000000000e+00 0.00000000000000e+00 0.00000000000000e+00 0.00000000000000e+00 
3.41332425143011e-03 2.53398267712736e+02 2.53251387309488e+02 2.01836554264395e+20 1.30524005951306e+18 4.34293502524908e+16 5.49707582502518e+15 3.49875767462987e+14 2.92094383200671e+18 4.11654814303012e+15 3.01449258404771e+11 5.29345233396846e+15 8.48267047297863e+15 3.34461024084232e+10 0.00000000000000e+00 0.00000000000000e+00 0.00000000000000e+00 0.00000000000000e+00 0.00000000000000e+00 0.00000000000000e+00 0.00000000000000e+00 
3.63102899272429e-03 2.53399510759859e+02 2.53251896394961e+02 2.01666916667422e+20 1.38450448890235e+18 4.36546004172949e+16 5.49232255563623e+15 3.70573586711993e+14 3.10027274718774e+18 4.13997757846722e+15 3.25370215250450e+11 4.95935853651622e+15 8.89789163974127e+15 3.58527115092618e+10 0.00000000000000e+00 0.00000000000000e+00 0.00000000000000e+00 0.00000000000000e+00 0.00000000000000e+00 0.00000000000000e+00 0.00000000000000e+00 
4.00565031653180e-03 2.53401636751398e+02 2.53252404028517e+02 2.01376931274359e+20 1.51983074898015e+18 4.40369339555732e+16 5.48419704198293e+15 4.06342469087713e+14 3.40716884877905e+18 4.18007947426918e+15 3.66446848611770e+11 4.48792536480972e+15 9.57572102932865e+15 3.99536429268913e+10 0.00000000000000e+00 0.00000000000000e+00 0.00000000000000e+00 0.00000000000000e+00 0.00000000000000e+00 0.00000000000000e+00 0.00000000000000e+00 
4.38027164033931e-03 2.53403747503033e+02 2.53253272190547e+02 2.01089378952821e+20 1.65381335753220e+18 4.44138714611003e+16 5.47613967655375e+15 4.41960498946088e+14 3.71191725739941e+18 4.21990791496573e+15 4.07360637995656e+11 4.10865542683278e+15 1.02161908212511e+16 4.40018608852452e+10 0.00000000000000e+00 0.00000000000000e+00 0.00000000000000e+00 0.00000000000000e+00 0.00000000000000e+00 0.00000000000000e+00 0.00000000000000e+00 
4.75489296414682e-03 2.53405842648211e+02 2.53254134074533e+02 2.00804250726221e+20 1.78646447792641e+18 4.47860960350312e+16 5.46815031946580e+15 4.77233249251154e+14 4.01451673278890e+18 4.25946249824202e+15 4.48137435169133e+11 3.79411967639500e+15 1.08264073281104e+16 4.79966553396970e+10 0.00000000000000e+00 0.00000000000000e+00 0.00000000000000e+00 0.00000000000000e+00 0.00000000000000e+00 0.00000000000000e+00 0.00000000000000e+00 
5.12951428795433e-03 2.53407921991725e+02 2.53254989531719e+02 2.00521530964728e+20 1.91779659456896e+18 4.51539015113337e+16 5.46022859436846e+15 5.12088945217020e+14 4.31497415453354e+18 4.29874388801132e+15 4.88807657080519e+11 3.52892184772282e+15 1.14111583406533e+16 5.19381127153475e+10 0.00000000000000e+00 0.00000000000000e+00 0.00000000000000e+00 0.00000000000000e+00 0.00000000000000e+00 0.00000000000000e+00 0.00000000000000e+00 
5.50413561176184e-03 2.53409985672928e+02 2.53255838483460e+02 2.00241201864166e+20 2.04782223879349e+18 4.55174841487101e+16 5.45237403040724e+15 5.46495874573992e+14 4.61329934847887e+18 4.33775314941070e+15 5.29360218852107e+11 3.30266183395352e+15 1.19740407635132e+16 5.58266620671058e+10 0.00000000000000e+00 0.00000000000000e+00 0.00000000000000e+00 0.00000000000000e+00 0.00000000000000e+00 0.00000000000000e+00 0.00000000000000e+00 
6.01420120085502e-03 2.53412770492305e+02 2.53256680988425e+02 1.99863331111842e+20 2.22278063783318e+18 4.60060334732360e+16 5.44178675888586e+15 5.92580169404659e+14 5.01607489293713e+18 4.39043079135368e+15 5.84335973057526e+11 3.04227488172310e+15 1.27102768028078e+16 6.10371124546037e+10 0.00000000000000e+00 0.00000000000000e+00 0.00000000000000e+00 0.00000000000000e+00 0.00000000000000e+00 0.00000000000000e+00 0.00000000000000e+00 
6.52426678994820e-03 2.53415526524725e+02 2.53257817818952e+02 1.99489810417523e+20 2.39537150436383e+18 4.64873992928408e+16 5.43132178139438e+15 6.37776177610590e+14 5.41494803705103e+18 4.44260955139221e+15 6.39043973945227e+11 2.82439347388690e+15 1.34169269202427e+16 6.61522145472349e+10 0.00000000000000e+00 0.00000000000000e+00 0.00000000000000e+00 0.00000000000000e+00 0.00000000000000e+00 0.00000000000000e+00 0.00000000000000e+00 
7.03433237904138e-03 2.53418254282679e+02 2.53258942805993e+02 1.99120591428176e+20 2.56562587690440e+18 4.69618039388825e+16 5.42097774816102e+15 6.82085334016811e+14 5.80995066016689e+18 4.49429309171456e+15 6.93454046636353e+11 2.63845980020745e+15 1.40982774576068e+16 7.11738274213521e+10 0.00000000000000e+00 0.00000000000000e+00 0.00000000000000e+00 0.00000000000000e+00 0.00000000000000e+00 0.00000000000000e+00 0.00000000000000e+00 
7.54439796813456e-03 2.53420953951940e+02 2.53260056163112e+02 1.98755625440292e+20 2.73357447688878e+18 4.74294138537394e+16 5.41075330249393e+15 7.25524893320847e+14 6.20111595291044e+18 4.54548522677736e+15 7.47545828903487e+11 2.47733808418718e+15 1.47575086900741e+16 7.61038854832113e+10 0.00000000000000e+00 0.00000000000000e+00 0.00000000000000e+00 0.00000000000000e+00 0.00000000000000e+00 0.00000000000000e+00 0.00000000000000e+00 
8.05446355722773e-03 2.53423625780939e+02 2.53261157969512e+02 1.98394862329179e+20 2.89924774603228e+18 4.78903707874405e+16 5.40064703881041e+15 7.68128401085122e+14 6.58847916484802e+18 4.59619003358613e+15 8.01324603375911e+11 2.33738191084646e+15 1.53970909278594e+16 8.09443209105692e+10 0.00000000000000e+00 0.00000000000000e+00 0.00000000000000e+00 0.00000000000000e+00 0.00000000000000e+00 0.00000000000000e+00 0.00000000000000e+00 
8.98110370405449e-03 2.53428409752835e+02 2.53262248329941e+02 1.97750057451267e+20 3.19450355034447e+18 4.87111967166395e+16 5.38258484755623e+15 8.43455008790019e+14 7.28258770061606e+18 4.68707192353035e+15 8.98154293411738e+11 2.12450748357283e+15 1.65155245061608e+16 8.95148137613433e+10 0.00000000000000e+00 0.00000000000000e+00 0.00000000000000e+00 0.00000000000000e+00 0.00000000000000e+00 0.00000000000000e+00 0.00000000000000e+00 
9.90774385088125e-03 2.53433104969189e+02 2.53264200441278e+02 1.97118679324358e+20 3.48252543656607e+18 4.95111936071156e+16 5.36490014704818e+15 9.16215224848141e+14 7.96446342551330e+18 4.77638239368493e+15 9.93789102521187e+11 1.95150381629723e+15 1.75855859562813e+16 9.78068212425667e+10 0.00000000000000e+00 0.00000000000000e+00 0.00000000000000e+00 0.00000000000000e+00 0.00000000000000e+00 0.00000000000000e+00 0.00000000000000e+00 
1.08343839977080e-02 2.53437712858606e+02 2.53266116084761e+02 1.96500447942288e+20 3.76348619375157e+18 5.02909903342039e+16 5.34758503309770e+15 9.86534578573234e+14 8.63430901298112e+18 4.86414531486486e+15 1.08822000686768e+12 1.80814810070496e+15 1.86140975090211e+16 1.05830971289462e+11 0.00000000000000e+00 0.00000000000000e+00 0.00000000000000e+00 0.00000000000000e+00 0.00000000000000e+00 0.00000000000000e+00 0.00000000000000e+00 
1.17610241445348e-02 2.53442235219487e+02 2.53267995860908e+02 1.95895089522781e+20 4.03755462017620e+18 5.10511616314343e+16 5.33063174653099e+15 1.05453255816003e+15 9.29232456768293e+18 4.95038443191808e+15 1.18143485985132e+12 1.68734351072901e+15 1.96062469902886e+16 1.13597446863208e+11 0.00000000000000e+00 0.00000000000000e+00 0.00000000000000e+00 0.00000000000000e+00 0.00000000000000e+00 0.00000000000000e+00 0.00000000000000e+00 
1.26876642913615e-02 2.53446673579970e+02 2.53269840521079e+02 1.95302335639995e+20 4.30489562507420e+18 5.17922395971574e+16 5.31403268623076e+15 1.12032247344879e+15 9.93870804005963e+18 5.03512331829790e+15 1.27341310233835e+12 1.58458431486890e+15 2.05661308352747e+16 1.21116019407286e+11 0.00000000000000e+00 0.00000000000000e+00 0.00000000000000e+00 0.00000000000000e+00 0.00000000000000e+00 0.00000000000000e+00 0.00000000000000e+00 
1.36143044381883e-02 2.53451029527666e+02 2.53271650704681e+02 1.94721924824570e+20 4.56567022352883e+18 5.25147328452299e+16 5.29778044534514e+15 1.18399898163000e+15 1.05736534418397e+19 5.11838519844947e+15 1.36413048890936e+12 1.49570818756829e+15 2.14970304412980e+16 1.28396049572238e+11 0.00000000000000e+00 0.00000000000000e+00 0.00000000000000e+00 0.00000000000000e+00 0.00000000000000e+00 0.00000000000000e+00 0.00000000000000e+00 
1.54762113919275e-02 2.53459538661853e+02 2.53273427074694e+02 1.93591997602826e+20 5.07042100572379e+18 5.39122055367653e+16 5.26614433890206e+15 1.30590571157544e+15 1.18156389752831e+19 5.28131049113456e+15 1.54261922491295e+12 1.34873609779088e+15 2.32889256024720e+16 1.42338226950405e+11 0.00000000000000e+00 0.00000000000000e+00 0.00000000000000e+00 0.00000000000000e+00 0.00000000000000e+00 0.00000000000000e+00 0.00000000000000e+00 
1.73381183456667e-02 2.53467732705492e+02 2.53276896564312e+02 1.92508866942955e+20 5.55052178442477e+18 5.52403547297158e+16 5.23582246772566e+15 1.42032694813058e+15 1.30137307579594e+19 5.43854840953019e+15 1.71608696971474e+12 1.23355732571643e+15 2.49893291641424e+16 1.55421337136818e+11 0.00000000000000e+00 0.00000000000000e+00 0.00000000000000e+00 0.00000000000000e+00 0.00000000000000e+00 0.00000000000000e+00 0.00000000000000e+00 
1.92000252994058e-02 2.53475623091697e+02 2.53280236893953e+02 1.91470603463640e+20 6.00714947169472e+18 5.65026882142628e+16 5.20676021783442e+15 1.52785576078945e+15 1.41694005675346e+19 5.59027830463868e+15 1.88455993963870e+12 1.14067433215127e+15 2.66097032330474e+16 1.67707831568819e+11 0.00000000000000e+00 0.00000000000000e+00 0.00000000000000e+00 0.00000000000000e+00 0.00000000000000e+00 0.00000000000000e+00 0.00000000000000e+00 
2.10619322531450e-02 2.53483220658971e+02 2.53283452821030e+02 1.90475362934207e+20 6.44142343977990e+18 5.77025081516431e+16 5.17890541992996e+15 1.62901116374042e+15 1.52840719320481e+19 5.73667474281744e+15 2.04810960150267e+12 1.06427188821340e+15 2.81581448822391e+16 1.79254884689947e+11 0.00000000000000e+00 0.00000000000000e+00 0.00000000000000e+00 0.00000000000000e+00 0.00000000000000e+00 0.00000000000000e+00 0.00000000000000e+00 
2.29238392068842e-02 2.53490535903054e+02 2.53286548849097e+02 1.89521379946840e+20 6.85440980779215e+18 5.88429403088760e+16 5.15220816092030e+15 1.72426069815296e+15 1.63591224263225e+19 5.87790772637740e+15 2.20681264681338e+12 9.99901926457351e+14 2.96407186412939e+16 1.90115135516260e+11 0.00000000000000e+00 0.00000000000000e+00 0.00000000000000e+00 0.00000000000000e+00 0.00000000000000e+00 0.00000000000000e+00 0.00000000000000e+00 
2.55212955304708e-02 2.53500288381423e+02 2.53289529332394e+02 1.88256278245484e+20 7.39688418501964e+18 6.03402083722019e+16 5.11680828560043e+15 1.84806126930139e+15 1.77951891056919e+19 6.06661990526627e+15 2.42030004864076e+12 9.26236919086246e+14 3.16078281208719e+16 2.04208846747590e+11 0.00000000000000e+00 0.00000000000000e+00 0.00000000000000e+00 0.00000000000000e+00 0.00000000000000e+00 0.00000000000000e+00 0.00000000000000e+00 
2.81187518540574e-02 2.53509537434684e+02 2.53293502095398e+02 1.87063810142584e+20 7.90250712978803e+18 6.17351540017859e+16 5.08344481999447e+15 1.96222142714017e+15 1.91602307900489e+19 6.24604122370470e+15 2.62479408914726e+12 8.66199518990294e+14 3.34670014355095e+16 2.17179038901684e+11 0.00000000000000e+00 0.00000000000000e+00 0.00000000000000e+00 0.00000000000000e+00 0.00000000000000e+00 0.00000000000000e+00 0.00000000000000e+00 
3.07162081776440e-02 2.53518308186769e+02 2.53297269036621e+02 1.85939839670380e+20 8.37372306741257e+18 6.30347896261449e+16 5.05200109423988e+15 2.06765397509566e+15 2.04575924171542e+19 6.41659268441673e+15 2.82056547797285e+12 8.16333296325508e+14 3.52267602040560e+16 2.29131539955518e+11 0.00000000000000e+00 0.00000000000000e+00 0.00000000000000e+00 0.00000000000000e+00 0.00000000000000e+00 0.00000000000000e+00 0.00000000000000e+00 
3.33136645012306e-02 2.53526624549074e+02 2.53300840530192e+02 1.84880472582287e+20 8.81281253306302e+18 6.42456241834043e+16 5.02236733790857e+15 2.16515937750887e+15 2.16904683576028e+19 6.57867874952804e+15 3.00789155091372e+12 7.74392588880083e+14 3.68939356292274e+16 2.40160839056193e+11 0.00000000000000e+00 0.00000000000000e+00 0.00000000000000e+00 0.00000000000000e+00 0.00000000000000e+00 0.00000000000000e+00 0.00000000000000e+00 
3.59111208248172e-02 2.53534509269349e+02 2.53304226434904e+02 1.83882036333124e+20 9.22190683012564e+18 6.53737131008246e+16 4.99444010933907e+15 2.25544545725706e+15 2.28619118011971e+19 6.73268823164500e+15 3.18704880201759e+12 7.38656418576242e+14 3.84742963100092e+16 2.50351634956858e+11 0.00000000000000e+00 0.00000000000000e+00 0.00000000000000e+00 0.00000000000000e+00 0.00000000000000e+00 0.00000000000000e+00 0.00000000000000e+00 
4.01631491563652e-02 2.53546540521925e+02 2.53307436117229e+02 1.82370233135435e+20 9.83194111991327e+18 6.70561994030702e+16 4.95215675072727e+15 2.38926277430715e+15 2.46544774528976e+19 6.96832959966332e+15 3.46341065342283e+12 6.90291765890330e+14 4.08864714172208e+16 2.65417742822096e+11 0.00000000000000e+00 0.00000000000000e+00 0.00000000000000e+00 0.00000000000000e+00 0.00000000000000e+00 0.00000000000000e+00 0.00000000000000e+00 
4.44151774879133e-02 2.53557561830008e+02 2.53312332881965e+02 1.80998402537862e+20 1.03748981533493e+19 6.85544530844352e+16 4.91379084611944e+15 2.50784057393443e+15 2.63022543432330e+19 7.18487718030140e+15 3.71983188688369e+12 6.51477748862070e+14 4.30982303795136e+16 2.78726567003814e+11 0.00000000000000e+00 0.00000000000000e+00 0.00000000000000e+00 0.00000000000000e+00 0.00000000000000e+00 0.00000000000000e+00 0.00000000000000e+00 
4.86672058194614e-02 2.53567655735752e+02 2.53316817712577e+02 1.79753665592957e+20 1.08579914776762e+19 6.98886254618303e+16 4.87898063441962e+15 2.61322538404776e+15 2.78164817415805e+19 7.38378952321611e+15 3.95750158482725e+12 6.19630727672501e+14 4.51259005466745e+16 2.90518967739419e+11 0.00000000000000e+00 0.00000000000000e+00 0.00000000000000e+00 0.00000000000000e+00 0.00000000000000e+00 0.00000000000000e+00 0.00000000000000e+00 
5.29192341510095e-02 2.53576898051033e+02 2.53320924456840e+02 1.78624365686795e+20 1.12876428745378e+19 7.10765760674267e+16 4.84739896098333e+15 2.70712015984904e+15 2.92075485375599e+19 7.56642167825381e+15 4.17757414064234e+12 5.93125069578226e+14 4.69836729520048e+16 3.00998050563669e+11 0.00000000000000e+00 0.00000000000000e+00 0.00000000000000e+00 0.00000000000000e+00 0.00000000000000e+00 0.00000000000000e+00 0.00000000000000e+00 
5.71712624825575e-02 2.53585358566434e+02 2.53324684164039e+02 1.77599919031902e+20 1.16695903432353e+19 7.21341904141836e+16 4.81874902095798e+15 2.79096046256322e+15 3.04850737343218e+19 7.73403417634708e+15 4.38116256155739e+12 5.70807042744203e+14 4.86843530030843e+16 3.10336062822285e+11 0.00000000000000e+00 0.00000000000000e+00 0.00000000000000e+00 0.00000000000000e+00 0.00000000000000e+00 0.00000000000000e+00 0.00000000000000e+00 
6.38578125116618e-02 2.53597232530306e+02 2.53328125387004e+02 1.76178528784339e+20 1.21856717973775e+19 7.35666551312675e+16 4.77899544316400e+15 2.90530182643104e+15 3.22853172712924e+19 7.96998385726198e+15 4.67048419640289e+12 5.42099816225238e+14 5.10684779929828e+16 3.23053316014421e+11 0.00000000000000e+00 0.00000000000000e+00 0.00000000000000e+00 0.00000000000000e+00 0.00000000000000e+00 0.00000000000000e+00 0.00000000000000e+00 
7.05443625407660e-02 2.53607555957334e+02 2.53332954291090e+02 1.74959670752288e+20 1.26137206836857e+19 7.47590650083286e+16 4.74490203552333e+15 3.00172421965911e+15 3.38580444492185e+19 8.17581876826962e+15 4.92560310269333e+12 5.19511965639857e+14 5.31345118291059e+16 3.33768439917106e+11 0.00000000000000e+00 0.00000000000000e+00 0.00000000000000e+00 0.00000000000000e+00 0.00000000000000e+00 0.00000000000000e+00 0.00000000000000e+00 
7.72309125698702e-02 2.53616527634746e+02 2.53337151984801e+02 1.73914570746308e+20 1.29684335440572e+19 7.57514728022772e+16 4.71566390419154e+15 3.08340920382198e+15 3.52312132512643e+19 8.35525030049740e+15 5.15016945889781e+12 5.01049070513289e+14 5.49193649773426e+16 3.42842341183961e+11 0.00000000000000e+00 0.00000000000000e+00 0.00000000000000e+00 0.00000000000000e+00 0.00000000000000e+00 0.00000000000000e+00 0.00000000000000e+00 
8.39174625989744e-02 2.53624320702381e+02 2.53340799568733e+02 1.73018683358327e+20 1.32619969721724e+19 7.65770004032209e+16 4.69059483100481e+15 3.15283173330986e+15 3.64293699188600e+19 8.51154246698837e+15 5.34752683754295e+12 4.86071473773140e+14 5.64560166235591e+16 3.50560985078160e+11 0.00000000000000e+00 0.00000000000000e+00 0.00000000000000e+00 0.00000000000000e+00 0.00000000000000e+00 0.00000000000000e+00 0.00000000000000e+00 
9.06040126280786e-02 2.53631086382636e+02 2.53343967628476e+02 1.72250951716288e+20 1.35045860276781e+19 7.72632111862560e+16 4.66910647165301e+15 3.21198463859773e+15 3.74741294792900e+19 8.64757530592784e+15 5.52070563985866e+12 4.73657239583111e+14 5.77740334373086e+16 3.57151987953325e+11 0.00000000000000e+00 0.00000000000000e+00 0.00000000000000e+00 0.00000000000000e+00 0.00000000000000e+00 0.00000000000000e+00 0.00000000000000e+00 
1.01980014690017e-01 2.53640592669916e+02 2.53346717778168e+02 1.71190765080240e+20 1.38227972416833e+19 7.81719106810361e+16 4.63942029971968e+15 3.29335130151647e+15 3.89505479697253e+19 8.83929480296373e+15 5.76718347122113e+12 4.57087409817109e+14 5.95860901726495e+16 3.66274950101970e+11 0.00000000000000e+00 0.00000000000000e+00 0.00000000000000e+00 0.00000000000000e+00 0.00000000000000e+00 0.00000000000000e+00 0.00000000000000e+00 
1.13356016751954e-01 2.53648049317443e+02 2.53350581541626e+02 1.70376616963659e+20 1.40510826442898e+19 7.88329820093444e+16 4.61661052076641e+15 3.35594733344621e+15 4.01166296921975e+19 8.99019703613652e+15 5.96332388588343e+12 4.44689037716512e+14 6.09538465567302e+16 3.73346352816517e+11 0.00000000000000e+00 0.00000000000000e+00 0.00000000000000e+00 0.00000000000000e+00 0.00000000000000e+00 0.00000000000000e+00 0.00000000000000e+00 
1.24732018813892e-01 2.53653896284573e+02 2.53353611910399e+02 1.69751049456221e+20 1.42144250479055e+19 7.93137501667484e+16 4.59907338024961e+15 3.40437919094398e+15 4.10368943294384e+19 9.10887989998354e+15 6.11905660247079e+12 4.35306979438830e+14 6.19714370993277e+16 3.78860001253524e+11 0.00000000000000e+00 0.00000000000000e+00 0.00000000000000e+00 0.00000000000000e+00 0.00000000000000e+00 0.00000000000000e+00 0.00000000000000e+00 
1.36108020875830e-01 2.53658476021514e+02 2.53355987894018e+02 1.69270681138272e+20 1.43306290156312e+19 7.96624307142314e+16 4.58559777749154e+15 3.44193349828863e+15 4.17621611753910e+19 9.20209114245602e+15 6.24238550218460e+12 4.28125077863652e+14 6.27148272345148e+16 3.83177880033401e+11 0.00000000000000e+00 0.00000000000000e+00 0.00000000000000e+00 0.00000000000000e+00 0.00000000000000e+00 0.00000000000000e+00 0.00000000000000e+00 
1.47484022937768e-01 2.53662057773689e+02 2.53357848781494e+02 1.68902292041904e+20 1.44126076506230e+19 7.99141579410956e+16 4.57525607007823e+15 3.47108358520130e+15 4.23327824780298e+19 9.27517098643253e+15 6.33979427758518e+12 4.22583926332254e+14 6.32451281185443e+16 3.86569020635703e+11 0.00000000000000e+00 0.00000000000000e+00 0.00000000000000e+00 0.00000000000000e+00 0.00000000000000e+00 0.00000000000000e+00 0.00000000000000e+00 
1.66683376337382e-01 2.53666386144989e+02 2.53359304059497e+02 1.68468990825259e+20 1.44972007240449e+19 8.01845899795727e+16 4.56307891986040e+15 3.50611170636846e+15 4.30279181956524e+19 9.36376072786865e+15 6.45892948377211e+12 4.15909951574085e+14 6.37824466297128e+16 3.90715583107960e+11 0.00000000000000e+00 0.00000000000000e+00 0.00000000000000e+00 0.00000000000000e+00 0.00000000000000e+00 0.00000000000000e+00 0.00000000000000e+00 
1.85882729736996e-01 2.53669229743550e+02 2.53361062548866e+02 1.68193145280039e+20 1.45420575792109e+19 8.03374217017516e+16 4.55531637530584e+15 3.52914533869997e+15 4.34887753403239e+19 9.42216517419304e+15 6.53820450065184e+12 4.11519139222686e+14 6.40257562043544e+16 3.93487904714114e+11 0.00000000000000e+00 0.00000000000000e+00 0.00000000000000e+00 0.00000000000000e+00 0.00000000000000e+00 0.00000000000000e+00 0.00000000000000e+00 
2.05082083136611e-01 2.53671106720988e+02 2.53362217720065e+02 1.68016066459577e+20 1.45656139597699e+19 8.04243623467040e+16 4.55032694953874e+15 3.54440139147722e+15 4.37953776473149e+19 9.46083400961756e+15 6.59108581929850e+12 4.08647254751187e+14 6.40965238743706e+16 3.95349327191472e+11 0.00000000000000e+00 0.00000000000000e+00 0.00000000000000e+00 0.00000000000000e+00 0.00000000000000e+00 0.00000000000000e+00 0.00000000000000e+00 
2.24281436536225e-01 2.53672343541099e+02 2.53362980162711e+02 1.67902519248212e+20 1.45773497972268e+19 8.04729874770532e+16 4.54712345261854e+15 3.55446078808919e+15 4.39989437009829e+19 9.48638991346346e+15 6.62626294670431e+12 4.06755836216397e+14 6.40705334736424e+16 3.96599079150124e+11 0.00000000000000e+00 0.00000000000000e+00 0.00000000000000e+00 0.00000000000000e+00 0.00000000000000e+00 0.00000000000000e+00 0.00000000000000e+00 
2.43480789935839e-01 2.53673152774199e+02 2.53363482537366e+02 1.67830384785159e+20 1.45824312430219e+19 8.04988913579490e+16 4.54508532868317e+15 3.56105288539995e+15 4.41332019294444e+19 9.50316354299943e+15 6.64949724617488e+12 4.05495064458570e+14 6.39943174143101e+16 3.97434794048777e+11 0.00000000000000e+00 0.00000000000000e+00 0.00000000000000e+00 0.00000000000000e+00 0.00000000000000e+00 0.00000000000000e+00 0.00000000000000e+00 
2.78034293063061e-01 2.53673928286392e+02 2.53363811213193e+02 1.67764733071604e+20 1.45831325770371e+19 8.05142769920737e+16 4.54322530216074e+15 3.56742506647699e+15 4.42636103004328e+19 9.51932574234515e+15 6.67210628894844e+12 4.04284901237456e+14 6.38068558784615e+16 3.98267246993218e+11 0.00000000000000e+00 0.00000000000000e+00 0.00000000000000e+00 0.00000000000000e+00 0.00000000000000e+00 0.00000000000000e+00 0.00000000000000e+00 
3.12587796190282e-01 2.53674287865021e+02 2.53364126161514e+02 1.67735750683102e+20 1.45817391713776e+19 8.05175618997167e+16 4.54240191987884e+15 3.57043964285139e+15 4.43248556353850e+19 9.52686524782119e+15 6.68274419080763e+12 4.03693536817497e+14 6.36363029195437e+16 3.98667363700535e+11 0.00000000000000e+00 0.00000000000000e+00 0.00000000000000e+00 0.00000000000000e+00 0.00000000000000e+00 0.00000000000000e+00 0.00000000000000e+00 
3.47141299317504e-01 2.53674474243431e+02 2.53364272179943e+02 1.67720809325216e+20 1.45809500987829e+19 8.05191515157402e+16 4.54197729807171e+15 3.57202268746405e+15 4.43566892941073e+19 9.53078445349530e+15 6.68827926982974e+12 4.03382478368258e+14 6.35090001788501e+16 3.98875729626954e+11 0.00000000000000e+00 0.00000000000000e+00 0.00000000000000e+00 0.00000000000000e+00 0.00000000000000e+00 0.00000000000000e+00 0.00000000000000e+00 
3.81694802444726e-01 2.53674571014473e+02 2.53364347864847e+02 1.67713143550579e+20 1.45804474597947e+19 8.05197893397758e+16 4.54175928211272e+15 3.57287023833321e+15 4.43732942187709e+19 9.53282744923098e+15 6.69117290150590e+12 4.03174821058516e+14 6.34181766240741e+16 3.98985263351686e+11 0.00000000000000e+00 0.00000000000000e+00 0.00000000000000e+00 0.00000000000000e+00 0.00000000000000e+00 0.00000000000000e+00 0.00000000000000e+00 
4.16248305571948e-01 2.53674614175104e+02 2.53364387161413e+02 1.67710007719901e+20 1.45798963973611e+19 8.05193531474566e+16 4.54166962396364e+15 3.57325478108007e+15 4.43808606586035e+19 9.53374905504795e+15 6.69249003313544e+12 4.03108600369283e+14 6.33537673702915e+16 3.99036748148982e+11 0.00000000000000e+00 0.00000000000000e+00 0.00000000000000e+00 0.00000000000000e+00 0.00000000000000e+00 0.00000000000000e+00 0.00000000000000e+00 
5.05383501503270e-01 2.53674651796624e+02 2.53364404685804e+02 1.67707595502928e+20 1.45790520899328e+19 8.05181798307328e+16 4.54160006243153e+15 3.57354154855999e+15 4.43876507643577e+19 9.53456661440224e+15 6.69367507402784e+12 4.03112795128810e+14 6.32617780079594e+16 3.99084827164375e+11 0.00000000000000e+00 0.00000000000000e+00 0.00000000000000e+00 0.00000000000000e+00 0.00000000000000e+00 0.00000000000000e+00 0.00000000000000e+00 
5.94518697434592e-01 2.53674643290155e+02 2.53364419958851e+02 1.67708504800839e+20 1.45788350072386e+19 8.05175617714035e+16 4.54162552002900e+15 3.57346474878815e+15 4.43863443112012e+19 9.53439946071096e+15 6.69345296543088e+12 4.03118714840418e+14 6.32362855223941e+16 3.99077864198363e+11 0.00000000000000e+00 0.00000000000000e+00 0.00000000000000e+00 0.00000000000000e+00 0.00000000000000e+00 0.00000000000000e+00 0.00000000000000e+00 
6.83653893365914e-01 2.53674637296818e+02 2.53364416503002e+02 1.67708975020680e+20 1.45788790440442e+19 8.05175608694982e+16 4.54163889624128e+15 3.57344414451448e+15 4.43853263959135e+19 9.53427527655772e+15 6.69327798439446e+12 4.03089326225607e+14 6.32328094403626e+16 3.99071294316556e+11 0.00000000000000e+00 0.00000000000000e+00 0.00000000000000e+00 0.00000000000000e+00 0.00000000000000e+00 0.00000000000000e+00 0.00000000000000e+00 
7.72789089297236e-01 2.53674637283228e+02 2.53364414069464e+02 1.67708936155914e+20 1.45789279974453e+19 8.05176720184600e+16 4.54163785669856e+15 3.57345895081231e+15 4.43853054411243e+19 9.53427431874047e+15 6.69327539344307e+12 4.03078146098326e+14 6.32329893600919e+16 3.99070971345336e+11 0.00000000000000e+00 0.00000000000000e+00 0.00000000000000e+00 0.00000000000000e+00 0.00000000000000e+00 0.00000000000000e+00 0.00000000000000e+00 
1.28092781597095e+00 2.53674638872164e+02 2.53364414064324e+02 1.67708804805962e+20 1.45789261921784e+19 8.05176968256713e+16 4.54163413036589e+15 3.57347319578354e+15 4.43855750790182e+19 9.53430767969109e+15 6.69332232626557e+12 4.03074863635045e+14 6.32318466549916e+16 3.99072711999007e+11 0.00000000000000e+00 0.00000000000000e+00 0.00000000000000e+00 0.00000000000000e+00 0.00000000000000e+00 0.00000000000000e+00 0.00000000000000e+00 
1.78906654264466e+00 2.53674639043093e+02 2.53364414709601e+02 1.67708794640880e+20 1.45789209068817e+19 8.05176842158868e+16 4.54163384530356e+15 3.57346848836308e+15 4.43856053022735e+19 9.53431149229081e+15 6.69333001427474e+12 4.03080770232708e+14 6.32320809443576e+16 3.99072644670988e+11 0.00000000000000e+00 0.00000000000000e+00 0.00000000000000e+00 0.00000000000000e+00 0.00000000000000e+00 0.00000000000000e+00 0.00000000000000e+00 
2.29720526931837e+00 2.53674639032895e+02 2.53364414778974e+02 1.67708795848358e+20 1.45789206652280e+19 8.05176866643350e+16 4.54163387042866e+15 3.57347203179754e+15 4.43856042546688e+19 9.53431114131395e+15 6.69332798902371e+12 4.03076411369582e+14 6.32317838500845e+16 3.99072901135057e+11 0.00000000000000e+00 0.00000000000000e+00 0.00000000000000e+00 0.00000000000000e+00 0.00000000000000e+00 0.00000000000000e+00 0.00000000000000e+00 
7.02496905484255e+00 2.53674639027956e+02 2.53364414774834e+02 1.67708796254425e+20 1.45789207918041e+19 8.05176873793497e+16 4.54163388091022e+15 3.57347287940169e+15 4.43856036050763e+19 9.53431104158808e+15 6.69332744607459e+12 4.03075717551752e+14 6.32316449886321e+16 3.99072925393001e+11 0.00000000000000e+00 0.00000000000000e+00 0.00000000000000e+00 0.00000000000000e+00 0.00000000000000e+00 0.00000000000000e+00 0.00000000000000e+00 
1.17527328403667e+01 2.53674639032075e+02 2.53364414772830e+02 1.67708795831276e+20 1.45789206157655e+19 8.05176867410624e+16 4.54163386903048e+15 3.57346993834916e+15 4.43856038395951e+19 9.53431104961555e+15 6.69332768433005e+12 4.03079277649195e+14 6.32319674042459e+16 3.99072928435600e+11 0.00000000000000e+00 0.00000000000000e+00 0.00000000000000e+00 0.00000000000000e+00 0.00000000000000e+00 0.00000000000000e+00 0.00000000000000e+00 
1.64804966258909e+01 2.53674639029939e+02 2.53364414774497e+02 1.67708796049085e+20 1.45789207122602e+19 8.05176870783708e+16 4.54163387516500e+15 3.57347154651449e+15 4.43856037203887e+19 9.53431104612357e+15 6.69332756810682e+12 4.03077307856051e+14 6.32317971324718e+16 3.99072926425442e+11 0.00000000000000e+00 0.00000000000000e+00 0.00000000000000e+00 0.00000000000000e+00 0.00000000000000e+00 0.00000000000000e+00 0.00000000000000e+00 
6.37581344811326e+01 2.53674639029659e+02 2.53364414773633e+02 1.67708796082218e+20 1.45789207253470e+19 8.05176871276836e+16 4.54163387611182e+15 3.57347171768210e+15 4.43856037055253e+19 9.53431104588580e+15 6.69332755465328e+12 4.03077097294972e+14 6.32317736586404e+16 3.99072926302408e+11 0.00000000000000e+00 0.00000000000000e+00 0.00000000000000e+00 0.00000000000000e+00 0.00000000000000e+00 0.00000000000000e+00 0.00000000000000e+00 
1.11035772336374e+02 2.53674639031616e+02 2.53364414773520e+02 1.67708795883256e+20 1.45789206373714e+19 8.05176868083436e+16 4.54163387052808e+15 3.57347029063543e+15 4.43856038144512e+19 9.53431104935820e+15 6.69332766880174e+12 4.03078809170137e+14 6.32319289676101e+16 3.99072927590042e+11 0.00000000000000e+00 0.00000000000000e+00 0.00000000000000e+00 0.00000000000000e+00 0.00000000000000e+00 0.00000000000000e+00 0.00000000000000e+00 
1.58313410191616e+02 2.53674639030576e+02 2.53364414774312e+02 1.67708795990111e+20 1.45789206843211e+19 8.05176869788030e+16 4.54163387353068e+15 3.57347105661354e+15 4.43856037566132e+19 9.53431104753728e+15 6.69332760748042e+12 4.03077892318595e+14 6.32318462315079e+16 3.99072926903057e+11 0.00000000000000e+00 0.00000000000000e+00 0.00000000000000e+00 0.00000000000000e+00 0.00000000000000e+00 0.00000000000000e+00 0.00000000000000e+00 
2.58313410191616e+02 2.53674639031003e+02 2.53364414773891e+02 1.67708795948268e+20 1.45789206654030e+19 8.05176869104466e+16 4.54163387236386e+15 3.57347074575188e+15 4.43856037804575e+19 9.53431104835561e+15 6.69332763237705e+12 4.03078264758546e+14 6.32318797447114e+16 3.99072927187640e+11 0.00000000000000e+00 0.00000000000000e+00 0.00000000000000e+00 0.00000000000000e+00 0.00000000000000e+00 0.00000000000000e+00 0.00000000000000e+00 
3.58313410191616e+02 2.53674639031122e+02 2.53364414774063e+02 1.67708795936691e+20 1.45789206601386e+19 8.05176868914879e+16 4.54163387204037e+15 3.57347065984684e+15 4.43856037871327e+19 9.53431104859147e+15 6.69332763921607e+12 4.03078367571540e+14 6.32318891137545e+16 3.99072927269921e+11 0.00000000000000e+00 0.00000000000000e+00 0.00000000000000e+00 0.00000000000000e+00 0.00000000000000e+00 0.00000000000000e+00 0.00000000000000e+00 
4.58313410191616e+02 2.53674639031170e+02 2.53364414774112e+02 1.67708795931919e+20 1.45789206579869e+19 8.05176868836887e+16 4.54163387190722e+15 3.57347062468041e+15 4.43856037898355e+19 9.53431104868135e+15 6.69332764201989e+12 4.03078409654981e+14 6.32318929200791e+16 3.99072927301349e+11 0.00000000000000e+00 0.00000000000000e+00 0.00000000000000e+00 0.00000000000000e+00 0.00000000000000e+00 0.00000000000000e+00 0.00000000000000e+00 
5.58313410191616e+02 2.53674639031176e+02 2.53364414774131e+02 1.67708795931416e+20 1.45789206577484e+19 8.05176868828357e+16 4.54163387189347e+15 3.57347062075158e+15 4.43856037901488e+19 9.53431104869376e+15 6.69332764233838e+12 4.03078414358672e+14 6.32318933502616e+16 3.99072927305159e+11 0.00000000000000e+00 0.00000000000000e+00 0.00000000000000e+00 0.00000000000000e+00 0.00000000000000e+00 0.00000000000000e+00 0.00000000000000e+00 
6.58313410191616e+02 2.53674639031185e+02 2.53364414774134e+02 1.67708795930450e+20 1.45789206573245e+19 8.05176868812928e+16 4.54163387186630e+15 3.57347061387086e+15 4.43856037906696e+19 9.53431104870971e+15 6.69332764288893e+12 4.03078422602100e+14 6.32318940961870e+16 3.99072927311214e+11 0.00000000000000e+00 0.00000000000000e+00 0.00000000000000e+00 0.00000000000000e+00 0.00000000000000e+00 0.00000000000000e+00 0.00000000000000e+00 
7.58313410191616e+02 2.53674639031182e+02 2.53364414774137e+02 1.67708795930780e+20 1.45789206574755e+19 8.05176868818367e+16 4.54163387187550e+15 3.57347061635258e+15 4.43856037904775e+19 9.53431104870287e+15 6.69332764269092e+12 4.03078419629428e+14 6.32318938278566e+16 3.99072927308874e+11 0.00000000000000e+00 0.00000000000000e+00 0.00000000000000e+00 0.00000000000000e+00 0.00000000000000e+00 0.00000000000000e+00 0.00000000000000e+00 
8.58313410191616e+02 2.53674639031186e+02 2.53364414774136e+02 1.67708795930361e+20 1.45789206572916e+19 8.05176868811676e+16 4.54163387186374e+15 3.57347061336385e+15 4.43856037907036e+19 9.53431104870982e+15 6.69332764293001e+12 4.03078423208924e+14 6.32318941515219e+16 3.99072927311504e+11 0.00000000000000e+00 0.00000000000000e+00 0.00000000000000e+00 0.00000000000000e+00 0.00000000000000e+00 0.00000000000000e+00 0.00000000000000e+00 
9.58313410191616e+02 2.53674639031183e+02 2.53364414774138e+02 1.67708795930649e+20 1.45789206574219e+19 8.05176868816383e+16 4.54163387187175e+15 3.57347061549746e+15 4.43856037905391e+19 9.53431104870417e+15 6.69332764275924e+12 4.03078420652943e+14 6.32318939205003e+16 3.99072927309548e+11 0.00000000000000e+00 0.00000000000000e+00 0.00000000000000e+00 0.00000000000000e+00 0.00000000000000e+00 0.00000000000000e+00 0.00000000000000e+00 
1.00000000000000e+03 2.53674639031184e+02 2.53364414774136e+02 1.67708795930518e+20 1.45789206573658e+19 8.05176868814335e+16 4.54163387186808e+15 3.57347061458811e+15 4.43856037906070e+19 9.53431104870612e+15 6.69332764283193e+12 4.03078421742495e+14 6.32318940187512e+16 3.99072927310333e+11 0.00000000000000e+00 0.00000000000000e+00 0.00000000000000e+00 0.00000000000000e+00 0.00000000000000e+00 0.00000000000000e+00 0.00000000000000e+00 
