% # columns="iteration, evaluation, sigma, max axis length,  min axis length, all principal axes lengths  (sorted square roots of eigenvalues of C)", seed=405312, Mon Aug  4 13:22:42 2025
1 32 0.4521257373900816 1.000046154911259 1.0 1.0 1.0000038461612426 1.000007692337278 1.0000115385281068 1.0000153847337283 1.0000192309541431 1.000023077189351 1.0000269234393524 1.0000307697041468 1.0000346159837348 1.000038462278116 1.0000423085872907 1.000046154911259
2 64 0.42380535207956316 1.0794179804839745 0.9033099617900848 0.9033099617900848 0.9358785854308085 0.941122336619058 0.9679087552320641 0.9848454111721939 0.9877171353688738 0.992223382389353 1.0085202577714047 1.0091508581328785 1.0162145373433376 1.0332512648623704 1.067353828732638 1.0794179804839745
3 96 0.44423691546142874 1.1558683500059477 0.8669681731122753 0.8669681731122753 0.8866770916875771 0.9264677860884841 0.9350441840501562 0.9519585006689771 0.9800361962473534 0.9990147479968055 1.012489564720672 1.0287660275411348 1.0391658136494386 1.062281721146711 1.0822165930004968 1.1558683500059477
4 128 0.45313834485841 1.2174559856145486 0.8370858719779907 0.8370858719779907 0.8475220610989508 0.9039094030443995 0.9359998492987707 0.9393872499349695 0.9447793582351481 0.9688857859102892 1.0007183824355248 1.0178668542921427 1.0286940506561295 1.1076022600006374 1.1435002797762726 1.2174559856145486
5 160 0.4316866660131378 1.25955833377347 0.8349760182176331 0.8349760182176331 0.8469838842948881 0.8704545194990324 0.8897184614827459 0.9096208399114678 0.9307892966652033 0.9467044095075086 1.0062922885807029 1.056779281552255 1.0744337549370984 1.1075273895078215 1.204107443256407 1.25955833377347
6 192 0.40141369328422344 1.3264156619475758 0.8141033919545949 0.8141033919545949 0.8168048931674026 0.8613048840178317 0.8700384955178883 0.9148459680069418 0.9476329364394517 0.9598703367468657 0.991611935323589 1.0546305363751176 1.0871912633660772 1.0927227063025284 1.2091844301818586 1.3264156619475758
7 224 0.41446603561734874 1.3583812612591772 0.788407284266769 0.788407284266769 0.8101434491071072 0.8339399395708847 0.8752363697521127 0.9068760842578107 0.9397392043062583 0.9509190862360908 0.9949157138788606 1.028732717940289 1.0785869394488268 1.108833076516269 1.2120591223238573 1.3583812612591772
8 256 0.37679426859989495 1.3432213517251494 0.7687424175610338 0.7687424175610338 0.787460961484557 0.8214169408021468 0.8529263721548821 0.8873516924646303 0.9388382487809482 0.9628713385057638 0.9893176092004703 1.0263572269387318 1.1172514878913242 1.1725292100185054 1.213959255437222 1.3432213517251494
9 288 0.3488221575810765 1.3292354137520788 0.751434187479791 0.751434187479791 0.7885448341605841 0.7962305396658842 0.8592566180524194 0.8870281362204657 0.9317212765270526 0.9365266901168955 0.9835520991822552 1.032348647413187 1.1003292027165001 1.184557018362565 1.2343607948850297 1.3292354137520788
10 320 0.3413555114400928 1.3080353507902025 0.7313741015036875 0.7313741015036875 0.748423476366171 0.7761284417825618 0.8438699768292259 0.8624602794845616 0.9105823663745288 0.948021787091122 0.9935003005528303 1.0247592560786687 1.123308716706707 1.1838392186610696 1.219608684895207 1.3080353507902025
11 352 0.3271301461690865 1.3148592597201814 0.7060176173705813 0.7060176173705813 0.7316357007415357 0.7532894720292171 0.8211233555862624 0.8502198349991199 0.9051585098055954 0.9444791621738555 1.004582447016462 1.0229419669740918 1.1456365943770275 1.1737640639664355 1.214317794235866 1.3148592597201814
12 384 0.33496533098607856 1.278168661650389 0.6965204176947792 0.6965204176947792 0.7229301253336483 0.7394484108613323 0.8234861930744246 0.8466197282187463 0.9051393576169078 0.9524273829766141 0.9932370565780466 1.009366968086208 1.1439667342224777 1.1688434091438884 1.2259279006772354 1.278168661650389
13 416 0.3236691954179313 1.2933505944296466 0.6833501230174203 0.6833501230174203 0.7238159340324898 0.736290837242985 0.8089330744329999 0.8161153400466377 0.8803130571082911 0.9603525297389587 0.9676096400305747 1.0141712532070162 1.154220745759867 1.2037804069163043 1.21697426882711 1.2933505944296466
14 448 0.30743558416247174 1.328442238375071 0.6723936517661835 0.6723936517661835 0.6939791344976249 0.7184403783986067 0.8055403656676411 0.8284602608059413 0.8681848307512673 0.9314245030261409 0.9808835744661096 0.9929305742581204 1.133024125970404 1.1805934419551862 1.2619121710743133 1.328442238375071
15 480 0.27892695349042473 1.3441676085244734 0.6642033935184215 0.6642033935184215 0.6724252779959156 0.7048806187058919 0.79149594319244 0.8469093648040218 0.8750928332665686 0.8994220944400442 0.997538608829432 1.008484444856967 1.0953981456204427 1.173820257279894 1.2293408231239333 1.3441676085244734
16 512 0.2748917204019304 1.321187373092698 0.6453620943911424 0.6453620943911424 0.6576562917475179 0.6958274007398988 0.7848104501818234 0.8311503242229458 0.8636432843115105 0.8841096612355921 0.980585845187804 1.01387105776978 1.0829308867931386 1.1451043978812203 1.252181592420394 1.321187373092698
17 544 0.27248341138468557 1.3463353695210252 0.6201973848050307 0.6201973848050307 0.6336761828163388 0.6796425179529323 0.7663123833033245 0.8152108704285979 0.8476587817676234 0.8718763771302486 0.9889563078766723 1.053772866652968 1.0769099750532687 1.1263135182964628 1.277455467488259 1.3463353695210252
18 576 0.2654723969701778 1.350667937843619 0.5920927648306723 0.5920927648306723 0.631615821821058 0.6689205862923542 0.7467434697864433 0.8236646076181314 0.8414564505498524 0.862921910451082 0.9591828670367325 1.0561935303493595 1.08711529765447 1.1674341578295089 1.2967394696874284 1.350667937843619
19 608 0.2750521843634378 1.3297264605632084 0.5793850638513882 0.5793850638513882 0.6174267469809446 0.6448452234000996 0.7354797106172651 0.8011857611334282 0.821995337535894 0.8655166333882031 0.973880097520335 1.0495473569858498 1.0879393975794567 1.161682164945407 1.2777914580534435 1.3297264605632084
20 640 0.2847007915913316 1.3628246170304552 0.563003495570248 0.563003495570248 0.592320964198572 0.6532454272248116 0.7237353737290066 0.799439283883493 0.8182916579424828 0.9013191185711393 0.9762299956310452 1.0290513803108885 1.1318404526128314 1.1909132297922904 1.267409809011685 1.3628246170304552
21 672 0.31246892119761965 1.3573077841554306 0.5288912574863089 0.5288912574863089 0.5850033675127638 0.6619137761294234 0.7278582929109575 0.7850018005649475 0.8101938419096572 0.9427638112934147 0.9631230973456085 1.0341255678002093 1.1259151315794877 1.1721414779286243 1.243193693270166 1.3573077841554306
22 704 0.31863241946287896 1.3893972766309948 0.4888431479657268 0.4888431479657268 0.5603490893093741 0.6566878577392341 0.7264536446369403 0.7738787278060681 0.8023221488125244 0.949258454697709 0.975556596713056 1.1014375921895119 1.1406554987989423 1.1815969582292027 1.2380781234218312 1.3893972766309948
23 736 0.3009129488835433 1.3818509896824296 0.47634568124760784 0.47634568124760784 0.5317722558335971 0.6436958462685634 0.7001998297195484 0.7744516619869521 0.817971237664736 0.9415425267567594 0.9927368136397857 1.0889577919763755 1.1465425965894014 1.2026395252979825 1.2346692697482096 1.3818509896824296
24 768 0.2830063380461007 1.365890408239098 0.4509982413255793 0.4509982413255793 0.49750021524186583 0.6252342477898923 0.715061742182976 0.7642365632033525 0.8455496620717091 0.9167418319101321 0.9853535933360421 1.080656161459271 1.1533444503392503 1.2123786236999365 1.24053776270095 1.365890408239098
25 800 0.25518388757112687 1.3754454282416277 0.43376986153210173 0.43376986153210173 0.462815975658102 0.6155840957415938 0.7045808391601759 0.7444772405851758 0.843057263559223 0.909977582284339 0.9856270302517758 1.0860079203867026 1.1771707157361564 1.2071018711074348 1.2578624409283794 1.3754454282416277
26 832 0.22019378884509047 1.3434030499853276 0.4136584115408204 0.4136584115408204 0.44938981078098345 0.6014437882749426 0.6936703929055787 0.7326167358320544 0.8321449912444787 0.8895750162650621 1.0097327059332457 1.0684231375282245 1.1508909076210727 1.2156178196187608 1.2607372720388699 1.3434030499853276
27 864 0.21295756271316982 1.3635712225967538 0.38992950884728433 0.38992950884728433 0.4269684084927795 0.5957069935301941 0.6825744184112092 0.7240621072803701 0.8412384279439282 0.9084300619886336 0.9934175408339357 1.0541904090332614 1.1284540736282813 1.2093858306239755 1.2760650541944247 1.3635712225967538
28 896 0.19170043416787538 1.3597485983725164 0.3610116642738213 0.3610116642738213 0.39660534601818515 0.5936924997571689 0.6833397186408244 0.726458860447298 0.8298063674106747 0.9011743172333021 0.9867597550114644 1.0412740541749124 1.183843486521784 1.2206716515888858 1.31799517524019 1.3597485983725164
29 928 0.19615564506361455 1.3830094148703054 0.328509948165039 0.328509948165039 0.3922603250210738 0.5942910713738304 0.6849193824036038 0.7329990431715129 0.8146679119298986 0.8917788005154297 0.9931803292260519 1.0435084825759036 1.1836781358912956 1.2147591689136898 1.3113546219097676 1.3830094148703054
30 960 0.18014103344356297 1.3919843440812585 0.30439493199495604 0.30439493199495604 0.391092995690116 0.6128474461441793 0.7107817821875214 0.7156878590945748 0.8116578322294844 0.8940711956847189 0.9906753759599376 1.0091844258325988 1.1641532556011902 1.2183998837574872 1.282267801894802 1.3919843440812585
31 992 0.1700784149574751 1.3698895166053842 0.2671571702163339 0.2671571702163339 0.37955500610920434 0.6213761999877884 0.6990559116296753 0.7591019919226014 0.8135678764354153 0.8990011508714669 0.9546191643880668 1.0624546670905781 1.1751056481485873 1.2251558681688668 1.3069739344117561 1.3698895166053842
32 1024 0.15730382151635824 1.4135417540172905 0.2556040405096709 0.2556040405096709 0.3656316243693978 0.6145932993908169 0.6878835253455533 0.7543833445029726 0.8004944046212911 0.9047501981227409 0.9508171188975651 1.0349948377582383 1.1970561576764902 1.20696156322052 1.332503335604786 1.4135417540172905
33 1056 0.15093757424011278 1.449578831049771 0.23502177691347872 0.23502177691347872 0.3467603846683556 0.5968510263885793 0.6779690975756547 0.7476796439663205 0.8148059291733996 0.8808129152170276 0.9588670161525669 1.0211700497525058 1.1893174249689662 1.2194800675601243 1.3193239332941316 1.449578831049771
34 1088 0.14837906014247335 1.4513671469249378 0.21881161863384196 0.21881161863384196 0.3202943963165233 0.6026840780670011 0.6670087176677022 0.7589656643249238 0.8255656625577683 0.8829243456327635 0.9884251991140761 1.088747594899587 1.171982922143652 1.2168176588534567 1.4102239173449722 1.4513671469249378
35 1120 0.13472507432702582 1.490924931176202 0.19907063574216882 0.19907063574216882 0.3033045175236183 0.6007595454091593 0.6589327939696343 0.7494602516300438 0.8433777094289325 0.8758118947541088 0.9842104647067625 1.0930841289751 1.1736406999538205 1.2033884572650242 1.4109836807595533 1.490924931176202
36 1152 0.14349102764939298 1.4944391932622996 0.17574316235833906 0.17574316235833906 0.28845467089208643 0.5981643873904524 0.6498170074816739 0.7669906082336108 0.8465123006048394 0.8799355245494088 0.9680272115087857 1.1101715115573352 1.1598453636403063 1.224214725048123 1.3985748965357414 1.4944391932622996
37 1184 0.15456869608041418 1.4708314346710267 0.16253564568118029 0.16253564568118029 0.2732511570703529 0.6129352779301152 0.6391111971217076 0.7588221749102261 0.8560320734219219 0.8654755006830932 0.989386109956138 1.1317597626214675 1.1620453229890189 1.204614956871449 1.369448334715174 1.4708314346710267
38 1216 0.16638676648583528 1.5066394624796728 0.14756224749783645 0.14756224749783645 0.2653358107336804 0.6172831414239099 0.638945719338228 0.7460094345575209 0.8579398464659398 0.8687449363209754 0.9988203326864565 1.101171636052171 1.1585713667335416 1.1938092745727826 1.3818969208291454 1.5066394624796728
39 1248 0.1737958332541287 1.523848551839178 0.1376468120360171 0.1376468120360171 0.25529731910977366 0.6071932334023048 0.6176127093922946 0.7502341872387737 0.8513043090251486 0.8919832881170172 1.0126244050418411 1.0839198542132318 1.1772036977180513 1.2314484180309209 1.3889551995464888 1.523848551839178
40 1280 0.18158447604470032 1.5290393732818268 0.13080899133758853 0.13080899133758853 0.24013678125977864 0.6199359040851375 0.6496974232993887 0.7537423754266177 0.837045300061315 0.898095241271174 0.9591208109159646 1.0849825851351478 1.2019519226978355 1.2445610464256895 1.3936933935765798 1.5290393732818268
41 1312 0.18319031544890213 1.6183978292570924 0.12735035612883733 0.12735035612883733 0.2304889027198315 0.6125663859183303 0.6467933917790069 0.7512466600399972 0.85622372244987 0.891912354194397 0.9678221267349711 1.0911720585217388 1.1777927005493614 1.192796307626622 1.3906406984289412 1.6183978292570924
42 1344 0.18367691196685584 1.6728697121455696 0.1203617065167228 0.1203617065167228 0.23147469856837843 0.6187294044221204 0.6378525404680436 0.7444083598909507 0.8536996840401689 0.8666820951667144 0.9732811758954665 1.053128772044467 1.1685365432366073 1.1926168159239288 1.3957681214965536 1.6728697121455696
43 1376 0.16267444222958488 1.7083114113878073 0.11697575630178074 0.11697575630178074 0.2365183248299399 0.6153450647883043 0.6569179171537625 0.7551893766463239 0.8378405521403722 0.8538144604697797 0.9516385014217764 1.062704567364478 1.1433057335236794 1.1976058039853075 1.4153428059090607 1.7083114113878073
44 1408 0.1556026947145142 1.70633904950234 0.11090364760786109 0.11090364760786109 0.22906091056597622 0.6116828572082821 0.6649066172149217 0.7583850093181128 0.8241630101215561 0.8421420637552564 0.9221562059583507 1.0959132138288477 1.1445917377687687 1.1928478323971858 1.3765741626272783 1.70633904950234
45 1440 0.14515762939750673 1.7320556935299414 0.10109232441091576 0.10109232441091576 0.2279400053460165 0.6056967788905545 0.6628037731525414 0.7663695566101204 0.8036952411411312 0.8443440242319324 0.9047362092769913 1.0763002482939492 1.1273203895631665 1.16306768891703 1.4218021853251086 1.7320556935299414
46 1472 0.14582569306471552 1.7247897810090278 0.09364413624157628 0.09364413624157628 0.2089805233290562 0.6119905413798794 0.688122708279195 0.7507062281339263 0.7933899399573479 0.8145234677949278 0.9199183335713467 1.1122336167242624 1.1448569702345288 1.1786382618737339 1.4442895271755238 1.7247897810090278
47 1504 0.14818374125662706 1.7686336885408407 0.08718687443248566 0.08718687443248566 0.2020034935466833 0.6034312664684067 0.6651594890459228 0.7664434902629738 0.8123569323420193 0.8332673862291363 0.9068762989374638 1.1000261863153697 1.106371538129664 1.1893048229348664 1.4486069545640763 1.7686336885408407
48 1536 0.14475324559316563 1.7461039728570602 0.08316719682831897 0.08316719682831897 0.19691154015916856 0.6042679325245585 0.6612425311357731 0.7485653397571308 0.8136346286078653 0.825039959023351 0.9054637856316401 1.0844145347356182 1.1151957616088743 1.1676598133801923 1.5148297515648517 1.7461039728570602
49 1568 0.13039016804505882 1.7403957339325318 0.08045594023508382 0.08045594023508382 0.18764070491691287 0.5993207295639387 0.666938496137999 0.7162911584261115 0.8043969433663769 0.8375614305191519 0.9092905763050078 1.080975659595485 1.0876291687884223 1.1876455664388939 1.513126907858435 1.7403957339325318
50 1600 0.12443222352317404 1.7165777044042665 0.0743715380116441 0.0743715380116441 0.18213508438124976 0.6075773183598591 0.6778435942139447 0.7063098280496241 0.7939801524975165 0.8430817907306227 0.8881211441143911 1.058310980922959 1.1184284909836069 1.1739757130581492 1.5261661094356194 1.7165777044042665
51 1632 0.12300592031694974 1.7636631767151196 0.0718538527980529 0.0718538527980529 0.1781798399847265 0.6217014870300606 0.6814584878865428 0.6902872613306263 0.7694575208768302 0.8477670874281731 0.8938992275414295 1.0380614630883542 1.101698970440411 1.1777175080679307 1.4632028827067431 1.7636631767151196
52 1664 0.11516260247358605 1.7373103157794338 0.0692674542181426 0.0692674542181426 0.17933996253800322 0.6114408397987817 0.6770613458203155 0.6859895035554725 0.7539299152045285 0.8479620632107855 0.8741885137096191 1.0377498236753926 1.0931806109582234 1.1577715451596085 1.4718035980359057 1.7373103157794338
53 1696 0.10920930249611965 1.7118194367197883 0.06695101702927381 0.06695101702927381 0.1722432179195818 0.6011177850576843 0.6644629069837427 0.691966310969523 0.7673640584766156 0.8210922350437657 0.8724469999127266 1.0248822585788044 1.1103461729866617 1.1363261695992124 1.4277957172407083 1.7118194367197883
54 1728 0.09624220557232127 1.6707404101308567 0.06333752591713072 0.06333752591713072 0.16836106817755644 0.6056509614740301 0.645738667934267 0.683065676388756 0.7684705709283255 0.7895896421128222 0.8567827261115027 0.979160866573475 1.1230098940600983 1.1784578331172555 1.4218860040501322 1.6707404101308567
55 1760 0.09498909901399252 1.6561000041197775 0.05917608814878786 0.05917608814878786 0.16105980221786978 0.6020075810238313 0.6480051023668632 0.6667779039781814 0.7499220122780912 0.7565143056983378 0.8630912140417544 0.9877712859388931 1.1409777980818199 1.2167012157455865 1.410320332021044 1.6561000041197775
56 1792 0.08418727332420724 1.6605233284480765 0.05588276727224452 0.05588276727224452 0.16044456963238576 0.6060523790166806 0.6349853432807158 0.6762721615463712 0.7487512943508866 0.7550443618210796 0.8335943248881439 0.9726713660755211 1.1161143436129453 1.2444367959991456 1.393098710254885 1.6605233284480765
57 1824 0.077681588883129 1.6565430571914332 0.05439740293275568 0.05439740293275568 0.1537075600901826 0.597729778737884 0.6169142512629062 0.6693068389618879 0.7346831538131937 0.7645808900020977 0.8547485741995969 0.9909279666976232 1.1126917688488955 1.2423022126750423 1.3284654017288502 1.6565430571914332
58 1856 0.07314232745443955 1.6568682319139685 0.053876392835096584 0.053876392835096584 0.15285894735722283 0.5700673087700119 0.6213090091331901 0.6528835084151151 0.7164685134628201 0.7453086106125674 0.8512861956206177 0.9834669395459221 1.0843339427517407 1.2490648413308998 1.2982567798072167 1.6568682319139685
59 1888 0.07103290216559942 1.6321822832488404 0.05074225773598395 0.05074225773598395 0.14972974413064216 0.5611844690832498 0.6177318214662383 0.6664816416050728 0.6954570458653413 0.7529482524869301 0.8439267444587896 0.9688719685663788 1.0669910718397515 1.2626905444719267 1.3042455009983043 1.6321822832488404
60 1920 0.07321719881742984 1.6262701067635514 0.049802094767206304 0.049802094767206304 0.14274451875599733 0.5189533879127635 0.6093667379935079 0.661940388088747 0.6961270722556616 0.7580347806442232 0.8502803511792484 0.9273664581791282 1.0877205447146656 1.234087079237271 1.3258072604617734 1.6262701067635514
61 1952 0.06913078900011665 1.6887854882329718 0.0478068663463077 0.0478068663463077 0.1341354493262103 0.49171837466691765 0.6076905412871205 0.6755532168229947 0.7080896884078561 0.7709230888490217 0.8727128373317536 0.9117856565864895 1.1113469807689913 1.2279294675562913 1.342930973322271 1.6887854882329718
62 1984 0.06597962091662142 1.7200406300662845 0.046831303724711094 0.046831303724711094 0.12920477690847806 0.46821668863952687 0.6028556619473425 0.6788986679058955 0.6941907018066976 0.7622308419997871 0.8604914728202859 0.9253007434873282 1.1317487493859115 1.2002452473025165 1.3363321417638119 1.7200406300662845
63 2016 0.06095047308903288 1.6621629415318897 0.046401860179362625 0.046401860179362625 0.12548340528579757 0.45347242178692854 0.5911656166974524 0.6702941742306558 0.6815948906646205 0.7503511908794707 0.8614419855611329 0.9160791344547424 1.1322957430948986 1.197121257013543 1.316819862961075 1.6621629415318897
64 2048 0.05514770990165555 1.6534162268692443 0.04407682079202011 0.04407682079202011 0.1257424331263608 0.4381372470040578 0.6004925148081454 0.6258829047545796 0.6776390709045349 0.7503857190421547 0.8652208541779818 0.9064177725671307 1.1168488337253435 1.224889812586066 1.3053275366798553 1.6534162268692443
65 2080 0.053558558078161844 1.6925082216283005 0.044503350363098736 0.044503350363098736 0.1206678100340131 0.42284993017725336 0.595174884237788 0.6256218374223818 0.681150708542424 0.7348690354087586 0.8219441337137093 0.8922082441875206 1.1026807447852236 1.2082408799079434 1.36134329380411 1.6925082216283005
66 2112 0.053663855938257676 1.648176196378058 0.04357325450443202 0.04357325450443202 0.11712916548446077 0.39361559422932546 0.5930303756855709 0.6154138397256977 0.6974951496526777 0.7189877359064947 0.841676890645471 0.9499910689777087 1.1036544025266937 1.1939808138735053 1.3642212073638955 1.648176196378058
67 2144 0.05466256810436433 1.6618044672047354 0.04136256536983542 0.04136256536983542 0.11303020772286734 0.37708214527739764 0.5756392090420815 0.6137529700121491 0.6853998272374954 0.711615594872522 0.8633965587481087 0.9440406596555618 1.0937753409107065 1.2029957458167528 1.3189518340301074 1.6618044672047354
68 2176 0.058516599166274906 1.6611036469837575 0.03938508965050532 0.03938508965050532 0.109692199694773 0.36263017229905287 0.5540866410174681 0.6145932865473915 0.6926314688527487 0.7140042019237742 0.8638365087608907 0.9504622409835559 1.1057548872144176 1.2763091916460887 1.3360714628020909 1.6611036469837575
69 2208 0.062201542703772844 1.6533502088277925 0.038115737875953515 0.038115737875953515 0.10827044197905449 0.3408129847692677 0.5447132955901056 0.6026958221933543 0.684473075356739 0.7093878465224658 0.8551398111361911 0.9795333372093832 1.1225662801164153 1.239930460784332 1.3628689932192055 1.6533502088277925
70 2240 0.05664248319177169 1.6474146432845067 0.03730136300877154 0.03730136300877154 0.10097335714599735 0.323912395952415 0.5267740347469979 0.6163543654828624 0.6827425385445685 0.7214621204067234 0.842962973921232 0.9775472163255512 1.0607017465459814 1.2702185924135267 1.445424289769342 1.6474146432845067
71 2272 0.056654703122353205 1.644687043678724 0.03589746922630519 0.03589746922630519 0.09380235829071414 0.3144972425236266 0.5061209237078376 0.6091885340773091 0.6819082741990291 0.715827662388603 0.8330037405194425 0.9630459058353783 1.0858062474159185 1.2698633149231007 1.4552522437505084 1.644687043678724
72 2304 0.05818985186025143 1.6815929316438847 0.03457137778297604 0.03457137778297604 0.09422228354513612 0.3015075552559573 0.49455342945361397 0.5968149731313674 0.6736811130149115 0.7204372454547541 0.8395416146616627 0.9767721361823909 1.0796169839751069 1.2744845200687662 1.4248841399966161 1.6815929316438847
73 2336 0.05980597524294657 1.7146169048482718 0.03281756369299691 0.03281756369299691 0.09072100152022668 0.29721341712007987 0.47821219286786054 0.6016867166680131 0.6611504447243196 0.7113996330728811 0.8392026069128771 0.9740715008081325 1.1096965178616982 1.306443843013797 1.430195341974289 1.7146169048482718
74 2368 0.06065375302717562 1.740813514963901 0.031538357774059216 0.031538357774059216 0.08445213282185321 0.2895028696707637 0.452810423602474 0.6117783586651221 0.6665393802924192 0.7030183078689048 0.8665516678420242 0.9886057589532501 1.0948688993085822 1.3184428902788639 1.4788349439096498 1.740813514963901
75 2400 0.06614786131083926 1.7577686287507834 0.030079729875620097 0.030079729875620097 0.08072807212245539 0.280863948387761 0.4390428292429346 0.6182917472914153 0.6791968675258212 0.7048045534732947 0.8547910751993977 1.0285809880846601 1.1030892118004332 1.3336627414186981 1.4613956137499255 1.7577686287507834
76 2432 0.06522499751714421 1.795659076266671 0.029689942700243353 0.029689942700243353 0.07658672760105001 0.2760719489061789 0.4318448451336329 0.5993877358690208 0.6749337424559757 0.6937550342179387 0.8454882145291314 1.0496962465504764 1.0952307930938086 1.371324384719599 1.5405288651303206 1.795659076266671
77 2464 0.06641527302099035 1.8666292056977234 0.028436474915065693 0.028436474915065693 0.07028361140608097 0.27276790378610416 0.4111972479857742 0.5989294191103001 0.6553796895660203 0.6949038032870646 0.8368420142246953 1.0275179848366676 1.1170731984839957 1.462355523283379 1.5205212208602892 1.8666292056977234
78 2496 0.07168443471449414 1.9862573483125314 0.026747345731412877 0.026747345731412877 0.068183034525586 0.2589584627886913 0.39860596965478934 0.5922398838545523 0.6499886943722133 0.6724251473583385 0.8393747744425016 1.0168795337479783 1.1201258947637585 1.4727578626099094 1.5443526784083594 1.9862573483125314
79 2528 0.0704567383527657 2.1438955787150293 0.026394888351234807 0.026394888351234807 0.0678448267081057 0.25013537845312694 0.3886307188715732 0.6133473703619643 0.6312510556723303 0.6838936052712236 0.8341259526016259 1.0104929823782214 1.1219605832140476 1.466555079344096 1.5451427302646752 2.1438955787150293
80 2560 0.07354202058140082 2.126555210979466 0.025303023558878774 0.025303023558878774 0.06522713174362464 0.24831885338426418 0.379325756272196 0.6076759523297881 0.6239915924743071 0.6664319738661748 0.8325567029199259 0.9974975034351414 1.1154264778213827 1.4375473062961608 1.545475865066808 2.126555210979466
81 2592 0.07482438476079163 2.2634970215185817 0.025062254442848604 0.025062254442848604 0.061551163274979434 0.24223850718645856 0.3673066645171531 0.600532635825241 0.6135472195117435 0.6617714104143068 0.8301615104655131 0.9792897909869258 1.0809777109117207 1.4324091338735054 1.5456416616230952 2.2634970215185817
82 2624 0.08001764326815332 2.4047921351213724 0.023529366210979553 0.023529366210979553 0.06018530717219372 0.23735386219893928 0.34773033410048976 0.5983253507339554 0.5999659826385413 0.6713464128697053 0.8423232928237077 0.9949828056781762 1.0860597706753248 1.4310037888720522 1.531219235874024 2.4047921351213724
83 2656 0.09543463328899457 2.5070423361693983 0.02206744147043804 0.02206744147043804 0.05601024087433027 0.2298430848597432 0.3379186920402303 0.5959650774527924 0.602304277434496 0.6824467796210298 0.8732975831205533 1.0011210498189098 1.0865658615638476 1.4197933727343883 1.496759547997734 2.5070423361693983
84 2688 0.1156778984177375 2.666853788953698 0.0209006047783382 0.0209006047783382 0.05393007756473764 0.22352941777261456 0.32606594450726867 0.5887442001771069 0.6007355663643749 0.6842864476640713 0.8578491039435762 1.0355164457420918 1.1028178351648776 1.4511397384912479 1.489878816172678 2.666853788953698
85 2720 0.1272229276924206 2.8200570336550976 0.019614500815385585 0.019614500815385585 0.05297851724947538 0.22115419376610318 0.31500482004297947 0.5750726781655231 0.5884512108876282 0.6851664939869865 0.8489633509177742 1.0287559469371585 1.1180483198901416 1.4178348495435211 1.528061135261111 2.8200570336550976
86 2752 0.13604154454566741 2.825409573304558 0.018996926318507537 0.018996926318507537 0.04943996934202429 0.2150858619027019 0.30253291860616593 0.572061476137356 0.5891132822374328 0.6939115783656005 0.8566432963584035 1.0301094318682682 1.1604582027800514 1.4315330157547324 1.5325682914036822 2.825409573304558
87 2784 0.14323073706481376 2.8461862305975005 0.018392726520982925 0.018392726520982925 0.04896309752217305 0.21424177476061532 0.28151657631247623 0.5758920343679518 0.6137791075955411 0.6868577800362027 0.8464126979638831 1.019319213727902 1.1495881334318079 1.4215854828947985 1.5127872711397992 2.8461862305975005
88 2816 0.15489808683412898 2.9742488759150363 0.017138147580639376 0.017138147580639376 0.04614985816545251 0.20274899079250658 0.2792775510147554 0.5808822084444202 0.6111702696241194 0.6800026591217033 0.8379871580422913 1.024355344056577 1.145169472169035 1.4145001883826764 1.5826815214334355 2.9742488759150363
89 2848 0.16023159491894712 2.9927548350245368 0.016158413039884717 0.016158413039884717 0.043327080814169 0.20332074012642196 0.2756009184694559 0.5601225144777868 0.6035332435505482 0.6988841803954271 0.8411807654227861 1.06138950759393 1.1688215721014767 1.4156349522270166 1.5553620936466057 2.9927548350245368
90 2880 0.17823086115969464 3.015271475048573 0.014988174550681854 0.014988174550681854 0.0423544371884578 0.19847819799867195 0.2723702384216406 0.5561601328590005 0.5995261988880419 0.6878483747789736 0.8296491233054996 1.0913361203842302 1.1795390867387348 1.387312272324291 1.5730531720155396 3.015271475048573
91 2912 0.16658916381512204 3.0625216582966432 0.014167522025458477 0.014167522025458477 0.040174317602923525 0.19259214656036994 0.26757869304806864 0.5523102358505553 0.5930342584018361 0.6920431281380867 0.8593688985214978 1.0757975827321644 1.2198938586096018 1.3906771400429823 1.5384366843606037 3.0625216582966432
92 2944 0.1649203537892305 3.0048574262321797 0.01356578720812649 0.01356578720812649 0.03898563069126156 0.1879803304860166 0.26435618263053295 0.5393310232716109 0.6021619887131907 0.6832099120670606 0.8572156111704662 1.1036806802288783 1.2217091360399857 1.383466571791976 1.5807295709503764 3.0048574262321797
93 2976 0.16741397834514202 2.93943801150937 0.013077690917777635 0.013077690917777635 0.037734581528877285 0.18252458114477993 0.2526094236279879 0.5407065692476759 0.6140325118622155 0.6776389322304346 0.8493303190624252 1.1174120960204161 1.265752961343954 1.3848389697566887 1.672178740089107 2.93943801150937
94 3008 0.16299643381046175 2.843815111245496 0.012502902900332256 0.012502902900332256 0.03724286347577255 0.1766542088230205 0.2487841620013178 0.5370316761155552 0.6256703081283131 0.6870991432609223 0.8506686989764263 1.1227565845792462 1.2447863780039932 1.382605862646368 1.709571002766118 2.843815111245496
95 3040 0.15760975801373564 2.764371790754608 0.012182714102189525 0.012182714102189525 0.03620355811627934 0.17607248654163954 0.2298895204157641 0.5397343251522722 0.6160732851114963 0.6893296370023836 0.8516485408363575 1.128653553440892 1.2883165632912057 1.3860604746364449 1.685488082368453 2.764371790754608
96 3072 0.14502880608250787 2.76442298643935 0.011908444532529382 0.011908444532529382 0.03522840244749607 0.1713380654904086 0.21091529910735365 0.5352557523102955 0.6062478996154687 0.6919142188007102 0.8330295880047076 1.085389319087079 1.2950102446818748 1.3886045964180087 1.751761176608951 2.76442298643935
97 3104 0.14644111939219354 2.6954946645531397 0.011284129297396086 0.011284129297396086 0.0346168144721162 0.16713582920274672 0.20365578854026722 0.5328744994109749 0.624327105521277 0.6829409685051525 0.839279040454765 1.0687782307696199 1.2666568230555721 1.3998608077607801 1.763344521575619 2.6954946645531397
98 3136 0.14952464992299805 2.554344616850587 0.011135433745412475 0.011135433745412475 0.03355731921771076 0.16035060219989383 0.20233072965296664 0.5267479647524836 0.6096573458631502 0.6790382772703579 0.827772996996632 1.0782561932873587 1.288809511161062 1.4271588658026695 1.7521109932487695 2.554344616850587
99 3168 0.14562966687019488 2.481215130681422 0.010651256010626544 0.010651256010626544 0.03257472927315101 0.157991568395774 0.19634676758685082 0.5397580877935502 0.6025736701914299 0.6820958760430159 0.8156388865242776 1.0677467919252872 1.3100810861715027 1.4535094643313529 1.7567873991127487 2.481215130681422
100 3200 0.1439640377622463 2.430508301440891 0.010297032334839333 0.010297032334839333 0.031832310713646415 0.15724196961224216 0.18708835580701955 0.5348511371064055 0.5898185180317286 0.6731794880423341 0.8028980486698832 1.0597956357507985 1.3308244526916078 1.4529127828496182 1.7939448211312203 2.430508301440891
101 3232 0.14185449860650204 2.341497002304309 0.00998620180734029 0.00998620180734029 0.03054945600046853 0.15482980672169272 0.18354844611701615 0.528757437393275 0.5956261653713885 0.6711852545668351 0.7747971575794561 1.0832215199720818 1.313023174526671 1.4934903391119023 1.8109878878774208 2.341497002304309
102 3264 0.13206107023894811 2.178393202971915 0.009883035842207802 0.009883035842207802 0.029245315915996654 0.15495693613200442 0.17609804609765428 0.5417921338548654 0.6056611978769095 0.66942023117372 0.7634810073320693 1.0703300012180115 1.317543110372542 1.5138640573301485 1.8221374852685723 2.178393202971915
103 3296 0.12127865524923347 2.182599291746766 0.009729397307280212 0.009729397307280212 0.027976343878806556 0.1503900108304262 0.16862612428479035 0.5407949161518234 0.5984063431511627 0.6518064956440396 0.7558044825326387 1.09173511615381 1.3414739033626142 1.518847561923106 1.8423111889339918 2.182599291746766
104 3328 0.11336594538082766 2.1263081045237717 0.009396070392475482 0.009396070392475482 0.027504426544929655 0.14697360178688348 0.1654829421838632 0.5361861017980707 0.5824346450009817 0.6317940830072982 0.7341430504554299 1.0829090994966095 1.3550896415359912 1.4838922993088521 1.8265714328445526 2.1263081045237717
105 3360 0.10371924646190357 2.0681614416139413 0.009093360040248006 0.009093360040248006 0.026236651931898523 0.1431333584085241 0.1581241033580711 0.5398121999290292 0.5714405170597586 0.6329590008094679 0.7387550254769762 1.0905692223718335 1.3224688196477332 1.4637950160742077 1.7910993240914654 2.0681614416139413
106 3392 0.0990317157340859 2.003710030399961 0.00871547543427001 0.00871547543427001 0.025695464358413366 0.13666624835273855 0.1558412004200549 0.5436391964628217 0.5721868269075854 0.6122426195904954 0.7382210331989626 1.0828535171981108 1.3146468725306708 1.4383773786616452 1.7705112888989596 2.003710030399961
107 3424 0.08492100224745462 1.9530656158141357 0.008346320475760208 0.008346320475760208 0.024510314737829296 0.13664201138737517 0.15073775360304087 0.5410609525120212 0.5589704434397627 0.6114857429592351 0.7343811011089897 1.0649546321082926 1.297611408246017 1.4203797116016024 1.7439260242559624 1.9530656158141357
108 3456 0.07625683428217078 1.9095671312850842 0.00813568430019741 0.00813568430019741 0.024187310326721705 0.1330676355338741 0.14718101185583715 0.5343951996492793 0.5497191182511467 0.6025095537562057 0.7268914303021783 1.0374219888952705 1.2889848001520576 1.414546377270137 1.7157522350468144 1.9095671312850842
109 3488 0.06917422283773803 1.8783808740445314 0.007845909067007065 0.007845909067007065 0.02333231250917745 0.12858720869141207 0.14454301506317635 0.5430341091584112 0.5494175782963449 0.5939010580098893 0.709628211030267 1.0523031266852727 1.2741968892541682 1.4133715934448983 1.7072925126650706 1.8783808740445314
110 3520 0.06366596611459038 1.8690766371582914 0.007366586762783028 0.007366586762783028 0.022492418422557 0.1260997263303931 0.1422739744384581 0.527549176619816 0.5410317860621785 0.5938559565626877 0.7123432761119625 1.0657020562438555 1.3182528064161232 1.3849037370605901 1.6944998165964762 1.8690766371582914
111 3552 0.06385284447764313 1.8562532870948483 0.007326845735416474 0.007326845735416474 0.021495397179999143 0.12328770489364228 0.13994498394925706 0.5279939696765543 0.5384101754137395 0.5852756993848982 0.7065667356543096 1.0250034046804841 1.2768280480278473 1.369294721664706 1.6989448663788085 1.8562532870948483
112 3584 0.061462114052431106 1.8185814224658727 0.007107724934111032 0.007107724934111032 0.020372009857847248 0.11973902622455858 0.13871059337319272 0.5146628220639673 0.5618441480374058 0.5657235704295537 0.7053295550806936 1.0166483211906658 1.308304263320806 1.3454348974708639 1.6820410378201902 1.8185814224658727
113 3616 0.05511906369170526 1.808555168393305 0.0069187867560021625 0.0069187867560021625 0.01993870484095036 0.11776949878259779 0.13412405610127967 0.50679132406048 0.5434840304900921 0.5655824472208122 0.7221526921578593 1.0388864405107738 1.2947192230222084 1.323549775471561 1.6529665837250611 1.808555168393305
114 3648 0.05151889976626368 1.8586374135949912 0.006611526509944402 0.006611526509944402 0.018810287982682153 0.11727145695798216 0.12944573372441068 0.48930245587745985 0.5454774383786232 0.5541224554217136 0.7125821790224308 1.0378755550055239 1.2736598364869607 1.3307157991651157 1.693011344797417 1.8586374135949912
115 3680 0.050256637478241925 1.8609087539592204 0.0064697224330705 0.0064697224330705 0.018135597279317555 0.11413397851012037 0.1250822519762849 0.47828316890696354 0.5353858433471397 0.5590275208938827 0.6919431499052995 1.0519927803756735 1.2567960676196102 1.3182224878316682 1.6448201555749136 1.8609087539592204
116 3712 0.05374971569537642 1.8117826207644152 0.006357779499396227 0.006357779499396227 0.0172361496037153 0.11342548512735647 0.12231219294741956 0.46880702876582464 0.523356363162311 0.5420693744242654 0.7168844422402795 1.0442971182854102 1.2589003933702765 1.325760839661558 1.647651774230169 1.8117826207644152
117 3744 0.05130521816876713 1.852884665051548 0.006116683279381082 0.006116683279381082 0.017091606070095716 0.11079149882381255 0.11953892096414509 0.4420481332467833 0.5158802805163791 0.5569662000715612 0.7117013032641984 1.0418829828421803 1.2679960338514698 1.3871440859204298 1.6356195659849073 1.852884665051548
118 3776 0.049175373448429156 1.877106329091135 0.005955847260722241 0.005955847260722241 0.01660321273216417 0.10534121460466135 0.11436233045979885 0.43588322928093814 0.5021170504175014 0.5557287777209118 0.7150924443240397 1.0249556437531095 1.2474311337494373 1.4286502931486331 1.6365292573321941 1.877106329091135
119 3808 0.045529414887176364 1.8478848103544419 0.005687507193913074 0.005687507193913074 0.01654003953209072 0.10462408338748978 0.10980567205816373 0.4256795839940416 0.5014930824213825 0.5456482550607742 0.7154368871536465 1.0186649514041262 1.2242974916111324 1.4613248065710016 1.6400373112393645 1.8478848103544419
120 3840 0.04254369487933613 1.880551648992547 0.005547027726343168 0.005547027726343168 0.015653921107432214 0.10109157363909012 0.10584297683759245 0.41394052596005376 0.49393257748195624 0.5608021360176396 0.7184875975254909 1.0205939020627357 1.2449852536804433 1.4582058733695218 1.5922970936198684 1.880551648992547
121 3872 0.04035118301520564 1.8401207271156292 0.005356600344646288 0.005356600344646288 0.015034531114325952 0.09714505292934182 0.10185902204440485 0.39891861473822693 0.49216744008910934 0.556021557324353 0.7070048822816605 1.0108018552631122 1.232360702591122 1.4549844932679465 1.614676834371687 1.8401207271156292
122 3904 0.043651583536465095 1.842396585277766 0.005177460069219473 0.005177460069219473 0.014655226945014754 0.09443215730176319 0.10025519848574214 0.3811159443544824 0.4800502698281327 0.5697640135209158 0.6900315364363595 0.984265036862323 1.230296377946294 1.446144834833019 1.6307544523022 1.842396585277766
123 3936 0.04891110258565977 1.8711879016245856 0.004952622297906636 0.004952622297906636 0.014352487448218492 0.09283282233446988 0.09777855891165356 0.36980206719480097 0.4534239573620608 0.5782790609299202 0.6753754477335044 0.9887205461126797 1.2511381212418229 1.5370537041226544 1.6639680455247474 1.8711879016245856
124 3968 0.04694586090723559 1.8508937708051156 0.004737151481091071 0.004737151481091071 0.013817744298016885 0.09115962146120864 0.09652129734619264 0.3532742010301998 0.46493012980926307 0.6112758054130487 0.6917159971043442 0.9764596851879864 1.2435153527590832 1.5487277715532677 1.7241207492377377 1.8508937708051156
125 4000 0.048279747855457716 1.800426725135456 0.004654919560097098 0.004654919560097098 0.013393665190659374 0.08680776777885138 0.09277668395661487 0.3442962421347765 0.4487322264099514 0.6149845025888423 0.6996806919410579 0.9541661175998435 1.253294801857899 1.5347611223286424 1.7475776766054627 1.800426725135456
126 4032 0.05390223278875263 1.8907941480762984 0.004505782827522556 0.004505782827522556 0.013349087328185264 0.08446717570264034 0.08944814028250193 0.3248038017833698 0.43593798132062633 0.6354203855910083 0.6981232033758338 0.9314696249068153 1.2756745597295156 1.501706978750057 1.7510314968875476 1.8907941480762984
127 4064 0.06436301172306126 2.0121475617416373 0.004336264787192527 0.004336264787192527 0.012432822383646168 0.08267650152917971 0.08831123323780105 0.3210170257720017 0.43554293349569023 0.626009432948531 0.7119527140257451 0.9511871809528097 1.2745802773739825 1.4950171783857398 1.7964644064857411 2.0121475617416373
128 4096 0.08235970180763068 2.096502043126297 0.004256237415927665 0.004256237415927665 0.012071612488418797 0.07902980451568847 0.08660691534920971 0.31455701844836276 0.42664389554329946 0.6358206761935635 0.7116820291833844 0.9609370685833486 1.2589918455061238 1.5068028700458092 1.827105581404141 2.096502043126297
129 4128 0.09829572109212936 2.1982321599583443 0.004091910739867809 0.004091910739867809 0.012140355087528146 0.0780843923561711 0.08369816907544861 0.3064043947986536 0.42023624834110795 0.6245254404082731 0.7072889699997249 0.9671951659261344 1.2525329167172106 1.5191060877641747 1.835437762102807 2.1982321599583443
130 4160 0.11374946379011222 2.236810593292911 0.004026917148516911 0.004026917148516911 0.011730604933649583 0.07509708029481246 0.08363593148014234 0.3039553786295724 0.40532441936137015 0.6155448843844963 0.6880138098015723 0.974756877238838 1.2287436607083138 1.5155281896655186 1.8239042163206265 2.236810593292911
131 4192 0.1357036265213577 2.331583100278487 0.003894630292416952 0.003894630292416952 0.011651344463000372 0.07300495040000209 0.08210141320308255 0.3032821606064955 0.3878713394147684 0.6196301488179485 0.6974391768057927 0.9504369519955738 1.2214903989911514 1.4684284548515316 1.8173939711840332 2.331583100278487
132 4224 0.1488250819746018 2.3652924802849618 0.0038166662620171 0.0038166662620171 0.011249114259060247 0.0737707847286338 0.08070645439649068 0.2903657804997871 0.38818427767311864 0.6247322532697435 0.6924835549757391 0.9386177615861493 1.2090787645626315 1.4703501510983092 1.823084655159475 2.3652924802849618
133 4256 0.1928754706038934 2.4012505340677985 0.0037633913260279863 0.0037633913260279863 0.010849800268743907 0.07067459203173647 0.08429325265798127 0.2795736726510814 0.38604705985364013 0.6113542636057337 0.6852056528503192 0.9330042789404132 1.2162502150553354 1.4641638041146126 1.8593187668759341 2.4012505340677985
134 4288 0.2323321638324591 2.501439386907866 0.0037190151522317237 0.0037190151522317237 0.01071035184182939 0.06773192245089071 0.08381686718898788 0.2741574358839478 0.3816610542399756 0.6164774024546881 0.6756947629482626 0.9699304798915265 1.2077967946811123 1.455265961911343 1.9190552617886043 2.501439386907866
135 4320 0.2543406484260359 2.5237480382328843 0.0035978038651113325 0.0035978038651113325 0.010311778922060704 0.06834325638083377 0.08236764387543019 0.25646280279662864 0.38718288454350286 0.6147577639792933 0.6718895760861426 0.968947017417478 1.196359275977436 1.4629524905659752 1.9453641782205926 2.5237480382328843
136 4352 0.2639038906038068 2.513039090810898 0.0035772090133779563 0.0035772090133779563 0.010138920763687338 0.06729492280580841 0.08037451845360416 0.24803782503341798 0.3876445483572469 0.5948951600835611 0.6668717124654652 0.9731567642552034 1.187736724980317 1.4650690345771509 1.9660849331630572 2.513039090810898
137 4384 0.25819762711866723 2.484326222183518 0.0034770446978554847 0.0034770446978554847 0.0098408104308506 0.0672494862512931 0.07843329341032255 0.23665034997696785 0.3834768125796739 0.6113354118756856 0.6658929725046507 1.002404827616686 1.1885768431626949 1.4491245425805122 1.9372850851068384 2.484326222183518
138 4416 0.2647707334174899 2.4429911300379348 0.0034099418017640884 0.0034099418017640884 0.00989935825350451 0.06386182098077552 0.07666569122765882 0.22433439145049489 0.3830404228539289 0.5895841330990166 0.6735987795167154 1.0081000719894602 1.1926345173251176 1.4575713992808597 1.8594653625270134 2.4429911300379348
139 4448 0.2639456936562164 2.419994440288912 0.0032875498194125624 0.0032875498194125624 0.009934426354119303 0.06212650421478971 0.07263281375934437 0.22051146783567965 0.38139261591903745 0.5721049565321962 0.6729402949016463 1.028452591891828 1.1941634920884667 1.449261411922195 1.8891313727974837 2.419994440288912
140 4480 0.26256180504461796 2.36621032076172 0.0033554806365286563 0.0033554806365286563 0.00967932417994671 0.061491348512298136 0.07086251999579346 0.21473623610402798 0.39726712603797903 0.5758694119168287 0.667359660601307 1.0177412090798312 1.1836148394589603 1.4427767063133916 1.8849037876443206 2.36621032076172
141 4512 0.24790204455152529 2.328018126190406 0.0033702468394866134 0.0033702468394866134 0.00952794959220173 0.06004899049429222 0.06816715151885643 0.20890857489747366 0.4003437596687465 0.5961224036051542 0.690821793612971 1.016084472095019 1.1793922059792117 1.4556611502026804 1.9364373166713165 2.328018126190406
142 4544 0.23968366060702742 2.2974604948703896 0.003389666997148047 0.003389666997148047 0.009444971030493441 0.059042771812223484 0.06791569561296928 0.19636923479538088 0.38629896506279043 0.5923767460393452 0.6985394669210124 1.0143420978202344 1.1687826182524295 1.4175294322065068 1.9771927914272802 2.2974604948703896
143 4576 0.23978256567315454 2.2448574684762597 0.0034512556677614883 0.0034512556677614883 0.009327990475337477 0.05617193409288305 0.06578364025053803 0.19483244476955505 0.3906492287286947 0.5769120753113866 0.7138383051176368 1.014076869542468 1.1561035753163025 1.4560761214311677 1.9989608506896814 2.2448574684762597
144 4608 0.22051245908043376 2.1515484225939674 0.0034911239620048504 0.0034911239620048504 0.0091972681226948 0.05582292299054469 0.06590264508266175 0.18984509785621617 0.38872570499840087 0.5735408335019527 0.7197089587428523 0.9877774868092428 1.1538553338676096 1.4531528411866395 2.0430877944693324 2.1515484225939674
145 4640 0.2013324823898912 2.1387754367337592 0.0035038851147191317 0.0035038851147191317 0.008516482554838837 0.054334461324314125 0.06477830943016041 0.18715770451817096 0.3834628318548299 0.5765992782648731 0.7446537928038436 0.9706926283645851 1.1287620376513308 1.433396382746661 2.0221351552719518 2.1387754367337592
146 4672 0.21163769698327675 2.104126983462923 0.003463983609784404 0.003463983609784404 0.0082582836466142 0.05283946836722637 0.06358410015341825 0.18590215336447694 0.38632565013450776 0.5638220795059314 0.7498569096979698 0.9686710908537536 1.120620105155528 1.4037533785096823 2.01045274694593 2.104126983462923
147 4704 0.2031339119276805 2.131089714471033 0.0035422668623114476 0.0035422668623114476 0.008018402379263795 0.05297347485324946 0.06194625629039774 0.18078832610647133 0.37986812730674296 0.5660926157424842 0.7347737541203134 0.9621739988865781 1.1436477490896637 1.4155394591076578 1.952791226226047 2.131089714471033
148 4736 0.18867485644277304 2.192710723827798 0.0035955331933431134 0.0035955331933431134 0.008122352820279484 0.053097735789730066 0.06057415329933753 0.17521891932281483 0.3703941422580305 0.5661597131366267 0.7178034811605306 0.91679566948053 1.1442658465143123 1.389198359100277 1.9402276104847231 2.192710723827798
149 4768 0.17480959794150702 2.1753284945487765 0.0035553866012120747 0.0035553866012120747 0.007978370059871025 0.0522168964696541 0.06059492389487727 0.16931108197972106 0.36875279017806367 0.5631094842822774 0.7105067617514733 0.90583757552818 1.1138252631752683 1.3547505069293289 1.9483034979279334 2.1753284945487765
150 4800 0.16451343655539288 2.2150234508216435 0.0034770840377028574 0.0034770840377028574 0.007671721675898128 0.051938839852867215 0.061949696811361026 0.16688855575763475 0.35954249389587944 0.5550304974485873 0.7074327688797135 0.9001511459057293 1.0888540968392229 1.4107725994335263 1.876232036435523 2.2150234508216435
151 4832 0.15694514861646025 2.2203896808519854 0.003392524301388396 0.003392524301388396 0.007721786887041109 0.05121387004858928 0.060221296434908436 0.1617681386237597 0.3572953450938471 0.5745169296984677 0.6804062332881371 0.8844337479183945 1.109397753337459 1.3842697760636622 1.9019798681719504 2.2203896808519854
152 4864 0.1519591541264651 2.197783125475659 0.003433081942753103 0.003433081942753103 0.007789172690871447 0.051726207062005265 0.05946698405027458 0.1605416342094887 0.3510390605682324 0.5760043021875003 0.6644907940845484 0.821101006206676 1.0965032672926613 1.3350562837764184 1.914132610030714 2.197783125475659
153 4896 0.15872392936316332 2.1943885161096515 0.003368546664284435 0.003368546664284435 0.007883829790702861 0.05089766940830755 0.05931001778183502 0.16288010987304782 0.35092022056797123 0.5587477116006249 0.6642797956057275 0.8130473422185309 1.1113383572766309 1.3438232113226083 1.9535463938596673 2.1943885161096515
154 4928 0.165521088411333 2.18026210111661 0.0033612713692036614 0.0033612713692036614 0.007651280293633255 0.04965793990244323 0.059028444855211824 0.16083175957646415 0.3359755964512053 0.5441122290238677 0.701844708012286 0.8147726051847476 1.0959078785328928 1.3666654399951874 1.9376627128952266 2.18026210111661
155 4960 0.1536046761244288 2.1353371819984845 0.0033654480310325555 0.0033654480310325555 0.007496051770282855 0.04964475665903752 0.0614489956457501 0.15312512694781616 0.3271859587792238 0.5385278426046297 0.7340225950969133 0.8038190838493292 1.0893680351411479 1.3612373526096047 1.9358675600949666 2.1353371819984845
156 4992 0.15198844430309402 2.1191371342653698 0.003219184601252656 0.003219184601252656 0.007474166125592556 0.04956882343513571 0.061151500884954975 0.1546076547905254 0.315941966221109 0.5332302185229905 0.734398614937823 0.7898760167745759 1.0668197584322436 1.4339515722056675 1.9377632380316376 2.1191371342653698
157 5024 0.14381018434680282 2.161554893237322 0.003243000798846359 0.003243000798846359 0.007467280125029281 0.047773688370921503 0.06265568141466007 0.15533398166065585 0.3113785479240978 0.5479219804228266 0.7470404899532094 0.7695924212946494 1.0467227741880287 1.4548026611008262 1.8779769086129718 2.161554893237322
158 5056 0.13371520881347299 2.1469523914387985 0.0031888822747809663 0.0031888822747809663 0.007432176525465924 0.046652406792306055 0.06207776795698884 0.15529416655312667 0.3109467416440914 0.5399409516946698 0.746839204301753 0.7616519279684939 1.0459135838358442 1.430315287349578 1.8863211505468502 2.1469523914387985
159 5088 0.13864475636091295 2.1723636399778816 0.003216175573949685 0.003216175573949685 0.007190135967631092 0.04625679074754078 0.058032175795711086 0.1549622488817753 0.31037790086944755 0.5335122880599994 0.7380365859263418 0.7503343648646569 1.082326520597328 1.4167451096063286 1.9181037262088851 2.1723636399778816
160 5120 0.1374236912120598 2.150724462498876 0.0030982222552072393 0.0030982222552072393 0.0071546312679669835 0.04598699511200555 0.05538204647976872 0.15504988240776865 0.3197657260945177 0.5357850648708276 0.718812047843165 0.7322298261391418 1.0815647783408233 1.4478679689977476 1.9236452170579925 2.150724462498876
161 5152 0.1477369669160066 2.104893349041786 0.0031489945704597506 0.0031489945704597506 0.0069593638087010815 0.04275960052929801 0.05542875053888505 0.15354866206030762 0.3262041331069567 0.5357119631243565 0.7266121299570915 0.7304201749668683 1.0832467862211095 1.458910583323037 1.9103922028320484 2.104893349041786
162 5184 0.16908404129122448 2.1398365119063922 0.0030926480130438706 0.0030926480130438706 0.006944603299130288 0.042670274338067624 0.055593248327654644 0.1485278302621581 0.32145122847039814 0.5313596377570531 0.713640322857761 0.7280198001549684 1.0930843731132147 1.4707532982285179 1.9361748126500027 2.1398365119063922
163 5216 0.18149966658105504 2.2019426981076506 0.0030899662407197674 0.0030899662407197674 0.007303549123220796 0.042137514468604406 0.05367090466320206 0.1434767379773565 0.31980673677150845 0.5351314091704833 0.7160177312293629 0.7384487172189056 1.0841943211972411 1.4578302129456073 1.9377746145125687 2.2019426981076506
164 5248 0.16747031206663357 2.2385296311473275 0.0030818244208536184 0.0030818244208536184 0.007085295929094731 0.04266005824000521 0.0531148616112569 0.13739461297596586 0.3241044955506673 0.5428470326835657 0.7097893752461327 0.7433891833141558 1.092760966373387 1.4752567327979027 1.8777359915740577 2.2385296311473275
165 5280 0.14828958591205704 2.24639693071221 0.0030475524661716475 0.0030475524661716475 0.007191161819294067 0.042382111258768285 0.05217470330560494 0.13768808088490306 0.31709364177181565 0.5527444493187107 0.6744531156657223 0.7445544192625957 1.0964397727109694 1.4397440016871725 1.8349658513563873 2.24639693071221
166 5312 0.13964292613522822 2.2644369227105705 0.0029831473496058315 0.0029831473496058315 0.007118698967939083 0.041976010504690846 0.05216871287559553 0.13490157388851523 0.31441949529249913 0.5512139111118728 0.6308620540905127 0.7335946515756894 1.0752587233728943 1.4502818169122145 1.787450837354297 2.2644369227105705
167 5344 0.13632305695458638 2.2515388460205563 0.0030113766265309773 0.0030113766265309773 0.007371724504588783 0.04146872553336222 0.05323045517608561 0.13484110502898813 0.3098504740144764 0.5521853228393566 0.6349362449423378 0.7226224623603574 1.056947822194328 1.4194958865032439 1.7984769985314168 2.2515388460205563
168 5376 0.15086351906168727 2.192822412783683 0.0030135617238851364 0.0030135617238851364 0.007496637536453772 0.04229016955099028 0.051820051499288304 0.13177619516910724 0.3158792012736863 0.5273455137284947 0.6428151880093141 0.7284785295349241 1.0418573186140232 1.4152036067788816 1.7377927582977009 2.192822412783683
169 5408 0.15721774905718697 2.215791054473476 0.0029933356633173045 0.0029933356633173045 0.007582695206246835 0.04194070133473103 0.0527667868632475 0.1297265197136097 0.31061745168662713 0.5286538297429343 0.6495418969394892 0.7605761150844146 1.0417377448871927 1.3855971714726607 1.7342699595129674 2.215791054473476
170 5440 0.13974793947786424 2.2240177096952256 0.002981818857989124 0.002981818857989124 0.007354258747832659 0.0424243263846289 0.053386722826215635 0.12534036903268803 0.3228732972660737 0.5196136482153367 0.656066290519191 0.7438421012876204 1.0360240213283287 1.3924611374872717 1.7007971148896286 2.2240177096952256
171 5472 0.13357312699218093 2.2380919597989872 0.00282180698241412 0.00282180698241412 0.007191132444606623 0.04230671147460222 0.051278691897323155 0.12448007653638041 0.3209463880028631 0.504139268259715 0.6612452020146796 0.7339819892632482 1.041985093168554 1.4073901378051767 1.7025880730476892 2.2380919597989872
172 5504 0.12163837945453236 2.2919393982188363 0.0028263523197495383 0.0028263523197495383 0.007142149471877027 0.04125223163548193 0.05036584623585114 0.12338278786832373 0.31030880171160713 0.5200052491515583 0.6375780701384379 0.7427226922066337 1.0463308839613472 1.4174536670250923 1.7268960586832611 2.2919393982188363
173 5536 0.11668452259812104 2.3550433829623514 0.0027881689436185177 0.0027881689436185177 0.0069881076923696646 0.04047010682176589 0.04984431198605902 0.12251589276920165 0.30712899732963833 0.5228644319708372 0.6095128220226468 0.7497213262408365 1.0695423878841992 1.3953629025696046 1.7271261163748641 2.3550433829623514
174 5568 0.10655365642520867 2.316867773797426 0.0027867252353037364 0.0027867252353037364 0.006933023596152374 0.040693893180993305 0.04961921237878307 0.11789754025909302 0.3021546215914994 0.5057633468629106 0.6064734573161682 0.7441007664657369 1.0565897253531087 1.3674700540665095 1.6987318091281183 2.316867773797426
175 5600 0.10158579553151231 2.2853693487769773 0.002742049090735419 0.002742049090735419 0.006724345458213222 0.04139298912331871 0.04874914180968297 0.11883964323814603 0.28416894245596325 0.5056108855873234 0.5952445520149893 0.7548664475918574 1.0693787982122243 1.3306448554211119 1.691684676650515 2.2853693487769773
176 5632 0.0964524922095557 2.2933403362064104 0.0027215090541467942 0.0027215090541467942 0.006849267843087372 0.04166256463663612 0.04809422158854777 0.11774251518780517 0.27801850183125004 0.4908342125710984 0.5881885075801326 0.7609292919974083 1.0807308582525708 1.2765720024242557 1.6333268214746919 2.2933403362064104
177 5664 0.09535306610628737 2.329855708901543 0.0027164363788073423 0.0027164363788073423 0.006882331798665804 0.04117643093787594 0.047886990832849106 0.11929367965353409 0.2757314398731096 0.454488797864542 0.5871861794126891 0.7617923095092143 1.0732522526158073 1.2952376177752425 1.6800869595413455 2.329855708901543
178 5696 0.08305644849988024 2.370085129318608 0.002683828855598525 0.002683828855598525 0.00684733005229928 0.04191130063066069 0.04638853792718154 0.11770623192791517 0.26846294617870814 0.4438575716881238 0.5798313334968398 0.7846978119789925 1.1180275250655145 1.2976310958599906 1.6898381272702476 2.370085129318608
179 5728 0.08450424120936097 2.414093661172561 0.0026839199612190365 0.0026839199612190365 0.006722780876582278 0.0412410761715684 0.04673284940929239 0.11726182048191704 0.26102316118185104 0.43928072730291573 0.5895108880366182 0.7655715953041509 1.1162797924969616 1.271011109861043 1.6471846664163343 2.414093661172561
180 5760 0.09678752081713922 2.425832348802856 0.0026712430372968416 0.0026712430372968416 0.006759314123784367 0.040076996333770154 0.045538587973635296 0.12035958518487712 0.2585392637154618 0.4465055125608994 0.5875734865617857 0.7433558923587731 1.1444721695463713 1.2817408297043658 1.6648430067216766 2.425832348802856
181 5792 0.09524805005789318 2.4001530953048777 0.0027298149106735926 0.0027298149106735926 0.0068239925912579324 0.039327604892242164 0.04505532428744546 0.12092572262191156 0.2524914565521695 0.4386821273770299 0.5954224434287255 0.7695328256096721 1.1647614602237486 1.2712406171900117 1.631281116447537 2.4001530953048777
182 5824 0.10461505407697243 2.3433792616508016 0.0027266266795768256 0.0027266266795768256 0.006821268670167079 0.0389093789757989 0.04393798556750162 0.12156724236013078 0.2535361300064049 0.43244427392507595 0.5526061396430536 0.7521205878191916 1.1918741710600587 1.276731071855955 1.6464355660783632 2.3433792616508016
183 5856 0.10204500604424567 2.3420608003422148 0.0028100742001306326 0.0028100742001306326 0.007181097163263224 0.03708639174777783 0.043756155828603316 0.12154152074704369 0.2586195736171046 0.42390661016625947 0.5334677141801969 0.7582536534546259 1.226954129942936 1.2946121665786618 1.6996424086532578 2.3420608003422148
184 5888 0.10408266429174816 2.2962659423226732 0.0028704487188730425 0.0028704487188730425 0.007204715190395222 0.03676255596629389 0.04350345299462496 0.11758263106798246 0.25851674673853237 0.4129914983858026 0.5231856886509718 0.7321552305115682 1.2205868362698178 1.2712323187002368 1.7025982974054372 2.2962659423226732
185 5920 0.09801160200085683 2.2619014811967935 0.002920895222926204 0.002920895222926204 0.007298509321060215 0.03744352108835844 0.042806226302443545 0.11930444630795373 0.2654366559490806 0.4072182091952103 0.5338345549339562 0.7495903114177663 1.1876757906437794 1.2465211319029532 1.6099471541866868 2.2619014811967935
186 5952 0.09310231241196805 2.229416753889585 0.002865502609314853 0.002865502609314853 0.0074386268516540895 0.03540100725726639 0.04313327546298327 0.12026649536766228 0.26819240484820217 0.4106613066471128 0.5195422035520986 0.7614458242413025 1.171297498971246 1.2315147724400919 1.597434295415234 2.229416753889585
187 5984 0.10364247064429871 2.253077519205299 0.0029113409470163747 0.0029113409470163747 0.00739697728691279 0.035422711855690736 0.044397623935665875 0.12117679750816633 0.2545145454131488 0.4118364216261686 0.5150067277605553 0.7433736924194025 1.1880795626804872 1.2145391125075224 1.6048665144794956 2.253077519205299
188 6016 0.10780961177147302 2.2318922065334217 0.0029178407617781624 0.0029178407617781624 0.007645492397998359 0.03630161289337906 0.044151984642096895 0.11737859059442345 0.2577979800834669 0.41693177758718564 0.5159312317960587 0.7381932048241072 1.1612257193326492 1.2109840173956967 1.6066406603826933 2.2318922065334217
189 6048 0.12294191299493896 2.187100493952272 0.002916787266420223 0.002916787266420223 0.007591414390398933 0.036712280078846485 0.043448673970251254 0.1151935278743555 0.25868270734456256 0.42177966737780714 0.5112747070548872 0.7336194216499795 1.1373174009370077 1.1776531344586592 1.564563182568132 2.187100493952272
190 6080 0.13124456426868747 2.246728792694883 0.0028088566723363157 0.0028088566723363157 0.007807549375262027 0.03657192065746089 0.04269064615681858 0.11336901810209635 0.2569986369216276 0.41503919624522356 0.5368014327859889 0.7215248133505839 1.1318536387115594 1.150376146182433 1.4816347442597542 2.246728792694883
191 6112 0.1250361221443223 2.2727645167793145 0.002903774826032118 0.002903774826032118 0.00782457740283454 0.037103928303901655 0.04264124176261779 0.11372771190518911 0.25121132734150114 0.38842233199142107 0.5186382482232845 0.7304158488760216 1.1193027957046884 1.1560362212812336 1.4671993148251903 2.2727645167793145
192 6144 0.13263319399131304 2.365381794491746 0.0028416539587789997 0.0028416539587789997 0.00792671693532581 0.036548137354858026 0.042194374218404024 0.11262861855320005 0.24928826233141535 0.38558246434437027 0.5295932872465693 0.7280545278572887 1.093605060180183 1.1315482808105526 1.466469677739085 2.365381794491746
193 6176 0.1240732715027387 2.3395658555338583 0.0030308626968470116 0.0030308626968470116 0.007607980436261225 0.035561348980244475 0.04056677823461984 0.11045783755980039 0.24911314453421443 0.37446924533720644 0.528640043369749 0.7274670256232738 1.0808085912536047 1.110961059067929 1.5164894947507228 2.3395658555338583
194 6208 0.12049821334470018 2.3255921344098183 0.00292787875829869 0.00292787875829869 0.007888519500686433 0.03610456637866591 0.04098446449838804 0.10410602425673929 0.2451429117523036 0.36421577937078803 0.5156567802940595 0.7200158501980295 1.0793959355473033 1.1373710741121084 1.5231240430060653 2.3255921344098183
195 6240 0.12653874861776174 2.3367889224951273 0.00287153285751343 0.00287153285751343 0.007865287851744694 0.03552627122892827 0.040293978201275164 0.10432419597592704 0.24064966710233937 0.3640375991005712 0.520500231115835 0.7080041405152095 1.0560080834709014 1.1328772188781546 1.5206055067304427 2.3367889224951273
196 6272 0.12357175493038576 2.40025655147764 0.0028058707690152237 0.0028058707690152237 0.007779113274696799 0.03609892820667018 0.039360102821131414 0.10299805705328371 0.24412730401321506 0.3542678986763707 0.5212591584020881 0.7180919363043768 1.0553582632676979 1.1801532988426833 1.4724472247423246 2.40025655147764
197 6304 0.12286903964792813 2.415820210398224 0.002784505966651376 0.002784505966651376 0.008015068262848297 0.03609184718116471 0.03877719666935786 0.09932899888849166 0.23463831748342248 0.3539270918193187 0.5147415574452014 0.7304597214175724 1.0399925943950832 1.1743550233422524 1.4562382117235289 2.415820210398224
198 6336 0.11280087119659743 2.4927149265310726 0.0027954658047453463 0.0027954658047453463 0.00813214870892392 0.03558747450741054 0.03835971191080406 0.0967723024517151 0.23191127099360173 0.34906910055378493 0.5150183871909156 0.7320437642878033 1.0687426203276933 1.162517209438458 1.444482905578481 2.4927149265310726
199 6368 0.10559862323409355 2.4410160531725764 0.002740565244132251 0.002740565244132251 0.00810174673583286 0.035295783719178464 0.03758921366706577 0.09840632802458073 0.2355805422811883 0.3499930530852387 0.5171608880566038 0.7177498454445459 1.0496594015620855 1.1878868980827608 1.437465681593811 2.4410160531725764
200 6400 0.0912280755915877 2.439845875114929 0.0026749633264150064 0.0026749633264150064 0.008142735310217865 0.035780817710380004 0.037522710976174246 0.0941541757714535 0.23435792918861792 0.3471625620291181 0.5174942937529191 0.7340103503297202 1.041245769176217 1.198430651052257 1.4197513577278629 2.439845875114929
200 6400 0.0912280755915877 2.439845875114929 0.0026749633264150064 0.0026749633264150064 0.008142735310217865 0.035780817710380004 0.037522710976174246 0.0941541757714535 0.23435792918861792 0.3471625620291181 0.5174942937529191 0.7340103503297202 1.041245769176217 1.198430651052257 1.4197513577278629 2.439845875114929
