% # columns="iteration, evaluation, sigma, void, void,  stds==sigma*sigma_vec.scaling*sqrt(diag(C))", seed=405312, Mon Aug  4 13:22:42 2025, <python>{}</python>
1 32 0.4521257373900816 0 0 0.3082959637070865 0.3165931023941665 0.30496681961101646 0.30083649954455016 0.299114791628954 0.28964637640932955 0.2940115944143295 0.29776619847588964 0.2978593590156299 0.29862962064954607 0.2963211073836367 0.2936487747808467 0.3022402771401389
2 64 0.42380535207956316 0 0 0.29455034029217314 0.3187082300658732 0.27862136307201507 0.2872050131036727 0.2834933007908985 0.2654422757475985 0.2732587931201762 0.2717385829708957 0.2774942183821461 0.28606454235651274 0.26527609339244573 0.2745084465371191 0.28302358381208254
3 96 0.44423691546142874 0 0 0.32658300806226903 0.3333333333333333 0.29417688441586415 0.29639237223682224 0.28956464910225005 0.27247250457402616 0.28348416857228653 0.28021674541105124 0.2831932823331618 0.2971683638562161 0.2758555353204515 0.284566731878771 0.30371059083103297
4 128 0.45313834485841 0 0 0.3333333333333333 0.33333333333333326 0.30308129374064724 0.29465337533190417 0.29212462547308937 0.2730823278789539 0.2866829870226915 0.27671143279070554 0.3096256347798594 0.3187190458471314 0.27395008531020304 0.2914362336711136 0.3049944718651967
5 160 0.4316866660131378 0 0 0.3195854041797544 0.3319954782180306 0.28355588307964935 0.2815682265019995 0.2730188742221553 0.2511777928778821 0.2741869206779642 0.2678715842068722 0.2931595669645975 0.3039440435438351 0.26085949870775643 0.281847862051465 0.290480601999708
6 192 0.40141369328422344 0 0 0.2985434310085869 0.3136845419422612 0.26626325756853425 0.26308714398354743 0.25317083441370264 0.2320071410761162 0.2557850048528102 0.24329138963792227 0.27047872908586845 0.27409251536145424 0.2418613365744117 0.2616898129365564 0.2667980052780671
7 224 0.41446603561734874 0 0 0.30937485969565 0.3083257893728312 0.26438871679506964 0.2712422448038788 0.25995057700457447 0.2417103949048236 0.2673608323442575 0.25967937690543064 0.28026658644135716 0.296478128132805 0.2547814492404068 0.27307551034891164 0.2763815415130649
8 256 0.37679426859989495 0 0 0.2810784718689035 0.26637569724103227 0.24260723593241104 0.24111272499094738 0.23725377224631175 0.21939917125736333 0.23897828036326912 0.2344149723972506 0.27186125980130615 0.2702675074675817 0.22618815796756497 0.24770256552803904 0.2493862038112631
9 288 0.3488221575810765 0 0 0.25768768505073253 0.24271200154715245 0.22467456145911124 0.21539110139431736 0.22316803219017886 0.20339708686495836 0.2195495814868434 0.21307357867394155 0.249683832544797 0.24561891637096633 0.20687276219649983 0.23008381607329256 0.22717308833651892
10 320 0.3413555114400928 0 0 0.24326011274751552 0.22828878838293956 0.22250502979788478 0.21535612803626358 0.21152491322448766 0.19513601019363588 0.21471548681094166 0.20726413392666154 0.24414685576720366 0.23834704897215017 0.20343101028423669 0.24099654660830735 0.2192650800229786
11 352 0.3271301461690865 0 0 0.23498795809372736 0.2080988316669665 0.21170738313371087 0.2102795623322411 0.19824282350779154 0.1821978943959325 0.20369345911377065 0.19461172790948494 0.22672132464321856 0.23690773881138857 0.19507401748090253 0.23495890913446546 0.20742268495813465
12 384 0.33496533098607856 0 0 0.24612677338283415 0.20875282830754974 0.21526777481010248 0.2188127161402659 0.2027212952689895 0.1802403896160087 0.213676756258286 0.19432199287495178 0.2355202737709438 0.24251931014981573 0.2023098796563772 0.23861039645922175 0.20477098112495334
13 416 0.3236691954179313 0 0 0.24150847737175113 0.1893001730897688 0.2084831626041865 0.2082410217186293 0.1987772962887364 0.17033410760597933 0.20568693213977007 0.18543693066594133 0.22683122928368138 0.23680106820587007 0.19379126419511697 0.2374682100670272 0.19767036089726983
14 448 0.30743558416247174 0 0 0.22238076108339858 0.16866542302519913 0.20173795244091514 0.19664292410695636 0.1864910420156572 0.1586999832243325 0.1962858053811773 0.17981878440086696 0.21845367437687072 0.2249142677277866 0.1870276915712735 0.21679495711605526 0.191129051123058
15 480 0.27892695349042473 0 0 0.1964735755177316 0.1475273670831555 0.1813041175607563 0.1708169178453549 0.17082429817321676 0.13836446221912924 0.1762880942016712 0.16484500923832698 0.1983264786932918 0.2080749438259347 0.16480935793182136 0.19541325817156563 0.1731911042908825
16 512 0.2748917204019304 0 0 0.1922582834222847 0.13887446356720634 0.17991720906646064 0.16711323388364327 0.16952273624820535 0.12858316778664014 0.18143394827365275 0.16466304322994232 0.1902901526898165 0.20515974799569175 0.1623934758292998 0.199426875924173 0.16973437533104285
17 544 0.27248341138468557 0 0 0.18514146033419837 0.13426749399828528 0.18035589238123362 0.15819506927439989 0.1657588759985538 0.12238420046273449 0.18343370621644717 0.1649531070853101 0.198535487633589 0.20852140346745043 0.1649105531448358 0.19207357079584653 0.17149916154627837
18 576 0.2654723969701778 0 0 0.17642150384643449 0.1280088352746446 0.17364575986678404 0.15060021576190452 0.1609493666444787 0.11451541800906916 0.1764506028783245 0.15730304967599928 0.1986944860751688 0.19917186386879818 0.1586329600102338 0.18661724978434896 0.1669419964369701
19 608 0.2750521843634378 0 0 0.18023988890545825 0.1333605052267212 0.17481745315284297 0.15695313758047985 0.17378033145396643 0.11146639517855503 0.1832720406180632 0.16623066346518064 0.21065233797208674 0.20564494526960111 0.16606863682307743 0.2050223474294581 0.17236793897924646
20 640 0.2847007915913316 0 0 0.17955070022734398 0.13706281960827016 0.18480276182212332 0.16328542478140112 0.18342527718057672 0.10839715099133133 0.19425437783179308 0.17404731555545425 0.21290037712636498 0.20906971206553623 0.17144285038117882 0.20887658819136554 0.177567865997781
21 672 0.31246892119761965 0 0 0.19929902276909459 0.15028585682836454 0.20782164647462287 0.1807875840468114 0.20816694566947452 0.11231460909463875 0.2231961103671572 0.19005223023415607 0.23861192065580167 0.2229557993329427 0.19122582841735006 0.22772244958896246 0.19534626601507052
22 704 0.31863241946287896 0 0 0.20331967172578863 0.14617688976670973 0.21163434361100122 0.1871273182948613 0.21376767706318073 0.11065356524428666 0.22710866954503806 0.19603781047499255 0.24061082686783422 0.2288015210679604 0.19988329512122607 0.23004713540690225 0.1960418195419846
23 736 0.3009129488835433 0 0 0.19052631161280925 0.13066951690290696 0.19573942936084954 0.17395125323906638 0.20204744070259378 0.09765386083664816 0.20922031950361597 0.18538355199385334 0.22522273199443477 0.22250739835838082 0.19401783647171572 0.2190314863249908 0.18575811393032157
24 768 0.2830063380461007 0 0 0.1784125523839715 0.11977298318779747 0.18233778175942797 0.16193106248920464 0.18964268309748938 0.08781006013600608 0.19304476208922275 0.17780619640018183 0.21820922954059863 0.2094973476135981 0.1833445106942995 0.20543236101551593 0.17647344785560928
25 800 0.25518388757112687 0 0 0.16279803682012398 0.11063524021955493 0.16253555757312774 0.14398135440954224 0.1717702975695942 0.07470841298558023 0.16705494628092724 0.15993350758013097 0.19229881317848563 0.18897092206988678 0.15876742374586747 0.18195165557192639 0.161525137422279
26 832 0.22019378884509047 0 0 0.13798053899872872 0.09313910148025992 0.13957286783852468 0.12386772255384206 0.14926995727036207 0.0604228899975632 0.1422715447517715 0.1389640595704095 0.1653672180976213 0.16354999205174423 0.13626869826509297 0.15977649558077975 0.13958246784474657
27 864 0.21295756271316982 0 0 0.13058725683964503 0.09156972317142849 0.13237131619098777 0.1200009310279997 0.14764647974563105 0.05411110898168708 0.13790742569149098 0.13638825189365317 0.1577508112943913 0.1591850074521787 0.1391811203246855 0.15530965272618977 0.13844632257479547
28 896 0.19170043416787538 0 0 0.11578649074389383 0.08140077103935509 0.11910671030997498 0.1078868481554875 0.13633345223086404 0.044975913293144196 0.1262061172907988 0.12576072049077597 0.14291904448502063 0.13926141820282004 0.12528898735704733 0.13974272230913498 0.1231917383963204
29 928 0.19615564506361455 0 0 0.11792219722993884 0.08345979156429947 0.12173234628345507 0.10987709195343688 0.13713494560025613 0.04216971366743511 0.1285076233685761 0.128175755997061 0.143926023180166 0.1410508489514353 0.1244944530753939 0.14865938273245555 0.12367663603577873
30 960 0.18014103344356297 0 0 0.10860325041165927 0.07563368375226717 0.1165398542212261 0.10229728509426268 0.1309966174041344 0.034667504385355534 0.11613277017479862 0.11603403300963454 0.13248569523408282 0.12922253528227212 0.1137805501230295 0.1344101182986342 0.11819626223264104
31 992 0.1700784149574751 0 0 0.10360018858004545 0.07216054071560324 0.11188092021152884 0.09321898056230708 0.1218956017497961 0.03077502174428753 0.10477067615594837 0.11195244798087461 0.1280323641030989 0.12395793802124529 0.11073291795270103 0.12335914511173993 0.11524575895109819
32 1024 0.15730382151635824 0 0 0.09477450371056716 0.06633443373527607 0.10426037283350614 0.08861989864840883 0.1107685660375824 0.026812793873668875 0.09617688252286609 0.10371963864383976 0.11933039372132032 0.11470656540838124 0.09954304526722171 0.11443767503095867 0.1082999870556602
33 1056 0.15093757424011278 0 0 0.09366725958085421 0.06484373822312113 0.10222315510055482 0.08671625939968063 0.10949977100018997 0.02319558677482027 0.09625106069137201 0.102504985698653 0.1159315188356125 0.10887659487172761 0.09571524131081424 0.11140264493517707 0.1055173512298848
34 1088 0.14837906014247335 0 0 0.09103914504565408 0.06158080240844587 0.1026919389202685 0.0852694216419028 0.10870262013805447 0.020590670769076346 0.09437179997409274 0.10255128454308267 0.11118313157038849 0.1116457187107946 0.09261169494528883 0.10927688818514195 0.10454704724490145
35 1120 0.13472507432702582 0 0 0.0823274302797475 0.055244032531858736 0.09527059843139868 0.07785772344427662 0.0974516482994795 0.0168310597555087 0.08462298149169314 0.09438018239523945 0.10240442103466812 0.10131678708366113 0.08411147174360196 0.0993719766300741 0.0932560183723828
36 1152 0.14349102764939298 0 0 0.08623646725580493 0.05902517836564079 0.10155708561633377 0.08294653069767435 0.10587843313556067 0.01656025972362282 0.08983923015651214 0.09953425909348503 0.10508546981583132 0.10818085017829217 0.08927085084291939 0.10594710849218929 0.09775977249582157
37 1184 0.15456869608041418 0 0 0.09093600039727837 0.06296823727698427 0.11166671159258158 0.08680725550197514 0.11400376339083095 0.016362080362301943 0.09931681483775597 0.10620416932365807 0.1114377321644637 0.12212080636411154 0.0958802318471256 0.11366849957639547 0.10475401734299082
38 1216 0.16638676648583528 0 0 0.10042662581854754 0.06822106836105293 0.12785159250966158 0.09059365275741164 0.12521719473991966 0.016267636780071485 0.10688548276633608 0.11329344671566614 0.12473786151610916 0.13215451914668347 0.09827707010029908 0.12217634223395614 0.11118487056898468
39 1248 0.1737958332541287 0 0 0.10239609201880547 0.06870685428196424 0.1303824746522501 0.10074211384198253 0.13043959468371683 0.015798976637016897 0.11509699707968146 0.11765487456948386 0.13338773965027262 0.13816978704501562 0.10470368041831925 0.12554101776319007 0.116671644997208
40 1280 0.18158447604470032 0 0 0.10225938377079166 0.06785556962742306 0.13404010966602783 0.10986245991104553 0.1326840442633149 0.01593703176237967 0.12348933930752194 0.11958273003097425 0.14144011471729792 0.15151293238535876 0.11306104136423428 0.13248347825443613 0.12266838787641997
41 1312 0.18319031544890213 0 0 0.1019924894890493 0.06726424769089104 0.13436825052214876 0.11209278530729778 0.13606810898512653 0.015160366192719156 0.12423439826533693 0.12170958118717849 0.14162231535700062 0.15569410506508974 0.11080918403767699 0.13148366164934663 0.1274610376592686
42 1344 0.18367691196685584 0 0 0.09956006020902684 0.06424262838086411 0.13285999490815756 0.11158863522210773 0.13581326088296408 0.014700027887842604 0.12612580417740313 0.12898764051056175 0.14206964390144894 0.15598558264920973 0.1116718736748028 0.13145432095637527 0.13253651828078503
43 1376 0.16267444222958488 0 0 0.08602901539652774 0.053674478748751094 0.1200925118622964 0.09839649862339536 0.12116883277259281 0.012400392425902115 0.11203009556861505 0.1160882418954774 0.12246954674256914 0.13718465261552096 0.0959626995408484 0.11776771593025648 0.11434015620988344
44 1408 0.1556026947145142 0 0 0.08084644601698053 0.05065390812667303 0.11524460045196452 0.09585990019797427 0.1141105071113002 0.01095806643912392 0.11023016728368758 0.11135564579972489 0.11831779881708986 0.12845785515479313 0.09264760635199286 0.11262997954636704 0.10897071453041159
45 1440 0.14515762939750673 0 0 0.07330169875755899 0.04396272701640463 0.1081083640805648 0.09093609191761573 0.10755083877997214 0.009506019854940035 0.10461810473054607 0.10374929422919442 0.11100730038487754 0.1214174104382089 0.08847186209478998 0.10644438463058888 0.10209029712322092
46 1472 0.14582569306471552 0 0 0.07575732043270002 0.04367035637059295 0.10518631218577136 0.08991553183240623 0.10785511275349545 0.008910679396863687 0.10751702486240983 0.10161246074242569 0.1138917452423939 0.12596062792436485 0.08914977595223716 0.10658162867937537 0.10334173918703933
47 1504 0.14818374125662706 0 0 0.07448097994014842 0.043091363977066255 0.11000847176977209 0.08930264235329549 0.10929101804385788 0.008506694267478224 0.10839869199361564 0.10265092673449569 0.11741524745024211 0.1266528611450435 0.08842160211562601 0.11254733815154942 0.10529191097247162
48 1536 0.14475324559316563 0 0 0.07049339711914554 0.03879383150229757 0.10555560316309076 0.09041423844146317 0.10584646374464401 0.007989314364404516 0.10643761182731551 0.10073365675373266 0.11328518365886654 0.12219169452840219 0.08838844539502154 0.11124024768500507 0.10175466017262
49 1568 0.13039016804505882 0 0 0.061990187978771094 0.03372048264082302 0.0934068034001623 0.0819010879110377 0.09461902909853474 0.006674478982418616 0.09562991752839992 0.08997797462438986 0.1028460676305992 0.10897289891676101 0.08099503312130854 0.10204946414798541 0.08970616904891383
50 1600 0.12443222352317404 0 0 0.05928772243452039 0.03128374418335714 0.08522388119186065 0.07954265733562503 0.08778061047363882 0.006149996268046448 0.09092485458485666 0.08439700358828589 0.0974302620927145 0.10795091897458936 0.07766291971037867 0.09635132190967396 0.08510005431083377
51 1632 0.12300592031694974 0 0 0.057641746295987485 0.030095699756146368 0.08345110721854401 0.07735875692690082 0.08666225180521182 0.005872463957337918 0.08829709585158392 0.08362168924835282 0.09676061753076659 0.10287097681260131 0.07756638420963202 0.09576964665739868 0.08311236071791882
52 1664 0.11516260247358605 0 0 0.05222271210484716 0.02675652011252178 0.07551676546005871 0.07085369460864108 0.08077557095122553 0.0052936796488114455 0.08288388984523443 0.07636037680011852 0.08994952878328104 0.09541114922323624 0.07350511669615425 0.0889461967398797 0.07605694956731264
53 1696 0.10920930249611965 0 0 0.04768581761550053 0.02374208576625294 0.07017062492955323 0.06754010623128258 0.07714740421644359 0.004716832043112941 0.07651344947124174 0.07339667021710156 0.08506801028471399 0.08754432941859452 0.07093865555627482 0.08184237888061235 0.07297161216782233
54 1728 0.09624220557232127 0 0 0.041234310743248036 0.02043705896491958 0.06092372775574616 0.061282423905887874 0.06838228291970598 0.003929179164906156 0.06612594044287745 0.06418405602476378 0.07395981776155565 0.07566505230848942 0.0640030372454661 0.07412213748593913 0.06403422296710427
55 1760 0.09498909901399252 0 0 0.03965737464102445 0.019376757085133513 0.05801328682136869 0.06186079421544386 0.06623289095150481 0.0036719001325684853 0.06519416047901637 0.06248675032589108 0.07411227219820825 0.0732124440723246 0.06542547786674927 0.07300096920376951 0.06209469252887684
56 1792 0.08418727332420724 0 0 0.03442018126094453 0.01624449838099862 0.048846321340889925 0.05390237620664384 0.05910742524107322 0.003188756777259326 0.05625654887003623 0.055356518709469164 0.06549715010579163 0.06464135472365734 0.0575075232704135 0.06604043982065244 0.054515165164906294
57 1824 0.077681588883129 0 0 0.03139615929373404 0.014294644392525603 0.04459071244483941 0.04940446840122247 0.0531382438581397 0.0029064301380592556 0.051092665470748526 0.05023418210615054 0.06035749885896206 0.059164388360996543 0.05367871818034167 0.0598695497909794 0.04937841179774686
58 1856 0.07314232745443955 0 0 0.028428555649450193 0.012851223829914044 0.04051462912879659 0.046822820679821006 0.05024436003017626 0.0025824679684604006 0.04725745619353114 0.04687371872094136 0.055273900478687604 0.056141447319645425 0.051793515631026146 0.05805893138263933 0.044163691796023315
59 1888 0.07103290216559942 0 0 0.025917826842164857 0.011310383359672464 0.03806472475798493 0.04606853675077611 0.04807243105933924 0.0024692176422552274 0.045906279253380214 0.04632584012891733 0.05220269918426935 0.05473285703635587 0.04983136667447268 0.05663338055184628 0.04369039714399116
60 1920 0.07321719881742984 0 0 0.025393528535263013 0.010824090027108695 0.037835615921947126 0.047988314320438964 0.04886096751628063 0.002442294212475248 0.050496775504382294 0.04809077655417937 0.05580247531682905 0.05814692339425744 0.05059642067159382 0.05890721551512866 0.04770147678488156
61 1952 0.06913078900011665 0 0 0.022736279924015647 0.009513404494176203 0.034061170306850984 0.04527048512134578 0.045722231164075 0.0022604079354961557 0.048429691197019696 0.04566203292722491 0.0523040642513451 0.056181851742296694 0.04644014488840841 0.05673274055656074 0.04577607689239799
62 1984 0.06597962091662142 0 0 0.021008525870140644 0.008624026656056489 0.031742537198099136 0.043425155178606546 0.04476928337802356 0.002124179955681309 0.04451502127589793 0.04229546828852212 0.050570817557044255 0.05223438309783905 0.043485757242149634 0.052738731963256 0.04224307165437528
63 2016 0.06095047308903288 0 0 0.01852249624656643 0.007628563511111072 0.02823584615991473 0.03961083418064596 0.04188690195785331 0.0018965882434483984 0.040773599505693384 0.03929357037860254 0.045488581579674205 0.04833244322219118 0.04088723953010115 0.04861262176073164 0.039018865814963145
64 2048 0.05514770990165555 0 0 0.01590283066114289 0.006524438087419123 0.024110462621863733 0.0374255616467368 0.03853398543092259 0.0017304474878101076 0.036012057462148694 0.03448613779764559 0.04272458327453967 0.044612906766533504 0.036573622877437574 0.04424500258463355 0.03495106341425355
65 2080 0.053558558078161844 0 0 0.01453161449903479 0.0060018314919887605 0.02295505572857102 0.03577438998297278 0.037548229315214926 0.0016380014235330286 0.03651378063839958 0.03323577532791312 0.0403577231320768 0.04230381400627676 0.03546773348204206 0.042427872965220964 0.03582960338140643
66 2112 0.053663855938257676 0 0 0.01404777384556453 0.005800497919643828 0.022077479877009955 0.03567472748559818 0.03752104333378977 0.0015509374724403068 0.03664180059704739 0.033200349890988676 0.04042274542119587 0.04203473271427121 0.03560542680227951 0.042422493641058774 0.0354853891629999
67 2144 0.05466256810436433 0 0 0.013799949144417208 0.005435543650992161 0.0218234756662892 0.036456668545815044 0.039442325475220995 0.0015055413102987773 0.03718259582449326 0.03397291427259199 0.0418121545753848 0.04299357403224229 0.03732302829112079 0.04454540333138813 0.036246658632692434
68 2176 0.058516599166274906 0 0 0.014564971716576709 0.005525683468335173 0.022547649523753745 0.03926906376274936 0.04258202451315165 0.0015557887738055346 0.04015451634324262 0.03572156490662538 0.0446767012782053 0.04475495710607538 0.04028415225931955 0.04758965229990095 0.039885203749757805
69 2208 0.062201542703772844 0 0 0.014755609232222936 0.005317283062946748 0.02339393042599817 0.04199124857260153 0.04692713252778144 0.0016071588119886012 0.04234561641121567 0.038614945305379435 0.04542098762409154 0.048179297279399166 0.04487717073715268 0.05132370034223171 0.04195236803528717
70 2240 0.05664248319177169 0 0 0.013311733510853125 0.004482929670086717 0.020373966040074923 0.03723384305019604 0.043257193376738716 0.001398104823708779 0.03888888040457339 0.03508451654163715 0.041823833955602616 0.044206590172169435 0.03980757693268079 0.04626069646013637 0.03938712625323747
71 2272 0.056654703122353205 0 0 0.012792867642110278 0.004305825869161063 0.020013435549283937 0.03809200191148624 0.04311912798276039 0.0013439873413098621 0.03942226810511388 0.035256841023244424 0.041784459956492784 0.04274763656645104 0.041346865293704155 0.04576235092023803 0.03974422963601054
72 2304 0.05818985186025143 0 0 0.013013441673272463 0.0040980184586972635 0.01977923773785694 0.03911755417363273 0.044559531134949946 0.00131937651393233 0.03965061862188319 0.036398747780180825 0.04339816484466963 0.0438790297314108 0.04381687643267412 0.04940538552585102 0.0410926258282478
73 2336 0.05980597524294657 0 0 0.013037695095072632 0.003834386401960467 0.01948381721610237 0.040998988135761104 0.04784122069201315 0.0013048193061677648 0.04139555798636911 0.03834827775423298 0.04472293854623002 0.04668686603416719 0.04581364989732136 0.05081838821663433 0.04087615712771143
74 2368 0.06065375302717562 0 0 0.013014662113422755 0.0035993172355186097 0.018938851431834113 0.04293071574007113 0.048678681372940624 0.0012682359226636078 0.04313767625439858 0.03893395127557532 0.045259901764831606 0.04768039283420308 0.047050646873793414 0.051539783209600974 0.04090311006402524
75 2400 0.06614786131083926 0 0 0.014039025858513281 0.003682456256778203 0.02032080223750383 0.04664533039554141 0.05409748765922605 0.0013496636830616377 0.04732842380058514 0.041767603431813106 0.048783093961939174 0.0537441210237937 0.052008655278914094 0.060487532858771884 0.04570665500745172
76 2432 0.06522499751714421 0 0 0.013564775138512711 0.003345637033894437 0.01891645178687724 0.04644890118817142 0.05554516445508677 0.0012758126808051155 0.0467227750195224 0.0427430212476345 0.0473567690439179 0.05506717335727084 0.05453596967732902 0.05967321077448182 0.043840197318344
77 2464 0.06641527302099035 0 0 0.013484424089560399 0.0032348058835545445 0.018773836245923076 0.04999421389023408 0.058638633823526 0.0012172147550990591 0.04868434020610717 0.04360484772904543 0.048496194645762256 0.05615759200452362 0.05865161644308361 0.060823865891018916 0.04435561225835244
78 2496 0.07168443471449414 0 0 0.013872321094079165 0.003419003726337195 0.019055813286370578 0.055546047659472575 0.06312617984125747 0.0012965132490729957 0.052012060472010097 0.04783710418385817 0.05165201533160779 0.06532330365845232 0.06839762578583276 0.06652605929540459 0.0479995455088897
79 2528 0.0704567383527657 0 0 0.013420077105751615 0.003147015263456734 0.018109690498975824 0.05377410223901127 0.06201128976416074 0.0012206466955242779 0.050605722530854255 0.04615396985516043 0.05033345523118005 0.06273561095648857 0.06697619352858102 0.06581922423754502 0.046272686109149024
80 2560 0.07354202058140082 0 0 0.013771616962915548 0.0031436526740034137 0.018324556792451558 0.06008497143180159 0.06399078318310687 0.001247024027332983 0.05299357882682659 0.048533897624723314 0.05215876190758931 0.06634626592682111 0.07276534648903127 0.06914107345674811 0.04938191643750437
81 2592 0.07482438476079163 0 0 0.013283878586508195 0.0031421610681450487 0.018267080792723163 0.06476846071446293 0.06626119262613075 0.0011913559328038104 0.054436896212140345 0.04989373037738002 0.05403528837173923 0.06876093293635613 0.07641390056662821 0.07176782905834692 0.051259602673477664
82 2624 0.08001764326815332 0 0 0.014065574979453805 0.0031218342892489924 0.018783114390241693 0.07160390916436347 0.07104261373554689 0.001205100244739292 0.05912733581037267 0.05544037547286739 0.05565017177043105 0.07403341499360677 0.08582259660980793 0.07581763468896015 0.05670961764236512
83 2656 0.09543463328899457 0 0 0.01601634024416724 0.003557564972694662 0.021936596458441558 0.0899599489035992 0.0873231588910698 0.001369896624844578 0.07422424747885153 0.06735218978353644 0.06426925284464288 0.09185046891230109 0.10783868297450508 0.0927149594477887 0.06790765515311306
84 2688 0.1156778984177375 0 0 0.019198607279428542 0.0042018597720942285 0.025624830205435573 0.11136562771467852 0.10782200484248257 0.0015613639134492378 0.08723182376512106 0.08077218404463861 0.07735896278469312 0.1117800456448866 0.13823692522229325 0.12366047100041383 0.08213609593483508
85 2720 0.1272229276924206 0 0 0.021103656911385882 0.004310575185037296 0.0269514122644249 0.12267568937581719 0.12074159167163315 0.0016556162065781612 0.09525832691791594 0.09416346707321181 0.08361950910292681 0.12329329437627783 0.15149972474195503 0.1383444327178135 0.08886350355717498
86 2752 0.13604154454566741 0 0 0.022022714889415606 0.004541508840706844 0.027045439268442016 0.1299000464368007 0.1346997028707407 0.0017109826785188637 0.10227997039395008 0.1012064223762231 0.08646631814813173 0.12765389575202957 0.16350715037846725 0.14772905654480578 0.09383517868810387
87 2784 0.14323073706481376 0 0 0.022732394536478205 0.004430898925269453 0.027999340864050003 0.14265089242712908 0.1442199237822704 0.00168223183467307 0.11652466720573179 0.10785030102281833 0.08865818759282401 0.13700525385409568 0.179116605129433 0.1588465310832385 0.09894945412841988
88 2816 0.15489808683412898 0 0 0.024320371919126605 0.004440487121791501 0.029684469688212648 0.15492613953462736 0.15286166752082142 0.0017328978070565383 0.12309497808091206 0.12026666749273417 0.09476930399208412 0.1504396085918647 0.19673128324839437 0.1724536275329294 0.1091649248638532
89 2848 0.16023159491894712 0 0 0.025170817836841268 0.0044496953728915345 0.030038331468234678 0.1616147151611147 0.1579191440519255 0.0016561034574590306 0.12850907907860795 0.1271146632505599 0.09429774413280112 0.15847857539184254 0.20513304699387805 0.17675980785675902 0.11368437442525145
90 2880 0.17823086115969464 0 0 0.027363546326148982 0.004773491583307143 0.03279655028552408 0.18067208991096542 0.1724606868956737 0.0017523830172121268 0.1406189717750167 0.1451379208668179 0.10420898853739423 0.17930372597815977 0.23292538665997795 0.19739718660420993 0.1308527232149728
91 2912 0.16658916381512204 0 0 0.025180265841001262 0.0043745996117137515 0.030122562721454686 0.16779975427990604 0.15701057672577268 0.0015639648293350559 0.13380535962625356 0.141770124746367 0.09283761968941688 0.1620060021552754 0.2134584099768198 0.18373667809149194 0.12960205428676716
92 2944 0.1649203537892305 0 0 0.023456753428647312 0.004180070852235136 0.028782097914396256 0.16473529313164115 0.15839401463707956 0.0014893772232696337 0.1348911151176892 0.14582662116067022 0.09069845318388292 0.15457071551071938 0.2069519511368226 0.18458207014671277 0.13146372405737425
93 2976 0.16741397834514202 0 0 0.023051938189748763 0.004183841664260178 0.029001223209368935 0.16308245879705466 0.15594803942501442 0.0014481728681299342 0.1401309481075418 0.15051332132972575 0.0902535874138989 0.15029938871247564 0.20389048826568604 0.18747412232474436 0.13562336416549095
94 3008 0.16299643381046175 0 0 0.022036702952747348 0.0039058715758010496 0.027115778472572283 0.1516655599593178 0.15266878793550084 0.0013738515573201307 0.13373996535063093 0.15061719723552583 0.08755647133241744 0.14106420914727683 0.19352686161810886 0.18066811800069635 0.13554825863111386
95 3040 0.15760975801373564 0 0 0.020641125196252753 0.003681729253196206 0.024409421565136105 0.14809489419958483 0.1469649304143551 0.0013107245899113226 0.13021528352969633 0.14565499627564657 0.08351453216200876 0.13115448227224796 0.18557329945309553 0.17880634652914346 0.136692173299743
96 3072 0.14502880608250787 0 0 0.018541603994503775 0.003367390982544144 0.02161336966517053 0.13449805907499815 0.13088732979116577 0.0011272182356640108 0.12002769639200449 0.13393457338094128 0.07341590159196454 0.11799893704609066 0.16632266318032604 0.16479453155787088 0.1277647062440496
97 3104 0.14644111939219354 0 0 0.0179587146424463 0.0032550330141403287 0.020881402741955 0.13094647425442854 0.12959776944287416 0.0011154517196178611 0.1204112364577524 0.1365235488180129 0.07337089322716439 0.1178405655105299 0.15784916299052676 0.16239632239832977 0.13071119099822012
98 3136 0.14952464992299805 0 0 0.01815705763448327 0.0032237326987940977 0.020705447208727388 0.1318891390002746 0.13197374280244273 0.0010983982764174345 0.12313954820521085 0.13968095012192625 0.0738335010333023 0.11954083085291464 0.1537379450896801 0.1666555893053931 0.13473314096483308
99 3168 0.14562966687019488 0 0 0.017050564473744503 0.0030473559531079843 0.019187431741676492 0.128969721804364 0.12632637189525148 0.0010295970885829061 0.12147741395425236 0.1420106878506619 0.0697110383086869 0.11463142926950234 0.14754316601176215 0.1582373624622642 0.1306282291862614
100 3200 0.1439640377622463 0 0 0.01671598379959476 0.0028765455687924887 0.018482188927576623 0.12684615228286372 0.12270330853755881 0.0009943911376064393 0.12231953803276599 0.1412090388880354 0.06805201897115817 0.11397782239267563 0.13826243614401423 0.15534755631191277 0.12817443472043513
101 3232 0.14185449860650204 0 0 0.016089934523168252 0.0027173998364694923 0.017523487779421767 0.11807286225313736 0.1205449949924572 0.0009794663881319671 0.11997392428537514 0.1416487994890855 0.06678291347411448 0.10844236796974702 0.1269258186022948 0.14840058765299427 0.1270455404023457
102 3264 0.13206107023894811 0 0 0.014664067972696803 0.002421238652320926 0.015495707635709866 0.11109968739699087 0.11198229524502502 0.0008952253274508147 0.1162882430146587 0.12969519440768856 0.06108462621074417 0.10363751086674725 0.11550094710736311 0.1413291838542361 0.11817824041516817
103 3296 0.12127865524923347 0 0 0.012905338340075926 0.002190232467033604 0.014056831322940269 0.10206466350199243 0.10290884400375905 0.0007960891606188995 0.10744839991959114 0.11455232907481602 0.05368953560087619 0.09173798565536304 0.10341896871141948 0.12819722547825324 0.1072021282352237
104 3328 0.11336594538082766 0 0 0.011805999499501571 0.0019334926589538017 0.012540786964981532 0.09520754788077956 0.0945443512891692 0.0007157122218383146 0.09835666249252735 0.1058153257545456 0.04940399038084463 0.08618500414925245 0.09074198228887201 0.11787751530151963 0.0989328246892621
105 3360 0.10371924646190357 0 0 0.01035946448162371 0.0017161521646270551 0.011210148476211804 0.084498381712835 0.0841484494387524 0.0006274982203745375 0.08914728917870776 0.09496071726791917 0.045009438122643027 0.07848093348856483 0.07988055437334939 0.10704473185381004 0.08983470173100468
106 3392 0.0990317157340859 0 0 0.009805727943578877 0.0015589711840518939 0.010489188667993733 0.07877284405099351 0.07887331010379477 0.0005705835899992312 0.08373745845489568 0.08997321917302394 0.04116613495377636 0.07443330934813137 0.07423398429095174 0.10069040003046867 0.08439724334685074
107 3424 0.08492100224745462 0 0 0.007936167835946244 0.0013154615323616764 0.008751671951181669 0.06515897676590988 0.06600236051449547 0.00047826361407802637 0.07292498827761115 0.07686388849951753 0.03430241594771675 0.06222133840725466 0.061935449329672196 0.08599950242260004 0.07015961349270795
108 3456 0.07625683428217078 0 0 0.006925774568067233 0.001138972125934203 0.007687943325498398 0.05893574737947444 0.05931810090572485 0.00041350587504427407 0.0661533046588595 0.06896420779182824 0.030429339843060895 0.05666081509343021 0.054215909614507 0.07519036123413853 0.06130614867704941
109 3488 0.06917422283773803 0 0 0.0061169187707450084 0.0010040446714099972 0.006926001978884652 0.05362901023688775 0.05461760828213773 0.0003550273218374813 0.05975561385746007 0.061826483425064596 0.02656440081986207 0.0526621632316544 0.04819591711575484 0.06902012922973799 0.05420560457320804
110 3520 0.06366596611459038 0 0 0.0054100557187409075 0.0008916214087207286 0.0062903501950632 0.04923031173377101 0.04844654236864256 0.0003269739242538479 0.05428194511623291 0.05670281981176465 0.024355017380342216 0.047062507789279166 0.04170319562793036 0.06425116360436828 0.05037511967501812
111 3552 0.06385284447764313 0 0 0.0051700515575981085 0.0008559519592245502 0.006375878654971455 0.04819659429269934 0.04928346356428793 0.00031912136666686805 0.0544932311809984 0.055820708428857245 0.023605194318192437 0.047151615487929545 0.04037314815432664 0.06337308298288888 0.05132331265886386
112 3584 0.061462114052431106 0 0 0.004961210262589603 0.0008022270846749779 0.006000811730090777 0.04598703142716762 0.04741569697218889 0.00030033676497153545 0.0522783846956703 0.053034349581916405 0.022143665329893397 0.04514282656874452 0.03717975384718455 0.061024304053775395 0.049320543590848205
113 3616 0.05511906369170526 0 0 0.004423749899475314 0.0006688878008398303 0.005178554304902015 0.04095582985537754 0.043099084554991965 0.00025785426135314286 0.04770433846899391 0.04902878633135911 0.019387650893506487 0.04055760842227591 0.03223446021692253 0.055781124144796725 0.044748410675925096
114 3648 0.05151889976626368 0 0 0.004057255113012735 0.0006026294018844497 0.0046942123375182925 0.037622989642171895 0.038940672134095224 0.00023831634765168316 0.04453536959199544 0.045349950300243067 0.017883054289535974 0.03809175560274174 0.027951351392565788 0.051971116754712804 0.042482463778000294
115 3680 0.050256637478241925 0 0 0.003922676537488432 0.0005605574506241894 0.004445479181582379 0.03607744486744174 0.03821168889238131 0.0002283580553973515 0.04399848882296732 0.04465007016011516 0.017060756546220055 0.037124668787121805 0.024772519020819114 0.04982523770335355 0.041312351737429476
116 3712 0.05374971569537642 0 0 0.004150665067034811 0.0005877160543218474 0.004581107829140162 0.03866698763933787 0.04074754292443225 0.00023366108562927117 0.04736995700311752 0.050697260776574445 0.017406597781086358 0.039742448793273495 0.025408650817027065 0.05327617030709759 0.04550890327581927
117 3744 0.05130521816876713 0 0 0.003916397968539582 0.0005454545468526808 0.004105157337012296 0.03715019446184826 0.03917794116562449 0.00021952281182200425 0.04476044816876445 0.04896634143304371 0.016327805919038808 0.03808036962117266 0.022809181461701092 0.051750368582806384 0.04395297525912763
118 3776 0.049175373448429156 0 0 0.0036073932686603544 0.0005223950802478145 0.0038426998060130386 0.036037002939942935 0.03644217999328779 0.00020083515946503515 0.042759881646016004 0.04764791746092576 0.015236294628923097 0.03672328311686028 0.02119533389896157 0.04920467988820563 0.04166345200685269
119 3808 0.045529414887176364 0 0 0.00322688815689617 0.00045743188719153644 0.0034317431738928187 0.03351239633576665 0.03343035158000793 0.00017932636363787388 0.03822299727838033 0.044916203353863135 0.013613440253864479 0.0348230781892778 0.019144380113923293 0.04514814262041941 0.039531112704354776
120 3840 0.04254369487933613 0 0 0.0029330415590423033 0.0004121068902015849 0.003013865635747591 0.03152931372961031 0.03146671905871385 0.00016120396804569372 0.036125866338261786 0.04091304402824138 0.012009649447191491 0.032595184808766615 0.017450996059914316 0.04185640669848019 0.036220451831975586
121 3872 0.04035118301520564 0 0 0.002703288328017225 0.00038044060507606684 0.0028092647263717576 0.03015399894303366 0.02973417343469953 0.0001462337543327559 0.03420479876097662 0.03852597263062436 0.010827878265252605 0.0318976698514957 0.01596369367301516 0.03958493362001295 0.03369385735005709
122 3904 0.043651583536465095 0 0 0.0029194497041259 0.0004026206926227611 0.0029298257407987098 0.03295556214852289 0.03186927969385001 0.00015287339825675327 0.03783230255159594 0.0445877168981475 0.011206468125640337 0.035365593082503664 0.016030502959713325 0.04376444699695158 0.03675530612350879
123 3936 0.04891110258565977 0 0 0.0031827585770187326 0.00043536417177032565 0.003227112004130443 0.038893309211631984 0.03518703909804048 0.00016209973285427742 0.04358767301330642 0.0506066335718827 0.012083654800858108 0.04012082771175924 0.017852740186981957 0.04825925860512845 0.04075774641209172
124 3968 0.04694586090723559 0 0 0.0029444372707063955 0.0003999670232243222 0.0029037300866907334 0.036983088200073615 0.03423872070435364 0.00015345965435605968 0.042078748197889926 0.048101794034532665 0.011207846044125622 0.037113886912712085 0.01669681835678673 0.046757088421978 0.038370731844720875
125 4000 0.048279747855457716 0 0 0.0028970846548191116 0.000410267723349483 0.0028993980470901513 0.03797631317392413 0.03557802376960696 0.00015307934711520304 0.04346898584918121 0.05123617506110636 0.010978421847079712 0.038693518902187835 0.01662211695822382 0.04773225425136314 0.040407487144100675
126 4032 0.05390223278875263 0 0 0.003123231267502857 0.00043089581095281774 0.003229461536756422 0.04459445525645735 0.04151982255093963 0.00016289936286562875 0.05022683074490948 0.05788455949301241 0.012091837384258099 0.045935333869764554 0.018096566871079002 0.053089942509140654 0.04577347835250214
127 4064 0.06436301172306126 0 0 0.003567960590379627 0.0004974898979133777 0.0037632255824125455 0.054627505472937536 0.05053369658515111 0.00019160658111998596 0.06198577645660098 0.06893051577165898 0.014252836027088763 0.055505707154241204 0.020966007827196813 0.06604602246719048 0.05486724354542202
128 4096 0.08235970180763068 0 0 0.004486725777995083 0.0006389510275173997 0.004675827359829909 0.07202439780743443 0.06903970109818584 0.00023734806912331012 0.07837601956336543 0.08790289427310882 0.017632086821504862 0.07275936630915573 0.02588214425067881 0.08902698692629629 0.06855063335834113
129 4128 0.09829572109212936 0 0 0.0053057862593032055 0.0007363558202449505 0.005334904774247639 0.08675953325606062 0.08354573629336791 0.00027740975248490707 0.0940557303689251 0.10452292617076901 0.02073855167831714 0.08582070838339784 0.030241442056786246 0.10754196575435533 0.0799854815340389
130 4160 0.11374946379011222 0 0 0.0060552361808185245 0.0008444045415160102 0.005970489002009456 0.1005292860923139 0.0960847063969491 0.00031399388181243957 0.11252966926369219 0.11943586534062081 0.02396572508278528 0.10421963871028238 0.0334412407449733 0.12319369042687109 0.09392547189538512
131 4192 0.1357036265213577 0 0 0.007257358860002476 0.0009722112083858002 0.007103559576324567 0.12088493507148379 0.11292698565784177 0.00036893274405497273 0.13574465265415955 0.14141953397028886 0.027304054248984348 0.12662909418981003 0.038776320047613395 0.1499020853866396 0.11109706576551091
132 4224 0.1488250819746018 0 0 0.008377677819625572 0.0010234243763455368 0.007539374801192211 0.13219611305226886 0.12778849124439604 0.0003937177042437841 0.1482306805563668 0.15684230024727697 0.028804597648155784 0.14060162296587045 0.042118151694988885 0.1666553905706997 0.1225435218275582
133 4256 0.1928754706038934 0 0 0.010794199309126446 0.0013183156533339117 0.009553241598342702 0.17519868542145323 0.17028782341711843 0.0005033167138495349 0.19864013339857162 0.20295559249400064 0.03661396217883252 0.18502552060831653 0.05417615911159726 0.22437837270348407 0.1651644194491307
134 4288 0.2323321638324591 0 0 0.012761348508336302 0.0015621827216083018 0.011870108817904393 0.20664339943602442 0.2020984413787569 0.0005931006031432244 0.2429409232658482 0.24567807757020158 0.04054260590071936 0.22079820933657573 0.06655408337196426 0.2810287038286122 0.200193306938441
135 4320 0.2543406484260359 0 0 0.013550955731259782 0.0016622568293845196 0.012640848671608829 0.22999770154498125 0.22182845452435584 0.0006593641608969625 0.2644319139070464 0.2693493227614182 0.042917534880496745 0.23859993862348647 0.07285352223842378 0.30846725634102984 0.2176566555341095
136 4352 0.2639038906038068 0 0 0.013675783687688174 0.0017037135803766447 0.013046288444156057 0.23604419051721914 0.23056878727510255 0.0006819889447094082 0.2708406190835126 0.27911498682184477 0.04294253747584417 0.2416740579134813 0.07615716833619234 0.3184216313609408 0.2257651766203202
137 4384 0.25819762711866723 0 0 0.013157427145816856 0.001685326365520919 0.012266905168285857 0.22868149067476862 0.22709154643997528 0.000677967323232118 0.2625243948536794 0.26337302566559606 0.03975770627517054 0.23382827155939198 0.07482948591581928 0.3077690615884385 0.21276381403304448
138 4416 0.2647707334174899 0 0 0.01295185129233965 0.0017045489306989554 0.012100981000417633 0.23189205585249967 0.23319484255128164 0.0006739007300502041 0.2675747335525946 0.26799861917488593 0.03995297641339317 0.24050730854419755 0.07652640595432528 0.316359190260001 0.22320313474052325
139 4448 0.2639456936562164 0 0 0.012601895819825324 0.0016455031067148427 0.011790723395496562 0.22403322328949923 0.22550649097363498 0.0006750817111477546 0.2683300435252329 0.2687079704596379 0.03883379374965373 0.23323147872662411 0.07785308405039289 0.3129350381812784 0.220082397211369
140 4480 0.26256180504461796 0 0 0.012336935187916323 0.0016260655639980148 0.011551207867910399 0.22864154879438237 0.2272250152688567 0.0006839479767473365 0.254858908809021 0.26782019185600875 0.03741280537338015 0.22434389824276788 0.07796292451310202 0.31650349469184047 0.23072859585632635
141 4512 0.24790204455152529 0 0 0.011499112680915564 0.001536533393984792 0.010925936316501066 0.21741022643657942 0.20858726329741903 0.0006442024276023659 0.23658452379208725 0.2498535506566606 0.03341302621015092 0.20817455317787417 0.07118350713884239 0.3003588758429139 0.2242973497413802
142 4544 0.23968366060702742 0 0 0.0108980064035949 0.001486376973601848 0.010283299571235218 0.21353035952760405 0.1995362121990925 0.0006293553760821975 0.23063994339734348 0.2426979971391884 0.032143513486965716 0.1973547878654579 0.06911437124599089 0.287452501944732 0.21592013939599614
143 4576 0.23978256567315454 0 0 0.010835179262130394 0.0014830192541724606 0.01049637772233894 0.214344141841456 0.19620633142132451 0.0006405839714485111 0.23169418643132839 0.2456891834871314 0.03132879789031168 0.19521657551831387 0.06856855608737335 0.27310428066519277 0.21763344310289703
144 4608 0.22051245908043376 0 0 0.009916867632922656 0.0012992331045456834 0.009322349492768242 0.19545208374907805 0.17886392347264082 0.0005785775533619618 0.20803829818494352 0.22471306254754195 0.028707767832676388 0.1765044376686685 0.06370684735099942 0.24949710564771618 0.20080219952443862
145 4640 0.2013324823898912 0 0 0.008859037013449091 0.0011292822334244966 0.008449374170207786 0.17568927052408073 0.16124187660818806 0.000522488388733374 0.18553857130608384 0.20683037254896727 0.026229988048848907 0.15718423704500845 0.05852651316412735 0.22332195856854592 0.18429204390553997
146 4672 0.21163769698327675 0 0 0.009105530401749317 0.0011460188449563611 0.009008556949510508 0.18528999454922146 0.16789649234127937 0.000561289800197885 0.19332841392029565 0.22064366077896957 0.026870473635671258 0.16532432328017627 0.06302376443575351 0.2317160314535634 0.19227849474660547
147 4704 0.2031339119276805 0 0 0.00839091482400178 0.0011159432613599514 0.008664762319499817 0.1709654844864961 0.16072726793128636 0.0005456919073942316 0.19038236268494638 0.2133115910317375 0.025420393861607667 0.15920355085440144 0.05957741608914784 0.22257956869604117 0.1857373918837033
148 4736 0.18867485644277304 0 0 0.007864218292878745 0.0010332208168809612 0.00792477557644782 0.1565984054967923 0.14681582558435255 0.0005033244863892176 0.17717197525394424 0.1976542650957746 0.022656156339032996 0.14854580471901643 0.05458194012974265 0.20142922266750315 0.1716752505468829
149 4768 0.17480959794150702 0 0 0.007375248008278231 0.0009358872980859306 0.007396475481843374 0.14409471068568835 0.13033930883392406 0.0004582166345500768 0.16397006181937612 0.18717118420946224 0.020349218617553597 0.13725297825641922 0.04981365758586612 0.18490791209795082 0.1614522321360616
150 4800 0.16451343655539288 0 0 0.006759001166803329 0.0008766185478116097 0.0068727420621036315 0.13122607125428165 0.1194518071369882 0.0004202011360454044 0.1587063031420229 0.17262089652149756 0.018561693141147268 0.13259071756585922 0.04840439136234006 0.1779129503484431 0.15179975778990318
151 4832 0.15694514861646025 0 0 0.006344359045082591 0.0008662060564024345 0.0065591358515950425 0.12207782489347782 0.1111423643985635 0.00040392760576793776 0.15032640997873206 0.1628423888219414 0.01747587849951208 0.12601253538167576 0.04471083906247051 0.17010366110784184 0.14008761616207918
152 4864 0.1519591541264651 0 0 0.00612428801880365 0.00087741791710729 0.006411567815163795 0.12038749419719302 0.10897274383842759 0.0003815851388611801 0.1467773947326714 0.15696718003157845 0.017039026784210553 0.12565061348271514 0.04398959164884166 0.16488670273598235 0.1344217780437191
153 4896 0.15872392936316332 0 0 0.006438314226828329 0.000891318940205572 0.006642872967234104 0.1265876884670563 0.1140660475340466 0.0004011248735384798 0.14921616443326827 0.162726615565818 0.017602231854938023 0.13043395802142915 0.045405664832724554 0.17456793874233156 0.14061480790141065
154 4928 0.165521088411333 0 0 0.007038045028478953 0.0009212522965778966 0.007036940136159932 0.13490812220052203 0.11597793045476128 0.0004155901226231171 0.1595669802597885 0.16624168618129476 0.017650200869376624 0.13748804325956618 0.04584999266335367 0.1751571345240133 0.1446801429031208
155 4960 0.1536046761244288 0 0 0.006534914266840444 0.000844374774186412 0.0064060135635132485 0.12683118161238327 0.10667019358811625 0.00036637884707329036 0.15272656684611446 0.1487893250989029 0.016431860819077923 0.12780177582276817 0.04039907665934362 0.16570289049204404 0.13337791216534126
156 4992 0.15198844430309402 0 0 0.006646291661371112 0.0008485796319088897 0.006197748544408973 0.1233645851932155 0.10142186423854092 0.0003687036977584348 0.15204231152412723 0.14964850103478075 0.016462174733030552 0.12770865721608657 0.03992190278162184 0.1618972007212985 0.13364419344910222
157 5024 0.14381018434680282 0 0 0.0062887385455596915 0.0008106756650314488 0.005888520208792119 0.11690693573160459 0.09487253827541549 0.0003486380899524714 0.14135869796489126 0.13874549506113823 0.015725114122033753 0.12322284485841863 0.037983082285695864 0.15148042085106211 0.12819082339754298
158 5056 0.13371520881347299 0 0 0.005588652855424451 0.0007267480467677121 0.0055030939632899414 0.11213985074428362 0.08943431661328505 0.0003286178148536153 0.12995427763390635 0.12951185186885422 0.01458105076970212 0.11860151049617355 0.035157553446569394 0.14122564188385103 0.11956262130672965
159 5088 0.13864475636091295 0 0 0.005607113618953047 0.0007378727784145409 0.0058728686122631645 0.11503408909013846 0.0932176225370605 0.00033251265132921894 0.13535797292193025 0.13287240324362348 0.015157655505704934 0.12655493041460755 0.03747462967279145 0.14602448143422295 0.12106665013382843
160 5120 0.1374236912120598 0 0 0.00564130496595721 0.0007144314978151581 0.005643995016172703 0.11392555411193726 0.09435286005099015 0.0003298405467119584 0.13180163242937434 0.13138757808091586 0.014940063677419225 0.12659618221603242 0.037625608509345015 0.14244050941141162 0.1159364645961036
161 5152 0.1477369669160066 0 0 0.005970942936496876 0.0007816143700993516 0.006219798495744149 0.12426287745669627 0.10136554986781834 0.00034584391970025516 0.1386061458359338 0.14391507792512204 0.015772173940526924 0.14233452699797097 0.039894512720463286 0.15524929890389783 0.12455913229226531
162 5184 0.16908404129122448 0 0 0.006536206256829552 0.0009499055122658903 0.0070974746346253404 0.1429246495793202 0.11768433414984178 0.00039250550913607924 0.15589177466619306 0.16508180261080968 0.017462129571529875 0.1615424205213942 0.04466526443311732 0.18465812456055108 0.1467294686270182
163 5216 0.18149966658105504 0 0 0.006930291872807833 0.0010186848638607002 0.007726560143486802 0.15454123447671606 0.12234917697843462 0.00041437476399531847 0.16776521771256486 0.17806138064831828 0.018121403822951198 0.1689913200460925 0.047975406153809234 0.20205415141033048 0.15861343747724096
164 5248 0.16747031206663357 0 0 0.00626269826236723 0.0009575416009600341 0.007030256009014129 0.13836290355519565 0.11388122056539364 0.0003787988478384088 0.15202483098069236 0.16129990893490037 0.016718764406630122 0.15470408692017926 0.043707597767882175 0.18705643277781575 0.14551038164876473
165 5280 0.14828958591205704 0 0 0.005543631451733005 0.0008296889821986077 0.006088036947297257 0.1227134856833895 0.09981922597513268 0.00032834718388690185 0.13273252092656143 0.14373247789440857 0.014692795741594154 0.13422636299113053 0.03811682889863678 0.16224199174521214 0.13082808638698215
166 5312 0.13964292613522822 0 0 0.005394924371469566 0.0008130635186097754 0.0058467612815163465 0.1138831758716704 0.09243955621783677 0.0003128277627437868 0.12265217638902104 0.13416261385892062 0.013846715253774022 0.12790932793454984 0.03635628188598712 0.15523270749082124 0.1191743585833006
167 5344 0.13632305695458638 0 0 0.005131154680680934 0.0008170817247385514 0.005624054998806423 0.10896054200390697 0.09062302189890979 0.00031224712812605114 0.11762311572930141 0.13095253794109357 0.013257885457334346 0.12215991410160304 0.035431007134242444 0.14466478404304395 0.11334379494256315
168 5376 0.15086351906168727 0 0 0.005765583398453873 0.0009436226035229988 0.006236481726829757 0.12227123662495043 0.09843938532208621 0.0003474326438938456 0.12638154807942925 0.14917537105123263 0.014530610385164391 0.13423880779174732 0.03917006309608153 0.16186168918593274 0.125343837690405
169 5408 0.15721774905718697 0 0 0.005975896320851759 0.0009808451268437616 0.006433568175567351 0.12508662902411447 0.0995724840207589 0.0003644208207324527 0.1327514168676291 0.1500337535448002 0.014642135490532586 0.13973903770473048 0.04175371998214789 0.1734559298990206 0.1303586657270644
170 5440 0.13974793947786424 0 0 0.005219617062307932 0.0008723535710721554 0.00577553167912836 0.11154999985088304 0.08805886527071694 0.00031272739411032993 0.12091225941362062 0.13199689004370863 0.012758464229512063 0.12580310150109292 0.03744813667127765 0.15555057758788213 0.11445874720294297
171 5472 0.13357312699218093 0 0 0.004905825903682513 0.0008616416383590758 0.005438320684463964 0.10765618892296692 0.08076135856844133 0.0002996999262050741 0.11620376442979886 0.13037582020410932 0.012163311323308572 0.12391847419080194 0.0356643412941308 0.15055796860411 0.11160864803350547
172 5504 0.12163837945453236 0 0 0.004433348537483731 0.0007742269934033433 0.004919394290031256 0.10012498570295056 0.07354117390895154 0.00027652104112282287 0.10477531236240319 0.12157716845785592 0.011138308679451921 0.11303753052102129 0.032625706178680734 0.13747372061103075 0.10482538680500891
173 5536 0.11668452259812104 0 0 0.004282366176092429 0.0007333568445231653 0.0046991165799354405 0.09366212290826131 0.07236214801647146 0.0002730526192236169 0.09795185669901874 0.11531059801811731 0.010593087719691814 0.10599513967257941 0.03118068057338118 0.12852020221556124 0.10008573380780938
174 5568 0.10655365642520867 0 0 0.0038575424963207703 0.0006418774190632432 0.004268431146612018 0.08423758359998554 0.06738760442278238 0.0002524299222405976 0.08703350495353526 0.10333368526823575 0.009676243020398361 0.09614243812855121 0.026936036182566243 0.11716048655658484 0.09075608773118142
175 5600 0.10158579553151231 0 0 0.0036423762400556274 0.0006135777850608915 0.0041039785143378105 0.08000872281964914 0.06555183339610982 0.0002465606364522851 0.08048700245599905 0.09490856049329235 0.009172838569275412 0.09035479158719142 0.02600743273205642 0.11121456915103986 0.08637842562756647
176 5632 0.0964524922095557 0 0 0.0034330673183990304 0.0005920188536002222 0.0038753819900737363 0.07610701193745582 0.06263824185901347 0.00022827619419088255 0.07721887780551277 0.09194448702695734 0.0089454106564687 0.08631503823723367 0.02416857722087365 0.10788804851979843 0.0834584829971944
177 5664 0.09535306610628737 0 0 0.0032367138936368763 0.0005794191744686756 0.003869043747542073 0.07596639770267789 0.06432298423587271 0.00023137553170997284 0.07695245197625715 0.09132498059427348 0.008970437310935312 0.08754348572389913 0.02425410231851708 0.1083943739087742 0.08257276367856707
178 5696 0.08305644849988024 0 0 0.0028455579220243014 0.0004926515550076658 0.0033526986470087407 0.06686879519142908 0.05725936019671217 0.000199137168945093 0.06658464365539377 0.07978499940579967 0.007766559879333926 0.0737985244331238 0.020504650599986515 0.09400293986322801 0.0730853652171564
179 5728 0.08450424120936097 0 0 0.002842058144000068 0.0004992306453394586 0.0034138093542999993 0.06874518317171588 0.0598895997156849 0.00020163727213866995 0.06726283849287246 0.08196736197516372 0.007889274339357457 0.07653222898992632 0.02076887074722754 0.0949312299221372 0.07519958007093402
180 5760 0.09678752081713922 0 0 0.0032153987792487835 0.0005798006779923273 0.003957429805179236 0.07515241612870024 0.07076046916958506 0.0002380605261170185 0.07527991902509386 0.09542235526362428 0.009217046737735803 0.08312565915199034 0.02201509698568308 0.11217032197429415 0.08369880086833228
181 5792 0.09524805005789318 0 0 0.0030513569195922065 0.0005554353558439114 0.0038294956110754503 0.07184180529514501 0.07211075610064321 0.0002337558740643716 0.07464495285542772 0.0924674897117142 0.008945463062998859 0.08200700347236815 0.021982101462076135 0.10847538510555743 0.08002766259814421
182 5824 0.10461505407697243 0 0 0.003376529571851063 0.0006628581135563414 0.004276389580713077 0.08151690870319278 0.07930463063800129 0.00027260072629206996 0.08234734417195136 0.10147522200876052 0.009768219045922379 0.09570731093149384 0.024676956537098366 0.11849227518194129 0.08788418439715005
183 5856 0.10204500604424567 0 0 0.0032795796172318957 0.0006527531511495371 0.004231380108541898 0.07815390978495612 0.07784435025247308 0.0002757975755182389 0.08061672339789329 0.09675579508456768 0.009427529600803007 0.09075057740610228 0.023874207983821245 0.1144426545433901 0.08405508419685877
184 5888 0.10408266429174816 0 0 0.003331243241676215 0.0006759666260305005 0.004257532367307967 0.07720323013988534 0.07675778599662568 0.0002818438884175915 0.08087966144340039 0.09521390024511658 0.009669780664145068 0.08966815195839666 0.02404607325598115 0.11493111172805014 0.08526581014795981
185 5920 0.09801160200085683 0 0 0.003230919608053625 0.0006213750055187443 0.004027368393354679 0.0717734891186746 0.07286193234990443 0.00026859331796624786 0.07296420931288479 0.09242892928793899 0.009011584963472404 0.08330228150994469 0.022521110435691428 0.10531733623928737 0.07874313095683502
186 5952 0.09310231241196805 0 0 0.0031339845420944 0.0005864469154364312 0.003702721599763153 0.0689786849102042 0.06803162671544284 0.0002545393598430227 0.06913864379795448 0.08469354538109165 0.008668791144722174 0.08007739428998292 0.02131020825707763 0.10306441158518449 0.0761012928968233
187 5984 0.10364247064429871 0 0 0.0034884975866068804 0.0006702065455562303 0.004253404036959987 0.07683594322624133 0.07735164589134115 0.00028412008466885516 0.07379120039783767 0.09247298321445378 0.009501751755100445 0.08946098895714746 0.02392717887506561 0.11403273590231593 0.08400432146336947
188 6016 0.10780961177147302 0 0 0.0034985039153745115 0.000679070825496851 0.004436406039240179 0.07864665085628739 0.07877643989960925 0.00029008338761275196 0.07560244988322669 0.09561669952145006 0.009639331900047683 0.08939574593208283 0.02513789459337384 0.11534459530807713 0.08587479509955105
189 6048 0.12294191299493896 0 0 0.003907342275010777 0.0007762564168053245 0.005083425265138766 0.08929698810089294 0.08885922751639794 0.0003192020123738272 0.08596327029320863 0.10860846747411437 0.010856179938993083 0.09656722140173427 0.028495777662347854 0.1339591808085864 0.09995267720159966
190 6080 0.13124456426868747 0 0 0.004169130217271572 0.0008139909413757235 0.005215170796459517 0.09212997613845658 0.09475826378517463 0.00034283397972008405 0.09271595032575493 0.11541572577639962 0.011206599141204227 0.0998870860182271 0.030390405507366755 0.14779574170286403 0.1069882650212718
191 6112 0.1250361221443223 0 0 0.003853356101195739 0.0007949093312378884 0.005116643959818531 0.08862899014290977 0.08874619178526516 0.0003193671831450493 0.0860218623521326 0.1099544254286072 0.010908789612570908 0.09861405360473145 0.02941357281703043 0.14511988368492443 0.10581289166980971
192 6144 0.13263319399131304 0 0 0.003951077794032047 0.0008206642690951632 0.0052765276698220395 0.0959510635358706 0.09166126237561417 0.00034437737342688933 0.09225938559805072 0.1135247618772894 0.011356204775060394 0.1076902822955845 0.031160710805139984 0.15218228440720658 0.11254015393643864
193 6176 0.1240732715027387 0 0 0.003735552782003475 0.0007762852251519468 0.004949727190941356 0.08972878757539743 0.0835069844157282 0.0003260043141338079 0.08979598605775836 0.10454529678710912 0.009833346655764127 0.102053164928796 0.028846662168153327 0.14231402953852243 0.10400991711857653
194 6208 0.12049821334470018 0 0 0.0036136674276293556 0.0007582079938283025 0.0047560815248427315 0.08624774663447476 0.07921974440726463 0.00030518758143829725 0.086631638259887 0.10098142552051351 0.009525907252917553 0.10024401056820016 0.027439229372739175 0.13965097054385348 0.10042992913585325
195 6240 0.12653874861776174 0 0 0.0037646823837411995 0.0008165744642617299 0.005081865122865722 0.08901258794001868 0.08246545506441855 0.0003116244256779831 0.09279084353928703 0.10987449139936595 0.009905480301542324 0.10221558223201496 0.02809519415678532 0.1493195837895852 0.11044454272831668
196 6272 0.12357175493038576 0 0 0.0036098269134697066 0.0008009663591800624 0.005011343886511139 0.08808864118466828 0.07994821657765899 0.00029949345901358817 0.09044114631835612 0.10612138133635163 0.009438927537518134 0.09688573779354302 0.02681602677892387 0.14757149358681315 0.10871791672161343
197 6304 0.12286903964792813 0 0 0.003535051641437268 0.0007867137341793936 0.005097670277929338 0.08819371762464512 0.07996958962184608 0.00029491245151841926 0.08963935763848839 0.1060157336668244 0.00936006503727951 0.09627655613405992 0.026759540692527683 0.15196336707418373 0.11135364552904142
198 6336 0.11280087119659743 0 0 0.003224926010184432 0.0007283471992076308 0.004563652227650975 0.08104484896557475 0.07369385286537443 0.0002672012424274697 0.08426841385916539 0.09777600593846839 0.008698570326409711 0.08505661156028237 0.025090193740000506 0.13543940479101216 0.10056751057438548
199 6368 0.10559862323409355 0 0 0.00299048952379073 0.0006876688349345746 0.004320937551581625 0.07556102982903573 0.06920558871026766 0.0002417182273376004 0.07902575709436488 0.09380045828459078 0.00783513959316374 0.07875793433441092 0.02368984071482098 0.12497163275030714 0.09428564640917697
200 6400 0.0912280755915877 0 0 0.002534521756247635 0.000595104134414687 0.0038387981365152484 0.06480168691767937 0.060577256547567813 0.00020738912015984718 0.06744224290218018 0.07939473053309637 0.006453154192588791 0.06813000876567625 0.020411970456481077 0.1088753636994308 0.08109247835086669
200 6400 0.0912280755915877 0 0 0.002534521756247635 0.000595104134414687 0.0038387981365152484 0.06480168691767937 0.060577256547567813 0.00020738912015984718 0.06744224290218018 0.07939473053309637 0.006453154192588791 0.06813000876567625 0.020411970456481077 0.1088753636994308 0.08109247835086669
