% # columns="iter, evals, sigma, 0, fitness, xbest" seed=405312, Mon Aug  4 13:22:42 2025, <python>{}</python>
1 32 0.4521257373900816 0 0.22600630661484614 0.3117552096536908 0.3400773794959515 0.09492014592213516 0.9991321741211847 0.6250603329371834 0.00022270419465647426 0.26498122612670644 0.36224237763694805 0.32464610208833605 0.10123960262771367 0.19911931317857268 0.27518560656150887 0.047712202179127236
2 64 0.42380535207956316 0 0.15677830679179078 0.15777900558875263 0.5851783154345955 0.1843261328752006 0.7506443998203988 0.8853281722562691 1.82342324790988e-05 0.0001528087407712137 0.00898264466705287 0.0016600225083394623 0.37066473126597155 0.14646836337859476 0.12288500038256811 0.16097534159697857
3 96 0.44423691546142874 0 0.2366788098477953 0.015235078240950214 0.43868708191052647 0.8708405387665084 0.9015746430556582 0.5528984084921532 7.209281095467349e-05 0.008492845883647716 0.06954491725974818 0.014389065136361193 0.014974627106803112 0.001624690531327902 0.1351981884775425 0.2962314577615529
4 128 0.45313834485841 0 0.17779756641138786 0.35005188450903196 0.28224478666384073 0.8952248959075173 0.8944064526849783 0.5421282807715722 0.006657259127172211 0.17893254316855972 0.001946477524199964 0.24501995487779327 0.8712195674456786 0.04634019504420287 0.23129107332285076 0.2515656939356461
5 160 0.4316866660131378 0 0.1588165422961563 0.17831417349125547 0.4950195714089893 0.5479192528824439 0.6921980443295698 0.936116080240917 0.0006573293004037779 0.23474392927665788 0.2800443277554039 0.26830791159126766 0.31307738807839314 0.24631679819697547 0.19143037424218018 0.4183500588977802
6 192 0.40141369328422344 0 0.22023697821616361 0.12489140907213861 0.590540546648174 0.6382387122031661 0.7615844632294971 0.6196970210107208 0.0027595752144676387 0.014033659927327767 0.03143412988323495 0.378775562854816 0.26667468392805227 0.14482422361425124 0.020226703257962643 0.5262943738237829
7 224 0.41446603561734874 0 0.24295800499875655 0.0018642557081973293 0.7480391787693089 0.5301135636502124 0.9658301555552621 0.598652546028002 0.0017651050694231472 0.20451560147107078 0.26008306292264316 0.21685693979192025 0.13841192159426036 0.08508262349921938 0.04109303664395598 0.1270308174649428
8 256 0.37679426859989495 0 0.17804212883895926 0.10137545913591733 0.4480513962204331 0.7648073763987772 0.8396503317998246 0.6878958422648368 0.003268740792750312 0.033075882655174645 0.28500411248192914 0.9004098231075922 0.46036796028995836 0.06278162986569141 0.6568266643186957 0.37843197199656253
9 288 0.3488221575810765 0 0.18046655737708583 0.33879519288603466 0.4769265725731034 0.44890052149411763 0.8775225672804091 0.9847377274501407 0.0010787190710930797 0.0007024890206899142 0.02695648010296912 0.0013081044090857677 0.2869972347049281 0.06314569395991637 0.5107490850136929 0.3904717886132314
10 320 0.3413555114400928 0 0.2279151409836216 0.15646968149023738 0.4464599124145163 0.2668471312050514 0.5656438887287564 0.3677385503965206 0.008082372208109147 0.0701040418000875 0.009498305867478756 0.24863590571734262 0.6486291913028548 0.049435536617692 0.9086581823160965 0.15694368840965672
11 352 0.3271301461690865 0 0.1723122561799351 0.48789670787847766 0.2449136607984505 0.4978111282082925 0.9918498775709991 0.7583660711075509 0.0015870362935172563 0.20544244394832623 0.0011832279523546834 0.007810116522188454 0.11908236344709139 0.10478963486972814 0.857860228570608 0.4859358787715419
12 384 0.33496533098607856 0 0.1631002242641393 0.006696984021557684 0.5758950555889555 0.6862523352230343 0.7965187978824545 0.9481742899633591 0.0009108299714718076 0.17736316599357907 0.046012449640475246 0.17511833518852205 0.11845278767876583 0.04888028903679794 0.5404180199964674 0.3305789130318655
13 416 0.3236691954179313 0 0.15625913087658164 0.10832471444106104 0.5504369145700361 0.46784073156514133 0.6526594821491233 0.5354188482831443 0.00020681664563852644 0.1821356585208233 0.02110296240374653 0.11436626602838343 0.9146552068356668 0.23012002918338348 0.6660270213086074 0.15779998084963842
14 448 0.30743558416247174 0 0.19230534857712722 0.12904794735793487 0.48395716081553664 0.3715291139759352 0.8913021193988301 0.9089498954267007 0.0033841348616061476 0.3128162611776618 0.005613521798456292 0.11155290547732771 0.8985712993158651 0.39013574679681456 0.4475584423890091 0.2246335827351313
15 480 0.27892695349042473 0 0.16362907218102746 0.2986004792145873 0.5551406800462888 0.19773472625487654 0.7857795079602617 0.9993570745053415 0.00044553358784636573 0.19831742731908036 0.06790499174916453 0.010122568993895879 0.5921534171449767 0.3299972553533024 0.715795063748094 0.3104994896091845
16 512 0.2748917204019304 0 0.16134346421164186 0.014506409656415701 0.5391440505578381 0.7296987628820101 0.9262280333112048 0.9229783710120086 0.0007235332685892036 0.5130894079026336 0.013545032940420728 0.09165622069328636 0.5201689391819578 0.30292345872882465 0.23743861725194904 0.5184173131452858
17 544 0.27248341138468557 0 0.16171203987678728 0.21612690440872095 0.5307010028928427 0.6546188250652623 0.9839853579662604 0.821848051043563 0.00028549855169340816 0.5226158749157057 0.008730135185252806 0.3080983014220522 0.6599271587527824 0.0268242804632695 0.5921247804672025 0.43937749637515877
18 576 0.2654723969701778 0 0.15338223273273152 0.21618528992094002 0.5323506351507292 0.3167971527180429 0.7564353353808765 0.8004425174240121 1.7086055278412665e-05 0.23883333245175026 0.23535427497430778 0.44902648645849086 0.5457441931538625 0.10211745023467952 0.8967904271783125 0.2297622678499994
19 608 0.2750521843634378 0 0.1584522866708065 0.15385011845537439 0.6140950379665894 0.4245476898264272 0.8533674567100867 0.9983398184134369 0.0002633646516292634 0.000684116327098679 0.3871808284310896 0.038494338575563496 0.6267148676578175 0.17181252234340372 0.13491840518779918 0.2629831126676803
20 640 0.2847007915913316 0 0.15326886892706368 0.29342263603548413 0.4624899316468466 0.4351853948797023 0.6715482820661712 0.9706045308759971 3.948870608738237e-05 0.04752761309819862 0.3645236279948354 0.30175082748387655 0.730345713530537 0.022998647290365215 0.5591644968774069 0.3551119220734905
21 672 0.31246892119761965 0 0.15103455449737568 3.91478289164456e-05 0.686927844040292 0.46853117070814376 0.7835805554438272 0.9993815858476253 5.456303035812422e-05 0.05808826616072654 0.15578596876083006 0.06198797945015222 0.6672843276186835 0.0528750744422509 0.820876429015508 0.3717610700788303
22 704 0.31863241946287896 0 0.15376258105565882 0.34103059735343294 0.4031593625345119 0.6265339643296006 0.754388420914511 0.9943319403604396 0.00012200775585139355 0.12586836898565945 0.3057174210292397 0.013288179431790436 0.927046227981624 0.07299498898177623 0.7878190882239093 0.4884464873767411
23 736 0.3009129488835433 0 0.15257838497176482 0.15309073233528803 0.5519722405492234 0.5962793402770566 0.9034146084757183 0.8324321093198478 0.00011560523575759627 0.1893013661575776 0.43767857004550104 0.2085471482936755 0.7869431388649043 0.33512929763337296 0.5505861816354941 0.28723915591170684
24 768 0.2830063380461007 0 0.1582307633030406 0.1126128830821289 0.6015217640422187 0.24134481060077717 0.8184442439099008 0.9991003338381738 1.7249987700211147e-05 0.25672568763935694 0.4615200877886694 0.05905567603813955 0.8523661785478468 0.002837287804193501 0.1923517215160036 0.23269002604235858
25 800 0.25518388757112687 0 0.16083788401636845 0.5306412709449035 0.28212912177088956 0.34754879207808276 0.7293638336801561 0.9228162314149738 0.0011979897586442113 0.0062329525927745846 0.27228485139859454 0.11195532509329939 0.9607693137577068 0.003578818780600002 0.6960291874183733 0.37959057534007246
26 832 0.22019378884509047 0 0.15742165500972258 0.2085424030553762 0.5290901600066968 0.5161229927754253 0.7138481843195553 0.960013699961352 0.0007351758041405103 0.09898158265814522 0.3075391285465222 0.05895041141967605 0.8589545919388593 0.11691596214013808 0.5130523254782743 0.38234064366894643
27 864 0.21295756271316982 0 0.15153522082789517 0.0784589204898017 0.5548848761371371 0.6219542977657178 0.7677610209078635 0.7657589208024945 0.00012659684409485888 0.039785829960106996 0.35638421938263304 0.12310095682299871 0.8440726827531898 0.16007284253931375 0.8181604108954532 0.38676892467795043
28 896 0.19170043416787538 0 0.15651827248258957 0.3039900406064706 0.4020667996307563 0.43382342090423504 0.9949385310743913 0.8283901035522865 0.0001610770935612885 0.1758171689249065 0.07202643056324662 0.14458333352996872 0.659996708103108 0.022829173730344026 0.3795031170502022 0.344064941107584
29 928 0.19615564506361455 0 0.15456655782317757 0.1645700783903372 0.5006267335131753 0.5671942355835662 0.9184077911606331 0.8027949846578951 0.0006304718447208145 0.020569468621137257 0.24113916214780007 0.15647638376501227 0.6990358891176461 0.0615013413597765 0.5154114687763698 0.16034317263547854
30 960 0.18014103344356297 0 0.15281839234991668 0.15835480977345662 0.5878336771046618 0.3245597510097493 0.7918840586588979 0.8229590637207006 4.796516068114779e-06 0.06791266223418949 0.29997690380478714 0.2651279597840098 0.8301818689921051 0.06795411458886186 0.6023178468248049 0.2198835382768064
31 992 0.1700784149574751 0 0.14788441519898585 0.015748586341527707 0.5750942592136528 0.7929230783521194 0.8043599013839141 0.7799788990339763 3.351563148811827e-06 0.00018037506073591164 0.21999146335812603 0.10177215361221242 0.6627356929290324 0.09317781033128864 0.6642812229731305 0.3747436353014869
32 1024 0.15730382151635824 0 0.1503750970413487 0.1736446208767575 0.46441044495683464 0.7576062593648695 0.9992955169762031 0.9995502121090397 0.0001344586427345559 0.025074720720747422 0.1415062045453684 0.005225468691605871 0.7361316471925186 0.0007688991759320963 0.4574601605917595 0.3873780886416657
33 1056 0.15093757424011278 0 0.15048239178787895 0.19915700937370362 0.4606415488305679 0.7799651862907091 0.9905538454302207 0.9306414318863089 0.00016193405476110762 0.256724974303813 0.33388398880619696 0.24538594649493262 0.8350700782266507 0.007373843248052459 0.6311617880547904 0.4984475971467959
34 1088 0.14837906014247335 0 0.150284462842422 0.16529188019706098 0.4728444683817559 0.7364380267514727 0.918457165989561 0.8460958699409994 1.5347290773996668e-05 0.11495414272268012 0.3400445977084314 0.176925322172178 0.7290075447023993 0.037063904942945515 0.5025578091621107 0.41837197334685594
35 1120 0.13472507432702582 0 0.15000644274198752 0.05440922036980603 0.5754357891512167 0.7864285755340104 0.8292723487990711 0.8215212090602665 0.00016116401013770298 0.04819728519379987 0.4246511340320349 0.07264716598619525 0.8599334792840861 0.009229373545378413 0.5541885321008627 0.42410295773597423
36 1152 0.14349102764939298 0 0.14948828931602073 0.06615225907929892 0.5544770045856007 0.7074107029227559 0.9206859549403147 0.9808766725846433 4.643240016894465e-05 0.0722899410998174 0.16523183218169746 0.07006770213640587 0.8913884276882805 0.007129284038561426 0.6970015618809969 0.3925659205589152
37 1184 0.15456869608041418 0 0.14913903008357732 0.11485275577180704 0.5068020129102163 0.7952870841710554 0.7572324017459094 0.9672268598864993 0.00014519615325450037 0.015665879387998627 0.4186824532048268 0.07159546017050614 0.9536566646594603 0.0065462826259951095 0.6355695378278241 0.32672293636404515
38 1216 0.16638676648583528 0 0.14776809849476694 0.009559583997292885 0.518569844238906 0.9815163029352076 0.8361212186768149 0.9237815866172597 1.6135619106266142e-05 9.250926243611018e-06 0.26372103400953234 0.13632210445373888 0.9392901979640937 0.000641618396002026 0.7108515316567743 0.22523774436852606
39 1248 0.1737958332541287 0 0.14645807229432165 0.0023363067703492633 0.5620470888417974 0.913298040068402 0.7728306468653497 0.9675483311210904 1.0501510935434793e-05 0.1505815541584487 0.26901850981544584 0.0018592014093507638 0.9766816428688395 0.040207084836421575 0.5666929644721854 0.29294897252456126
40 1280 0.18158447604470032 0 0.14840015645451576 0.027899504221176374 0.5803949167738591 0.7675325652951347 0.5381027145116548 0.995789811786437 0.0001107600753810182 0.00868301967289516 0.312933621544509 0.04503660873086467 0.9961723303685625 0.06753020103458224 0.7455065422268092 0.21424307556099886
41 1312 0.18319031544890213 0 0.14803667870646262 0.02010400560485762 0.5801388413177893 0.8590743247495215 0.7344988739780681 0.9395356128691809 2.4434904272876262e-06 0.06619956752463918 0.1006028150558406 0.006405535221173425 0.9588222053601986 0.033352173235996437 0.744082213796663 0.27649753934660104
42 1344 0.18367691196685584 0 0.1488927738696478 0.1239120077219895 0.4805870378863586 0.8688662776736709 0.9001504612177634 0.9999433759849509 0.00019415416196688788 0.11309142689236862 0.011872042584158322 0.04123661138740982 0.870575565174442 0.11925085790368345 0.4895268374471333 0.6542190303282216
43 1376 0.16267444222958488 0 0.14818729247255744 0.013292285812918128 0.580923105359484 0.7727796535203293 0.6560394823078647 0.7749031690654905 4.195251844933999e-05 0.018286531426200535 0.19158664318855578 0.03991818377597074 0.9198309727192936 0.0039834361077254795 0.5005955716274906 0.472312970964222
44 1408 0.1556026947145142 0 0.14695932632244657 0.028778758314805558 0.5358662360411315 0.9984084305754174 0.751766470241012 0.9999433072550817 0.00014965360262255922 0.0020507374331400754 0.20173008138941684 0.02735268678407875 0.9956993290652111 0.03784876892537669 0.5076949847276993 0.43255889855922797
45 1440 0.14515762939750673 0 0.1469338926843099 0.08372568717607595 0.4798876282107747 0.9950649573023362 0.5981921612470072 0.8840509778339156 3.935682864701262e-06 0.0003219120371314445 0.2379259452518246 0.024525901376417115 0.9330537120353047 0.008164582979039792 0.7108007445018466 0.4183786897590407
46 1472 0.14582569306471552 0 0.14658544028565684 0.0006066606578348674 0.5582898342445937 0.9150492774388296 0.8923953414610343 0.9679941373841078 4.090366906161181e-05 0.14353118969541667 0.194398701407682 0.0583220082411787 0.9995097447613661 0.009924353481475294 0.47400588562834745 0.4221054611499564
47 1504 0.14818374125662706 0 0.14589059736092588 1.8530432918373508e-06 0.5424373871693102 0.9865109516824146 0.6919642512165444 0.9757851866814479 2.7123563893057188e-05 0.0013293229632502326 0.11228367082503124 0.1657528333398648 0.8742002320838097 0.0001273592287462014 0.47486448222359645 0.48989479580121115
48 1536 0.14475324559316563 0 0.14602816597062918 6.101172928233865e-05 0.5367548259078108 0.9962438684919469 0.7745747709195258 0.9057882022901012 9.741903757644056e-05 0.05154131495197009 0.16815792277291824 5.30751196318984e-05 0.9689669224147545 0.003346199864535673 0.306623979670116 0.3906994786827415
49 1568 0.13039016804505882 0 0.1463557714789297 2.1446093453271422e-05 0.5319614378737539 0.9966844115374869 0.7566408249705022 0.8649498462665796 0.00011716784139962947 0.06046231310627981 0.16216706866400077 0.005368769905921892 0.9135061306577478 0.008849150325291296 0.4570329414764578 0.35457549371009134
50 1600 0.12443222352317404 0 0.14604837155067948 0.017779429268603996 0.5260428364496299 0.9932132016534159 0.8709086526918247 0.9989132463963052 1.61993040029091e-05 0.0043178664681930495 0.19450746866387658 0.026452088938026988 0.949774471572297 0.0121696912669156 0.5990958706220723 0.2560122939068296
51 1632 0.12300592031694974 0 0.1457534672409265 5.81783379146271e-05 0.5406382903526868 0.9890079853660819 0.8390852800415111 0.951791099954093 5.273096494585357e-06 0.016765509346995385 0.15502601778944147 0.03142926894133232 0.9627610813417835 0.06884996370276589 0.3691891562620371 0.4597328639253103
52 1664 0.11516260247358605 0 0.14583349012539892 0.01381912720333054 0.5388809995323484 0.9994158270631001 0.8402633391078512 0.9755764574562157 2.668544796277863e-06 0.09475527389027641 0.13943954902319478 0.02415625540328905 0.9393291439808117 0.0803944452764141 0.4310367057173312 0.3809160449508854
53 1696 0.10920930249611965 0 0.14561623725238976 0.003166692880695057 0.544147414890262 0.9994874450794896 0.9635228540300051 0.9328922553343619 1.3874147150137958e-07 0.11030888381957837 0.20978941389905825 0.02691961403586307 0.9966753100344496 0.16037265901521863 0.40476833809576984 0.4258903772035379
54 1728 0.09624220557232127 0 0.1458487801092851 0.00699815891166808 0.543196082069126 0.9812686269384717 0.8643692736638663 0.9938908288676298 3.0698877663504988e-06 0.07914803468106732 0.13703153845530755 0.0035832830894511948 0.9923409486226652 0.02425900605658141 0.529280245888837 0.4423912996037648
55 1760 0.09498909901399252 0 0.14569339355635177 0.0033694757186902183 0.5385227015131548 0.9990230558646209 0.904209353978764 0.9374766718106702 3.780858525824901e-05 0.07195376161646608 0.09755483891821398 0.005280612007090066 0.9914975967441054 0.14601902976160724 0.4585653047167761 0.40232067595272775
56 1792 0.08418727332420724 0 0.1456907275451622 0.0058081608489544715 0.5416012639120231 0.9957053545821243 0.8629542331467542 0.9930072465219946 5.367135278643804e-08 0.07141843665739137 0.1689572278260924 0.009094960719000213 0.9878597791826421 0.047602099892783155 0.6195578030965762 0.5487620272097244
57 1824 0.077681588883129 0 0.14574925875835623 0.015606071189071407 0.5287967025187025 0.9988209238774727 0.980643774987095 0.9608399764444482 4.397629030941004e-07 0.08984223029836769 0.18072365428473086 0.0001770984089064163 0.9956062134861497 0.1933627244679178 0.42912883043480093 0.5225968931916748
58 1856 0.07314232745443955 0 0.14561863678393322 0.00044200221799468257 0.5472166812956305 0.9994371440102576 0.8410686866141662 0.9797374380045802 3.060789287192319e-06 0.0596720216639651 0.1433076948509855 0.007440269780161057 0.9265444065851048 0.17064867492143573 0.36655398473499345 0.4789336049701606
59 1888 0.07103290216559942 0 0.14558080291018058 0.0009200297063448869 0.5433021556231338 0.9999988926838167 0.962403052695357 0.932063931910163 1.1297306654950307e-05 0.09888286162268797 0.09193293894774246 0.010486138829637453 0.9881827361741408 0.14231597807405982 0.4220051957430802 0.5625512486380176
60 1920 0.07321719881742984 0 0.14560727879691285 1.84067549476775e-05 0.5448334038767688 0.9999102564657222 0.9525391842635734 0.9421041262984104 2.2186636405413484e-06 0.11852056832625762 0.13555409642763921 0.08649925002359386 0.9662109858842837 0.11240666756854427 0.39323640302573004 0.5479899706428321
61 1952 0.06913078900011665 0 0.14556283235290926 0.0013044850233396314 0.5427526682712932 0.9988165050821619 0.9325975401366436 0.9539259515664787 1.2496647641009754e-06 0.19365909635736145 0.12886142243801896 0.0005165976917649408 0.9944979784310606 0.12340685983162034 0.570175127670943 0.5476038645469584
62 1984 0.06597962091662142 0 0.14556083668176603 0.0014577520960318262 0.5402998893956944 0.9998982606273407 0.8950294875998924 0.9421345009014541 2.3811622951619126e-08 0.12568007819605326 0.22766691908708064 0.03171426134457581 0.9996136783524407 0.13938613225617238 0.5288066295865853 0.5429243239879783
63 2016 0.06095047308903288 0 0.1456075461701391 0.00022014931737898545 0.5426212857388046 0.9977144895214944 0.959427215402063 0.9122410217371333 1.5741439411903447e-05 0.08483841361036995 0.18512015682073107 0.04762576877001314 0.9939234472424154 0.1647398225737844 0.4509611269898 0.5423226140865958
64 2048 0.05514770990165555 0 0.14558215892166163 0.0015145363711674405 0.5395397362867824 0.9983873895322364 0.9945876537214209 0.9787007314117122 6.823836813304062e-07 0.15533442488379973 0.16641141264983167 0.016483186106652413 0.9796329232976569 0.14554152548856006 0.5134054619113123 0.5137074695370364
65 2080 0.053558558078161844 0 0.14557484374258914 0.00044643996969398274 0.5402436135621437 0.9992609774256859 0.9244738357330885 0.8685865695688546 9.778674104409857e-06 0.03312256062031224 0.1616010977000616 0.008798251766672836 0.9826564492943666 0.16230483039170265 0.44576504966723807 0.47665504359948485
66 2112 0.053663855938257676 0 0.14553627319246348 0.0006518574464146551 0.5428871634374266 0.999427813233422 0.9275003662727447 0.8881459717917939 3.006191400940515e-06 0.12357233608483806 0.15405841587765112 0.0007245373231855113 0.9898312756907726 0.1664594893113695 0.5105046445955088 0.5409466568451137
67 2144 0.05466256810436433 0 0.1455074908728676 0.0002402221474382739 0.5431789023890318 0.9993679656721886 0.9624892810826303 0.8257084383717729 4.138125108708071e-06 0.05348146317595695 0.1922765580480536 0.0039813994295583 0.9999298758681026 0.23792036229032323 0.5034516945793482 0.4897770020211419
68 2176 0.058516599166274906 0 0.14550935739254672 0.000295720220404146 0.5430202235264877 0.9991840213698138 0.9836890975851188 0.8597377175949694 1.4461506863346833e-06 0.1887407370056554 0.13145229265850927 0.0013337481445659166 0.9999999992894302 0.21006777231880233 0.4748943075374797 0.5834740092171877
69 2208 0.062201542703772844 0 0.14549973757975876 0.0005221892823151804 0.5420064059451777 0.9999914538419049 0.9433914661446182 0.8187214376542715 1.3265624196976755e-06 0.11096538229093234 0.15961177982704888 6.137831738363758e-05 0.9816194778318541 0.21953022734385458 0.4529120323714323 0.5541938852879333
70 2240 0.05664248319177169 0 0.14550278173947095 4.455155340368366e-07 0.5439838537952717 0.9988857696699006 0.9577370337715242 0.7759748316000915 8.413760820181822e-07 0.1472157105688656 0.15582569664594736 0.0003897128628986931 0.9999619522460625 0.22981355412627247 0.47596037254770923 0.5356054302354887
71 2272 0.056654703122353205 0 0.1454915330073909 0.0018230015655683466 0.5415919607497934 0.9999421223608174 0.9947584787554542 0.8502915147369805 2.3755251288909894e-06 0.18649950102310286 0.17243887630679333 0.0010246959747133872 0.9680534501541341 0.28173938491801803 0.4611480969868198 0.5738582507960419
72 2304 0.05818985186025143 0 0.14548699443343052 7.632704155231438e-05 0.5413853775676338 0.9999100772522307 0.9853039563667656 0.7808063547366471 3.2190866290075495e-06 0.14218108528517132 0.15896706861526816 0.00042134393497032124 0.9535727794270599 0.2603883862141343 0.581718299219127 0.5736861452992318
73 2336 0.05980597524294657 0 0.14548170463739934 0.0010789320145937402 0.5424674634450278 0.999145751774333 0.9946504541717726 0.7613888899348453 9.213406669332717e-07 0.14444600128469853 0.2386036308275863 1.0157781488418717e-05 0.9637027912968097 0.2925125963810697 0.5038364346992286 0.5616265484589682
74 2368 0.06065375302717562 0 0.1454703534289725 0.0011286354106125878 0.5418156463308738 0.9998734750566765 0.9691393740279961 0.7971154059170026 2.869174047094095e-10 0.07679671070442884 0.13129869583391343 0.008116927270236555 0.9386171497854894 0.31126102056123006 0.4640465051132779 0.5197566512635237
75 2400 0.06614786131083926 0 0.14550281669818854 3.3436195356399416e-05 0.5438821107174389 0.9999844996692117 0.9866802361806285 0.7380471326104162 3.831371391867504e-06 0.02976912762114046 0.14384835370376375 0.028589263365691685 0.9058362702802016 0.2855192201647527 0.36830951164154374 0.4919028736069928
76 2432 0.06522499751714421 0 0.14544555046823654 0.00018645343056885412 0.5449620729614384 0.9998565132226295 0.9984098369981864 0.6842455895999089 4.628007292363097e-09 0.14564685695900342 0.23591290203744614 0.01606899934913382 0.9470894749413851 0.4038441097994748 0.4004074458301814 0.5773033197478503
77 2464 0.06641527302099035 0 0.14543469735698716 0.00021046601849632524 0.5451973150587084 0.9993627941828687 0.9722113476530662 0.7064668795367456 8.674314194302484e-09 0.2015904559952968 0.1845637930736782 0.007989939840035652 0.9198989184298958 0.4289869808607588 0.3956730584418662 0.5877713784506775
78 2496 0.07168443471449414 0 0.14542367113217378 3.827277246019727e-05 0.5457356980644905 0.9998107385210983 0.9786995450014628 0.7444739297028988 3.172487389128999e-07 0.2525044354597506 0.1104608664432235 0.0006830776235801587 0.7672142288944995 0.45174294354404254 0.421648262342799 0.6094190764686266
79 2528 0.0704567383527657 0 0.14544147819665248 0.0005848917187611196 0.5431716051110103 0.9990667858016877 0.9990301296670172 0.752622540167058 3.418375900928438e-06 0.18912845425938735 0.1927239055467317 0.013699825593469078 0.8938031215098013 0.41854175000265836 0.39681482977148164 0.5685105623943432
80 2560 0.07354202058140082 0 0.14540757142404823 0.0001553714215214937 0.5412946870963051 0.9999338058686815 0.9698665515976924 0.7474007546653502 6.125049481893742e-08 0.17547004760408152 0.22344662726871667 0.023295957284436696 0.8919007918686694 0.46588170607294027 0.3140291289087902 0.6260603516547691
81 2592 0.07482438476079163 0 0.14539788517213384 0.00010703671663610972 0.5418192249065698 0.9999260866784692 0.9038712173631627 0.7684430467769825 8.475934735467166e-08 0.27171938973255017 0.21189217885515715 0.020743355306955612 0.8602213759633679 0.47035174980235184 0.37361524442602967 0.5911358317659877
82 2624 0.08001764326815332 0 0.14538159249730798 1.582851815266138e-06 0.5425293869321413 0.9988831326040324 0.963798392103239 0.7152225957719984 1.2285317585825443e-07 0.23309520093200986 0.28841042153440755 0.0024567568168000625 0.9020647511969729 0.4991338181494317 0.37757165781667457 0.5745306677167813
83 2656 0.09543463328899457 0 0.14532853760705225 0.0009127895232563047 0.5419189264057375 0.9982325623618808 0.7590050982593908 0.619915974680529 2.8681924488168388e-08 0.25723172924888804 0.20363894247903297 0.009481651875936699 0.6397936144204953 0.6832874266770397 0.24848095056243596 0.6597646192542195
84 2688 0.1156778984177375 0 0.14529476016347434 0.00018945734940659445 0.5443358150831089 0.9939762293859036 0.725321334940422 0.5354877808419332 3.7519023005918773e-06 0.29868461537628516 0.14920884408687124 0.006613707913849549 0.6508385612944876 0.871077203110008 0.0829840948479239 0.7453372964451438
85 2720 0.1272229276924206 0 0.14534645160442022 0.00028042446719732893 0.5413593475236352 0.994278961275144 0.6739586974975027 0.6130113908308628 3.402299259605694e-07 0.274784725124595 0.44103480157770214 2.5980784270961405e-05 0.7061876444947938 0.750715458829665 0.001368946335705149 0.6071715666674333
86 2752 0.13604154454566741 0 0.1452979964714429 0.007754690916202844 0.5379743208520279 0.9978204286189137 0.655436473665546 0.39857061096123136 8.109757617671752e-07 0.40300144466538557 0.3640981729946769 0.0014698001774679072 0.7288052630919334 0.9334794065490066 0.12862157918944683 0.6429574888776755
87 2784 0.14323073706481376 0 0.14523859292133484 0.0005558215639611932 0.5413918548233148 0.9996108991507713 0.5861356790804462 0.5216983921118938 5.124858886940413e-07 0.6192180535450665 0.24611106748467326 0.03566980561633765 0.7132175317969657 0.9002701353331324 0.2964041267061134 0.7835959077593591
88 2816 0.15489808683412898 0 0.14519823929758213 0.00011857278933442283 0.5440806259871649 0.998145656778633 0.6937723377187861 0.5729708906772486 1.7044838678684578e-06 0.20947614955925536 0.5214846819932912 1.034053191827632e-06 0.550324287826957 0.9794240958458345 0.05916657359399356 0.4936923215270996
89 2848 0.16023159491894712 0 0.14523246817755042 0.0021045503248607743 0.5446935403963464 0.9994545597215577 0.5915368211019053 0.44574109420727015 2.085520260301403e-06 0.43901155254279567 0.44234820390425955 0.0007800029715651362 0.5636546511883924 0.9819920745727959 0.2300269083468451 0.6701610460815871
90 2880 0.17823086115969464 0 0.14525401904759094 0.0012561310971860992 0.544637045938141 0.995942015701764 0.6131465729459574 0.309744078644271 5.147781823092452e-08 0.3536922744070319 0.4082022457271284 0.009485929521229449 0.6166920807374542 0.9406230540892525 0.0008448912651276813 0.5261806864079224
91 2912 0.16658916381512204 0 0.14525529979305746 3.703430434050309e-05 0.5437810868444305 0.9991969017180701 0.8266105620074101 0.3963690100852515 3.784477785255574e-09 0.07077425726480455 0.5551751367132906 0.0021745045483653053 0.7238812616944681 0.8046395815841247 0.16796334249432354 0.1832877946110455
92 2944 0.1649203537892305 0 0.145222094129697 6.966564846530588e-05 0.5457234189892493 0.9994187095557933 0.4926979149395837 0.2050861768329436 1.32065111536051e-06 0.24267555505530103 0.5164988330559845 0.0004479047305158671 0.6901696690315114 0.9240850201553105 0.23468848497931744 0.5187067169183434
93 2976 0.16741397834514202 0 0.14519794859103557 0.0007110755177940436 0.5444320547076246 0.9997600119006042 0.5069230614069352 0.30268324174799427 2.3516352176342208e-08 0.15723563144615305 0.3822295513467776 0.004424596852830259 0.5327493895698573 0.9771428957185506 0.08392576759972362 0.3629235496270632
94 3008 0.16299643381046175 0 0.14524111020034153 0.0014720955031344658 0.545211635662632 0.9999834839868376 0.4176012358196578 0.4803600687315154 5.591083179370562e-07 0.34755205054186755 0.8407768825796039 0.0002620679360611908 0.335557971179103 0.9411642489034818 0.03467291299689424 0.2323968066439535
95 3040 0.15760975801373564 0 0.1452265203372069 0.0011811808170756706 0.5445864043300318 0.9999606783652573 0.36292098727743394 0.37756145494526094 2.21583479910644e-06 0.6313318657787627 0.6389472572316292 2.5849751652328754e-06 0.5357491016697168 0.9352208471491786 0.23618506411018325 0.6101574167671143
96 3072 0.14502880608250787 0 0.14520264365513633 0.00028771667963327715 0.5442293383582422 0.997300956782479 0.425942003947251 0.5205234348210656 7.99978572225209e-08 0.4338844278931059 0.7878185529059524 0.017945731532930723 0.604111113974074 0.9982585666357432 0.0014991626380869273 0.34302433754189127
97 3104 0.14644111939219354 0 0.14518641516585776 0.00011947250533338223 0.5418595645527381 0.9998936227815203 0.5304690373007074 0.4931326254237087 3.625945069808407e-07 0.43227833601822463 0.7638306587107339 0.025589277417689654 0.636202534024555 0.9997843092452944 7.253338475977256e-05 0.24342203722729078
98 3136 0.14952464992299805 0 0.1452117567646333 0.0018494769418995324 0.5426811618626323 0.9996489832333919 0.6014964885313742 0.45195577766095896 3.817766266691436e-06 0.44649338278835216 0.7987739898344478 0.01255011548519036 0.7080069212340008 0.9945015400309124 0.1289196363578212 0.2817670696308028
99 3168 0.14562966687019488 0 0.14521630294696136 0.0010421946720097174 0.5410911703363775 0.997587589961357 0.6839693581201034 0.3561654316083981 2.192932929121263e-06 0.21247751874222565 0.8333052523659402 0.0018278289348653645 0.722160285047377 0.9962376674101577 0.07010604856044031 0.2211819015394101
100 3200 0.1439640377622463 0 0.14519404893075885 0.00048013935250860784 0.5427407307665293 0.9985745551980956 0.6244743381221001 0.5831407328614111 1.869947102037507e-06 0.30729072564624577 0.6579396023677074 0.013664444981329507 0.7741398458879387 0.9998229816740605 0.15825396826246185 0.3951074786653442
101 3232 0.14185449860650204 0 0.14520124973146484 5.373106830932053e-06 0.5445574495276367 0.9999988572100634 0.5780933317824537 0.4761913680476812 3.5607542375530016e-08 0.1696356252778931 0.5893731200245006 0.01661638207991292 0.5661069102278501 0.9646970930662898 0.13199995504005704 0.24401322016211296
102 3264 0.13206107023894811 0 0.1451900340075372 0.0003778407696613645 0.5446976508638716 0.9999912906479057 0.5309590055801404 0.5805897314893061 4.918600582661137e-07 0.393196944533199 0.7404121004123282 0.0064163790260933756 0.778192266718827 0.978115679143461 0.14526261755390832 0.36015218933396803
103 3296 0.12127865524923347 0 0.1451848697290902 0.0001974481278442366 0.5421663921814432 0.9993446000473468 0.632488059350784 0.558716041413339 2.2011870755982272e-07 0.25137983154257504 0.6514160716758782 0.013743560089893376 0.6700101368925764 0.9935437876260959 0.1029783500385959 0.25844365315380563
104 3328 0.11336594538082766 0 0.14517618973646312 0.00038483756646155454 0.5437104659542952 0.9999920725120268 0.5269170309494215 0.46115174322425606 6.783853344251266e-07 0.22562196460379785 0.6755203106771098 3.9859038600399385e-05 0.5781760693363508 0.9863746852495268 0.21696269154451936 0.3055530511402039
105 3360 0.10371924646190357 0 0.14516842224710763 6.545387291773202e-05 0.5432603008478789 0.9993910237117399 0.5188083037162684 0.5753323321813095 1.0357455665144411e-07 0.3391832004902498 0.7974411193601106 0.0006617433585572482 0.5398987613595592 0.9950077163288426 0.28421549940671675 0.26678167161431365
106 3392 0.0990317157340859 0 0.14517617908064429 0.0011730868754839783 0.5415887470415471 0.9999471139313914 0.481626787616425 0.5709718428492822 6.250246374354671e-10 0.26898008380645533 0.7117255816534057 9.99970447686412e-05 0.5767073886920625 0.9984314385596116 0.22398149626317998 0.34117211389541
107 3424 0.08492100224745462 0 0.14517228259839673 1.344692783698018e-05 0.5440959946240101 0.9999816873754682 0.5279007321334701 0.45279904648588165 9.281336354996058e-07 0.17093210534382586 0.7094837158131334 0.00114069632819533 0.4974044871808392 0.9982688094347791 0.14825676855031794 0.2599522197537812
108 3456 0.07625683428217078 0 0.14516522091099762 7.934629483071914e-06 0.5422184235004461 0.9999799004736464 0.4711323423898646 0.6511858789353365 5.481443370558406e-07 0.32454392531448006 0.6271551265862477 5.142203447683193e-07 0.6098185111837973 0.9987662523567754 0.14990184012509294 0.3038675372517911
109 3488 0.06917422283773803 0 0.1451635747343894 1.6822072628765448e-05 0.5421718284763912 0.9999449372444964 0.5414643878484594 0.5710550117343243 5.2303374646059096e-08 0.28737348763145554 0.6484374053102094 0.00019536781541158857 0.5781197837210991 0.9977486424133946 0.06530765915966838 0.302914274345883
110 3520 0.06366596611459038 0 0.14516477474358744 2.4182520896163242e-05 0.5426018282530651 0.9999724769811519 0.4585595065508782 0.5938198696898238 1.4083027618882227e-07 0.28582359547976616 0.7117628270810735 0.004366609481334642 0.5281782202558576 0.9999194342731255 0.14819065574364132 0.2541621348226759
111 3552 0.06385284447764313 0 0.14516448286922148 5.5588552494594024e-05 0.5424662040122106 0.9999498626026382 0.5513089268470533 0.6286924394515061 3.857315185258601e-07 0.2973019931794769 0.6703517358835865 0.0013333284899650563 0.6399916737945559 0.9988241243132503 0.13213051017591051 0.23780887064117362
112 3584 0.061462114052431106 0 0.14516575054949196 6.122322939865538e-09 0.5424191132411726 0.9999980483329934 0.534794659976678 0.6354349777491274 6.949788833017811e-08 0.253499157774054 0.6655759210663111 0.0034195614265607214 0.5520313970718448 0.9957105089055579 0.13303395595625733 0.2585118141592941
113 3616 0.05511906369170526 0 0.1451620413388667 9.052722239114962e-06 0.5430133744584085 0.9999678242178754 0.5635162419558473 0.5532233750736303 1.632307519490469e-08 0.18361787850643396 0.7468541989742948 0.00011512399216210256 0.6621286502441969 0.997114386354968 0.2321306019316588 0.19422923702338962
114 3648 0.05151889976626368 0 0.14516089053267736 7.953410522725619e-05 0.5430799430667304 0.9999998482714824 0.5225324510317971 0.5566760594954302 1.972369271310616e-07 0.32146823877016967 0.7055849363905259 0.00016136470135181072 0.6253235161487243 0.9995202226465986 0.14193578960742617 0.31834885045744377
115 3680 0.050256637478241925 0 0.14516008839371702 4.9800062934434686e-05 0.5426446562469108 0.9999900115072173 0.5306277251275962 0.5281192171907463 1.8098172868989877e-08 0.28302534573759175 0.6108379769599733 9.62304436741778e-09 0.5874685143178651 0.9999310150676799 0.17037842997817 0.29717630700251885
116 3712 0.05374971569537642 0 0.14516076892374102 9.940886083242294e-05 0.5430490863233085 0.9999988840112104 0.5519801500657306 0.6035326966010828 1.0458326457429401e-08 0.35017027641135307 0.7519117848091245 0.0014673946634984846 0.6205390159839987 0.9998565914770874 0.14665685057298952 0.2822312460038916
117 3744 0.05130521816876713 0 0.14516065829592617 1.0761489265300733e-05 0.5428823387660586 0.9999939851158594 0.4930029648579717 0.5730552622594839 1.0135454556199266e-07 0.27055434989722715 0.7938120372547396 5.987465263758815e-05 0.5281497860514242 0.9996038316514064 0.23906475596933974 0.2254122465480502
118 3776 0.049175373448429156 0 0.1451595880502404 2.07081414172727e-06 0.5431022575395067 0.9999965622336419 0.574681852412673 0.5227460343877728 9.38503124537862e-08 0.2527516260491801 0.7572372291306638 3.164059642040294e-06 0.5986664811063249 0.9998745638974207 0.2125433483488658 0.19798844475747218
119 3808 0.045529414887176364 0 0.14515905789704622 2.781300511048793e-06 0.5428788538740711 0.9999966683635767 0.5320693605039555 0.5601254285565899 5.703172942933499e-11 0.3272552597640926 0.6479884837693383 0.0005413950401218494 0.6289358614572447 0.9999702276412474 0.16683888964739785 0.3093086428670634
120 3840 0.04254369487933613 0 0.1451591203369658 6.23063569705226e-09 0.5427249470023682 0.9999904238548847 0.508743487487139 0.5984487714450778 8.179101742324408e-10 0.3812208131429195 0.7597559981926968 0.0004290328156121742 0.5844137488110396 0.9999313081776114 0.15320511049403562 0.26780678595047813
121 3872 0.04035118301520564 0 0.14515877412386743 3.076211463135435e-05 0.5431189425275049 0.9999996537829109 0.5766085255911305 0.5341873287296596 4.604557020658397e-12 0.3055624622061514 0.7442044051044493 7.42750067162103e-05 0.6403755991484352 0.9998043922404644 0.12259354256900798 0.27601434507447486
122 3904 0.043651583536465095 0 0.14515840381873224 1.7786417840927984e-05 0.542895349195467 0.9999751534482073 0.55293335634747 0.5455707595290672 3.890376336803729e-08 0.36607089322724895 0.8253644720822354 3.808627265675775e-05 0.6144503187953273 0.999989305154303 0.08820137662209968 0.2524190224699724
123 3936 0.04891110258565977 0 0.14515822515322835 1.009542971959818e-05 0.542989053690448 0.9999973456921806 0.5885659613714153 0.5290949105126823 1.9110126115996336e-09 0.3871528869345412 0.8335544237285019 1.6748797753507936e-05 0.6526290117949989 0.9969448177774708 0.12597089371648915 0.2695639577625684
124 3968 0.04694586090723559 0 0.14515797641994838 3.0435686268862736e-07 0.5428414871756695 0.9999994674622713 0.571043197262797 0.5432398970010339 2.2130270075754822e-09 0.3518559654097715 0.7557662434114708 5.645285697265354e-06 0.6381925176382991 0.9996119928118444 0.09876331746801509 0.26620840681200075
125 4000 0.048279747855457716 0 0.14515742354058483 1.6423734850723425e-06 0.5425516973511685 0.9999988627969126 0.597446294542618 0.49228394601562 6.242827760156764e-09 0.37473908419400637 0.7937357550736098 5.602559291755104e-05 0.6097654392004666 0.9999198537951309 0.12611897598945632 0.23250700839179841
126 4032 0.05390223278875263 0 0.1451561731532005 3.473754949386708e-07 0.5426162992464322 0.9999127720070891 0.650504216803113 0.4372056694550865 1.7063350172114886e-08 0.4327587365758764 0.8514506502725406 1.1912961475117608e-05 0.7190464370991437 0.9982513341187723 0.13619691012994395 0.1930376734119361
127 4064 0.06436301172306126 0 0.14515369500848446 4.260834036563027e-05 0.5429608415744598 0.9999450727949258 0.7387757216801493 0.45309733293290566 4.981382285484656e-09 0.47188597641827856 0.9024467007218625 0.0005999248899774747 0.742258054596133 0.999988618068323 0.06275174531117753 0.19478723243335638
128 4096 0.08235970180763068 0 0.1451517224411332 1.696867552207216e-08 0.5426109072469815 0.9999440201275548 0.6826987733245441 0.3408681740917949 5.824917755039011e-08 0.47802127799832617 0.8759274012794392 0.00040362660506171577 0.7292086941046403 0.9993138212214826 3.8211581425362226e-05 0.24720009949998498
129 4128 0.09829572109212936 0 0.14515099930260122 5.050004908177918e-06 0.542607483326213 0.9999745789203576 0.7439863841906509 0.31677656810727006 4.975002808391656e-07 0.45913412039311285 0.9533884989754065 4.528575847960393e-05 0.7506515652524707 0.9993689692127303 0.0001254517795586285 0.2220480465477882
130 4160 0.11374946379011222 0 0.1451466887136225 1.8590232770057068e-06 0.5428561746211069 0.999999197010324 0.8392583861224743 0.41345776542813195 1.710591670961947e-07 0.6036511345324475 0.984935512575166 0.0002364534172954711 0.9014538194702466 0.9997314032065757 0.0002610210136251982 0.272909648655698
131 4192 0.1357036265213577 0 0.14514337015614207 0.00014595772600718913 0.5426595259364437 0.9999938006642097 0.7808715866342422 0.27671888493134067 1.5544678859720323e-07 0.6822367143090192 0.920908258933072 0.0024274517631924144 0.7408281453928662 0.9995101827134087 0.09501021829380259 0.3703978948314547
132 4224 0.1488250819746018 0 0.14510450977621459 0.0006005680935317923 0.5418542004249478 0.9998185234040564 0.9241940680157663 0.09042810388056374 2.1051027654834858e-07 0.5711502469185111 0.873694018634771 3.918897328547574e-06 0.9296004062846964 0.9939940547702955 0.005891941676888886 0.0895856057522379
133 4256 0.1928754706038934 0 0.1450030523614527 0.0023046980706599787 0.5413297367383015 0.9997041049354857 0.8450710202517043 0.03624216447460077 3.08555727181028e-08 0.7754799715719906 0.8997507765587681 0.0007515192930944173 0.8967787365184579 0.9931482030691288 0.30567644590904874 0.6211318524476406
134 4288 0.2323321638324591 0 0.1449405167936929 2.8436317325437404e-05 0.5437265357042682 0.9999999970208552 0.8926404235803601 0.03777978225736016 3.510069792843692e-07 0.8527350962497723 0.5328976580654221 9.776154953269377e-07 0.8981741998695331 0.9918183432792553 0.1749753187746529 0.1584892400387886
135 4320 0.2543406484260359 0 0.14494760182674557 0.0012606267118731242 0.5443544908425646 0.9998724434580435 0.9488931315117356 0.03768392511534252 7.115561414677785e-06 0.9953245376567577 0.6113712186105931 0.0033683549527334018 0.9827758453238608 0.9981664646293754 0.2397012798390052 0.13896487796803267
136 4352 0.2639038906038068 0 0.1449223000613772 0.0002812838387733681 0.5429269260149701 0.9996442543804617 0.6397923610155042 0.011005612122631316 2.6737641494828997e-08 0.7897858298004178 0.9981182321004506 0.000556940010785529 0.8314142246966003 0.962370594470042 0.003197162876092842 0.5027670045750908
137 4384 0.25819762711866723 0 0.14498221258971353 7.878119323401896e-06 0.542468194348439 0.9997066831415272 0.7850661551030562 0.01288375632159886 1.3023840219597436e-09 0.7190912551079384 0.9987435427209438 0.002526270745445326 0.991323372296431 0.9999208288069248 0.109210665254864 0.2322009065007351
138 4416 0.2647707334174899 0 0.14495584959142527 0.0009967939877406947 0.5430986187483219 0.9998394109293752 0.988288221133401 0.03412817954843418 7.474550270427303e-07 0.9895296612517976 0.9997920766085376 0.004258746171282144 0.8029047652918974 0.9999050973681839 0.11616209398225635 0.4968693693137317
139 4448 0.2639456936562164 0 0.14490827980107707 0.00016048371052074502 0.5449010731871129 0.9999863177002397 0.9086596918142386 0.013613742030032815 2.089101734752977e-06 0.6668643903312782 0.9831510859026538 0.0036068344786902135 0.886106794587513 0.9847356748326145 0.18114552846915022 0.294527355128173
140 4480 0.26256180504461796 0 0.14504448874298434 0.0013937576319270032 0.5458112231971581 0.9994083614255292 0.9687297384772575 0.025356279520216088 1.4650133474882698e-06 0.9908432583620986 0.9886442782657731 0.015713370972591262 0.999913315062595 0.9867194623417312 0.05542084238831935 0.3679411485747083
141 4512 0.24790204455152529 0 0.14478310579003661 0.0038173855907097133 0.5463344675506234 0.99994942109197 0.8643922342491561 0.019386069856171258 3.6530377242215436e-06 0.914107549189571 0.8604376078485899 0.00022005850100386087 0.9401345234440752 0.9807036138173025 0.02906488542215046 0.6027837118822563
142 4544 0.23968366060702742 0 0.14492893171359975 0.0017794292254342881 0.5454667793371804 0.9983873949021688 0.5291167384595397 0.005778645446062136 2.831109796812362e-07 0.82882279474634 0.9990200254386601 3.147831198397793e-06 0.9926434285986101 0.9783580079900476 0.24836003282366959 0.5573777586442903
143 4576 0.23978256567315454 0 0.1447623359448086 0.0008290214081363072 0.5474637308691956 0.9966362697042022 0.45368531452966965 0.005353452836295515 2.0349049766376575e-06 0.6682678181636172 0.6804840639811583 7.827976150406276e-05 0.9962919016281432 0.9578737275717928 0.17243411294888994 0.8091564952236711
144 4608 0.22051245908043376 0 0.14483977235289497 7.78629648601506e-05 0.5450773414045582 0.9999873091781155 0.7443640509775786 0.019077924715582558 3.000182850568929e-07 0.9999605057428507 0.8584140528033991 0.0030975225156452285 0.9987439661490706 0.9999928098441087 0.14661936656968666 0.8923213164768308
145 4640 0.2013324823898912 0 0.14499827088217238 0.0015050091615191458 0.5452040456325867 0.9996565562032612 0.9061408610425545 0.05678787625511306 7.046949642397975e-07 0.9999971942329084 0.8832308074301474 0.0002312173758701753 0.9924198493427869 0.9594205360917039 0.23555497253542407 0.26916495388285977
146 4672 0.21163769698327675 0 0.14487253438398223 0.000735944648084085 0.544318329326955 0.9993696853795099 0.999996966999603 0.017153023008189522 5.340627593761637e-07 0.8003619838281 0.44737660687955105 4.8497003228940015e-11 0.8730978653949711 0.9077566564943552 0.30622614006392745 0.02241639768901217
147 4704 0.2031339119276805 0 0.14494269318783912 0.00025365092662515016 0.5452676800109735 0.9999291808050864 0.8188975131222018 0.03902084752888163 1.8205044276443374e-06 0.9991461589093943 0.9632743008955436 0.0011050965414857847 0.9996281451535399 0.9432407456430341 0.1254319307298836 0.5169319277866272
148 4736 0.18867485644277304 0 0.14484181824016565 0.0005741422109229565 0.545033685976009 0.9994447270579881 0.9974129717210293 0.01825178165311644 3.97026744142587e-07 0.9862518410673866 0.791409873018929 0.0003029139092395264 0.7902171419199367 0.9595702100902694 0.1287211342976285 0.1967768884673883
149 4768 0.17480959794150702 0 0.14481504314794386 0.0014869236576043907 0.5447022312121697 0.9995568274259163 0.7105258901879963 0.011010580311040677 1.1695574034311459e-06 0.7339463760984721 0.692014298924843 0.00023439132097554082 0.9997094588614847 0.9819654262133304 0.08190647493742653 0.28127593156449404
150 4800 0.16451343655539288 0 0.14480373050415982 0.0005948500233186595 0.5455137036030768 0.9998496798975737 0.8467353955169559 0.013788309724985195 7.626137874849106e-08 0.9238904446808169 0.9002091736482083 0.0007175226287188915 0.8484884714115998 0.9999994560395503 0.1644782306000638 0.5742833941350635
151 4832 0.15694514861646025 0 0.1447630577983839 0.0001630900807658548 0.5465459320237116 0.9999193763132338 0.9548467901187796 0.014365745703981712 9.874378261233674e-07 0.7148454096328472 0.9977136647580429 5.603312280563765e-05 0.7252668368083387 0.9518343716354325 0.11906129126903967 0.3834214410766001
152 4864 0.1519591541264651 0 0.14482644268525194 0.00042145766871482936 0.5461051210351952 0.9999989374076567 0.7542681462726837 0.018195230189172167 2.3693011731024624e-08 0.8409203973895254 0.9775726140664285 0.001852460584602841 0.9332455309715618 0.9964085706062635 0.0026037158281923454 0.4184766000145156
153 4896 0.15872392936316332 0 0.1447982153756959 4.448506883069035e-06 0.5460181774402235 0.9999237789439759 0.9235746647165368 0.01709197903020204 1.8328471420637983e-06 0.9975333060881056 0.908194902166175 5.408061687847451e-05 0.7794050153232194 0.9560297965048826 0.09473929319636709 0.1755335841147086
154 4928 0.165521088411333 0 0.14476286156508467 2.928447093581831e-05 0.5464566261592874 0.9998388331854805 0.6207895266281686 0.011235640820958084 2.289567429223322e-06 0.9990507218716843 0.9992753368509619 2.551188543232692e-06 0.9907087425608211 0.9999666456131586 0.001862839666765444 0.37010743467692586
155 4960 0.1536046761244288 0 0.1448156634462777 0.00022139457549228133 0.5454770971633693 0.9999717075165204 0.9172387935637982 0.023548725041466684 5.577751534837076e-07 0.9899570783807605 0.9996221406975844 0.0011710702491810677 0.8635888980374063 0.9907664771178019 0.2976253392662598 0.4819047490751638
156 4992 0.15198844430309402 0 0.14474242300896473 7.660002837257055e-05 0.5469414613392125 0.9997984315024251 0.880152023538158 0.013474252039985509 2.2556636909093646e-07 0.8612817142143858 0.8524131318766188 0.00010787018262266449 0.848457800526985 0.9992340234840432 9.24737118543662e-05 0.39319779121231563
157 5024 0.14381018434680282 0 0.14485350047667098 0.00015660113034766213 0.5455056370886595 0.9994017027422211 0.9774208811729713 0.022216336207726416 5.5131698141591016e-06 0.9794654248078356 0.8914136976577829 0.0001109663004615705 0.502890402422661 0.9242061020344924 0.0254356547874389 0.05849064537581422
158 5056 0.13371520881347299 0 0.14480002651801122 1.8142968454697183e-06 0.5456245337169122 0.9999007052531006 0.7281186669938382 0.018419835440056386 1.3890625676180459e-06 0.9699487640780464 0.8665031350970256 0.0002157262288568816 0.9243408243843604 0.9996157041978219 0.008003852042271506 0.38375771532241604
159 5088 0.13864475636091295 0 0.14480154684637692 8.96462339830386e-05 0.5458810449393565 0.9996192672708816 0.9062835948425829 0.021040824855115096 2.973739392016054e-07 0.9990751999933469 0.9382585638120529 0.0011494006777758943 0.9398653750463911 0.9993758573100773 0.00048106318628795224 0.29406465139305815
160 5120 0.1374236912120598 0 0.14476211087021865 0.0007948675221516324 0.5462263720884236 0.9999091853359493 0.7951235530399596 0.016652069406783883 2.4928379890699566e-07 0.915538103592086 0.9454418589738659 0.0003415183595688673 0.8642149136505427 0.9996140950351391 0.022061921788892415 0.47873554893836084
161 5152 0.1477369669160066 0 0.1447493098809883 0.0001779970404969222 0.5465113105518483 0.9999917329870878 0.793064166672846 0.015868357027756658 1.5615373528872123e-08 0.9380768977446292 0.9903712939287177 0.00022388505713244526 0.9707131479455374 0.9998982108605975 0.10233749884105645 0.4363786478120861
162 5184 0.16908404129122448 0 0.14474707774206078 0.00011814421783403809 0.5470617218732527 0.9999645186490057 0.693700554265829 0.00902932740047596 1.6641691820566296e-09 0.8231930253005231 0.9027392194338796 4.9353965343504196e-05 0.8389671222023968 0.9879952808176401 0.28853500711418695 0.6440775064688201
163 5216 0.18149966658105504 0 0.14474082379053138 0.0006476936219096729 0.5465163059929536 0.9999993660961076 0.6645797521582723 0.009506368131470572 2.520278856378449e-09 0.8082696091822288 0.9000891425885477 0.0003222555621155142 0.9398449602624096 0.9998825194727031 0.34096944524397294 0.6662505154849774
164 5248 0.16747031206663357 0 0.1448548303944329 0.00032415924412303084 0.5452281430403794 0.9985596760265407 0.9819056057762237 0.03002588131838589 5.187761006805265e-07 0.9997675055766599 0.8507084404242737 2.8706441045545713e-05 0.5920564643669769 0.9855327648788563 0.004811583519990365 0.242925664559116
165 5280 0.14828958591205704 0 0.14475336965039956 0.0001538114647113905 0.5468617118261515 0.9998544412210668 0.9984526461487402 0.015540337075732786 2.486291380200273e-07 0.8986172886546 0.8931998509647183 0.00014963190980501662 0.7105104506475913 0.9952443517146868 0.05131474507551961 0.31048645464604907
166 5312 0.13964292613522822 0 0.14472835177321974 0.001211271479820999 0.5470763014423369 0.9996717502974388 0.7339515754841445 0.010777035434768665 1.7335118603631337e-06 0.8382380316429356 0.9404753056879384 0.00030927268491934523 0.8451916572120021 0.9999979522128286 0.2798979993339109 0.5648360875987188
167 5344 0.13632305695458638 0 0.144717435817796 9.984354951045443e-05 0.5479811059089496 0.9997962550744925 0.8416134971430029 0.011045061531599657 1.035966765284683e-06 0.770152932145828 0.9945716565134265 0.00020530945170816044 0.6993545187055777 0.9714751643962595 0.18442222954209944 0.5197929311617814
168 5376 0.15086351906168727 0 0.14471279632969664 0.0002793501259103823 0.5478170038000392 0.9999959095325918 0.7156263636617937 0.01286059574334727 4.0460285582331496e-07 0.9976071990459037 0.7992639729300172 0.0005299045584983252 0.7785108219048457 0.999981976673437 0.19344563987766117 0.5465332356205439
169 5408 0.15721774905718697 0 0.14473251786479685 0.00043660450088911246 0.5490341801256842 0.9997394072515335 0.8603781945378812 0.01312500083409182 2.984273845587023e-06 0.8353473670054534 0.9178671686437118 0.001635764580156707 0.7918867633436854 0.9727480534724102 0.20877548083176853 0.5167899186719693
170 5440 0.13974793947786424 0 0.14470859206104528 0.0006481849417571868 0.5480812241138646 0.9998774647301159 0.7285162177014408 0.011892969081025415 3.260972935664248e-07 0.883205831892542 0.8025216935097127 0.0007239656842437965 0.8345833281660601 0.9996065755559513 0.16889057753017886 0.5364837688371198
171 5472 0.13357312699218093 0 0.14472458331313004 0.0004229008611798808 0.5480278492041419 0.9999498589561828 0.9039961464309101 0.011951886227175312 1.2522474518598864e-09 0.8850031673668881 0.6981713714981809 0.0003196948126194919 0.6694667629553782 0.9854616173153675 0.26768323995634596 0.6629809045245814
172 5504 0.12163837945453236 0 0.14472746349230567 0.00038430368437135 0.5479079877773705 0.999853276256717 0.854271457641457 0.01479249508590947 7.238707541604812e-08 0.9815235805852929 0.8756704990250527 0.0012162047474596105 0.8278955122334858 0.9993555922738571 0.3068901156344244 0.5109936070858433
173 5536 0.11668452259812104 0 0.1447339293815756 0.00025220368415692734 0.5472843380942364 0.9995248447184997 0.8884871730914201 0.017819937465001035 3.8267171716140833e-07 0.9997104919849575 0.9895559740451311 0.00018184564756377184 0.8617088255252906 0.9999731224114965 0.011872726919799593 0.3693359422506477
174 5568 0.10655365642520867 0 0.14471866489284868 0.00011029488316770632 0.5482059516126229 0.9999979393819699 0.8316637225951142 0.01679909687621768 5.333078347030488e-07 0.9556418661356959 0.8796119008145956 0.0005559121910879621 0.8471523200506942 0.9927396062910127 0.2967570636082685 0.4485041105714068
175 5600 0.10158579553151231 0 0.14471746106470007 0.0004368096993053437 0.548386247451767 0.9999131217114553 0.8155622207953317 0.01222923201289488 1.0961301927413849e-06 0.8568964183526071 0.8664678281445494 0.001333124865096753 0.8191639993715002 0.9995227568791842 0.28800327369276346 0.5813372035437641
176 5632 0.0964524922095557 0 0.14469407615970112 0.0006765846185153295 0.5478603290072612 0.9999974630043081 0.8050455237926809 0.013750132565153792 4.7586134907628283e-07 0.8538971938255968 0.8638053151034465 1.0733816633673509e-05 0.8309549562509803 0.999838040246689 0.29313111965497535 0.680384769725334
177 5664 0.09535306610628737 0 0.14474593766607438 0.000241031458065696 0.5471368337569019 0.9999124684320349 0.9504742204497703 0.018018840678266184 1.672500986807348e-07 0.8171482883924739 0.9574066817368357 2.7542211671484602e-05 0.5982176006146745 0.9754383325174603 0.10089879152435954 0.45019081119311166
178 5696 0.08305644849988024 0 0.14471408523887547 0.0004643283691199195 0.5481629234072712 0.9999917755727249 0.8934152274294448 0.014571455313353654 2.0721007007320032e-08 0.755868419463398 0.9199739611938998 0.0005669819938683907 0.7221058832305279 0.998446712104691 0.3453130726952964 0.6218873444829756
179 5728 0.08450424120936097 0 0.14469210768866048 0.000513878473562036 0.5483134838120823 0.9999849559528462 0.8820429602488349 0.012549807236202953 6.693137037813732e-08 0.8823027831846699 0.8708716704147345 0.000244285658957709 0.7481455079215936 0.9999995254133779 0.32935553729695405 0.5914960975666987
180 5760 0.09678752081713922 0 0.14473066477406052 0.0005284235146657065 0.5485104951037745 0.9997464017289066 0.7964657653535026 0.011426137473614175 6.952438489347515e-07 0.8965788323446715 0.7530847595833657 0.0016930399876719199 0.7326612921654817 0.9984045738077795 0.48920844288327925 0.6823147624071008
181 5792 0.09524805005789318 0 0.1446936491546079 0.0003652702374676564 0.5483949512803802 0.9999664482721671 0.8804032231628539 0.015867798512591107 4.3233380877602725e-09 0.8746230133857533 0.884514017683511 1.625544247392423e-05 0.737693603891196 0.9951982224160184 0.30384296436255165 0.5476346088662447
182 5824 0.10461505407697243 0 0.14467995387518362 0.0006708342437622221 0.5503196402989241 0.9997357466269184 0.8252774242216079 0.011758156088614129 2.2899071454958944e-06 0.95605126819033 0.6732770105634821 0.0015352309071111742 0.7876485219666053 0.9972693986154956 0.6147827014168676 0.7060111095018367
183 5856 0.10204500604424567 0 0.1447130569166684 0.00018732453277177345 0.5494576534991416 0.9996156432839945 0.8799047269884185 0.012696389597839424 1.3697854466738026e-06 0.8202514414798638 0.7467079187600968 0.001704815833295547 0.7236336147532839 0.9840432773323368 0.5464021472663317 0.7047581063737529
184 5888 0.10408266429174816 0 0.14469135446102593 0.00027815457790457534 0.5486810259728291 0.9999421371231102 0.8982606309103947 0.012806799526992145 1.899460370090135e-06 0.9107288858031233 0.9015622165007097 3.945767689998875e-05 0.7525889893020782 0.9927365645641744 0.1901902265019013 0.504989621715499
185 5920 0.09801160200085683 0 0.14469882616256288 0.00017684162398611724 0.5485399460635937 0.9999997281503125 0.9578698265411856 0.015506400186479013 2.109204980504499e-06 0.9178183818563357 0.9948599131460575 7.511273145392794e-06 0.7284906730220181 0.9638168461975565 0.2373099653834757 0.43545115148471136
186 5952 0.09310231241196805 0 0.14468406442156942 0.0008226856617013706 0.548817938622686 0.9999229341527002 0.8065091435543087 0.010972049690624295 8.285376888374161e-07 0.926557967023204 0.8324734906706487 1.4161963447423799e-05 0.7752699728916342 0.9941652675745583 0.2545282868578505 0.6372785475349703
187 5984 0.10364247064429871 0 0.14466417521899913 0.0007895479879288514 0.5498865148938336 0.99993054803088 0.9088798684966589 0.014504326958783741 3.138770088318802e-07 0.9110384886756238 0.9326867873305659 0.0004896860495083997 0.743920827395362 0.9856484633333489 0.3233064349608449 0.6075506860197384
188 6016 0.10780961177147302 0 0.14469181026430525 0.0005353793285760885 0.5492916939525021 0.9999814931980782 0.8430451269743383 0.017609638336562743 6.643344021628871e-07 0.9765474114581739 0.80956946271556 0.00010661391644729181 0.8117915197179691 0.9953729850026651 0.35671534087150814 0.6502869355561924
189 6048 0.12294191299493896 0 0.1446517592103445 0.00043415355343799937 0.5498834332970106 0.9999811109912111 0.9970256191860642 0.014654413379235882 2.0364853118912778e-07 0.9085587245531797 0.9650385079872514 8.577932069869924e-05 0.7742486787041899 0.9791602440915499 0.20809677270902774 0.5654287223042991
190 6080 0.13124456426868747 0 0.14469535208462542 0.0001992254763375713 0.5497599183570427 0.999959992240338 0.9921111168360389 0.015878663108585097 2.4370673735417563e-07 0.9340419666102193 0.997058999386296 0.0010060178059749145 0.7337706261670559 0.9606741861445038 0.0198239934172281 0.45858267870679537
191 6112 0.1250361221443223 0 0.14472441459721863 7.855784862855691e-05 0.549537227408464 0.9999622306945003 0.9170546666789904 0.011362753827283443 1.2461040694293877e-06 0.929483678902326 0.9949549622971531 0.00011184010093916608 0.6875468137361535 0.9537941970252749 0.051828673595936514 0.40440140577840833
192 6144 0.13263319399131304 0 0.1447249750128523 0.00033344027519104086 0.5499449596849731 0.9997556926993392 0.9514502324054518 0.013652300276630782 4.62391386260442e-08 0.828678771307285 0.840918499277172 0.002190190239581947 0.6482914641778242 0.9776773681729533 0.4277607025290015 0.6679043817228253
193 6176 0.1240732715027387 0 0.144727007580049 2.0720842985393114e-05 0.5513279844808213 0.9999693505679572 0.9960988234664382 0.011041658414273318 1.3335352348773613e-06 0.8880974326961915 0.8334046672042542 0.0017868985224495815 0.6581587881714156 0.9740592114775033 0.4187056623856053 0.6542511794515737
194 6208 0.12049821334470018 0 0.14465677586322426 0.0003216270516669875 0.5496059861048769 0.9999926881458581 0.996172979334977 0.01518610126179157 1.5977904433751493e-06 0.9260952519246348 0.8431783683922806 2.0097374681336363e-05 0.730729133507099 0.9782077476390876 0.4319432489266842 0.6727461695559593
195 6240 0.12653874861776174 0 0.14469996274764302 0.00025118983070142006 0.5504154284557213 0.9997334904755589 0.9973577206614932 0.01264807103296954 1.0663421386863718e-06 0.9669927203746259 0.8233833201724198 0.00048543039750565173 0.7058551355752686 0.9475772915976506 0.45431583809390674 0.6355595455072275
196 6272 0.12357175493038576 0 0.14468454173734754 0.00018732507990524853 0.5502844129037884 0.9999388870502797 0.9404728666699559 0.018815486973659944 6.094494117346165e-08 0.9872336510117578 0.9530249427839776 5.2330251531281076e-05 0.6615374167697746 0.9638869908769508 0.22140106495928547 0.4349389176289362
197 6304 0.12286903964792813 0 0.14463725231343602 0.0003719654461683748 0.5510077742462998 0.9994840118461387 0.8750215373033258 0.012852383732291148 2.141107047433317e-06 0.8597148766327212 0.8198762199624424 2.3429068021013117e-05 0.7704802954452973 0.982079155231397 0.46977678686863983 0.7011728237927166
198 6336 0.11280087119659743 0 0.14466166818787618 0.0001096102156934621 0.5506799380057245 0.9995097874681064 0.9063992096896499 0.01677137320266242 3.6838491146952566e-07 0.9891552190350964 0.6971535322272672 0.00027985508836835893 0.6924968429734658 0.9792008548881619 0.4581656322703991 0.7318993699939209
199 6368 0.10559862323409355 0 0.14463029111933676 7.64813944097226e-05 0.550583860119703 0.9999497953616736 0.9452533252242162 0.014994151623813224 6.708032352038447e-08 0.9894832710506256 0.832854007199577 2.6520604634690402e-05 0.73167682823417 0.9968911818746149 0.291581361494852 0.6118094997567008
200 6400 0.0912280755915877 0 0.14465081351117 0.00012097772551882251 0.5518028579649417 0.9993928646991244 0.8868115659989115 0.015076693413308619 1.729488699714291e-07 0.892201337737208 0.8243144468293998 5.096541786770613e-05 0.7983869145346175 0.9781275100159913 0.5065577448093724 0.7374877996370858
200 6400 0.0912280755915877 0 0.14465081351117 0.00012097772551882251 0.5518028579649417 0.9993928646991244 0.8868115659989115 0.015076693413308619 1.729488699714291e-07 0.892201337737208 0.8243144468293998 5.096541786770613e-05 0.7983869145346175 0.9781275100159913 0.5065577448093724 0.7374877996370858
