Time(s)              GasTemp(K)           NearWallTemp(K)      [O2(X)](m^-3)        [O2(a1Dg)](m^-3)     [O2(b1Sg+)](m^-3)    [O2(A3Su+_C3Du_c1Su-)](m^-3) [O2(+,X)](m^-3)      [O(3P)](m^-3)        [O(1D)](m^-3)        [O(+,gnd)](m^-3)     [O(-,gnd)](m^-3)     [O3(X)](m^-3)        [O3(exc)](m^-3)      [CO2(X)](m^-3)       [CO2(e1)](m^-3)      [CO2(+,X)](m^-3)     [CO(X)](m^-3)        [CO(a3P)](m^-3)      [CO(+,X)](m^-3)      [C(X)](m^-3)        
0.00000000000000e+00 3.87637991200000e+02 3.38419596040000e+02 4.74032862720369e+20 4.74032862720369e-05 4.74032862720369e-05 4.74032862720369e-05 0.00000000000000e+00 0.00000000000000e+00 0.00000000000000e+00 0.00000000000000e+00 0.00000000000000e+00 0.00000000000000e+00 0.00000000000000e+00 0.00000000000000e+00 0.00000000000000e+00 0.00000000000000e+00 0.00000000000000e+00 0.00000000000000e+00 0.00000000000000e+00 0.00000000000000e+00 
1.42795858927084e-14 3.87637991138574e+02 3.48970189298720e+02 4.74032862720359e+20 3.69977447088994e+06 8.71207016688142e+05 1.54552067523450e+06 1.05355342700339e+03 5.49776354147727e+06 1.35022647418659e+06 1.76487614525128e-01 1.89097247292639e+05 1.08016877636612e-06 3.53064726676452e-12 0.00000000000000e+00 0.00000000000000e+00 0.00000000000000e+00 0.00000000000000e+00 0.00000000000000e+00 0.00000000000000e+00 0.00000000000000e+00 
2.85591717854168e-14 3.87637991077149e+02 3.48970189260794e+02 4.74032862720350e+20 7.39954894174231e+06 1.74241403355950e+06 3.09104134978175e+06 2.10710685400660e+03 1.09955270841269e+07 2.70045294719908e+06 3.52975229033784e-01 3.78194494583997e+05 3.40914027308302e-06 1.11431398993598e-11 0.00000000000000e+00 0.00000000000000e+00 0.00000000000000e+00 0.00000000000000e+00 0.00000000000000e+00 0.00000000000000e+00 0.00000000000000e+00 
4.28387576781252e-14 3.87637991015723e+02 3.48970189222868e+02 4.74032862720340e+20 1.10993234126047e+07 2.61362105066633e+06 4.63656202367564e+06 3.16066028100961e+03 1.64932906279737e+07 4.05067941901273e+06 5.29462843525623e-01 5.67291741874046e+05 7.01324130840476e-06 2.29235299242716e-11 0.00000000000000e+00 0.00000000000000e+00 0.00000000000000e+00 0.00000000000000e+00 0.00000000000000e+00 0.00000000000000e+00 0.00000000000000e+00 
1.05141218742751e-13 3.87637990747720e+02 3.48970189184942e+02 4.74032862720298e+20 2.72416020929740e+07 6.41473557226863e+06 1.13797366669370e+07 7.75736020343840e+03 4.04802746969296e+07 9.94177686635794e+06 1.29948606480538e+00 1.39233134561550e+06 3.66607335426069e-05 1.19829531953164e-10 0.00000000000000e+00 0.00000000000000e+00 0.00000000000000e+00 0.00000000000000e+00 0.00000000000000e+00 0.00000000000000e+00 0.00000000000000e+00 
1.67443679807377e-13 3.87637990479717e+02 3.48970189019470e+02 4.74032862720256e+20 4.33838807735311e+07 1.02158500982718e+07 1.81229112979877e+07 1.23540601258636e+04 6.44672587882588e+07 1.58328742912976e+07 2.06950928577082e+00 2.21737094933250e+06 9.01394840115296e-05 2.94630552824015e-10 0.00000000000000e+00 0.00000000000000e+00 0.00000000000000e+00 0.00000000000000e+00 0.00000000000000e+00 0.00000000000000e+00 0.00000000000000e+00 
2.29746140872002e-13 3.87637990211714e+02 3.48970188853997e+02 4.74032862720214e+20 5.95261594542788e+07 1.40169646287455e+07 2.48660859166349e+07 1.69507600482850e+04 8.84542429023148e+07 2.17239716934779e+07 2.83953250641698e+00 3.04241055302466e+06 1.67825859019577e-04 5.48556786335076e-10 0.00000000000000e+00 0.00000000000000e+00 0.00000000000000e+00 0.00000000000000e+00 0.00000000000000e+00 0.00000000000000e+00 0.00000000000000e+00 
2.92048601936628e-13 3.87637989943711e+02 3.48970188688525e+02 4.74032862720172e+20 7.56684381352184e+07 1.78180791637140e+07 3.16092605228107e+07 2.15474599707028e+04 1.12441227039222e+08 2.76150690727739e+07 3.60955572674210e+00 3.86745015669184e+06 2.69852685706337e-04 8.82042392466010e-10 0.00000000000000e+00 0.00000000000000e+00 0.00000000000000e+00 0.00000000000000e+00 0.00000000000000e+00 0.00000000000000e+00 0.00000000000000e+00 
4.76952230172216e-13 3.87637989148322e+02 3.48970188523053e+02 4.74032862720047e+20 1.23576110563601e+08 2.90991723740864e+07 5.16219121038465e+07 3.51897219141321e+04 1.83630716666863e+08 4.50988931898671e+07 5.89486010658299e+00 6.31603426621358e+06 7.16143091552946e-04 2.34079037007250e-09 0.00000000000000e+00 0.00000000000000e+00 0.00000000000000e+00 0.00000000000000e+00 0.00000000000000e+00 0.00000000000000e+00 0.00000000000000e+00 
6.61855858407805e-13 3.87637988352932e+02 3.48970188031957e+02 4.74032862719922e+20 1.71483782993674e+08 4.03802656240919e+07 7.16345635749176e+07 4.88319838575288e+04 2.54820206495991e+08 6.25827171051831e+07 8.18016448359323e+00 8.76461837551509e+06 1.37705017508609e-03 4.50103594835298e-09 0.00000000000000e+00 0.00000000000000e+00 0.00000000000000e+00 0.00000000000000e+00 0.00000000000000e+00 0.00000000000000e+00 0.00000000000000e+00 
8.46759486643393e-13 3.87637987557543e+02 3.48970187540862e+02 4.74032862719797e+20 2.19391455425438e+08 5.16613589137319e+07 9.16472149360204e+07 6.24742458008928e+04 3.26009696526614e+08 8.00665408187157e+07 1.04654688577727e+01 1.12132024845964e+07 2.25258061008091e-03 7.36280094775591e-09 0.00000000000000e+00 0.00000000000000e+00 0.00000000000000e+00 0.00000000000000e+00 0.00000000000000e+00 0.00000000000000e+00 0.00000000000000e+00 
1.03166311487898e-12 3.87637986762153e+02 3.48970187049767e+02 4.74032862719673e+20 2.67299127858893e+08 6.29424522430059e+07 1.11659866187156e+08 7.61165077442241e+04 3.97199186758730e+08 9.75503643304663e+07 1.27507732291215e+01 1.36617865934574e+07 3.34273288075896e-03 1.09260804204953e-08 0.00000000000000e+00 0.00000000000000e+00 0.00000000000000e+00 0.00000000000000e+00 0.00000000000000e+00 0.00000000000000e+00 0.00000000000000e+00 
2.88069939723486e-12 3.87637978808259e+02 3.48970186558672e+02 4.74032862718425e+20 7.46375852286439e+08 1.75753387715599e+08 3.11786372650372e+08 2.12539127175741e+05 1.10909410016186e+09 2.72388588350083e+08 3.56038167869215e+01 3.81476276699547e+07 2.60483276610495e-02 8.51417523111078e-08 0.00000000000000e+00 0.00000000000000e+00 0.00000000000000e+00 0.00000000000000e+00 0.00000000000000e+00 0.00000000000000e+00 0.00000000000000e+00 
4.72973567959075e-12 3.87637970854365e+02 3.48970181647719e+02 4.74032862717177e+20 1.22545257688307e+09 2.88564327151569e+08 5.11912868116951e+08 3.48961746603990e+05 1.82098903371407e+09 4.47226792191682e+08 5.84568600616521e+01 6.26334687244284e+07 7.02159141838426e-02 2.29508252165768e-07 0.00000000000000e+00 0.00000000000000e+00 0.00000000000000e+00 0.00000000000000e+00 0.00000000000000e+00 0.00000000000000e+00 0.00000000000000e+00 
6.57877196194663e-12 3.87637962900473e+02 3.48970176736767e+02 4.74032862715929e+20 1.70452930164879e+09 4.01375270550911e+08 7.12039352586903e+08 4.85384366028973e+05 2.53288398741535e+09 6.22064975855282e+08 8.13099030533136e+01 8.71193097568785e+07 1.35845473861671e-01 4.44025525609895e-07 0.00000000000000e+00 0.00000000000000e+00 0.00000000000000e+00 0.00000000000000e+00 0.00000000000000e+00 0.00000000000000e+00 0.00000000000000e+00 
8.42780824430251e-12 3.87637954946581e+02 3.48970171825816e+02 4.74032862714682e+20 2.18360602658359e+09 5.14186217913624e+08 9.12165826060230e+08 6.21806985450689e+05 3.24477896126569e+09 7.96903139340890e+08 1.04162945761906e+02 1.11605150767305e+08 2.22937003686481e-01 7.28693569494174e-07 0.00000000000000e+00 0.00000000000000e+00 0.00000000000000e+00 0.00000000000000e+00 0.00000000000000e+00 0.00000000000000e+00 0.00000000000000e+00 
2.69181710678613e-11 3.87637875407702e+02 3.48970166914865e+02 4.74032862702204e+20 6.97437328523133e+09 1.64229590952599e+09 2.91342995597940e+09 1.98603317948818e+06 1.03637298079665e+10 2.54528366440822e+09 3.32693357279028e+02 3.56463559660273e+08 2.27426071816432e+00 7.43366899059340e-06 0.00000000000000e+00 0.00000000000000e+00 0.00000000000000e+00 0.00000000000000e+00 0.00000000000000e+00 0.00000000000000e+00 0.00000000000000e+00 
4.54085338914201e-11 3.87637795868898e+02 3.48970117805386e+02 4.74032862689726e+20 1.17651405607876e+10 2.77040599747491e+09 4.91469298623697e+09 3.35025937319898e+06 1.74826826695705e+10 4.29366217167909e+09 5.61223740489237e+02 6.01321966350880e+08 6.47178152956961e+00 2.11537293589728e-05 0.00000000000000e+00 0.00000000000000e+00 0.00000000000000e+00 0.00000000000000e+00 0.00000000000000e+00 0.00000000000000e+00 0.00000000000000e+00 
6.38988967149790e-11 3.87637716330170e+02 3.48970068695960e+02 4.74032862677249e+20 1.65559078532524e+10 3.89851648175988e+09 6.91595491683374e+09 4.71448556658311e+06 2.46016375460752e+10 6.04203866115593e+09 7.89754095392531e+02 8.46180370839128e+08 1.28154994361322e+01 4.18888810494784e-05 0.00000000000000e+00 0.00000000000000e+00 0.00000000000000e+00 0.00000000000000e+00 0.00000000000000e+00 0.00000000000000e+00 0.00000000000000e+00 
8.23892595385378e-11 3.87637636791516e+02 3.48970019586586e+02 4.74032862664771e+20 2.13466751626258e+10 5.02662736238038e+09 8.91721574777052e+09 6.07871175964055e+06 3.17205944374781e+10 7.79041313284131e+09 1.01828442198891e+03 1.09103877312502e+09 2.13054144265613e+01 6.96391307080528e-05 0.00000000000000e+00 0.00000000000000e+00 0.00000000000000e+00 0.00000000000000e+00 0.00000000000000e+00 0.00000000000000e+00 0.00000000000000e+00 
2.67292887774126e-10 3.87636841409111e+02 3.48969970477264e+02 4.74032862539995e+20 6.92543491863210e+10 1.63077579668519e+10 2.89297635761389e+10 1.97209736722470e+07 1.02910274169979e+11 2.52740468720918e+10 3.30358613107178e+03 3.53962267485408e+09 2.24245399099732e+02 7.32974417690482e-04 0.00000000000000e+00 0.00000000000000e+00 0.00000000000000e+00 0.00000000000000e+00 0.00000000000000e+00 0.00000000000000e+00 0.00000000000000e+00 
4.52196516009714e-10 3.87636046034215e+02 3.48969479386932e+02 4.74032862415219e+20 1.17162024900848e+11 2.75889282042837e+10 4.89422014394547e+10 3.33632355521839e+07 1.74100155389369e+11 4.27574788351232e+10 5.58888500946136e+03 5.98820635634707e+09 6.41805076907800e+02 2.09782708609069e-03 0.00000000000000e+00 0.00000000000000e+00 0.00000000000000e+00 0.00000000000000e+00 0.00000000000000e+00 0.00000000000000e+00 0.00000000000000e+00 
6.37100144245302e-10 3.87635250666829e+02 3.48968988301844e+02 4.74032862290444e+20 1.65069702306189e+11 3.88701380741800e+10 6.89545293385083e+10 4.70054973994504e+07 2.45290238093200e+11 6.02407090243820e+10 7.87418105715624e+03 8.43678981760392e+09 1.27398443513377e+03 4.16420347493879e-03 0.00000000000000e+00 0.00000000000000e+00 0.00000000000000e+00 0.00000000000000e+00 0.00000000000000e+00 0.00000000000000e+00 0.00000000000000e+00 
8.22003772480891e-10 3.87634455306951e+02 3.48968497221999e+02 4.74032862165668e+20 2.12977381402327e+11 5.01513875760220e+10 8.89667472741273e+10 6.06477592140453e+07 3.16480522278911e+11 7.77237374424306e+10 1.01594742741549e+04 1.08853730586245e+10 2.12078346046257e+03 6.93211022350855e-03 0.00000000000000e+00 0.00000000000000e+00 0.00000000000000e+00 0.00000000000000e+00 0.00000000000000e+00 0.00000000000000e+00 0.00000000000000e+00 
2.67104005483677e-09 3.87626502121134e+02 3.48968006147398e+02 4.74032860917914e+20 6.92054265351248e+11 1.62966062163635e+11 2.89082878940874e+11 1.97070375562685e+08 1.02839444471218e+12 2.52542925133375e+11 3.30122507553168e+04 3.53711933558104e+10 2.23928505870789e+04 7.31977496666368e-02 0.00000000000000e+00 0.00000000000000e+00 0.00000000000000e+00 0.00000000000000e+00 0.00000000000000e+00 0.00000000000000e+00 0.00000000000000e+00 
4.52007633719265e-09 3.87618549686121e+02 3.48963095689751e+02 4.74032859670167e+20 1.17113131835996e+12 2.75784699352804e+11 4.89188015209647e+11 3.33492988642985e+08 1.74032851240588e+12 4.27341938630255e+11 5.58647441651711e+04 5.98569916292854e+10 6.41268692138637e+04 2.09624009568789e-01 0.00000000000000e+00 0.00000000000000e+00 0.00000000000000e+00 0.00000000000000e+00 0.00000000000000e+00 0.00000000000000e+00 0.00000000000000e+00 
6.36911261954854e-09 3.87610598001838e+02 3.48958185756376e+02 4.74032858422428e+20 1.65020854041180e+12 3.88607298648007e+11 6.89282156870546e+11 4.69915598453957e+08 2.45228272291375e+12 6.02120780378863e+11 7.87169545023062e+04 8.43427678789752e+10 1.27322826628673e+05 4.16217228625713e-01 0.00000000000000e+00 0.00000000000000e+00 0.00000000000000e+00 0.00000000000000e+00 0.00000000000000e+00 0.00000000000000e+00 0.00000000000000e+00 
8.21814890190442e-09 3.87602647068209e+02 3.48953276347211e+02 4.74032857174694e+20 2.12928593148932e+12 5.01433859530313e+11 8.89365304751007e+11 6.06338204994564e+08 3.16425707367406e+12 7.76879452940492e+11 1.01568881765244e+05 1.08828522104802e+11 2.11980709517184e+05 6.92984045591198e-01 0.00000000000000e+00 0.00000000000000e+00 0.00000000000000e+00 0.00000000000000e+00 0.00000000000000e+00 0.00000000000000e+00 0.00000000000000e+00 
2.45358576261171e-08 3.87532512766649e+02 3.48948367462196e+02 4.74032846163772e+20 6.35714178413876e+12 1.49729769830191e+12 2.65461865855271e+12 1.81026487518253e+09 9.44828941025742e+12 2.31824730413872e+12 3.03224416923154e+05 3.24913865423503e+11 1.88951366043098e+06 6.17869249049771e+00 0.00000000000000e+00 0.00000000000000e+00 0.00000000000000e+00 0.00000000000000e+00 0.00000000000000e+00 0.00000000000000e+00 0.00000000000000e+00 
4.08535663503298e-08 3.87462436867784e+02 3.48905069362274e+02 4.74032835153384e+20 1.05850107872020e+13 2.49346966943818e+12 4.41901644694293e+12 3.01419128987903e+09 1.57338883150962e+13 3.85804633329396e+12 5.04857905055418e+05 5.40997493458210e+11 5.23849711243139e+06 1.71346236766029e+01 0.00000000000000e+00 0.00000000000000e+00 0.00000000000000e+00 0.00000000000000e+00 0.00000000000000e+00 0.00000000000000e+00 0.00000000000000e+00 
5.71712750745424e-08 3.87392419319114e+02 3.48861812035629e+02 4.74032824143528e+20 1.48128929286851e+13 3.48994941623641e+12 6.18255923873275e+12 4.21811744836963e+09 2.20210520279071e+13 5.39627830036909e+12 7.06469345150432e+05 7.57079406155441e+11 1.02589218973657e+07 3.35653466908595e+01 0.00000000000000e+00 0.00000000000000e+00 0.00000000000000e+00 0.00000000000000e+00 0.00000000000000e+00 0.00000000000000e+00 0.00000000000000e+00 
7.34889837987551e-08 3.87322460068205e+02 3.48818595439528e+02 4.74032813134207e+20 1.90407881966105e+13 4.48673658250541e+12 7.94524760195425e+12 5.42204334993997e+09 2.83097787913230e+13 6.93294496241140e+12 9.08058736200753e+05 9.73159603461707e+11 1.69507788496868e+07 5.54754278290652e+01 0.00000000000000e+00 0.00000000000000e+00 0.00000000000000e+00 0.00000000000000e+00 0.00000000000000e+00 0.00000000000000e+00 0.00000000000000e+00 
8.98066925229678e-08 3.87252559062695e+02 3.48775419531298e+02 4.74032802125418e+20 2.32686965790171e+13 5.48383081255782e+12 9.70708210387311e+12 6.62596899387569e+09 3.46000668508511e+13 8.46804807359426e+12 1.10962607720307e+06 1.18923808532351e+12 2.53140588063103e+07 8.28694306725840e+01 0.00000000000000e+00 0.00000000000000e+00 0.00000000000000e+00 0.00000000000000e+00 0.00000000000000e+00 0.00000000000000e+00 0.00000000000000e+00 
2.52983779765095e-07 3.86556741048845e+02 3.48732284268327e+02 4.74032692066813e+20 6.55484990834548e+13 1.54715838491281e+13 2.72785888294879e+13 1.86652111059456e+10 9.75884355812208e+13 2.37334669693911e+13 3.12408651853281e+06 3.34992854269957e+12 2.00873107276778e+08 6.59427538752347e+02 0.00000000000000e+00 0.00000000000000e+00 0.00000000000000e+00 0.00000000000000e+00 0.00000000000000e+00 0.00000000000000e+00 0.00000000000000e+00 
4.16160867007221e-07 3.85866690382860e+02 3.48303157804812e+02 4.74032582061307e+20 1.07829599976736e+14 2.54896550661477e+13 4.47653288424729e+13 3.07044266672811e+10 1.60731022060458e+14 3.88444422929733e+13 5.13634088120236e+06 5.51044739660506e+12 5.43564373396539e+08 1.78938767872791e+03 0.00000000000000e+00 0.00000000000000e+00 0.00000000000000e+00 0.00000000000000e+00 0.00000000000000e+00 0.00000000000000e+00 0.00000000000000e+00 
5.79337954249348e-07 3.85182355497127e+02 3.47878049371126e+02 4.74032472108702e+20 1.50111987488249e+14 3.55376947231327e+13 6.21678605006159e+13 4.27436149605707e+10 2.24026106965642e+14 5.38026930531535e+13 7.14638822035946e+06 7.67079459319013e+12 1.05337868692704e+09 3.47729368013291e+03 0.00000000000000e+00 0.00000000000000e+00 0.00000000000000e+00 0.00000000000000e+00 0.00000000000000e+00 0.00000000000000e+00 0.00000000000000e+00 
7.42515041491475e-07 3.84503685335003e+02 3.47456917125637e+02 4.74032362208803e+20 1.92395649968981e+14 4.56153568739479e+13 7.94867364693117e+13 5.47827752665791e+10 2.87471993387549e+14 6.86099158484052e+13 9.15422762903037e+06 9.83097007837674e+12 1.73030687274924e+09 5.72767635980778e+03 0.00000000000000e+00 0.00000000000000e+00 0.00000000000000e+00 0.00000000000000e+00 0.00000000000000e+00 0.00000000000000e+00 0.00000000000000e+00 
9.05692128733601e-07 3.83830629343912e+02 3.47039719708977e+02 4.74032252361418e+20 2.34680575889889e+14 5.57222993154840e+13 9.67225038118137e+13 6.68219068641755e+10 3.51067006457578e+14 8.32677852398733e+13 1.11598582378151e+07 1.19909737978630e+13 2.57433975085214e+09 8.54505333474642e+03 0.00000000000000e+00 0.00000000000000e+00 0.00000000000000e+00 0.00000000000000e+00 0.00000000000000e+00 0.00000000000000e+00 0.00000000000000e+00 
2.44527709803288e-06 3.77747460309688e+02 3.46626416237305e+02 4.74031218494940e+20 6.33701318913877e+14 1.52461010219684e+14 2.55351445145988e+14 1.80410239113824e+11 9.58127728060178e+14 2.14516179494643e+14 2.99742186086504e+07 3.23622640989828e+13 1.87622865968315e+10 6.38786188465427e+04 0.00000000000000e+00 0.00000000000000e+00 0.00000000000000e+00 0.00000000000000e+00 0.00000000000000e+00 0.00000000000000e+00 0.00000000000000e+00 
3.98486206733216e-06 3.72119859001580e+02 3.42911149160629e+02 4.74030189133074e+20 1.03282446970992e+15 2.51508493090650e+14 4.07060195284115e+14 2.93995335663307e+11 1.57702480080522e+15 3.33907768127945e+14 4.85913550371371e+07 5.27182121471092e+13 4.98173842177336e+10 1.73798691181416e+05 0.00000000000000e+00 0.00000000000000e+00 0.00000000000000e+00 0.00000000000000e+00 0.00000000000000e+00 0.00000000000000e+00 0.00000000000000e+00 
5.52444703663144e-06 3.66911265691998e+02 3.39507155881378e+02 4.74029164133114e+20 1.43204172529794e+15 3.52620307565076e+14 5.52244352250100e+14 4.07576569172407e+11 2.20659934897407e+15 4.42601204289086e+14 6.70109971840345e+07 7.30587698504823e+13 9.57318583604398e+10 3.41905744237184e+05 0.00000000000000e+00 0.00000000000000e+00 0.00000000000000e+00 0.00000000000000e+00 0.00000000000000e+00 0.00000000000000e+00 0.00000000000000e+00 
7.06403200593072e-06 3.62088273238817e+02 3.36385635476521e+02 4.74028143362129e+20 1.83134551081692e+15 4.55574624525398e+14 6.91266389645779e+14 5.21153301165819e+11 2.84581895825792e+15 5.41628697178643e+14 8.52331331306975e+07 9.33838878864265e+13 1.56497895333256e+11 5.71666162865320e+05 0.00000000000000e+00 0.00000000000000e+00 0.00000000000000e+00 0.00000000000000e+00 0.00000000000000e+00 0.00000000000000e+00 0.00000000000000e+00 
8.60361697523000e-06 3.57620329495600e+02 3.33520687857877e+02 4.74027126695659e+20 2.23072890030823e+15 5.60169717875211e+14 8.24459551995914e+14 6.34724883495801e+11 3.49376093921331e+15 6.31912745673622e+14 1.03257993779499e+08 1.13693515890000e+14 2.32107641166810e+11 8.66399310550740e+05 0.00000000000000e+00 0.00000000000000e+00 0.00000000000000e+00 0.00000000000000e+00 0.00000000000000e+00 0.00000000000000e+00 0.00000000000000e+00 
1.01432019445293e-05 3.53479487006556e+02 3.30889001013726e+02 4.74026114016727e+20 2.63018555095318e+15 6.66221888161734e+14 9.52130986674776e+14 7.48290659602968e+11 4.14959899013391e+15 7.14279473230369e+14 1.21086037431215e+08 1.33987602602912e+14 3.22553200926539e+11 1.22926756641302e+06 0.00000000000000e+00 0.00000000000000e+00 0.00000000000000e+00 0.00000000000000e+00 0.00000000000000e+00 0.00000000000000e+00 0.00000000000000e+00 
1.45382679751613e-05 3.43237747736980e+02 3.28469582832058e+02 4.74023244084443e+20 3.77087071740552e+15 9.75546181857956e+14 1.28867566265648e+15 1.07244995428091e+12 6.05890714387312e+15 9.12212261924891e+14 1.70903599681729e+08 1.91835327468484e+14 6.62305206454530e+11 2.66596845574704e+06 0.00000000000000e+00 0.00000000000000e+00 0.00000000000000e+00 0.00000000000000e+00 0.00000000000000e+00 0.00000000000000e+00 0.00000000000000e+00 
1.89333340057934e-05 3.34956383969460e+02 3.22568950604066e+02 4.74020403425719e+20 4.91199216418372e+15 1.29215958952632e+15 1.58819364432047e+15 1.39654082244500e+12 8.01266007366679e+15 1.06552225030509e+15 2.19146977313754e+08 2.49554739622374e+14 1.12270818287408e+12 4.74352885305958e+06 0.00000000000000e+00 0.00000000000000e+00 0.00000000000000e+00 0.00000000000000e+00 0.00000000000000e+00 0.00000000000000e+00 0.00000000000000e+00 
2.33284000364254e-05 3.28242911562122e+02 3.17887824406843e+02 4.74017589987803e+20 6.05345944351019e+15 1.61354282056095e+15 1.85534988740243e+15 1.72054732721059e+12 1.00004373798881e+16 1.18462677075422e+15 2.65849820047562e+08 3.07144575887315e+14 1.70357275534254e+12 7.51255099009189e+06 0.00000000000000e+00 0.00000000000000e+00 0.00000000000000e+00 0.00000000000000e+00 0.00000000000000e+00 0.00000000000000e+00 0.00000000000000e+00 
2.77234660670575e-05 3.22788440787824e+02 3.14154512476708e+02 4.74014801921357e+20 7.19520037273628e+15 1.93773109681997e+15 2.09403302057286e+15 2.04445342099988e+12 1.20143599642963e+16 1.27740214925719e+15 3.11053028017475e+08 3.64603558894565e+14 2.40470664814966e+12 1.10124465068366e+07 0.00000000000000e+00 0.00000000000000e+00 0.00000000000000e+00 0.00000000000000e+00 0.00000000000000e+00 0.00000000000000e+00 0.00000000000000e+00 
3.21185320976895e-05 3.18347398151272e+02 3.11163273360442e+02 4.74012037525016e+20 8.33715684984211e+15 2.26318394148235e+15 2.30754520975796e+15 2.36824304334039e+12 1.40483818264591e+16 1.34989184038167e+15 3.54802344065298e+08 4.21930405948607e+14 3.22591465685624e+12 1.52723766974155e+07 0.00000000000000e+00 0.00000000000000e+00 0.00000000000000e+00 0.00000000000000e+00 0.00000000000000e+00 0.00000000000000e+00 0.00000000000000e+00 
3.65135981283215e-05 3.14724477459676e+02 3.08756347639923e+02 4.74009295226716e+20 9.47928179635696e+15 2.58869004879249e+15 2.49871904577549e+15 2.69190018305157e+12 1.60978394553317e+16 1.40675698100564e+15 3.97146694099770e+08 4.79123833675807e+14 4.16699864023350e+12 2.03124037638500e+07 0.00000000000000e+00 0.00000000000000e+00 0.00000000000000e+00 0.00000000000000e+00 0.00000000000000e+00 0.00000000000000e+00 0.00000000000000e+00 
4.36195093961025e-05 3.10207354821947e+02 3.06812231679525e+02 4.74004904455355e+20 1.13261254210094e+16 3.11282225719184e+15 2.76669603500262e+15 3.21486588079586e+12 1.94354428831019e+16 1.47423634071693e+15 4.62763889249727e+08 5.71308266511238e+14 5.94160885795698e+12 3.01433354630322e+07 0.00000000000000e+00 0.00000000000000e+00 0.00000000000000e+00 0.00000000000000e+00 0.00000000000000e+00 0.00000000000000e+00 0.00000000000000e+00 
5.07254206638834e-05 3.06935951261643e+02 3.04413222487336e+02 4.74000561808746e+20 1.31731954944164e+16 3.63201331831906e+15 2.99122795314314e+15 3.73737689823771e+12 2.27942019668164e+16 1.52005255565224e+15 5.25053709127603e+08 6.63135233080440e+14 8.02818446550136e+12 4.20696804918409e+07 0.00000000000000e+00 0.00000000000000e+00 0.00000000000000e+00 0.00000000000000e+00 0.00000000000000e+00 0.00000000000000e+00 0.00000000000000e+00 
5.78313319316643e-05 3.04566276457401e+02 3.02693430324155e+02 4.73996262187558e+20 1.50204052971474e+16 4.14442410524263e+15 3.17934796013303e+15 4.25936735458346e+12 2.61672128927965e+16 1.55110157741153e+15 5.84227740328846e+08 7.54599421259146e+14 1.04258394803952e+13 5.60855859578728e+07 0.00000000000000e+00 0.00000000000000e+00 0.00000000000000e+00 0.00000000000000e+00 0.00000000000000e+00 0.00000000000000e+00 0.00000000000000e+00 
6.49372431994452e-05 3.02848404122184e+02 3.01457088989766e+02 4.73992001068329e+20 1.68676890795431e+16 4.64878632808131e+15 3.33692131650343e+15 4.78077231011120e+12 2.95495605749805e+16 1.57229106293821e+15 6.40488397879329e+08 8.45695588632703e+14 1.31336681163808e+13 7.21677453854798e+07 0.00000000000000e+00 0.00000000000000e+00 0.00000000000000e+00 0.00000000000000e+00 0.00000000000000e+00 0.00000000000000e+00 0.00000000000000e+00 
7.20431544672261e-05 3.01599910812702e+02 3.00565819949664e+02 4.73987774398578e+20 1.87149980348989e+16 5.14428918082674e+15 3.46886763375199e+15 5.30152771877128e+12 3.29378928142955e+16 1.58696624206932e+15 6.94026174336967e+08 9.36418571193505e+14 1.61507449646661e+13 9.02832395894729e+07 0.00000000000000e+00 0.00000000000000e+00 0.00000000000000e+00 0.00000000000000e+00 0.00000000000000e+00 0.00000000000000e+00 0.00000000000000e+00 
7.91490657350070e-05 3.00690321928364e+02 2.99920738533862e+02 4.73983578548430e+20 2.05622971227716e+16 5.63048862856077e+15 3.57930315447161e+15 5.82157035613141e+12 3.63301197012187e+16 1.59721048732803e+15 7.45019036533809e+08 1.02676328611505e+15 1.94761252057881e+13 1.10394468445459e+08 0.00000000000000e+00 0.00000000000000e+00 0.00000000000000e+00 0.00000000000000e+00 0.00000000000000e+00 0.00000000000000e+00 0.00000000000000e+00 
9.19274074694317e-05 2.99637766183215e+02 2.99452186259690e+02 4.73976100797454e+20 2.38841332802877e+16 6.48075910844011e+15 3.73454183627147e+15 6.75475527388736e+12 4.24359682854137e+16 1.60855249433699e+15 8.30836648513158e+08 1.18825979697335e+15 2.62286693445996e+13 1.51457524396659e+08 0.00000000000000e+00 0.00000000000000e+00 0.00000000000000e+00 0.00000000000000e+00 0.00000000000000e+00 0.00000000000000e+00 0.00000000000000e+00 
1.04705749203856e-04 2.99050771356388e+02 2.98860838168671e+02 4.73968697324363e+20 2.72057458710448e+16 7.29984979249721e+15 3.84695508313763e+15 7.68507685866010e+12 4.85451657387799e+16 1.61475673761919e+15 9.09829718251592e+08 1.34848845717985e+15 3.39693086072388e+13 1.98621275313169e+08 0.00000000000000e+00 0.00000000000000e+00 0.00000000000000e+00 0.00000000000000e+00 0.00000000000000e+00 0.00000000000000e+00 0.00000000000000e+00 
1.17484090938281e-04 2.98720060939117e+02 2.98579733076762e+02 4.73961356248060e+20 3.05270691817104e+16 8.08826194266349e+15 3.92802825821974e+15 8.61218575688071e+12 5.46557200789280e+16 1.61778178904209e+15 9.82763019340144e+08 1.50742160838573e+15 4.26920892320153e+13 2.51674030581602e+08 0.00000000000000e+00 0.00000000000000e+00 0.00000000000000e+00 0.00000000000000e+00 0.00000000000000e+00 0.00000000000000e+00 0.00000000000000e+00 
1.30262432672706e-04 2.98527321886356e+02 2.98421729354220e+02 4.73954068336943e+20 3.38480560810556e+16 8.84673637438254e+15 3.98633823749466e+15 9.53573971982046e+12 6.07662943037168e+16 1.61893271380242e+15 1.05030675392779e+09 1.66503238494477e+15 5.23908676961922e+13 3.10432485381493e+08 0.00000000000000e+00 0.00000000000000e+00 0.00000000000000e+00 0.00000000000000e+00 0.00000000000000e+00 0.00000000000000e+00 0.00000000000000e+00 
1.43040774407130e-04 2.98412389685078e+02 2.98329767687854e+02 4.73946826552296e+20 3.71686677466113e+16 9.57599592980855e+15 4.02827804883109e+15 1.04554037777763e+13 6.68754232107023e+16 1.61964381098763e+15 1.11305184922490e+09 1.82129468527428e+15 6.30593150037474e+13 3.74735310885814e+08 0.00000000000000e+00 0.00000000000000e+00 0.00000000000000e+00 0.00000000000000e+00 0.00000000000000e+00 0.00000000000000e+00 0.00000000000000e+00 
1.55819116141555e-04 2.98345030362989e+02 2.98274973388306e+02 4.73939625443474e+20 4.04888778714419e+16 1.02769371349602e+16 4.05846588456871e+15 1.13708507523085e+13 7.29823351236216e+16 1.62065671549840e+15 1.17152161723634e+09 1.97618320244024e+15 7.46909205247779e+13 4.44431955963910e+08 0.00000000000000e+00 0.00000000000000e+00 0.00000000000000e+00 0.00000000000000e+00 0.00000000000000e+00 0.00000000000000e+00 0.00000000000000e+00 
1.77361039571907e-04 2.98294077502991e+02 2.98242874686144e+02 4.73927566611912e+20 4.60852014313174e+16 1.13977626144744e+16 4.09078348049976e+15 1.29037014167151e+13 8.32736179788421e+16 1.62179011704547e+15 1.26164329571462e+09 2.23411938366001e+15 9.64613327841499e+13 5.73744291897860e+08 0.00000000000000e+00 0.00000000000000e+00 0.00000000000000e+00 0.00000000000000e+00 0.00000000000000e+00 0.00000000000000e+00 0.00000000000000e+00 
1.98902963002258e-04 2.98273528601184e+02 2.98218601541571e+02 4.73915595869078e+20 5.16802990747916e+16 1.24464177891943e+16 4.10926989560594e+15 1.44221921998556e+13 9.35597485278690e+16 1.62241254155994e+15 1.34281918842470e+09 2.48796986418889e+15 1.20916750560863e+14 7.17342671702331e+08 0.00000000000000e+00 0.00000000000000e+00 0.00000000000000e+00 0.00000000000000e+00 0.00000000000000e+00 0.00000000000000e+00 0.00000000000000e+00 
2.20444886432610e-04 2.98262693488480e+02 2.98208814157050e+02 4.73903702658461e+20 5.72741322979854e+16 1.34275019392923e+16 4.12009422440650e+15 1.59249171584702e+13 1.03840368401161e+17 1.62274819349363e+15 1.41663434705946e+09 2.73762817070813e+15 1.48022751593206e+14 8.74633495847476e+08 0.00000000000000e+00 0.00000000000000e+00 0.00000000000000e+00 0.00000000000000e+00 0.00000000000000e+00 0.00000000000000e+00 0.00000000000000e+00 
2.41986809862961e-04 2.98257160660957e+02 2.98203653828944e+02 4.73891879723039e+20 6.28666737610534e+16 1.43453085685091e+16 4.12641751504334e+15 1.74105481892867e+13 1.14115078019133e+17 1.62306622761357e+15 1.48437522899211e+09 2.98299429659301e+15 1.77743571330837e+14 1.04505365385685e+09 0.00000000000000e+00 0.00000000000000e+00 0.00000000000000e+00 0.00000000000000e+00 0.00000000000000e+00 0.00000000000000e+00 0.00000000000000e+00 
2.63528733293313e-04 2.98255409395287e+02 2.98201018862615e+02 4.73880121422109e+20 6.84579031859662e+16 1.52039022933336e+16 4.13000302653403e+15 1.88778351199571e+13 1.24383673325965e+17 1.62344416745942e+15 1.54709611528953e+09 3.22397451178539e+15 2.10042200734769e+14 1.22806629472232e+09 0.00000000000000e+00 0.00000000000000e+00 0.00000000000000e+00 0.00000000000000e+00 0.00000000000000e+00 0.00000000000000e+00 0.00000000000000e+00 
3.05478589668743e-04 2.98256113556252e+02 2.98200184828501e+02 4.73857392487173e+20 7.93422099967223e+16 1.67199502143373e+16 4.13260076882805e+15 2.16782675908491e+13 1.44362476560585e+17 1.62418831538584e+15 1.65781838211625e+09 3.68034481165413e+15 2.80190565677678e+14 1.61872030341336e+09 0.00000000000000e+00 0.00000000000000e+00 0.00000000000000e+00 0.00000000000000e+00 0.00000000000000e+00 0.00000000000000e+00 0.00000000000000e+00 
3.47428446044174e-04 2.98257181237588e+02 2.98200520099232e+02 4.73834862050516e+20 9.02213762380186e+16 1.80514388888747e+16 4.13338627899120e+15 2.43970273415633e+13 1.64317000138775e+17 1.62493245647555e+15 1.75759686571039e+09 4.11917733130417e+15 3.59675000312627e+14 2.05169019774327e+09 0.00000000000000e+00 0.00000000000000e+00 0.00000000000000e+00 0.00000000000000e+00 0.00000000000000e+00 0.00000000000000e+00 0.00000000000000e+00 
3.89378302419604e-04 2.98257395201338e+02 2.98201028488470e+02 4.73812507152660e+20 1.01095316386456e+17 1.92210919840654e+16 4.13379972884527e+15 2.70274744797867e+13 1.84246465714984e+17 1.62565071299932e+15 1.84986666103059e+09 4.53997323922830e+15 4.48188394683240e+14 2.52369461100627e+09 0.00000000000000e+00 0.00000000000000e+00 0.00000000000000e+00 0.00000000000000e+00 0.00000000000000e+00 0.00000000000000e+00 0.00000000000000e+00 
4.31328158795035e-04 2.98257624223294e+02 2.98201130314932e+02 4.73790309069543e+20 1.11963957683280e+17 2.02486902098774e+16 4.13391929559293e+15 2.95642038170519e+13 2.04150113563908e+17 1.62636179300312e+15 1.93687668080383e+09 4.94232193942656e+15 5.45410180041020e+14 3.03169433095560e+09 0.00000000000000e+00 0.00000000000000e+00 0.00000000000000e+00 0.00000000000000e+00 0.00000000000000e+00 0.00000000000000e+00 0.00000000000000e+00 
4.73278015170465e-04 2.98258178624877e+02 2.98201239312451e+02 4.73768251527777e+20 1.22827235365310e+17 2.11515491146544e+16 4.13377143751853e+15 3.20030012955151e+13 2.24027255089917e+17 1.62707724797930e+15 2.02014263050845e+09 5.32589688593685e+15 6.51008461508776e+14 3.57287690432679e+09 0.00000000000000e+00 0.00000000000000e+00 0.00000000000000e+00 0.00000000000000e+00 0.00000000000000e+00 0.00000000000000e+00 0.00000000000000e+00 
5.53554949789475e-04 2.98259172962708e+02 2.98201503264565e+02 4.73726384178654e+20 1.43600490817996e+17 2.25834560139224e+16 4.13329898369918e+15 3.63878613617506e+13 2.61988971193943e+17 1.62844280869086e+15 2.17239761853589e+09 6.00683862553610e+15 8.75182400431389e+14 4.69194781930963e+09 0.00000000000000e+00 0.00000000000000e+00 0.00000000000000e+00 0.00000000000000e+00 0.00000000000000e+00 0.00000000000000e+00 0.00000000000000e+00 
6.33831884408484e-04 2.98259960460303e+02 2.98201976663561e+02 4.73684897068513e+20 1.64353563990732e+17 2.37018940516209e+16 4.13285429324160e+15 4.03934139424779e+13 2.99847853195483e+17 1.62980151957113e+15 2.31943580805899e+09 6.61727619590053e+15 1.12631375381380e+15 5.90689791930247e+09 0.00000000000000e+00 0.00000000000000e+00 0.00000000000000e+00 0.00000000000000e+00 0.00000000000000e+00 0.00000000000000e+00 0.00000000000000e+00 
7.14108819027493e-04 2.98260524204344e+02 2.98202351559491e+02 4.73643725190807e+20 1.85086198359254e+17 2.45772773431952e+16 4.13248667662947e+15 4.40209533474567e+13 3.37601094230511e+17 1.63115086925073e+15 2.46396790785706e+09 7.15719119837431e+15 1.40187736150668e+15 7.20354066901006e+09 0.00000000000000e+00 0.00000000000000e+00 0.00000000000000e+00 0.00000000000000e+00 0.00000000000000e+00 0.00000000000000e+00 0.00000000000000e+00 
7.94385753646503e-04 2.98261014664483e+02 2.98202619897318e+02 4.73602819469361e+20 2.05798215356237e+17 2.52632886116943e+16 4.13211468138265e+15 4.72829663865621e+13 3.75246746172455e+17 1.63249393821148e+15 2.60742014888519e+09 7.62749702573134e+15 1.69931110986046e+15 8.56974129118783e+09 0.00000000000000e+00 0.00000000000000e+00 0.00000000000000e+00 0.00000000000000e+00 0.00000000000000e+00 0.00000000000000e+00 0.00000000000000e+00 
8.74662688265512e-04 2.98261473770563e+02 2.98202853335059e+02 4.73562142067390e+20 2.26489503064108e+17 2.58014206593602e+16 4.13171666412209e+15 5.02006030927860e+13 4.12783671166202e+17 1.63383208324658e+15 2.75069921848094e+09 8.02992040026086e+15 2.01605586266250e+15 9.99506514141583e+09 0.00000000000000e+00 0.00000000000000e+00 0.00000000000000e+00 0.00000000000000e+00 0.00000000000000e+00 0.00000000000000e+00 0.00000000000000e+00 
1.01848783638359e-03 2.98262160176054e+02 2.98203071840974e+02 4.73489749547290e+20 2.63508332096601e+17 2.64887005148718e+16 4.13100812912910e+15 5.46587489753762e+13 4.79763116893434e+17 1.63621662906117e+15 3.00904855948905e+09 8.58965626265410e+15 2.62397212347155e+15 1.26698573086828e+10 0.00000000000000e+00 0.00000000000000e+00 0.00000000000000e+00 0.00000000000000e+00 0.00000000000000e+00 0.00000000000000e+00 0.00000000000000e+00 
1.16231298450167e-03 2.98262723687125e+02 2.98203398487376e+02 4.73417870614413e+20 3.00460546641740e+17 2.69388946317866e+16 4.13031307110681e+15 5.82822109046428e+13 5.46395584469882e+17 1.63858634070353e+15 3.27224927351065e+09 8.95787645860681e+15 3.27201395475306e+15 1.54637392345966e+10 0.00000000000000e+00 0.00000000000000e+00 0.00000000000000e+00 0.00000000000000e+00 0.00000000000000e+00 0.00000000000000e+00 0.00000000000000e+00 
1.30613813261975e-03 2.98263212565135e+02 2.98203666607835e+02 4.73346419923892e+20 3.37346596179591e+17 2.72407845401663e+16 4.12962872417603e+15 6.12633630736997e+13 6.12689175082226e+17 1.64094281497507e+15 3.54244632793668e+09 9.15683521950431e+15 3.94734521555995e+15 1.83437971645619e+10 0.00000000000000e+00 0.00000000000000e+00 0.00000000000000e+00 0.00000000000000e+00 0.00000000000000e+00 0.00000000000000e+00 0.00000000000000e+00 
1.44996328073783e-03 2.98263657079947e+02 2.98203899186024e+02 4.73275341891446e+20 3.74167252857937e+17 2.74472855323748e+16 4.12894645232507e+15 6.37871027806056e+13 6.78656561650332e+17 1.64328736648202e+15 3.82095228183076e+09 9.21166120350792e+15 4.63851202200160e+15 2.12855516717958e+10 0.00000000000000e+00 0.00000000000000e+00 0.00000000000000e+00 0.00000000000000e+00 0.00000000000000e+00 0.00000000000000e+00 0.00000000000000e+00 
1.59378842885591e-03 2.98264070194475e+02 2.98204110637429e+02 4.73204596829088e+20 4.10923453974783e+17 2.75914797252905e+16 4.12826596159815e+15 6.60112739405170e+13 7.44312729950029e+17 1.64562097064381e+15 4.10836905654871e+09 9.14789844529038e+15 5.33567814588796e+15 2.42705755711037e+10 0.00000000000000e+00 0.00000000000000e+00 0.00000000000000e+00 0.00000000000000e+00 0.00000000000000e+00 0.00000000000000e+00 0.00000000000000e+00 
1.82581654428226e-03 2.98264691680434e+02 2.98204307135400e+02 4.73091092535873e+20 4.70087741111702e+17 2.77422879275596e+16 4.12717590246129e+15 6.92740270473917e+13 8.49619443607624e+17 1.64936473392643e+15 4.59137346043291e+09 8.85709487510655e+15 6.45380528918574e+15 2.91448409782766e+10 0.00000000000000e+00 0.00000000000000e+00 0.00000000000000e+00 0.00000000000000e+00 0.00000000000000e+00 0.00000000000000e+00 0.00000000000000e+00 
2.05784465970860e-03 2.98265284163412e+02 2.98204602719798e+02 4.72978269248803e+20 5.29091274797611e+17 2.78439406063436e+16 4.12609386011409e+15 7.24769868014538e+13 9.54226418887967e+17 1.65308537370940e+15 5.09719044291254e+09 8.41547399809898e+15 7.54142839065141e+15 3.40541237593892e+10 0.00000000000000e+00 0.00000000000000e+00 0.00000000000000e+00 0.00000000000000e+00 0.00000000000000e+00 0.00000000000000e+00 0.00000000000000e+00 
2.28987277513494e-03 2.98265862360320e+02 2.98204884492625e+02 4.72866050751112e+20 5.87938010550996e+17 2.79237728519693e+16 4.12501793495655e+15 7.58542205702955e+13 1.05819501437398e+18 1.65678534612907e+15 5.62246132055542e+09 7.89960588928949e+15 8.58236643471294e+15 3.89718891686180e+10 0.00000000000000e+00 0.00000000000000e+00 0.00000000000000e+00 0.00000000000000e+00 0.00000000000000e+00 0.00000000000000e+00 0.00000000000000e+00 
2.52190089056128e-03 2.98266431593639e+02 2.98205159462199e+02 4.72754382207536e+20 6.46631229640884e+17 2.79919529868808e+16 4.12394739136645e+15 7.95114397019110e+13 1.16157527314106e+18 1.66046643549621e+15 6.16264862101095e+09 7.36519031465673e+15 9.56889169622470e+15 4.38829836186790e+10 0.00000000000000e+00 0.00000000000000e+00 0.00000000000000e+00 0.00000000000000e+00 0.00000000000000e+00 0.00000000000000e+00 0.00000000000000e+00 
2.75392900598762e-03 2.98266994519530e+02 2.98205430162979e+02 4.72643222616060e+20 7.05173419581512e+17 2.80530890367344e+16 4.12288197487612e+15 8.34756202883627e+13 1.26440418849842e+18 1.66412988931695e+15 6.71315490178626e+09 6.84822494265747e+15 1.04992599477203e+16 4.87784947199169e+10 0.00000000000000e+00 0.00000000000000e+00 0.00000000000000e+00 0.00000000000000e+00 0.00000000000000e+00 0.00000000000000e+00 0.00000000000000e+00 
3.03814116515207e-03 2.98267678332993e+02 2.98205697859706e+02 4.72507712882589e+20 7.76678696793156e+17 2.81230301685745e+16 4.12158340424438e+15 8.87241733030855e+13 1.38964423196484e+18 1.66859441415710e+15 7.39498628712811e+09 6.26724949763874e+15 1.15651196666216e+16 5.47455669148464e+10 0.00000000000000e+00 0.00000000000000e+00 0.00000000000000e+00 0.00000000000000e+00 0.00000000000000e+00 0.00000000000000e+00 0.00000000000000e+00 
3.32235332431653e-03 2.98268357347836e+02 2.98206023039464e+02 4.72372884183039e+20 8.47962083513671e+17 2.81902628951768e+16 4.12029148880420e+15 9.43373404875234e+13 1.51412190306490e+18 1.67303454154382e+15 8.08041443986331e+09 5.75607436303694e+15 1.25573073808261e+16 6.06751337549552e+10 0.00000000000000e+00 0.00000000000000e+00 0.00000000000000e+00 0.00000000000000e+00 0.00000000000000e+00 0.00000000000000e+00 0.00000000000000e+00 
3.60656548348098e-03 2.98269032324039e+02 2.98206345933224e+02 4.72238711913813e+20 9.19024941884049e+17 2.82562368406494e+16 4.11900596496653e+15 1.00240164929130e+14 1.63785279323305e+18 1.67745069916029e+15 8.76627214016246e+09 5.31501387675155e+15 1.34850990609006e+16 6.65641770797791e+10 0.00000000000000e+00 0.00000000000000e+00 0.00000000000000e+00 0.00000000000000e+00 0.00000000000000e+00 0.00000000000000e+00 0.00000000000000e+00 
3.89077764264543e-03 2.98269703540184e+02 2.98206666902852e+02 4.72105180033932e+20 9.89868215220548e+17 2.83213846236779e+16 4.11772671247721e+15 1.06364387366175e+14 1.76084566221332e+18 1.68184308963949e+15 9.44994144562756e+09 4.93810248455202e+15 1.43573855250033e+16 7.24110299448477e+10 0.00000000000000e+00 0.00000000000000e+00 0.00000000000000e+00 0.00000000000000e+00 0.00000000000000e+00 0.00000000000000e+00 0.00000000000000e+00 
4.17498980180988e-03 2.98270371031181e+02 2.98206986081010e+02 4.71972278182101e+20 1.06049258711789e+18 2.83857841380200e+16 4.11645363612181e+15 1.12646818105739e+14 1.88310504127110e+18 1.68621178261231e+15 1.01294841232176e+10 4.61625934227875e+15 1.51821253372039e+16 7.82148605062768e+10 0.00000000000000e+00 0.00000000000000e+00 0.00000000000000e+00 0.00000000000000e+00 0.00000000000000e+00 0.00000000000000e+00 0.00000000000000e+00 
4.45920196097433e-03 2.98271034774932e+02 2.98207303484351e+02 4.71839999623349e+20 1.13089858832536e+18 2.84495283317815e+16 4.11518667674554e+15 1.19030748310672e+14 2.00463297071265e+18 1.69055677704682e+15 1.08041093548381e+10 4.33918635552763e+15 1.59661831229919e+16 8.39753639815557e+10 0.00000000000000e+00 0.00000000000000e+00 0.00000000000000e+00 0.00000000000000e+00 0.00000000000000e+00 0.00000000000000e+00 0.00000000000000e+00 
5.00294062014748e-03 2.98272294110200e+02 2.98207619102404e+02 4.71588650001597e+20 1.26498879935548e+18 2.85700624804362e+16 4.11277974165079e+15 1.31394906994361e+14 2.23510255815393e+18 1.69880338808500e+15 1.20820563264175e+10 3.90421190317240e+15 1.73711648298390e+16 9.48753713585485e+10 0.00000000000000e+00 0.00000000000000e+00 0.00000000000000e+00 0.00000000000000e+00 0.00000000000000e+00 0.00000000000000e+00 0.00000000000000e+00 
5.54667927932062e-03 2.98273539581723e+02 2.98208217921915e+02 4.71339525381605e+20 1.39828581926635e+18 2.86890630010784e+16 4.11039481746020e+15 1.43799670461867e+14 2.46292286141989e+18 1.70696364107440e+15 1.33445060264416e+10 3.55761649258353e+15 1.86762507782433e+16 1.05617372478227e+11 0.00000000000000e+00 0.00000000000000e+00 0.00000000000000e+00 0.00000000000000e+00 0.00000000000000e+00 0.00000000000000e+00 0.00000000000000e+00 
6.09041793849376e-03 2.98274771235499e+02 2.98208810136949e+02 4.71092589929940e+20 1.53079423000672e+18 2.88067375962983e+16 4.10803160470231e+15 1.56156280655100e+14 2.68812156477100e+18 1.71503819415780e+15 1.45931721295686e+10 3.27314022940358e+15 1.99017211835415e+16 1.16203043660723e+11 0.00000000000000e+00 0.00000000000000e+00 0.00000000000000e+00 0.00000000000000e+00 0.00000000000000e+00 0.00000000000000e+00 0.00000000000000e+00 
6.63415659766691e-03 2.98275989238094e+02 2.98209395769727e+02 4.70847809927268e+20 1.66251883947333e+18 2.89231940845210e+16 4.10568979376533e+15 1.68430083770547e+14 2.91072990079096e+18 1.72302788380083e+15 1.58283913880917e+10 3.03581535897715e+15 2.10613798775850e+16 1.26634639296903e+11 0.00000000000000e+00 0.00000000000000e+00 0.00000000000000e+00 0.00000000000000e+00 0.00000000000000e+00 0.00000000000000e+00 0.00000000000000e+00 
7.17789525684005e-03 2.98277193773804e+02 2.98209974899861e+02 4.70605154606738e+20 1.79346445946710e+18 2.90385206144232e+16 4.10336909440358e+15 1.80601748586388e+14 3.13077917724435e+18 1.73093358164739e+15 1.70500335671305e+10 2.83503969376339e+15 2.21655823892113e+16 1.36914561792549e+11 0.00000000000000e+00 0.00000000000000e+00 0.00000000000000e+00 0.00000000000000e+00 0.00000000000000e+00 0.00000000000000e+00 0.00000000000000e+00 
7.91534251455279e-03 2.98278806206169e+02 2.98210547615401e+02 4.70279398320243e+20 1.96982364135046e+18 2.91932593985749e+16 4.10025490170921e+15 1.96920178270131e+14 3.42518683970298e+18 1.74152304420489e+15 1.86854913077115e+10 2.60627359420623e+15 2.35885139259964e+16 1.50618636850900e+11 0.00000000000000e+00 0.00000000000000e+00 0.00000000000000e+00 0.00000000000000e+00 0.00000000000000e+00 0.00000000000000e+00 0.00000000000000e+00 
8.65278977226553e-03 2.98280394553484e+02 2.98211314254129e+02 4.69957430371976e+20 2.14477067511986e+18 2.93461883904434e+16 4.09717838625487e+15 2.13010473189117e+14 3.71502165496852e+18 1.75196186931163e+15 2.02977302660287e+10 2.41633493704483e+15 2.49400426261458e+16 1.64054029235708e+11 0.00000000000000e+00 0.00000000000000e+00 0.00000000000000e+00 0.00000000000000e+00 0.00000000000000e+00 0.00000000000000e+00 0.00000000000000e+00 
9.39023702997826e-03 2.98281959296298e+02 2.98212069421692e+02 4.69639188632864e+20 2.31831734309556e+18 2.94973902579067e+16 4.09413892787620e+15 2.28864386223624e+14 4.00035889051586e+18 1.76225227972513e+15 2.18862291661216e+10 2.25496351183515e+15 2.62320139560726e+16 1.77226616848021e+11 0.00000000000000e+00 0.00000000000000e+00 0.00000000000000e+00 0.00000000000000e+00 0.00000000000000e+00 0.00000000000000e+00 0.00000000000000e+00 
1.01276842876910e-02 2.98283500794648e+02 2.98212813347582e+02 4.69324614450596e+20 2.49047533791511e+18 2.96469261781104e+16 4.09113594046056e+15 2.44482767402284e+14 4.28127276119172e+18 1.77239648496754e+15 2.34515202409416e+10 2.11564353354358e+15 2.74731263075671e+16 1.90142150593361e+11 0.00000000000000e+00 0.00000000000000e+00 0.00000000000000e+00 0.00000000000000e+00 0.00000000000000e+00 0.00000000000000e+00 0.00000000000000e+00 
1.08651315454037e-02 2.98285019441575e+02 2.98213546203876e+02 4.69013650018678e+20 2.66125635472381e+18 2.97948422186506e+16 4.08816883912793e+15 2.59874630687327e+14 4.55783775661619e+18 1.78239672498942e+15 2.49943928865821e+10 1.99539698213813e+15 2.86702462960497e+16 2.02806259214313e+11 0.00000000000000e+00 0.00000000000000e+00 0.00000000000000e+00 0.00000000000000e+00 0.00000000000000e+00 0.00000000000000e+00 0.00000000000000e+00 
1.21611432341172e-02 2.98287634216068e+02 2.98214268178327e+02 4.68475735243343e+20 2.95809031613849e+18 3.00509900551524e+16 4.08303965713443e+15 2.86383511488632e+14 5.03355969100076e+18 1.79962914286761e+15 2.76511882726737e+10 1.81885666286051e+15 3.06848725090309e+16 2.24469866329112e+11 0.00000000000000e+00 0.00000000000000e+00 0.00000000000000e+00 0.00000000000000e+00 0.00000000000000e+00 0.00000000000000e+00 0.00000000000000e+00 
1.34571549228306e-02 2.98290181660992e+02 2.98215511217585e+02 4.67948524034691e+20 3.25076820415601e+18 3.03024376174104e+16 4.07801676687585e+15 3.12220877929093e+14 5.49644660443341e+18 1.81643502831007e+15 3.02395369372298e+10 1.67595547782697e+15 3.26052837317364e+16 2.45402355575520e+11 0.00000000000000e+00 0.00000000000000e+00 0.00000000000000e+00 0.00000000000000e+00 0.00000000000000e+00 0.00000000000000e+00 0.00000000000000e+00 
1.47531666115441e-02 2.98292663643395e+02 2.98216722199165e+02 4.67431754436903e+20 3.53935023931052e+18 3.05493428704640e+16 4.07309748496332e+15 3.37403487030877e+14 5.94686080266318e+18 1.83282547164358e+15 3.27614006479289e+10 1.55664145321614e+15 3.44484338146498e+16 2.65630910372878e+11 0.00000000000000e+00 0.00000000000000e+00 0.00000000000000e+00 0.00000000000000e+00 0.00000000000000e+00 0.00000000000000e+00 0.00000000000000e+00 
1.60491783002575e-02 2.98295081989747e+02 2.98217902014843e+02 4.66925174465012e+20 3.82389574789058e+18 3.07918362393427e+16 4.06827921998990e+15 3.61956638905093e+14 6.38515464026735e+18 1.84881131756412e+15 3.52186646863828e+10 1.45592727354597e+15 3.62268670580131e+16 2.85181530492403e+11 0.00000000000000e+00 0.00000000000000e+00 0.00000000000000e+00 0.00000000000000e+00 0.00000000000000e+00 0.00000000000000e+00 0.00000000000000e+00 
1.73451899889710e-02 2.98297438490419e+02 2.98219051536825e+02 4.66428541442315e+20 4.10446311707014e+18 3.10300246163969e+16 4.06355947180769e+15 3.85903967211939e+14 6.81166959905084e+18 1.86440311859722e+15 3.76125046881729e+10 1.37047591945514e+15 3.79506393261889e+16 3.04079170374086e+11 0.00000000000000e+00 0.00000000000000e+00 0.00000000000000e+00 0.00000000000000e+00 0.00000000000000e+00 0.00000000000000e+00 0.00000000000000e+00 
1.86412016776844e-02 2.98299734839817e+02 2.98220171619904e+02 4.65941622284651e+20 4.38110973684913e+18 3.12640111455960e+16 4.05893584132711e+15 4.09262625804324e+14 7.22673556551335e+18 1.87961110072228e+15 3.99444621596322e+10 1.29688302895344e+15 3.96279706480191e+16 3.22347716081697e+11 0.00000000000000e+00 0.00000000000000e+00 0.00000000000000e+00 0.00000000000000e+00 0.00000000000000e+00 0.00000000000000e+00 0.00000000000000e+00 
2.24149612691865e-02 2.98306093633984e+02 2.98221263072980e+02 4.64577102682320e+20 5.16484369242446e+18 3.19223102514825e+16 4.04599924669190e+15 4.74060175069988e+14 8.37301002259077e+18 1.92179783706433e+15 4.63969002372111e+10 1.13041912147150e+15 4.42948498440791e+16 3.72165189556282e+11 0.00000000000000e+00 0.00000000000000e+00 0.00000000000000e+00 0.00000000000000e+00 0.00000000000000e+00 0.00000000000000e+00 0.00000000000000e+00 
2.35951155410950e-02 2.98307986535198e+02 2.98224285204279e+02 4.64166047916088e+20 5.40342925980749e+18 3.21214011235102e+16 4.04210816204511e+15 4.93394856133050e+14 8.71331771640593e+18 1.93437778033199e+15 4.83163204619792e+10 1.08897316500289e+15 4.57050015820695e+16 3.86774159608435e+11 0.00000000000000e+00 0.00000000000000e+00 0.00000000000000e+00 0.00000000000000e+00 0.00000000000000e+00 0.00000000000000e+00 0.00000000000000e+00 
2.47752698130036e-02 2.98309835791233e+02 2.98225184783978e+02 4.63762199644557e+20 5.63898292128286e+18 3.23173600364705e+16 4.03828804698018e+15 5.12304667786110e+14 9.04534016370909e+18 1.94667725440760e+15 5.01900746845379e+10 1.05219029480378e+15 4.70947064477788e+16 4.00945323346141e+11 0.00000000000000e+00 0.00000000000000e+00 0.00000000000000e+00 0.00000000000000e+00 0.00000000000000e+00 0.00000000000000e+00 0.00000000000000e+00 
2.59554240849121e-02 2.98311642440583e+02 2.98226063597544e+02 4.63365413867220e+20 5.87154393145600e+18 3.25102531699869e+16 4.03453742349382e+15 5.30793703428386e+14 9.36928305183332e+18 1.95870272740094e+15 5.20194784868775e+10 1.01819333319882e+15 4.84658102904894e+16 4.14693133111285e+11 0.00000000000000e+00 0.00000000000000e+00 0.00000000000000e+00 0.00000000000000e+00 0.00000000000000e+00 0.00000000000000e+00 0.00000000000000e+00 
2.71355783568207e-02 2.98313407511256e+02 2.98226922140362e+02 4.62975546324788e+20 6.10115138325554e+18 3.27001419697200e+16 4.03085481223047e+15 5.48873491704066e+14 9.68535132277150e+18 1.97046067393527e+15 5.38059378446479e+10 9.86973278741888e+14 4.98200631835249e+16 4.28031580284358e+11 0.00000000000000e+00 0.00000000000000e+00 0.00000000000000e+00 0.00000000000000e+00 0.00000000000000e+00 0.00000000000000e+00 0.00000000000000e+00 
2.83157326287293e-02 2.98315132031592e+02 2.98227760902700e+02 4.62592455880704e+20 6.32784388107727e+18 3.28870789101641e+16 4.02723876460117e+15 5.66556042034788e+14 9.99374484434726e+18 1.98195741804310e+15 5.55502812265321e+10 9.58758114237039e+14 5.11590771545175e+16 4.40973842065644e+11 0.00000000000000e+00 0.00000000000000e+00 0.00000000000000e+00 0.00000000000000e+00 0.00000000000000e+00 0.00000000000000e+00 0.00000000000000e+00 
3.10042547561648e-02 2.98318916197671e+02 2.98228580374898e+02 4.61744088396660e+20 6.83365690263728e+18 3.33022916349633e+16 4.01923987460289e+15 6.05413972446127e+14 1.06689847364709e+19 2.00721611942614e+15 5.93735795514255e+10 9.02502137579874e+14 5.41616766563960e+16 4.69060513259923e+11 0.00000000000000e+00 0.00000000000000e+00 0.00000000000000e+00 0.00000000000000e+00 0.00000000000000e+00 0.00000000000000e+00 0.00000000000000e+00 
3.36927768836004e-02 2.98322506352989e+02 2.98230378496405e+02 4.60928626315486e+20 7.32498324091911e+18 3.37030931867146e+16 4.01156325629866e+15 6.42349447903896e+14 1.13075902426000e+19 2.03122087823968e+15 6.29946628893121e+10 8.55152799914186e+14 5.71047170167128e+16 4.95295663352975e+11 0.00000000000000e+00 0.00000000000000e+00 0.00000000000000e+00 0.00000000000000e+00 0.00000000000000e+00 0.00000000000000e+00 0.00000000000000e+00 
3.63812990110360e-02 2.98325912726354e+02 2.98232084341707e+02 4.60144646275116e+20 7.80223471172287e+18 3.40900530753319e+16 4.00419436808352e+15 6.77455511512819e+14 1.19115561056656e+19 2.05403528466209e+15 6.64240248878075e+10 8.15064647436382e+14 5.99977432525493e+16 5.19808514184740e+11 0.00000000000000e+00 0.00000000000000e+00 0.00000000000000e+00 0.00000000000000e+00 0.00000000000000e+00 0.00000000000000e+00 0.00000000000000e+00 
3.90698211384715e-02 2.98329145308141e+02 2.98233702786111e+02 4.59390752732254e+20 8.26582315044820e+18 3.44637260042611e+16 3.99711899469733e+15 7.10821754983639e+14 1.24828262822203e+19 2.07572167749299e+15 6.96718332085245e+10 7.80706338472679e+14 6.28486445987575e+16 5.42720128990889e+11 0.00000000000000e+00 0.00000000000000e+00 0.00000000000000e+00 0.00000000000000e+00 0.00000000000000e+00 0.00000000000000e+00 0.00000000000000e+00 
4.46649999306406e-02 2.98335353953396e+02 2.98235238589621e+02 4.57912842215639e+20 9.18845770650884e+18 3.52009585015223e+16 3.98328016077359e+15 7.75026244923165e+14 1.35743553301064e+19 2.11747748695325e+15 7.58883770628703e+10 7.22836193689058e+14 6.86698632798869e+16 5.85725072867296e+11 0.00000000000000e+00 0.00000000000000e+00 0.00000000000000e+00 0.00000000000000e+00 0.00000000000000e+00 0.00000000000000e+00 0.00000000000000e+00 
5.02601787228096e-02 2.98340927087267e+02 2.98238188142509e+02 4.56548642238079e+20 1.00570242100732e+19 3.58872576880863e+16 3.97054424200076e+15 8.32759490714764e+14 1.45470490388612e+19 2.15508366083716e+15 8.14401477362374e+10 6.78772759367251e+14 7.43755251720997e+16 6.23154473435068e+11 0.00000000000000e+00 0.00000000000000e+00 0.00000000000000e+00 0.00000000000000e+00 0.00000000000000e+00 0.00000000000000e+00 0.00000000000000e+00 
5.58553575149787e-02 2.98345935204994e+02 2.98240835585297e+02 4.55288005868691e+20 1.08747968108542e+19 3.65266758844192e+16 3.95880892159335e+15 8.84673818577568e+14 1.54145616433886e+19 2.18898607234254e+15 8.64008883997304e+10 6.44188169192666e+14 7.99942977277469e+16 6.55777946703754e+11 0.00000000000000e+00 0.00000000000000e+00 0.00000000000000e+00 0.00000000000000e+00 0.00000000000000e+00 0.00000000000000e+00 0.00000000000000e+00 
6.14505363071478e-02 2.98350439888439e+02 2.98243214473591e+02 4.54121910270180e+20 1.16448178685617e+19 3.71228481956891e+16 3.94798361480360e+15 9.31351484464919e+14 1.61887938485914e+19 2.21957614261151e+15 9.08355216111718e+10 6.16563107960540e+14 8.55442218043848e+16 6.84245893575016e+11 0.00000000000000e+00 0.00000000000000e+00 0.00000000000000e+00 0.00000000000000e+00 0.00000000000000e+00 0.00000000000000e+00 0.00000000000000e+00 
6.70457150993169e-02 2.98354495230352e+02 2.98245354111386e+02 4.53042290178158e+20 1.23699208148151e+19 3.76790533972130e+16 3.93798769476414e+15 9.73313347616344e+14 1.68801676130427e+19 2.24719909044271e+15 9.48012240801646e+10 5.94045493821812e+14 9.10372221032853e+16 7.09111873780214e+11 0.00000000000000e+00 0.00000000000000e+00 0.00000000000000e+00 0.00000000000000e+00 0.00000000000000e+00 0.00000000000000e+00 0.00000000000000e+00 
7.51931518426775e-02 2.98359692703207e+02 2.98247280231977e+02 4.51610230744582e+20 1.33508353293128e+19 3.84235083615587e+16 3.92476991942653e+15 1.02692821020391e+15 1.77571400963940e+19 2.28273050034746e+15 9.98389760015026e+10 5.68086067837155e+14 9.89498826099196e+16 7.39826451614498e+11 0.00000000000000e+00 0.00000000000000e+00 0.00000000000000e+00 0.00000000000000e+00 0.00000000000000e+00 0.00000000000000e+00 0.00000000000000e+00 
8.33405885860382e-02 2.98364166933029e+02 2.98249748703991e+02 4.50326257557187e+20 1.42497075505197e+19 3.90977589446409e+16 3.91296056837993e+15 1.07282665041207e+15 1.85024347680030e+19 2.31344593459682e+15 1.04126548885408e+11 5.48065591263171e+14 1.06776484695880e+17 7.65124122844136e+11 0.00000000000000e+00 0.00000000000000e+00 0.00000000000000e+00 0.00000000000000e+00 0.00000000000000e+00 0.00000000000000e+00 0.00000000000000e+00 
9.14880253293988e-02 2.98368027195472e+02 2.98251873587877e+02 4.49172964605553e+20 1.50735064033586e+19 3.97091036831742e+16 3.90238814666950e+15 1.11213237717906e+15 1.91368815246343e+19 2.34005320783109e+15 1.07780629574840e+11 5.32411832448794e+14 1.14526573050620e+17 7.85996295122686e+11 0.00000000000000e+00 0.00000000000000e+00 0.00000000000000e+00 0.00000000000000e+00 0.00000000000000e+00 0.00000000000000e+00 0.00000000000000e+00 
9.96354620727595e-02 2.98371364761364e+02 2.98253706827527e+02 4.48135345207679e+20 1.58285725904459e+19 4.02639444096862e+16 3.89290563869482e+15 1.14580510453901e+15 1.96777870075536e+19 2.36314651007408e+15 1.10898702673447e+11 5.19974485594197e+14 1.22203961696787e+17 8.03240784054302e+11 0.00000000000000e+00 0.00000000000000e+00 0.00000000000000e+00 0.00000000000000e+00 0.00000000000000e+00 0.00000000000000e+00 0.00000000000000e+00 
1.07782898816120e-01 2.98374256451578e+02 2.98255291799184e+02 4.47200361618160e+20 1.65206928556658e+19 4.07679343013611e+16 3.88438600598799e+15 1.17466621006241e+15 2.01396393994005e+19 2.38322841947473e+15 1.13562778583485e+11 5.09955101249598e+14 1.29809123706608e+17 8.17504337779230e+11 0.00000000000000e+00 0.00000000000000e+00 0.00000000000000e+00 0.00000000000000e+00 0.00000000000000e+00 0.00000000000000e+00 0.00000000000000e+00 
1.21209080204883e-01 2.98378219296471e+02 2.98256665005253e+02 4.45853627506143e+20 1.75378218720292e+19 4.15006883318156e+16 3.87215751494587e+15 1.21357674812283e+15 2.07602039227125e+19 2.41087229372256e+15 1.17144148310107e+11 4.97445312544259e+14 1.42179658056270e+17 8.35879718605697e+11 0.00000000000000e+00 0.00000000000000e+00 0.00000000000000e+00 0.00000000000000e+00 0.00000000000000e+00 0.00000000000000e+00 0.00000000000000e+00 
1.34635261593646e-01 2.98381379756112e+02 2.98258546853463e+02 4.44712162759901e+20 1.84193346753244e+19 4.21281245523800e+16 3.86183457002061e+15 1.24388273645955e+15 2.12423342026908e+19 2.43303270185760e+15 1.19927144551196e+11 4.88196233993630e+14 1.54334928974625e+17 8.49384663515834e+11 0.00000000000000e+00 0.00000000000000e+00 0.00000000000000e+00 0.00000000000000e+00 0.00000000000000e+00 0.00000000000000e+00 0.00000000000000e+00 
1.48061442982409e-01 2.98383914683036e+02 2.98260047656509e+02 4.43741568245844e+20 1.91833790448440e+19 4.26661757884684e+16 3.85308852548839e+15 1.26755397487833e+15 2.16185572099961e+19 2.45088735746011e+15 1.22098235826311e+11 4.81500600491566e+14 1.66254974935338e+17 8.59321330974947e+11 0.00000000000000e+00 0.00000000000000e+00 0.00000000000000e+00 0.00000000000000e+00 0.00000000000000e+00 0.00000000000000e+00 0.00000000000000e+00 
1.61487624371172e-01 2.98385960378443e+02 2.98261251411217e+02 4.42913761251574e+20 1.98456685112252e+19 4.31281800998125e+16 3.84565300783346e+15 1.28611352645738e+15 2.19136477089611e+19 2.46535037938438e+15 1.23799924894060e+11 4.76656006806783e+14 1.77917860940755e+17 8.66642761077861e+11 0.00000000000000e+00 0.00000000000000e+00 0.00000000000000e+00 0.00000000000000e+00 0.00000000000000e+00 0.00000000000000e+00 0.00000000000000e+00 
1.74913805759935e-01 2.98387622270613e+02 2.98262222847330e+02 4.42205686809684e+20 2.04198181810948e+19 4.35253584857800e+16 3.83931082229016e+15 1.30073490247434e+15 2.21465221628279e+19 2.47713368206712e+15 1.25141337268919e+11 4.72882135196892e+14 1.89303243621413e+17 8.72047303846454e+11 0.00000000000000e+00 0.00000000000000e+00 0.00000000000000e+00 0.00000000000000e+00 0.00000000000000e+00 0.00000000000000e+00 0.00000000000000e+00 
1.88339987148698e-01 2.98388981339626e+02 2.98263012029207e+02 4.41598429835883e+20 2.09176069926918e+19 4.38671487268712e+16 3.83388499418451e+15 1.31231735749345e+15 2.23314873475792e+19 2.48678803355227e+15 1.26205167427014e+11 4.70053824231490e+14 2.00392712568794e+17 8.76045374525469e+11 0.00000000000000e+00 0.00000000000000e+00 0.00000000000000e+00 0.00000000000000e+00 0.00000000000000e+00 0.00000000000000e+00 0.00000000000000e+00 
2.05305792512592e-01 2.98390357879737e+02 2.98263657409955e+02 4.40951890794706e+20 2.14528359839168e+19 4.42318365906296e+16 3.82812224279877e+15 1.32362078755817e+15 2.25126617945421e+19 2.49657542246412e+15 1.27244858240918e+11 4.67351597463010e+14 2.13958745538715e+17 8.79633669319770e+11 0.00000000000000e+00 0.00000000000000e+00 0.00000000000000e+00 0.00000000000000e+00 0.00000000000000e+00 0.00000000000000e+00 0.00000000000000e+00 
2.22271597876487e-01 2.98391443903436e+02 2.98264311085384e+02 4.40416176194010e+20 2.18997569256028e+19 4.45340474742762e+16 3.82335808421905e+15 1.33218031240881e+15 2.26505036736877e+19 2.50429098257916e+15 1.28033398234710e+11 4.65399578641899e+14 2.27001297100563e+17 8.82091210174435e+11 0.00000000000000e+00 0.00000000000000e+00 0.00000000000000e+00 0.00000000000000e+00 0.00000000000000e+00 0.00000000000000e+00 0.00000000000000e+00 
2.39237403240381e-01 2.98392309472466e+02 2.98264826797629e+02 4.39970795371769e+20 2.22730675263572e+19 4.47847638514060e+16 3.81940456849618e+15 1.33873760371836e+15 2.27566312358919e+19 2.51042311512207e+15 1.28638220042999e+11 4.63888810427542e+14 2.39501834905283e+17 8.83784861623542e+11 0.00000000000000e+00 0.00000000000000e+00 0.00000000000000e+00 0.00000000000000e+00 0.00000000000000e+00 0.00000000000000e+00 0.00000000000000e+00 
2.56203208604276e-01 2.98393004930305e+02 2.98265237814804e+02 4.39599574212606e+20 2.25849102761871e+19 4.49928713511727e+16 3.81611435993444e+15 1.34380963719534e+15 2.28391267796343e+19 2.51532623417286e+15 1.29106218958134e+11 4.62887617893895e+14 2.51447698366104e+17 8.84951885681190e+11 0.00000000000000e+00 0.00000000000000e+00 0.00000000000000e+00 0.00000000000000e+00 0.00000000000000e+00 0.00000000000000e+00 0.00000000000000e+00 
2.73169013968170e-01 2.98393567529467e+02 2.98265568042985e+02 4.39289520987960e+20 2.28453791058072e+19 4.51656403056769e+16 3.81336976248547e+15 1.34776360125049e+15 2.29037823940165e+19 2.51926523378318e+15 1.29471071432455e+11 4.61962456339224e+14 2.62835099169795e+17 8.85755652731498e+11 0.00000000000000e+00 0.00000000000000e+00 0.00000000000000e+00 0.00000000000000e+00 0.00000000000000e+00 0.00000000000000e+00 0.00000000000000e+00 
2.97862232095302e-01 2.98394203579765e+02 2.98265835172589e+02 4.38926837904615e+20 2.31492841874491e+19 4.53657372958091e+16 3.81016337961407e+15 1.35204234807670e+15 2.29741917623459e+19 2.52366748353472e+15 1.29865300262913e+11 4.61157140486733e+14 2.78415331448436e+17 8.86488540026357e+11 0.00000000000000e+00 0.00000000000000e+00 0.00000000000000e+00 0.00000000000000e+00 0.00000000000000e+00 0.00000000000000e+00 0.00000000000000e+00 
3.22555450222434e-01 2.98394681569382e+02 2.98266137155020e+02 4.38645811550189e+20 2.33830764714581e+19 4.55183483773543e+16 3.80768155698300e+15 1.35511322869725e+15 2.30250890098527e+19 2.52691582339418e+15 1.30147203779911e+11 4.60556638835763e+14 2.92835945978289e+17 8.86912672009676e+11 0.00000000000000e+00 0.00000000000000e+00 0.00000000000000e+00 0.00000000000000e+00 0.00000000000000e+00 0.00000000000000e+00 0.00000000000000e+00 
3.47248668349566e-01 2.98395045627881e+02 2.98266364066924e+02 4.38426981467709e+20 2.35630947497498e+19 4.56348218817986e+16 3.80575034757372e+15 1.35735910490727e+15 2.30625831062375e+19 2.52933275808595e+15 1.30352256494156e+11 4.60130389447558e+14 3.06133927277626e+17 8.87161771886234e+11 0.00000000000000e+00 0.00000000000000e+00 0.00000000000000e+00 0.00000000000000e+00 0.00000000000000e+00 0.00000000000000e+00 0.00000000000000e+00 
3.71941886476698e-01 2.98395325214443e+02 2.98266536867667e+02 4.38256018662466e+20 2.37016694416923e+19 4.57236159101932e+16 3.80424228749993e+15 1.35901993678460e+15 2.30905016317059e+19 2.53113613913387e+15 1.30502677295601e+11 4.59811408791105e+14 3.18360034759482e+17 8.87305835734994e+11 0.00000000000000e+00 0.00000000000000e+00 0.00000000000000e+00 0.00000000000000e+00 0.00000000000000e+00 0.00000000000000e+00 0.00000000000000e+00 
3.96635104603830e-01 2.98395541219510e+02 2.98266669550068e+02 4.38122087044914e+20 2.38082491964722e+19 4.57911615507567e+16 3.80306125847024e+15 1.36025612280558e+15 2.31114313583476e+19 2.53248142160294e+15 1.30613443341474e+11 4.59577671595734e+14 3.29572596542075e+17 8.87385047243554e+11 0.00000000000000e+00 0.00000000000000e+00 0.00000000000000e+00 0.00000000000000e+00 0.00000000000000e+00 0.00000000000000e+00 0.00000000000000e+00 
4.58813562214001e-01 2.98395887697147e+02 2.98266772037322e+02 4.37902743105265e+20 2.39753964142113e+19 4.58944871695181e+16 3.80112770564184e+15 1.36209956402960e+15 2.31431232998139e+19 2.53446670059188e+15 1.30774165695443e+11 4.59222792712116e+14 3.53737063397525e+17 8.87426468689233e+11 0.00000000000000e+00 0.00000000000000e+00 0.00000000000000e+00 0.00000000000000e+00 0.00000000000000e+00 0.00000000000000e+00 0.00000000000000e+00 
5.20992019824173e-01 2.98396080662403e+02 2.98266936352350e+02 4.37779981810709e+20 2.40611356093501e+19 4.59449701548574e+16 3.80004505406295e+15 1.36304218613745e+15 2.31596928677340e+19 2.53540691631202e+15 1.30851849988092e+11 4.59031754964925e+14 3.72861461858461e+17 8.87410562432872e+11 0.00000000000000e+00 0.00000000000000e+00 0.00000000000000e+00 0.00000000000000e+00 0.00000000000000e+00 0.00000000000000e+00 0.00000000000000e+00 
5.83170477434344e-01 2.98396198544497e+02 2.98267027790069e+02 4.37705892656506e+20 2.41077865396019e+19 4.59708031381524e+16 3.79939085595493e+15 1.36358471897859e+15 2.31694127461025e+19 2.53587926456096e+15 1.30893714287057e+11 4.58908136403348e+14 3.87896387720399e+17 8.87402329438996e+11 0.00000000000000e+00 0.00000000000000e+00 0.00000000000000e+00 0.00000000000000e+00 0.00000000000000e+00 0.00000000000000e+00 0.00000000000000e+00 
6.45348935044515e-01 2.98396271948730e+02 2.98267083603302e+02 4.37659773109732e+20 2.41333947114023e+19 4.59837132005312e+16 3.79898326606636e+15 1.36389152217605e+15 2.31750574282389e+19 2.53610123335786e+15 1.30915071537093e+11 4.58828255621060e+14 3.99680490036517e+17 8.87389663932850e+11 0.00000000000000e+00 0.00000000000000e+00 0.00000000000000e+00 0.00000000000000e+00 0.00000000000000e+00 0.00000000000000e+00 0.00000000000000e+00 
7.07527392654687e-01 2.98396316684607e+02 2.98267118325440e+02 4.37631295531286e+20 2.41465223262461e+19 4.59891636998521e+16 3.79873143798408e+15 1.36404761458904e+15 2.31780827003143e+19 2.53617686419838e+15 1.30923699618339e+11 4.58780557887974e+14 4.08901796025989e+17 8.87368902030333e+11 0.00000000000000e+00 0.00000000000000e+00 0.00000000000000e+00 0.00000000000000e+00 0.00000000000000e+00 0.00000000000000e+00 0.00000000000000e+00 
8.24191799770817e-01 2.98396358086042e+02 2.98267139460002e+02 4.37604948956787e+20 2.41536341032323e+19 4.59895335696137e+16 3.79849798082511e+15 1.36414493515757e+15 2.31802763485261e+19 2.53614152784005e+15 1.30924703069604e+11 4.58736693694863e+14 4.20993649041990e+17 8.87333616647886e+11 0.00000000000000e+00 0.00000000000000e+00 0.00000000000000e+00 0.00000000000000e+00 0.00000000000000e+00 0.00000000000000e+00 0.00000000000000e+00 
9.40856206886948e-01 2.98396379377407e+02 2.98267158971955e+02 4.37591595493526e+20 2.41551779334256e+19 4.59878014843440e+16 3.79837942888851e+15 1.36417885038374e+15 2.31812156949144e+19 2.53608369846227e+15 1.30922788800237e+11 4.58714261699980e+14 4.28554861457909e+17 8.87310055898030e+11 0.00000000000000e+00 0.00000000000000e+00 0.00000000000000e+00 0.00000000000000e+00 0.00000000000000e+00 0.00000000000000e+00 0.00000000000000e+00 
1.05752061400308e+00 2.98396393885561e+02 2.98267168988161e+02 4.37582655911965e+20 2.41565914982658e+19 4.59870263292266e+16 3.79830003389141e+15 1.36420897125100e+15 2.31819465198741e+19 2.53605472224336e+15 1.30922398842869e+11 4.58697520000336e+14 4.33329164547662e+17 8.87299162136208e+11 0.00000000000000e+00 0.00000000000000e+00 0.00000000000000e+00 0.00000000000000e+00 0.00000000000000e+00 0.00000000000000e+00 0.00000000000000e+00 
1.17418502111921e+00 2.98396402835639e+02 2.98267175818141e+02 4.37577121256191e+20 2.41573724479042e+19 4.59864655137677e+16 3.79825086517315e+15 1.36422686820944e+15 2.31823795391742e+19 2.53603436106882e+15 1.30921988243678e+11 4.58686564234123e+14 4.36354369349023e+17 8.87292779959852e+11 0.00000000000000e+00 0.00000000000000e+00 0.00000000000000e+00 0.00000000000000e+00 0.00000000000000e+00 0.00000000000000e+00 0.00000000000000e+00 
1.29084942823534e+00 2.98396407328308e+02 2.98267180030517e+02 4.37574317568796e+20 2.41572457786860e+19 4.59856958280685e+16 3.79822591449994e+15 1.36423055926871e+15 2.31825257418860e+19 2.53601271617249e+15 1.30920995814640e+11 4.58680972738405e+14 4.38259743918136e+17 8.87287707036735e+11 0.00000000000000e+00 0.00000000000000e+00 0.00000000000000e+00 0.00000000000000e+00 0.00000000000000e+00 0.00000000000000e+00 0.00000000000000e+00 
1.46722769938829e+00 2.98396410309673e+02 2.98267182139897e+02 4.37572479354154e+20 2.41567198135593e+19 4.59847788979541e+16 3.79820951291925e+15 1.36422905023837e+15 2.31825749352238e+19 2.53598959067746e+15 1.30919769952650e+11 4.58677476431474e+14 4.39820098904060e+17 8.87282848112734e+11 0.00000000000000e+00 0.00000000000000e+00 0.00000000000000e+00 0.00000000000000e+00 0.00000000000000e+00 0.00000000000000e+00 0.00000000000000e+00 
1.64360597054125e+00 2.98396411784511e+02 2.98267183535744e+02 4.37571579505610e+20 2.41564480498637e+19 4.59843154831965e+16 3.79820147812558e+15 1.36422858258832e+15 2.31826055815543e+19 2.53597822969908e+15 1.30919192101832e+11 4.58675625304850e+14 4.40591278397794e+17 8.87280684742550e+11 0.00000000000000e+00 0.00000000000000e+00 0.00000000000000e+00 0.00000000000000e+00 0.00000000000000e+00 0.00000000000000e+00 0.00000000000000e+00 
1.81998424169420e+00 2.98396412868689e+02 2.98267184226217e+02 4.37570918470478e+20 2.41564732535240e+19 4.59841846356349e+16 3.79819559905614e+15 1.36423018088992e+15 2.31826517906555e+19 2.53597451923008e+15 1.30919064687925e+11 4.58674433352965e+14 4.40999856317686e+17 8.87279624864329e+11 0.00000000000000e+00 0.00000000000000e+00 0.00000000000000e+00 0.00000000000000e+00 0.00000000000000e+00 0.00000000000000e+00 0.00000000000000e+00 
1.99636251284715e+00 2.98396413496685e+02 2.98267184735921e+02 4.37570528347595e+20 2.41565230125512e+19 4.59841404862598e+16 3.79819213384658e+15 1.36423128989874e+15 2.31826797832859e+19 2.53597291894923e+15 1.30919019107980e+11 4.58673657172026e+14 4.41217467828493e+17 8.87279098555871e+11 0.00000000000000e+00 0.00000000000000e+00 0.00000000000000e+00 0.00000000000000e+00 0.00000000000000e+00 0.00000000000000e+00 0.00000000000000e+00 
2.17274078400011e+00 2.98396413730389e+02 2.98267185031428e+02 4.37570383680855e+20 2.41565040461249e+19 4.59840898920050e+16 3.79819084499031e+15 1.36423134694120e+15 2.31826854673242e+19 2.53597153346466e+15 1.30918950087354e+11 4.58673373138981e+14 4.41324697748265e+17 8.87278807669110e+11 0.00000000000000e+00 0.00000000000000e+00 0.00000000000000e+00 0.00000000000000e+00 0.00000000000000e+00 0.00000000000000e+00 0.00000000000000e+00 
2.60733473481371e+00 2.98396413940496e+02 2.98267185141052e+02 4.37570256702888e+20 2.41564721979657e+19 4.59840309504051e+16 3.79818971200340e+15 1.36423132073898e+15 2.31826900172346e+19 2.53597005953640e+15 1.30918875880311e+11 4.58673121518040e+14 4.41429106621263e+17 8.87278498379348e+11 0.00000000000000e+00 0.00000000000000e+00 0.00000000000000e+00 0.00000000000000e+00 0.00000000000000e+00 0.00000000000000e+00 0.00000000000000e+00 
3.04192868562732e+00 2.98396413919324e+02 2.98267185239494e+02 4.37570274210094e+20 2.41564605736267e+19 4.59840254211530e+16 3.79818986562218e+15 1.36423121424982e+15 2.31826878269667e+19 2.53596995418026e+15 1.30918868967723e+11 4.58673122315367e+14 4.41425917342443e+17 8.87278535039660e+11 0.00000000000000e+00 0.00000000000000e+00 0.00000000000000e+00 0.00000000000000e+00 0.00000000000000e+00 0.00000000000000e+00 0.00000000000000e+00 
3.47652263644093e+00 2.98396413894525e+02 2.98267185229481e+02 4.37570287423560e+20 2.41564636859808e+19 4.59840307033410e+16 3.79818998394709e+15 1.36423120898280e+15 2.31826874133067e+19 2.53597010116717e+15 1.30918875331161e+11 4.58673167396524e+14 4.41415166539680e+17 8.87278545642726e+11 0.00000000000000e+00 0.00000000000000e+00 0.00000000000000e+00 0.00000000000000e+00 0.00000000000000e+00 0.00000000000000e+00 0.00000000000000e+00 
3.91111658725454e+00 2.98396413891644e+02 2.98267185217838e+02 4.37570288028536e+20 2.41564660383219e+19 4.59840327033525e+16 3.79818998975569e+15 1.36423122558235e+15 2.31826876780168e+19 2.53597015047220e+15 1.30918878009564e+11 4.58673171896967e+14 4.41413104851354e+17 8.87278547721133e+11 0.00000000000000e+00 0.00000000000000e+00 0.00000000000000e+00 0.00000000000000e+00 0.00000000000000e+00 0.00000000000000e+00 0.00000000000000e+00 
8.15653906333435e+00 2.98396413896876e+02 2.98267185216495e+02 4.37570284601344e+20 2.41564658035003e+19 4.59840316368484e+16 3.79818995925287e+15 1.36423123039514e+15 2.31826878794059e+19 2.53597012244583e+15 1.30918876711924e+11 4.58673166113305e+14 4.41415478985948e+17 8.87278541759388e+11 0.00000000000000e+00 0.00000000000000e+00 0.00000000000000e+00 0.00000000000000e+00 0.00000000000000e+00 0.00000000000000e+00 0.00000000000000e+00 
1.24019615394142e+01 2.98396413897538e+02 2.98267185218949e+02 4.37570284171746e+20 2.41564656735377e+19 4.59840314093165e+16 3.79818995542169e+15 1.36423123009065e+15 2.31826878928429e+19 2.53597011687782e+15 1.30918876412595e+11 4.58673165339788e+14 4.41415847712824e+17 8.87278540573211e+11 0.00000000000000e+00 0.00000000000000e+00 0.00000000000000e+00 0.00000000000000e+00 0.00000000000000e+00 0.00000000000000e+00 0.00000000000000e+00 
1.66473840154940e+01 2.98396413897595e+02 2.98267185219258e+02 4.37570284157109e+20 2.41564656702736e+19 4.59840314089179e+16 3.79818995528801e+15 1.36423123009860e+15 2.31826878922196e+19 2.53597011676567e+15 1.30918876414133e+11 4.58673165239920e+14 4.41415859881734e+17 8.87278540624122e+11 0.00000000000000e+00 0.00000000000000e+00 0.00000000000000e+00 0.00000000000000e+00 0.00000000000000e+00 0.00000000000000e+00 0.00000000000000e+00 
5.91016087762921e+01 2.98396413897601e+02 2.98267185219286e+02 4.37570284158306e+20 2.41564656709415e+19 4.59840314109937e+16 3.79818995529837e+15 1.36423123009893e+15 2.31826878919595e+19 2.53597011680040e+15 1.30918876417248e+11 4.58673165235876e+14 4.41415858763328e+17 8.87278540632670e+11 0.00000000000000e+00 0.00000000000000e+00 0.00000000000000e+00 0.00000000000000e+00 0.00000000000000e+00 0.00000000000000e+00 0.00000000000000e+00 
1.01555833537090e+02 2.98396413897601e+02 2.98267185219288e+02 4.37570284158504e+20 2.41564656709696e+19 4.59840314110631e+16 3.79818995530018e+15 1.36423123009883e+15 2.31826878919535e+19 2.53597011680235e+15 1.30918876417345e+11 4.58673165236502e+14 4.41415858623633e+17 8.87278540633274e+11 0.00000000000000e+00 0.00000000000000e+00 0.00000000000000e+00 0.00000000000000e+00 0.00000000000000e+00 0.00000000000000e+00 0.00000000000000e+00 
1.44010058297888e+02 2.98396413897601e+02 2.98267185219288e+02 4.37570284158518e+20 2.41564656709698e+19 4.59840314110638e+16 3.79818995530033e+15 1.36423123009886e+15 2.31826878919542e+19 2.53597011680238e+15 1.30918876417343e+11 4.58673165236439e+14 4.41415858620715e+17 8.87278540633272e+11 0.00000000000000e+00 0.00000000000000e+00 0.00000000000000e+00 0.00000000000000e+00 0.00000000000000e+00 0.00000000000000e+00 0.00000000000000e+00 
2.44010058297888e+02 2.98396413897601e+02 2.98267185219288e+02 4.37570284158515e+20 2.41564656709695e+19 4.59840314110630e+16 3.79818995530030e+15 1.36423123009884e+15 2.31826878919540e+19 2.53597011680236e+15 1.30918876417342e+11 4.58673165236450e+14 4.41415858620092e+17 8.87278540633250e+11 0.00000000000000e+00 0.00000000000000e+00 0.00000000000000e+00 0.00000000000000e+00 0.00000000000000e+00 0.00000000000000e+00 0.00000000000000e+00 
3.44010058297888e+02 2.98396413897601e+02 2.98267185219288e+02 4.37570284158522e+20 2.41564656709699e+19 4.59840314110639e+16 3.79818995530038e+15 1.36423123009887e+15 2.31826878919544e+19 2.53597011680239e+15 1.30918876417342e+11 4.58673165236450e+14 4.41415858620106e+17 8.87278540633290e+11 0.00000000000000e+00 0.00000000000000e+00 0.00000000000000e+00 0.00000000000000e+00 0.00000000000000e+00 0.00000000000000e+00 0.00000000000000e+00 
4.44010058297888e+02 2.98396413897601e+02 2.98267185219288e+02 4.37570284158536e+20 2.41564656709707e+19 4.59840314110658e+16 3.79818995530055e+15 1.36423123009891e+15 2.31826878919551e+19 2.53597011680247e+15 1.30918876417342e+11 4.58673165236450e+14 4.41415858620109e+17 8.87278540633373e+11 0.00000000000000e+00 0.00000000000000e+00 0.00000000000000e+00 0.00000000000000e+00 0.00000000000000e+00 0.00000000000000e+00 0.00000000000000e+00 
5.44010058297888e+02 2.98396413897601e+02 2.98267185219288e+02 4.37570284158557e+20 2.41564656709718e+19 4.59840314110686e+16 3.79818995530080e+15 1.36423123009897e+15 2.31826878919562e+19 2.53597011680258e+15 1.30918876417342e+11 4.58673165236450e+14 4.41415858620122e+17 8.87278540633499e+11 0.00000000000000e+00 0.00000000000000e+00 0.00000000000000e+00 0.00000000000000e+00 0.00000000000000e+00 0.00000000000000e+00 0.00000000000000e+00 
6.44010058297888e+02 2.98396413897601e+02 2.98267185219288e+02 4.37570284158567e+20 2.41564656709724e+19 4.59840314110700e+16 3.79818995530093e+15 1.36423123009901e+15 2.31826878919568e+19 2.53597011680264e+15 1.30918876417342e+11 4.58673165236450e+14 4.41415858620125e+17 8.87278540633562e+11 0.00000000000000e+00 0.00000000000000e+00 0.00000000000000e+00 0.00000000000000e+00 0.00000000000000e+00 0.00000000000000e+00 0.00000000000000e+00 
7.44010058297888e+02 2.98396413897601e+02 2.98267185219288e+02 4.37570284158584e+20 2.41564656709733e+19 4.59840314110723e+16 3.79818995530113e+15 1.36423123009906e+15 2.31826878919576e+19 2.53597011680273e+15 1.30918876417342e+11 4.58673165236450e+14 4.41415858620137e+17 8.87278540633661e+11 0.00000000000000e+00 0.00000000000000e+00 0.00000000000000e+00 0.00000000000000e+00 0.00000000000000e+00 0.00000000000000e+00 0.00000000000000e+00 
8.44010058297888e+02 2.98396413897601e+02 2.98267185219288e+02 4.37570284158611e+20 2.41564656709749e+19 4.59840314110760e+16 3.79818995530147e+15 1.36423123009914e+15 2.31826878919591e+19 2.53597011680288e+15 1.30918876417343e+11 4.58673165236450e+14 4.41415858620154e+17 8.87278540633828e+11 0.00000000000000e+00 0.00000000000000e+00 0.00000000000000e+00 0.00000000000000e+00 0.00000000000000e+00 0.00000000000000e+00 0.00000000000000e+00 
9.44010058297888e+02 2.98396413897601e+02 2.98267185219288e+02 4.37570284158622e+20 2.41564656709755e+19 4.59840314110774e+16 3.79818995530160e+15 1.36423123009918e+15 2.31826878919597e+19 2.53597011680294e+15 1.30918876417343e+11 4.58673165236450e+14 4.41415858620155e+17 8.87278540633892e+11 0.00000000000000e+00 0.00000000000000e+00 0.00000000000000e+00 0.00000000000000e+00 0.00000000000000e+00 0.00000000000000e+00 0.00000000000000e+00 
1.00000000000000e+03 2.98396413897601e+02 2.98267185219288e+02 4.37570284158627e+20 2.41564656709758e+19 4.59840314110781e+16 3.79818995530166e+15 1.36423123009919e+15 2.31826878919599e+19 2.53597011680297e+15 1.30918876417343e+11 4.58673165236450e+14 4.41415858620161e+17 8.87278540633924e+11 0.00000000000000e+00 0.00000000000000e+00 0.00000000000000e+00 0.00000000000000e+00 0.00000000000000e+00 0.00000000000000e+00 0.00000000000000e+00 
