Time(s)              GasTemp(K)           NearWallTemp(K)      [O2(X)](m^-3)        [O2(a1Dg)](m^-3)     [O2(b1Sg+)](m^-3)    [O2(A3Su+_C3Du_c1Su-)](m^-3) [O2(+,X)](m^-3)      [O(3P)](m^-3)        [O(1D)](m^-3)        [O(+,gnd)](m^-3)     [O(-,gnd)](m^-3)     [O3(X)](m^-3)        [O3(exc)](m^-3)      [CO2(X)](m^-3)       [CO2(e1)](m^-3)      [CO2(+,X)](m^-3)     [CO(X)](m^-3)        [CO(a3P)](m^-3)      [CO(+,X)](m^-3)      [C(X)](m^-3)        
0.00000000000000e+00 5.25457443750000e+02 3.89438349687500e+02 5.63782148998408e+20 5.63782148998408e-05 5.63782148998408e-05 5.63782148998408e-05 0.00000000000000e+00 0.00000000000000e+00 0.00000000000000e+00 0.00000000000000e+00 0.00000000000000e+00 0.00000000000000e+00 0.00000000000000e+00 5.63782148998408e+20 5.63782148998408e-05 0.00000000000000e+00 0.00000000000000e+00 0.00000000000000e+00 0.00000000000000e+00 0.00000000000000e+00 
8.05133833898665e-15 5.25457443717006e+02 4.25354226842233e+02 5.63782148998394e+20 5.68299761204386e+06 1.31231102509629e+06 2.02376378784988e+06 1.93311680344436e+03 7.55234521101622e+06 2.48167684929067e+06 2.77385194485926e-01 2.81987646289540e+05 1.08016877635193e-06 2.46992294543293e-12 5.63782148998404e+20 2.97239854714401e+06 6.20318588993813e+02 5.60098768776608e+05 1.48805890415829e+05 2.77553850068507e-13 8.01670488124734e-12 
1.61026766779733e-14 5.25457443684011e+02 4.25354226818638e+02 5.63782148998380e+20 1.13659952240422e+07 2.62462205041732e+06 4.04752757530705e+06 3.86623360703439e+03 1.51046904241644e+07 4.96335369649612e+06 5.54770387807125e-01 5.63975292572782e+05 3.40914027302209e-06 7.79536862207615e-12 5.63782148998400e+20 5.94479709386862e+06 1.24063717737529e+03 1.12019753759474e+06 2.97611780785519e+05 8.75992740296140e-13 2.53016677270305e-11 
2.41540150169599e-14 5.25457443651016e+02 4.25354226795043e+02 5.63782148998366e+20 1.70489928360517e+07 3.93693307602541e+06 6.07129136242079e+06 5.79935041077317e+03 2.26570356394895e+07 7.44503054157238e+06 8.32155579939044e-01 8.45962938849592e+05 7.01324130824522e-06 1.60365361536649e-11 5.63782148998397e+20 8.91719564022256e+06 1.86095576513151e+03 1.68029630645527e+06 4.46417671108099e+05 1.80208145390585e-12 5.20502786817063e-11 
5.92823581828364e-14 5.25457443507060e+02 4.25354226771448e+02 5.63782148998306e+20 4.18441612815038e+07 9.66260378221523e+06 1.49010617405916e+07 1.42336240203804e+04 5.56082498913883e+07 1.82726957051811e+07 2.04239935600920e+00 2.07628743762490e+06 3.66607335511004e-05 8.38287396103683e-11 5.63782148998380e+20 2.18859011812481e+07 4.56743303020815e+03 4.12403186129732e+06 1.09566431261388e+06 9.42012750475171e-12 2.72085518583888e-10 
9.44107013487129e-14 5.25457443363103e+02 4.25354226668501e+02 5.63782148998245e+20 6.66393297271635e+07 1.53882744937699e+07 2.37308321123441e+07 2.26678976327676e+04 8.85594641839722e+07 2.91003608289968e+07 3.25264310985256e+00 3.30661193628001e+06 9.01394840376588e-05 2.06113697373597e-10 5.63782148998364e+20 3.48546067153461e+07 7.27391028359934e+03 6.56776741693177e+06 1.74491095323920e+06 2.31617140052598e-11 6.68989566948171e-10 
1.29539044514589e-13 5.25457443219147e+02 4.25354226565555e+02 5.63782148998185e+20 9.14344981730339e+07 2.11139452107740e+07 3.25606024775769e+07 3.11021712479787e+04 1.21510678517883e+08 3.99280259123911e+07 4.46288684111809e+00 4.53693643481302e+06 1.67825859070867e-04 3.83752011879771e-10 5.63782148998348e+20 4.78233122424071e+07 9.98038752512052e+03 9.01150297337111e+06 2.39415759297014e+06 4.31235496771905e-11 1.24555570730350e-09 
1.64667387680466e-13 5.25457443075190e+02 4.25354226462608e+02 5.63782148998125e+20 1.16229666619116e+08 2.68396159332576e+07 4.13903728362542e+07 3.95364448660291e+04 1.54461892893349e+08 5.07556909551421e+07 5.67313054968190e+00 5.76726093322327e+06 2.69852685788721e-04 6.17047406881422e-10 5.63782148998332e+20 6.07920177623924e+07 1.26868647547066e+04 1.14552385306198e+07 3.04340423180180e+06 6.93397648352938e-11 2.00276974489144e-09 
2.68922629290905e-13 5.25457442647951e+02 4.25354226359662e+02 5.63782148997946e+20 1.89817716728831e+08 4.38324807225349e+07 6.75957032842117e+07 6.45680050023624e+04 2.52255768581002e+08 8.28904495277796e+07 9.26493802397095e+00 9.41866507744655e+06 7.16143093951821e-04 1.63753878800080e-09 5.63782148998285e+20 9.92810384233161e+07 2.07192514140956e+04 1.87078504718531e+07 4.97026325530623e+06 1.84015927480736e-10 5.31500999517058e-09 
3.73177870901345e-13 5.25457442220711e+02 4.25354226054133e+02 5.63782148997767e+20 2.63405766840414e+08 6.08253455601260e+07 9.38010336743677e+07 8.95995651637311e+04 3.50049644635050e+08 1.15025207742054e+08 1.28567452980925e+01 1.30700692205873e+07 1.37705018151011e-03 3.14877446796602e-09 5.63782148998237e+20 1.37770059021852e+08 2.87516379682493e+04 2.59604624202224e+07 6.89712227088143e+06 3.53838725331781e-10 1.02200740930387e-08 
4.77433112511784e-13 5.25457441793472e+02 4.25354225748605e+02 5.63782148997588e+20 3.36993816953866e+08 7.78182104460323e+07 1.20006364006721e+08 1.14631125350136e+05 4.47843521055505e+08 1.47159965597955e+08 1.64485523720405e+01 1.67214733626456e+07 2.25258062219749e-03 5.15076970977580e-09 5.63782148998189e+20 1.76259079557998e+08 3.67840244171642e+04 3.32130743757279e+07 8.82398127852715e+06 5.78809868910354e-10 1.67180115708260e-08 
5.81688354122223e-13 5.25457441366232e+02 4.25354225443077e+02 5.63782148997409e+20 4.10581867069187e+08 9.48110753802535e+07 1.46211694281271e+08 1.39662685561576e+05 5.45637397842365e+08 1.79294723095484e+08 2.00403592458161e+01 2.03728775036214e+07 3.34273290019290e-03 7.64352105020891e-09 5.63782148998142e+20 2.14748100031755e+08 4.48164107608413e+04 4.04656863383695e+07 1.07508402782434e+07 8.58928964266497e-10 2.48088111803733e-08 
1.62424077022662e-12 5.25457437093836e+02 4.25354225137548e+02 5.63782148995619e+20 1.14646236832519e+09 2.64739727379757e+08 4.08264993847651e+08 3.89978289052942e+05 1.52357618586299e+09 5.00642278360557e+08 5.59584169742237e+01 5.68869188538419e+07 2.60483278276424e-02 5.95623261598779e-08 5.63782148997665e+20 5.99638301337952e+08 1.25140268409589e+05 1.12991806357268e+08 3.00194298392927e+07 6.69322253578883e-09 1.93323268492110e-07 
2.66679318633101e-12 5.25457432821440e+02 4.25354222082263e+02 5.63782148993829e+20 1.88234286976808e+09 4.34668384210708e+08 6.70318287633802e+08 6.40293895047874e+05 2.50151501052372e+09 8.21989797788802e+08 9.18764546855986e+01 9.34009600958128e+07 7.02159146115127e-02 1.60556305658708e-07 5.63782148997188e+20 9.84528496405277e+08 2.05464115534642e+05 1.85517927089771e+08 4.92880186074065e+07 1.80422569067821e-08 5.21122517031811e-07 
3.70934560243540e-12 5.25457428549044e+02 4.25354219026978e+02 5.63782148992039e+20 2.61822337139787e+09 6.04597045873101e+08 9.32371575639730e+08 8.90609503546370e+05 3.47945387182454e+09 1.14333728138026e+09 1.27794472379969e+02 1.29915001229534e+08 1.35845474623747e-01 3.10625419683503e-07 5.63782148996711e+20 1.36941868523374e+09 2.85787952136013e+05 2.58044048535879e+08 6.85566065825856e+07 3.49060230484635e-08 1.00820642029339e-06 
4.75189801853980e-12 5.25457424276648e+02 4.25354215971693e+02 5.63782148990248e+20 3.35410387321454e+09 7.74525712366937e+08 1.19442485786543e+09 1.14092511454843e+06 4.45739276976542e+09 1.46468472913493e+09 1.63712470057348e+02 1.66429042255006e+08 2.22937004813777e-01 5.09769664120111e-07 5.63782148996235e+20 1.75430886782333e+09 3.66111778213708e+05 3.30570170695591e+08 8.78251937648300e+07 5.72845157337694e-08 1.65457495746515e-06 
1.51774221795837e-11 5.25457381552695e+02 4.25354212916409e+02 5.63782148972347e+20 1.07129089016603e+10 2.47381264303437e+09 3.81495736221026e+09 3.64408136226490e+06 1.42367837643767e+10 4.67815723565989e+09 5.22891345900667e+02 5.31569446555992e+08 2.27426070925657e+00 5.20034541420013e-06 5.63782148991467e+20 5.60321035058172e+09 1.16934946019008e+06 1.05583143154096e+09 2.80511021975881e+08 5.84377805836791e-07 1.68789161733091e-05 
2.56029463406277e-11 5.25457338828749e+02 4.25354182363565e+02 5.63782148954446e+20 1.80717139487952e+10 4.17310005684529e+09 6.43548928853296e+09 6.14723786033734e+06 2.40161784229904e+10 7.89162615851094e+09 8.82068220057673e+02 8.96709840032016e+08 6.47178146514142e+00 1.47984375511943e-05 5.63782148986699e+20 9.45211120945372e+09 1.97258608980394e+06 1.78109276374674e+09 4.73196770893505e+08 1.66293868306332e-06 4.80317231191894e-05 
3.60284705016716e-11 5.25457296104812e+02 4.25354151810728e+02 5.63782148936545e+20 2.54305190146193e+10 5.87238795379910e+09 9.05602063683370e+09 8.65039460876542e+06 3.37955767456027e+10 1.11050914976919e+10 1.24124309253909e+03 1.26185022268308e+09 1.28154992301077e+01 2.93040487101519e-05 5.63782148981932e+20 1.33010114444394e+10 2.77582166705959e+06 2.50635416731292e+09 6.65882440517734e+08 3.29296289431556e-06 9.51129972267809e-05 
4.64539946627155e-11 5.25457253380882e+02 4.25354121257898e+02 5.63782148918644e+20 3.27893240991324e+10 7.57167633389519e+09 1.16765514071127e+10 1.11535516075488e+07 4.35749787322096e+10 1.43185532532067e+10 1.60041596335616e+03 1.62699059450918e+09 2.13054139503515e+01 4.87171816293517e-05 5.63782148977164e+20 1.71499110555390e+10 3.57905619196150e+06 3.23161564223946e+09 8.58568030848599e+08 5.47444598266063e-06 1.58122739925530e-04 
1.50709236273155e-10 5.25456826142026e+02 4.25354090705074e+02 5.63782148739632e+20 1.06377375972156e+11 2.45645867074592e+10 3.78818273187725e+10 3.61851353648013e+07 1.41369200116519e+11 4.64529737081699e+10 5.19203458405540e+03 5.27839371739735e+09 2.24245373467191e+02 5.12763196661375e-04 5.63782148929487e+20 5.56388728528364e+10 1.16113435631511e+07 1.04842343163143e+10 2.78541957303406e+09 5.76179023953563e-05 1.66428645099603e-03 
2.54964477883594e-10 5.25456398903967e+02 4.25353785177221e+02 5.63782148560621e+20 1.79965429714067e+11 4.15575453945492e+10 6.40870454284675e+10 6.12167441571955e+07 2.39163787895671e+11 7.85870358011022e+10 8.78345305116301e+03 8.92979575778957e+09 6.41804964693136e+02 1.46756451053040e-03 5.63782148881811e+20 9.41277722616478e+10 1.96435257041002e+07 1.77368601263920e+10 4.71226318592043e+09 1.64902154752814e-04 4.76329863669678e-03 
3.59219719494034e-10 5.25455971666707e+02 4.25353479650057e+02 5.63782148381609e+20 2.53553485324847e+11 5.85505523945785e+10 9.02922057363743e+10 8.62483779844067e+07 3.36958742065810e+11 1.10720739535831e+11 1.23746713754120e+04 1.25811967156860e+10 1.27398413432073e+03 2.91312373323002e-03 5.63782148834135e+20 1.32616609282083e+11 2.76756026190977e+07 2.49894930724446e+10 6.63909886953883e+09 3.27322947877772e-04 9.45516064742078e-03 
4.63474961104473e-10 5.25455544430245e+02 4.25353174123582e+02 5.63782148202598e+20 3.27141542804475e+11 7.55436077069323e+10 1.16497308242678e+11 1.11280036846095e+08 4.34754062622895e+11 1.42854084916363e+11 1.59656895680430e+04 1.62325965910869e+10 2.12078282652187e+03 4.84944359837331e-03 5.63782148786458e+20 1.71105383914257e+11 3.57075743126355e+07 3.22421331544427e+10 8.56592662392185e+09 5.44875825417523e-04 1.57398738975345e-02 
1.50602737720887e-09 5.25451272109518e+02 4.25352868597795e+02 5.63782146412482e+20 1.06302222038323e+12 2.45476817873215e+11 3.78545154258275e+11 3.61598002284416e+08 1.41272741858779e+12 4.64167830122079e+11 5.18648667258757e+04 5.27465358078852e+10 2.23928312166317e+04 5.12050785499515e-02 5.63782148309699e+20 5.55989698906879e+11 1.16021505054825e+08 1.04768926444974e+11 2.78337680669722e+10 5.75169004059866e-03 1.66194135487710e-01 
2.54857979331326e-09 5.25446999868600e+02 4.25349813377813e+02 5.63782144622367e+20 1.79890308482568e+12 4.15414858595268e+11 6.40587220317499e+11 6.11918470795916e+08 2.39073740879977e+12 7.85445744321443e+11 8.77440430944484e+04 8.92603667753520e+10 6.41267703913034e+04 1.46639787694456e-01 5.63782147832946e+20 9.40867775199891e+11 1.96324918594345e+08 1.77296433297740e+11 4.71008166223755e+10 1.64668090447760e-02 4.75935078250356e-01 
3.59113220941765e-09 5.25442727707489e+02 4.25346758226712e+02 5.63782142832253e+20 2.53478413611253e+12 5.85357729257583e+11 9.02623506605841e+11 8.62241442040056e+08 3.36878402921334e+12 1.10668783152865e+12 1.23603229923310e+05 1.25774089493691e+11 1.27322544430533e+05 2.91156308979502e-01 5.63782147356200e+20 1.32573961290839e+12 2.76617819425011e+08 2.49824653683344e+11 6.63670723227793e+10 3.26857756861895e-02 9.44964118574433e-01 
4.63368462552205e-09 5.25438455626185e+02 4.25343703144490e+02 5.63782141042138e+20 3.27066537422449e+12 7.55305429244885e+11 1.16465401330873e+12 1.11256691567653e+09 4.34686727578457e+12 1.42789409575637e+12 1.59442438452538e+05 1.62287703963106e+11 2.11980097429084e+05 4.84757379491704e-01 5.63782146879459e+20 1.71060521214743e+12 3.56900212035867e+08 3.22353587572398e+11 8.56325352008211e+10 5.44041382864987e-02 1.57328267225661e+00 
5.67623704162644e-09 5.25434183624685e+02 4.25340648131146e+02 5.63782139252024e+20 4.00654679914225e+12 9.25257957942129e+11 1.42667874061155e+12 1.36289489136529e+09 5.32498714447104e+12 1.74906454101578e+12 1.95261679912804e+05 1.98801210183802e+11 3.18099373496213e+05 7.27445735467353e-01 5.63782146402725e+20 2.09546457303206e+12 4.37172100911225e+08 3.94883234935524e+11 1.04897205289129e+11 8.16174506027674e-02 2.36089215450691e+00 
1.61017612026704e-08 5.25391467998590e+02 4.25337593186677e+02 5.63782121350904e+20 1.13653713183990e+13 2.62504868874654e+12 4.04660818740704e+12 3.86631218650285e+09 1.51081991589633e+13 4.95879983218808e+12 5.52358368381154e+05 5.63930318755973e+11 2.55967460778310e+06 5.85473175705943e+00 5.63782141635734e+20 5.94371509768738e+12 1.23931426634014e+09 1.12021894317934e+12 2.97500309912825e+11 6.54999913885219e-01 1.89982991057453e+01 
2.65272853637143e-08 5.25348760351224e+02 4.25307047529821e+02 5.63782103449818e+20 1.87242144970373e+13 4.32532161457752e+12 6.66595989804358e+12 6.36997931399187e+09 2.48950689421269e+13 8.16495763500894e+12 9.07470652361939e+05 9.29048602680236e+11 6.94736067186622e+06 1.58937549560316e+01 5.63782136869375e+20 9.79134191341003e+12 2.04041096292869e+09 1.84562596652480e+12 4.90024171441570e+11 1.77302000700239e+00 5.15663538590980e+01 
3.69528095247582e-08 5.25306060681026e+02 4.25276508758833e+02 5.63782085548768e+20 2.60830763158024e+13 6.02607612150665e+12 9.28473405777564e+12 8.87389593608703e+09 3.46855924588625e+13 1.13675419533421e+13 1.26060966244168e+06 1.29415606216026e+12 1.34811016779911e+07 3.08472492732807e+01 5.63782132103649e+20 1.36383451351870e+13 2.84046662032549e+09 2.57110427561346e+12 6.82468822480808e+11 3.43129696403943e+00 1.00066468176458e+02 
4.73783336858022e-08 5.25263368986435e+02 4.25245976872147e+02 5.63782067647753e+20 3.34419567554612e+13 7.72731159631888e+12 1.19029308517815e+13 1.13780617165274e+10 4.44797656787526e+13 1.45665567863829e+13 1.61178646481814e+06 1.65925269739964e+12 2.21608417392784e+07 5.07179472112827e+01 5.63782127338555e+20 1.74847248779789e+13 3.63948563313489e+09 3.29665384109949e+12 8.74834295622096e+11 5.62549205394603e+00 1.64500051605643e+02 
5.78038578468461e-08 5.25220685265890e+02 4.25215451868196e+02 5.63782049746774e+20 4.08008557968022e+13 9.42902742650868e+12 1.45205504651637e+13 1.38824763205212e+10 5.42775845760367e+13 1.77620061286839e+13 1.96101206183948e+06 2.02433850860193e+12 3.29865249696542e+07 7.55085798438868e+01 5.63782122574094e+20 2.13304812567197e+13 4.43747236141056e+09 4.02227463364951e+12 1.06712062344319e+12 8.35130797457135e+00 2.44868511490638e+02 
1.35214338504318e-07 5.24904003958254e+02 4.25184933745417e+02 5.63781916831527e+20 9.54419414047999e+13 2.20793895765826e+13 3.39385828748612e+13 3.24857365559746e+10 1.27140932635986e+14 4.13773809365644e+13 4.49407952306075e+06 4.73479586608552e+12 1.80484712343591e+08 4.13737747465646e+02 5.63782087217293e+20 4.98660912475646e+13 1.03307296539922e+10 9.41230109600192e+12 2.49239203045744e+12 4.48064121486339e+01 1.34016926802214e+03 
2.12624819161789e-07 5.24587761551281e+02 4.24958548941902e+02 5.63781783918485e+20 1.50084043687451e+14 3.47559518419454e+13 5.33248799637023e+13 5.11025627704241e+10 2.00203415184345e+14 6.47980276428259e+13 6.92453683769452e+06 7.44465656718073e+12 4.46267077113383e+08 1.02447794537298e+03 5.63782051895296e+20 7.83673872566205e+13 1.61690226616851e+10 1.48062408530397e+13 3.91331509739071e+12 1.08667827535337e+02 3.31464010322314e+03 
2.90035299819261e-07 5.24271957407485e+02 4.24732542784856e+02 5.63781651007835e+20 2.04727154887228e+14 4.74584670248576e+13 7.26795171256201e+13 6.97328249078099e+10 2.73463407450870e+14 8.80255583110007e+13 9.25657993256013e+06 1.01539206949054e+13 8.30310746003499e+08 1.90884003762553e+03 5.63782016608053e+20 1.06834416200878e+14 2.19539753577271e+10 2.02040819594731e+13 5.32990309105181e+12 1.98369227578233e+02 6.16884608980281e+03 
3.67445780476732e-07 5.23956590890304e+02 4.24506914635225e+02 5.63781518099762e+20 2.59371267308613e+14 6.01866899781559e+13 9.20025695330228e+13 8.83763967403548e+10 3.46919298120644e+14 1.11061571589378e+14 1.14942335562156e+07 1.28625883321011e+13 1.33259284824441e+09 3.06793075540896e+03 5.63781981355514e+20 1.35267224919895e+14 2.76871262845754e+10 2.56058125065530e+13 6.74216923784516e+12 3.12446505538253e+02 9.90334586344479e+03 
4.44856261134204e-07 5.23641661364103e+02 4.24281663854940e+02 5.63781385194448e+20 3.14016373317644e+14 7.29403775900876e+13 1.11294112137271e+14 1.07033155661976e+11 4.20569489233264e+14 1.33907652811722e+14 1.36413584897239e+07 1.55706595614349e+13 1.95309051556413e+09 4.50285272695168e+03 5.63781946137630e+20 1.63665860175859e+14 3.33699349946470e+10 3.10114206219941e+13 8.15012672384657e+12 4.49529939676250e+02 1.45186916373075e+04 
5.22266741791675e-07 5.23327168194166e+02 4.24056789806917e+02 5.63781252292075e+20 3.68662465341497e+14 8.57192887704746e+13 1.30554219669100e+14 1.25702982508145e+11 4.94412396090846e+14 1.56565374089181e+14 1.57016580137565e+07 1.82781344654012e+13 2.69178088217915e+09 6.21470450500144e+03 5.63781910954352e+20 1.92030368653638e+14 3.90037874626358e+10 3.64208944699100e+13 9.55378869486912e+12 6.08337581486559e+02 2.00154292148158e+04 
7.68504040223258e-07 5.22329681855289e+02 4.23832291855053e+02 5.63780829560565e+20 5.42494314176167e+14 1.26533100907028e+14 1.91611091055280e+14 1.85175972872952e+11 7.30565012582320e+14 2.27403294050385e+14 2.17179377509519e+07 2.68864574551900e+13 5.82717723049945e+09 1.35140076551147e+04 5.63781799268366e+20 2.82029481199095e+14 5.66139314342192e+10 5.36536209729385e+13 1.39903254765755e+13 1.24456257847756e+03 4.33672423179474e+04 
1.01474133865484e-06 5.21336583963032e+02 4.23120673258085e+02 5.63780406866249e+20 7.16335826483182e+14 1.67592166190158e+14 2.52353028263776e+14 2.44776504368294e+11 9.68602071695498e+14 2.96400316912313e+14 2.69956739062210e+07 3.54887501079033e+13 1.01575173849519e+10 2.36613783111729e+04 5.63781687930457e+20 3.71685254226461e+14 7.37800436125298e+10 7.09249656990708e+13 1.83839503246026e+13 2.05505251585734e+03 7.56595990405045e+04 
1.26097863708642e-06 5.20347854273954e+02 4.22412833325495e+02 5.63779984214584e+20 8.90186770489546e+14 2.08889120397436e+14 3.12782392590708e+14 3.04501323104729e+11 1.20847516216220e+15 3.63604456779042e+14 3.16267389226627e+07 4.40850150453017e+13 1.56820658939129e+10 3.66913766878192e+04 5.63781576939064e+20 4.60999174835571e+14 9.05351199807358e+10 8.82345549582593e+13 2.27350783147461e+13 3.01223344803453e+03 1.16908790277265e+05 
1.50721593551801e-06 5.19363472637848e+02 4.21708751781458e+02 5.63779561610846e+20 1.06404692026368e+15 2.50416792303111e+14 3.72901523377644e+14 3.64347415751144e+11 1.45013713787406e+15 4.29062466562503e+14 3.56915415466818e+07 5.26752548730946e+13 2.24000875560548e+10 5.26381737925723e+04 5.63781466292638e+20 5.49972722346363e+14 1.06907831207397e+11 1.05582018686259e+14 2.70441205071305e+13 4.09345552422278e+03 1.67130470305658e+05 
1.75345323394959e-06 5.18383418997248e+02 4.21008408449673e+02 5.63779139060141e+20 1.23791605555867e+15 2.92168198441596e+14 4.32712738249692e+14 4.24311975556268e+11 1.69354208319082e+15 4.92819872629862e+14 3.92605499149642e+07 6.12594721815383e+13 3.03108474186217e+10 7.15355618707388e+04 5.63781355989642e+20 6.38607368349579e+14 1.22923334208412e+11 1.22966990406944e+14 3.13114839863186e+13 5.27997952010891e+03 2.26339664228808e+05 
1.99969053238117e-06 5.17407673386981e+02 4.20311783252924e+02 5.63778716567401e+20 1.41179396166739e+15 3.34136538269819e+14 4.92218333338973e+14 4.84392375820848e+11 1.93864528091237e+15 5.54921006789847e+14 4.23955371992629e+07 6.98376695459821e+13 3.94136107758561e+10 9.34169640298606e+04 5.63781246028548e+20 7.26904576754626e+14 1.38603836551464e+11 1.40389107197036e+14 3.55375718990624e+13 6.55628531070369e+03 2.94550775009724e+05 
2.49687828450126e-06 5.15450555677011e+02 4.19618856212655e+02 5.63777863691116e+20 1.76290380367598e+15 4.19510872581676e+14 6.11446230640508e+14 6.06046292378033e+11 2.43854274551587e+15 6.75438716987206e+14 4.76181479128037e+07 8.71399184566202e+13 6.14236401813303e+10 1.46828640315936e+05 5.63781025037580e+20 9.04166481604924e+14 1.69322886935653e+11 1.75678567755787e+14 4.39464550283679e+13 9.35584336040683e+03 4.59772446260511e+05 
2.99406603662136e-06 5.13510758111595e+02 4.18230930050928e+02 5.63777011107747e+20 2.11404689703606e+15 5.05690416900677e+14 7.29455856852239e+14 7.28143891420893e+11 2.94484287368744e+15 7.89720269534023e+14 5.16556483030302e+07 1.04417655821865e+14 8.82843463543634e+10 2.12808254509787e+05 5.63780805422002e+20 1.08007050051342e+15 1.98892567046828e+11 2.11115088910450e+14 5.21919231258124e+13 1.23897092062218e+04 6.61855874203086e+05 
3.49125378874145e-06 5.11588119732983e+02 4.16857837622766e+02 5.63776158852078e+20 2.46522166645232e+15 5.92625529344937e+14 8.46265335322083e+14 8.50668520918797e+11 3.45721906102471e+15 8.98089236766142e+14 5.47860783254712e+07 1.21670902339601e+14 1.19989690329762e+11 2.91618143695595e+05 5.63780587169617e+20 1.25462840287263e+15 2.27423557450555e+11 2.46695811945826e+14 6.02771519652392e+13 1.56020559479244e+04 9.00897166573800e+05 
3.98844154086155e-06 5.09682481072396e+02 4.15499418101344e+02 5.63775306956522e+20 2.81642661528629e+15 6.80269160360127e+14 9.61892454220391e+14 9.73605137419521e+11 3.97536165854402e+15 1.00085229604536e+15 5.72218149930009e+07 1.38899678509960e+14 1.56533637104062e+11 3.83515418438946e+05 5.63780370268375e+20 1.42785183521073e+15 2.55007431850921e+11 2.82417933749354e+14 6.82052556124056e+13 1.89523842047297e+04 1.17698280122566e+06 
4.48562929298164e-06 5.07793684135458e+02 4.14155512258132e+02 5.63774455451258e+20 3.16766032139895e+15 7.68576714012312e+14 1.07635467365858e+15 1.09693997052259e+12 4.49897705759682e+15 1.09830014352600e+15 5.91258791204445e+07 1.56104004649998e+14 1.97910155593474e+11 4.88752238824627e+05 5.63780154706369e+20 1.59975232276878e+15 2.81721397312998e+11 3.18278705695671e+14 7.59792876455517e+13 2.24109631476342e+04 1.49018985967208e+06 
4.98281704510174e-06 5.05921572388484e+02 4.12825962449319e+02 5.63773604364355e+20 3.51892143339215e+15 8.57505922628359e+14 1.18966913236462e+15 1.22066029424931e+12 5.02778686361369e+15 1.19070831917843e+15 6.06245224700836e+07 1.73283900906732e+14 2.44113218596651e+11 6.07576064271939e+05 5.63779940471829e+20 1.77034127099515e+15 3.07631159073982e+11 3.54275432599231e+14 8.36022423047400e+13 2.59564402986492e+04 1.84058624874642e+06 
5.85948332514028e-06 5.02660745954333e+02 4.11510612602829e+02 5.63772104783299e+20 4.13834544641514e+15 1.01570348521229e+15 1.38672596889271e+15 1.43971355341519e+12 5.97206566591478e+15 1.34216053208513e+15 6.25661555503448e+07 2.03516898306008e+14 3.37320549603203e+11 8.50932519332634e+05 5.63779565921204e+20 2.06797154535367e+15 3.51527142082557e+11 4.18069819006110e+14 9.66843098294974e+13 3.23735220102067e+04 2.54919676090841e+06 
6.73614960517882e-06 4.99450473845350e+02 4.09225443997183e+02 5.63770606712050e+20 4.75784413904520e+15 1.17550629153394e+15 1.58035641627723e+15 1.65987010420244e+12 6.93033495135365e+15 1.48007975028501e+15 6.39078446515295e+07 2.33674112555029e+14 4.45482134443753e+11 1.13858577293931e+06 5.63779195398810e+20 2.36162020361449e+15 3.93350636324273e+11 4.82264605459372e+14 1.09321434617710e+14 3.89584007968089e+04 3.37386718448006e+06 
7.61281588521737e-06 4.96289930332477e+02 4.06983108862515e+02 5.63769110263064e+20 5.37741151004367e+15 1.33672885748539e+15 1.77064751037607e+15 1.88107730669210e+12 7.90137028600686e+15 1.60567600391611e+15 6.48776679857266e+07 2.63755650924164e+14 5.68565018061412e+11 1.47179921500014e+06 5.63778828843043e+20 2.65134713627994e+15 4.33304086396272e+11 5.46846171109193e+14 1.21528749166606e+14 4.56770510747412e+04 4.31477434547136e+06 
8.48948216525591e-06 4.93178303089685e+02 4.04782786558861e+02 5.63767615534053e+20 5.99704206835508e+15 1.49920241864547e+15 1.95768352271650e+15 2.10328734333715e+12 8.88405622519273e+15 1.72005083077909e+15 6.56249989701176e+07 2.93761619624465e+14 7.06536281261137e+11 1.85180262509368e+06 5.63778466193463e+20 2.93721115468114e+15 4.71554625885145e+11 6.11801357914011e+14 1.33320871805639e+14 5.25049990936430e+04 5.37201812852839e+06 
9.36614844529445e-06 4.90114792979611e+02 4.02623670955329e+02 5.63766122609440e+20 6.61673078804228e+15 1.66277343025016e+15 2.14154606034952e+15 2.32645637739310e+12 9.87737646983137e+15 1.82420710175141e+15 6.62450947248452e+07 3.23692123950568e+14 8.59363040313225e+11 2.27979524176715e+06 5.63778107390765e+20 3.21927001471074e+15 5.08242837604185e+11 6.77117454826449e+14 1.44711924238823e+14 5.94247507034991e+04 6.54562501033283e+06 
1.02428147253330e-05 4.87098613851675e+02 4.00504970221407e+02 5.63764631561623e+20 7.23647306902347e+15 1.82730226119960e+15 2.32231415836352e+15 2.55054399898146e+12 1.08804053097057e+16 1.91905756066048e+15 6.67923161127292e+07 3.53547268400618e+14 1.02701244662638e+12 2.75694843313998e+06 5.63777752376742e+20 3.49758043919202e+15 5.43487794164031e+11 7.42782183055348e+14 1.55715547904803e+14 6.64247578072109e+04 7.83555138162979e+06 
1.18034576883409e-05 4.81843930093050e+02 3.98425906626561e+02 5.63761982027064e+20 8.33985903990693e+15 2.12217707522858e+15 2.63669753578686e+15 2.95162270487107e+12 1.26874334071073e+16 2.06743421017503e+15 6.76736446123206e+07 4.06509286159008e+14 1.36204095214058e+12 3.73159507074851e+06 5.63777129578258e+20 3.98392622241651e+15 6.02973208888989e+11 8.60504644337762e+14 1.74386299337798e+14 7.90596185842658e+04 1.04193526078295e+07 
1.33641006513489e-05 4.76732535030367e+02 3.94820468533936e+02 5.63759338904319e+20 9.44338051660972e+15 2.41906212828954e+15 2.94192896829560e+15 3.35530241929095e+12 1.45184069579662e+16 2.19303510369600e+15 6.85246882285849e+07 4.59233389571621e+14 1.74375536215239e+12 4.87194860779910e+06 5.63776518291887e+20 4.45887539870714e+15 6.58680016979845e+11 9.79230795644210e+14 1.91941632667001e+14 9.18918542801204e+04 1.33702890320842e+07 
1.49247436143568e-05 4.71760286854736e+02 3.91334029863372e+02 5.63756702384950e+20 1.05470194954973e+16 2.71742822371688e+15 3.23839921709216e+15 3.76141093454848e+12 1.63697850286605e+16 2.29933790744172e+15 6.93648949189669e+07 5.11720155390599e+14 2.17197116668626e+12 6.18410281909803e+06 5.63775918213550e+20 4.92272501383167e+15 7.10989211504725e+11 1.09890066745452e+15 2.08448171006322e+14 1.04897514771497e+05 1.66866630537980e+07 
1.64853865773647e-05 4.66923163275666e+02 3.87962522404848e+02 5.63754072594856e+20 1.16507605141481e+16 3.01682827597853e+15 3.52647794967031e+15 4.16979174131654e+12 1.82385603306233e+16 2.38929041693044e+15 7.02015308160926e+07 5.63970157148939e+14 2.64650419622987e+12 7.67398944950095e+06 5.63775329048802e+20 5.37576293538933e+15 7.60219399883263e+11 1.21945786433527e+15 2.23968566014961e+14 1.18055867485886e+05 2.03662484982007e+07 
1.80460295403727e-05 4.62217258302968e+02 3.84702008544927e+02 5.63751449606117e+20 1.27545902699823e+16 3.31688468750202e+15 3.80651504022017e+15 4.58030159726978e+12 2.01221771311681e+16 2.46539240972261e+15 7.10690806534332e+07 6.15983966088308e+14 3.16717061976008e+12 9.34740351932827e+06 5.63774750512455e+20 5.81826820003064e+15 8.06641728412540e+11 1.34084935079443e+15 2.38561735805140e+14 1.31350984336924e+05 2.44063401481630e+07 
1.96066725033806e-05 4.57638779241470e+02 3.81548677909544e+02 5.63748833446117e+20 1.38584973212550e+16 3.61727947201576e+15 4.07884173281840e+15 4.99280899865704e+12 2.20184671190363e+16 2.52975956866359e+15 7.19949343207110e+07 6.67762151843416e+14 3.73378694355824e+12 1.12100230098691e+07 5.63774182328220e+20 6.25051133330166e+15 8.50488068280796e+11 1.46302525820674e+15 2.52283079520858e+14 1.44771210899024e+05 2.88037985450092e+07 
2.30342005682640e-05 4.48012934248268e+02 3.78498844139914e+02 5.63743111592924e+20 1.62831564478557e+16 4.27702982323878e+15 4.65135363879424e+15 5.90521412929936e+12 2.62195187820989e+16 2.63781887618011e+15 7.41036310393260e+07 7.80654655331614e+14 5.13858372430356e+12 1.59919700670936e+07 5.63772969514589e+20 7.16505774797417e+15 9.38642095861886e+11 1.73388404894827e+15 2.79603339516786e+14 1.74637859006333e+05 3.96973526560978e+07 
2.64617286331473e-05 4.38946973654944e+02 3.72146779753274e+02 5.63737422075993e+20 1.87080591093821e+16 4.93500271173915e+15 5.19120923370116e+15 6.82553506703806e+12 3.04579892745533e+16 2.71227564336122e+15 7.63122635395902e+07 8.92419409687433e+14 6.76219891911032e+12 2.17711318056213e+07 5.63771802660177e+20 8.03400180488627e+15 1.01706110993347e+12 2.00785473905316e+15 3.03464573512467e+14 2.04969212933566e+05 5.22540573740476e+07 
2.98892566980307e-05 4.30405898710154e+02 3.66241137659135e+02 5.63731763970353e+20 2.11331427435785e+16 5.58967856651269e+15 5.70114895356524e+15 7.75277322548395e+12 3.47229542958113e+16 2.76363330494125e+15 7.85955307659768e+07 1.00306243474245e+15 8.60270540496761e+12 2.86039193833186e+07 5.63770679230880e+20 8.85983216737199e+15 1.08714571860382e+12 2.28453990615511e+15 3.24308242221909e+14 2.35693340820957e+05 6.64251471570935e+07 
3.33167847629140e-05 4.22357047702104e+02 3.60748595596540e+02 5.63726136065605e+20 2.35583626527409e+16 6.24008801728635e+15 6.18359974084871e+15 8.68606827949527e+12 3.90070986808223e+16 2.79884163097844e+15 8.09490307877634e+07 1.11258975706791e+15 1.06581842480206e+13 3.65455239176058e+07 5.63769596864058e+20 9.64487227442524e+15 1.14999238631302e+12 2.56359550022093e+15 3.42516500186842e+14 2.66753752182076e+05 8.21566557450618e+07 
3.67443128277974e-05 4.14769890467135e+02 3.55638333102026e+02 5.63720537036683e+20 2.59836855686692e+16 6.88560319216271e+15 6.64072452552647e+15 9.62466464027395e+12 4.33053698311991e+16 2.82263411029246e+15 8.33658910718083e+07 1.22100741707370e+15 1.29267245384600e+13 4.56502201710234e+07 5.63768553349836e+20 1.03912979675184e+16 1.20649895527985e+12 2.84472215381800e+15 3.58421851893744e+14 2.98103328205708e+05 9.93911345808264e+07 
4.21531729068418e-05 4.03668238421702e+02 3.50881829855304e+02 5.63711756927930e+20 2.98111522387957e+16 7.89341395588344e+15 7.31511568263972e+15 1.11150381702985e+13 5.01090262630818e+16 2.84433492645992e+15 8.72782595361595e+07 1.38985492900460e+15 1.69354215322595e+13 6.25130299025218e+07 5.63766980727939e+20 1.14955105382056e+16 1.28452494885282e+12 3.29196297808185e+15 3.79512297395486e+14 3.48069847886975e+05 1.29499762495370e+08 
4.75620329858861e-05 3.93542588980626e+02 3.44032561696473e+02 5.63703040323036e+20 3.36387345348943e+16 8.88704418145525e+15 7.93787569698971e+15 1.26146504347613e+13 5.69292249961909e+16 2.85461836429348e+15 9.12819561425056e+07 1.55597807243972e+15 2.14625291650589e+13 8.26110300458642e+07 5.63765492219837e+20 1.25160308809447e+16 1.35110796425650e+12 3.74284873680032e+15 3.96547681926041e+14 3.98527854926022e+05 1.62965147954512e+08 
5.29708930649305e-05 3.84299649818805e+02 3.37905211139358e+02 5.63694382428116e+20 3.74663765536030e+16 9.86607397968571e+15 8.51470054180905e+15 1.41215376707109e+13 6.37601326706254e+16 2.85854560137854e+15 9.53500264073049e+07 1.71940085129666e+15 2.65006577484951e+13 1.06144321979753e+08 5.63764080975287e+20 1.34596289607585e+16 1.40820605055009e+12 4.19666994417576e+15 4.10315809524337e+14 4.49376368424544e+05 1.99548512460404e+08 
5.83797531439748e-05 3.75855949360484e+02 3.32416632290790e+02 5.63685778890204e+20 4.12940375522504e+16 1.08304395647600e+16 9.05039098992036e+15 1.56340389959513e+13 7.05985462523031e+16 2.85869658490271e+15 9.94637443723661e+07 1.88014735968615e+15 3.20424699742269e+13 1.33305867297485e+08 5.63762740800043e+20 1.43324352723262e+16 1.45734111402819e+12 4.65286187695385e+15 4.21443635169230e+14 5.00536107802634e+05 2.39014579669928e+08 
6.37886132230192e-05 3.68136539990869e+02 3.27493810405869e+02 5.63677225834144e+20 4.51216849660367e+16 1.17802277240571e+16 9.54904793050217e+15 1.71507223236285e+13 7.74425044052120e+16 2.85652322920019e+15 1.03609841794959e+08 2.03824178732835e+15 3.80806802004342e+13 1.64280495255870e+08 5.63761466061902e+20 1.51400308256716e+16 1.49974295981812e+12 5.11097026587055e+15 4.30435389244587e+14 5.51942917317147e+05 2.81136616976553e+08 
7.39242119294367e-05 3.55398839270208e+02 3.23072520299617e+02 5.63661323116256e+20 5.22941408033146e+16 1.35213186568501e+16 1.03952138289574e+16 1.99999853877149e+13 9.02781485471462e+16 2.84894634184157e+15 1.11430737458537e+08 2.32743644287876e+15 5.07071888253729e+13 2.33180762008186e+08 5.63759236449538e+20 1.64947489528823e+16 1.56432803085677e+12 5.97341115240825e+15 4.42824069877477e+14 6.48774727507245e+05 3.66490722736506e+08 
8.40598106358543e-05 3.44589634081969e+02 3.15950225370027e+02 5.63645566889874e+20 5.94663012165467e+16 1.52129287511641e+16 1.11426138653335e+16 2.28527345597575e+13 1.03122967133928e+17 2.83991023838120e+15 1.19282253875166e+08 2.60756425271047e+15 6.50043277892044e+13 3.17124150783854e+08 5.63757189061102e+20 1.76676920223699e+16 1.61399494086462e+12 6.83950122365467e+15 4.51129604759776e+14 7.46044511418548e+05 4.59130158284496e+08 
9.41954093422718e-05 3.35390545690535e+02 3.10083944547693e+02 5.63629941605945e+20 6.66380431511044e+16 1.68564273104323e+16 1.18063934723727e+16 2.57034179482047e+13 1.15974078051756e+17 2.83073684995141e+15 1.27136708716565e+08 2.87878646827173e+15 8.09256193007721e+13 4.17023999765197e+08 5.63755298334164e+20 1.86842828937012e+16 1.65252303938860e+12 7.70798981939020e+15 4.56738449430016e+14 8.43580724758348e+05 5.57915934372016e+08 
1.04331008048689e-04 3.27543320741501e+02 3.05226706203794e+02 5.63614434885553e+20 7.38092651576509e+16 1.84531902605615e+16 1.23982355456195e+16 2.85476351487546e+13 1.28830092001089e+17 2.82172800987394e+15 1.34975565297954e+08 3.14126502761921e+15 9.84252764538151e+13 5.33633769010580e+08 5.63753542747052e+20 1.95659554070950e+16 1.68251694889140e+12 8.57808260706978e+15 4.60530161899633e+14 9.41272769159083e+05 6.61873231922875e+08 
1.14466606755107e-04 3.20835900095559e+02 3.01185853570030e+02 5.63599036630382e+20 8.09798788512426e+16 2.00045040165246e+16 1.29274604005153e+16 3.13817779284744e+13 1.41690017587999e+17 2.81307040734610e+15 1.42786677064186e+08 3.39516237288991e+15 1.17458197076196e+14 6.67544775268428e+08 5.63751903976291e+20 2.03309758724975e+16 1.70586766028241e+12 9.44925609462222e+15 4.63083510703282e+14 1.03904677145985e+06 7.70174075443679e+08 
1.31237305536481e-04 3.11799597959558e+02 2.97809567356413e+02 5.63573775041375e+20 9.28430765096131e+16 2.24747114984243e+16 1.36847828702068e+16 3.60414756708305e+13 1.62974963257118e+17 2.80004533062560e+15 1.55633149328897e+08 3.79685889190825e+15 1.52199973896816e+14 9.28103160436850e+08 5.63749409091081e+20 2.13803938368456e+16 1.73346254332707e+12 1.08922435395455e+16 4.65535529916176e+14 1.20088466680176e+06 9.57145154819824e+08 
1.48008004317854e-04 3.04776707113124e+02 2.93378244933003e+02 5.63548755989619e+20 1.04704088286514e+17 2.48290205871992e+16 1.43190540296383e+16 4.06543166033720e+13 1.84265702991513e+17 2.78896099852952e+15 1.68375147229752e+08 4.17624569942804e+15 1.90821275805831e+14 1.23821855886529e+09 5.63747132779485e+20 2.22114743453752e+16 1.75146708608092e+12 1.23361740785925e+16 4.66817879136328e+14 1.36266735654574e+06 1.15157693069463e+09 
1.64778703099228e-04 2.99710767829653e+02 2.90030431553325e+02 5.63523952178654e+20 1.16562668244516e+17 2.70738893024253e+16 1.48521043722209e+16 4.52117928565642e+13 2.05560040579271e+17 2.78042680973600e+15 1.81013747331099e+08 4.53406107307639e+15 2.33130136462668e+14 1.59752666221951e+09 5.63745027341922e+20 2.28718633106349e+16 1.76276510325770e+12 1.37804989738095e+16 4.67530083123031e+14 1.52427665098577e+06 1.35154717059768e+09 
1.81549401880602e-04 2.96035952149196e+02 2.85918509062481e+02 5.63499346754317e+20 1.28418591968301e+17 2.92132882409375e+16 1.52976396591996e+16 4.97075505082735e+13 2.26857020948443e+17 2.77405528229835e+15 1.93532606717571e+08 4.87104175320125e+15 2.78940127741100e+14 2.00424554990032e+09 5.63743058019851e+20 2.33962998269184e+16 1.76905594826333e+12 1.52249788984168e+16 4.67929218547286e+14 1.68566808554878e+06 1.55566356862888e+09 
1.98320100661976e-04 2.93168571027824e+02 2.84478813339076e+02 5.63474924883819e+20 1.40271660373932e+17 3.12507099647796e+16 1.56677111341262e+16 5.41366302640597e+13 2.48156184149338e+17 2.76910821863693e+15 2.05944833480494e+08 5.18792052245052e+15 3.28070291307776e+14 2.45654680678011e+09 5.63741197815541e+20 2.38117745114350e+16 1.77174781485695e+12 1.66694914088319e+16 4.68143433510145e+14 1.84690090225720e+06 1.76289572412948e+09 
2.31300994176524e-04 2.89111850652886e+02 2.83387021466616e+02 5.63427373504450e+20 1.63572724299106e+17 3.49767300019661e+16 1.62200688821440e+16 6.26394706268547e+13 2.90046390178503e+17 2.76226237073036e+15 2.30088745303844e+08 5.75524043164637e+15 4.33708534908704e+14 3.47330832612196e+09 5.63737780414642e+20 2.43884487027141e+16 1.77061059990535e+12 1.95100728573225e+16 4.68289416143353e+14 2.16355075790545e+06 2.17690306551634e+09 
2.64281887691073e-04 2.86169704057082e+02 2.81891137800152e+02 5.63380365812189e+20 1.86861105186790e+17 3.83578737015763e+16 1.66032959409774e+16 7.08510987130238e+13 3.31937188870592e+17 2.75763136112760e+15 2.53980890046764e+08 6.25306342162853e+15 5.50242486138747e+14 4.65079680873045e+09 5.63734576142155e+20 2.47525884528308e+16 1.76565966488751e+12 2.23501455956851e+16 4.68353946474400e+14 2.47975188389998e+06 2.59603634365408e+09 
2.97262781205622e-04 2.84009688355409e+02 2.80843027851306e+02 5.63333815529524e+20 2.10136055850357e+17 4.14263722518376e+16 1.68743894687079e+16 7.87620457081321e+13 3.73823164985883e+17 2.75449606692757e+15 2.77742966612532e+08 6.68669875246828e+15 6.76476608953894e+14 5.98083737934320e+09 5.63731502720782e+20 2.49864917217294e+16 1.75960316262134e+12 2.51896059574456e+16 4.68417322131804e+14 2.79560062675606e+06 3.01797397262232e+09 
3.30243674720170e-04 2.82506534902755e+02 2.80093753952767e+02 5.63287661231259e+20 2.33397040499015e+17 4.42114172856854e+16 1.70678883434841e+16 8.63713130194680e+13 4.15699050112152e+17 2.75276127928894e+15 3.01338342792512e+08 7.06128428001805e+15 8.11299659879502e+14 7.45345330950710e+09 5.63728512548289e+20 2.51377826070019e+16 1.75305498480063e+12 2.80284454195382e+16 4.68465592850787e+14 3.11108904933454e+06 3.44155839898243e+09 
3.63224568234719e-04 2.81499423934782e+02 2.79582623526775e+02 5.63241857446593e+20 2.56643655139476e+17 4.67390959565083e+16 1.72050311987635e+16 9.36833623528100e+13 4.57560337519534e+17 2.75216034136626e+15 3.24804630238705e+08 7.38176097420193e+15 9.53681259944866e+14 9.05770360593996e+09 5.63725577067216e+20 2.52350309452933e+16 1.74631302952987e+12 3.08666545662194e+16 4.68495497108620e+14 3.42631512423176e+06 3.86614456285082e+09 
4.15473492985632e-04 2.80533650171221e+02 2.79244953367900e+02 5.63169924411288e+20 2.93441225138530e+17 5.02727533943075e+16 1.73415494322230e+16 1.04681485176738e+14 5.23838893779687e+17 2.75261813996747e+15 3.61845468435035e+08 7.79007254578418e+15 1.19245031206723e+15 1.18441599672792e+10 5.63720997589201e+20 2.53194614152039e+16 1.73637353252530e+12 3.53616712557721e+16 4.68535618636172e+14 3.92536558516086e+06 4.53992706615657e+09 
4.67722417736544e-04 2.79986555108932e+02 2.78924785969079e+02 5.63098653964274e+20 3.30201015137055e+17 5.33032944456008e+16 1.74188323037855e+16 1.15000786173472e+14 5.90058189764392e+17 2.75401355159213e+15 3.98837787040052e+08 8.09192505207826e+15 1.44441860879889e+15 1.49006800586855e+10 5.63716462228010e+20 2.53614009802485e+16 1.72825874167136e+12 3.98550566744898e+16 4.68579266026645e+14 4.42422268297746e+06 5.21423528794551e+09 
5.19971342487457e-04 2.79651630746711e+02 2.78745010219656e+02 5.63027949051937e+20 3.66922399893792e+17 5.59039327489686e+16 1.74633937092670e+16 1.24697195075204e+14 6.56207350628214e+17 2.75590732919816e+15 4.35841231097390e+08 8.30339721850269e+15 1.70660589745903e+15 1.81981877756398e+10 5.63711947930599e+20 2.53838694646953e+16 1.72217891360213e+12 4.43468433961701e+16 4.68626875095427e+14 4.92306699864485e+06 5.88868899158570e+09 
5.72220267238370e-04 2.79448070833905e+02 2.78635525897764e+02 5.62957734999879e+20 4.03604993685771e+17 5.81371415311973e+16 1.74887286438972e+16 1.33832380688041e+14 7.22277870819489e+17 2.75812914359505e+15 4.72878478660090e+08 8.43892573758208e+15 1.97646358678966e+15 2.17118298180373e+10 5.63707445684162e+20 2.53958254557008e+16 1.71785744418808e+12 4.88370907214331e+16 4.68673642322792e+14 5.42202866811423e+06 6.56320041560711e+09 
6.24469191989283e-04 2.79333724758190e+02 2.78569197104362e+02 5.62887951445495e+20 4.40248555366419e+17 6.00563173983897e+16 1.75021149293638e+16 1.42468627973749e+14 7.88263329138253e+17 2.76056159554918e+15 5.09987152585490e+08 8.51135026596892e+15 2.25182578170275e+15 2.54197187817498e+10 5.63702951210591e+20 2.54014780765981e+16 1.71504301013748e+12 5.33258688248023e+16 4.68718628236355e+14 5.92120325553994e+06 7.23773926210037e+09 
7.24993799409464e-04 2.79250765545930e+02 2.78532009973207e+02 5.62754728822026e+20 5.10638931390610e+17 6.30212538412340e+16 1.75089542454721e+16 1.57894712410435e+14 9.14962705891559e+17 2.76553051510065e+15 5.81745263211266e+08 8.51216521499730e+15 2.79094825496739e+15 3.30331440899424e+10 5.63694316720905e+20 2.54035110371669e+16 1.71331664483842e+12 6.19582397773422e+16 4.68804829289999e+14 6.88241854190539e+06 8.53550796360276e+09 
8.25518406829646e-04 2.79228055099855e+02 2.78505066186670e+02 5.62622627723603e+20 5.80883846750501e+17 6.52507386322903e+16 1.75077027814700e+16 1.72068293483118e+14 1.04131046508874e+18 2.77060891826497e+15 6.53897843829797e+08 8.38592318135425e+15 3.33388513794659e+15 4.11822396828184e+10 5.63685689367440e+20 2.54029855755335e+16 1.71511678705798e+12 7.05860292910824e+16 4.68891143740543e+14 7.84481234014321e+06 9.83322289959727e+09 
9.26043014249828e-04 2.79214024007694e+02 2.78497699768951e+02 5.62491433752331e+20 6.50983348309139e+17 6.69422755515154e+16 1.75048559643337e+16 1.85300580342356e+14 1.16729855281933e+18 2.77569051581164e+15 7.26399811031707e+08 8.18228923715996e+15 3.87368212952396e+15 4.97743556347003e+10 5.63677066006878e+20 2.54024858913396e+16 1.71910902454881e+12 7.92097977173161e+16 4.68977673480572e+14 8.80836361205876e+06 1.11309474423740e+10 
1.02656762167001e-03 2.79205383589057e+02 2.78493152084868e+02 5.62360993121230e+20 7.20937808673305e+17 6.82369924362046e+16 1.75009466987228e+16 1.97831600302939e+14 1.29292859294750e+18 2.78076795603186e+15 7.99184479836153e+08 7.93596479141810e+15 4.40608166666956e+15 5.87322968840126e+10 5.63668446598274e+20 2.54015361147268e+16 1.72430657019612e+12 8.78300631483693e+16 4.69064127003220e+14 9.77289843301662e+06 1.24287739200580e+10 
1.12709222909019e-03 2.79204039991684e+02 2.78490354494835e+02 5.62231191219601e+20 7.90747707112573e+17 6.92375690492912e+16 1.74960146178146e+16 2.09838162729321e+14 1.41820729852565e+18 2.78584508788201e+15 8.72180831886816e+08 7.67041321694913e+15 4.92866277774452e+15 6.79908619670684e+10 5.63659830820465e+20 2.54000113674442e+16 1.73003566040188e+12 9.64472721779478e+16 4.69150626363979e+14 1.07382218094712e+07 1.37267758805295e+10 
1.26395388624039e-03 2.79207357552144e+02 2.78489925208955e+02 5.62055345711251e+20 8.85560606557894e+17 7.02569979539217e+16 1.74886908459285e+16 2.25557489796521e+14 1.58822310555232e+18 2.79274365505682e+15 9.71772645265772e+08 7.30385378094776e+15 5.62244674782376e+15 8.09870835014915e+10 5.63648105129139e+20 2.53977283014842e+16 1.73792997729861e+12 1.08175118760896e+17 4.69268771898570e+14 1.20535020715713e+07 1.54943527260355e+10 
1.40081554339059e-03 2.79211002741174e+02 2.78491011214369e+02 5.61880360882189e+20 9.80107660739782e+17 7.10099270087666e+16 1.74813921989236e+16 2.40749586482268e+14 1.75762799861489e+18 2.79961607473442e+15 1.07133345237261e+09 6.95242292394955e+15 6.29485737101975e+15 9.43332605802702e+10 5.63636383592670e+20 2.53955572650321e+16 1.74532089371324e+12 1.19898698445249e+17 4.69387432935810e+14 1.33693615766782e+07 1.72624758145547e+10 
1.53767720054079e-03 2.79213013010820e+02 2.78492203643524e+02 5.61706126464099e+20 1.07438997789723e+18 7.15884811863765e+16 1.74743068264688e+16 2.55540165451954e+14 1.92644465572153e+18 2.80645985802421e+15 1.17075257870971e+09 6.62553284054266e+15 6.94651668571503e+15 1.07942207559592e+11 5.63624665693940e+20 2.53935045753738e+16 1.75192948321257e+12 1.31618522303795e+17 4.69506614881760e+14 1.46855583691605e+07 1.90312327383063e+10 
1.67453885769098e-03 2.79214415683131e+02 2.78492865431526e+02 5.61532569958868e+20 1.16840862630715e+18 7.20507390156770e+16 1.74672959137338e+16 2.70001804961372e+14 2.09469404465588e+18 2.81327892755581e+15 1.26994560801918e+09 6.32519416695664e+15 7.57883413441794e+15 1.21745419527305e+11 5.63612951178449e+20 2.53914494161670e+16 1.75769338393830e+12 1.43334965697938e+17 4.69626337031608e+14 1.60019062009115e+07 2.08006861121142e+10 
1.81140051484118e-03 2.79216071727534e+02 2.78493329999366e+02 5.61359641243606e+20 1.26216464552378e+18 7.24346860587013e+16 1.74602698669082e+16 2.84181486530068e+14 2.26239485478597e+18 2.82007660461290e+15 1.36885318470333e+09 6.05055887130234e+15 8.19338679359083e+15 1.35688423574121e+11 5.63601239781181e+20 2.53893618291652e+16 1.76263717542605e+12 1.55048323558745e+17 4.69746616008964e+14 1.73182748286160e+07 2.25708823987825e+10 
2.05930900880186e-03 2.79219212982799e+02 2.78493876833007e+02 5.61047896489733e+20 1.43132695468573e+18 7.30024561298733e+16 1.74475823263397e+16 3.09243615678308e+14 2.56481802915546e+18 2.83233693783678e+15 1.54717580262689e+09 5.61215961563954e+15 9.26602785663022e+15 1.61173393202702e+11 5.63580033114051e+20 2.53855899325291e+16 1.76970502917464e+12 1.76258533034964e+17 4.69965887527667e+14 1.97025162587384e+07 2.57793819602964e+10 
2.30721750276254e-03 2.79222387878807e+02 2.78494913351119e+02 5.60737950484090e+20 1.59963662319922e+18 7.34892417611655e+16 1.74349616288626e+16 3.33619879212215e+14 2.86557550851371e+18 2.84453247173705e+15 1.72427896459661e+09 5.23874026896296e+15 1.02931826971515e+16 1.86789810054255e+11 5.63558834656234e+20 2.53818407312641e+16 1.77470517616000e+12 1.97460510799413e+17 4.70186926896323e+14 2.20862105252019e+07 2.89906057187991e+10 
2.55512599672322e-03 2.79225268250735e+02 2.78495960858027e+02 5.60429717676301e+20 1.76709917870462e+18 7.39394856183419e+16 1.74224399791271e+16 3.57391171664459e+14 3.16473290571592e+18 2.85666538147746e+15 1.90008508554611e+09 4.91638289586454e+15 1.12815419856924e+16 2.12412865265764e+11 5.63537643571929e+20 2.53781147844477e+16 1.77808778733297e+12 2.18655091708703e+17 4.70409670635928e+14 2.44692082532598e+07 3.22046729936460e+10 
2.80303449068390e-03 2.79227987494611e+02 2.78496912792569e+02 5.60123148623282e+20 1.93371995395780e+18 7.43689747207795e+16 1.74100017650354e+16 3.80613838201481e+14 3.46234271302838e+18 2.86873812133330e+15 2.07457410821352e+09 4.63412343236356e+15 1.22363342309026e+16 2.37967315393243e+11 5.63516459220304e+20 2.53744017762282e+16 1.78019779917470e+12 2.39842926626865e+17 4.70634056134081e+14 2.68514511808559e+07 3.54216694009265e+10 
3.05094298464458e-03 2.79230699988769e+02 2.78497812453588e+02 5.59818206419908e+20 2.09950414841184e+18 7.47849378175495e+16 1.73976297646753e+16 4.03339204946191e+14 3.75844925328737e+18 2.88075278982093e+15 2.24775186571629e+09 4.38490686814658e+15 1.31616208647920e+16 2.63406160317452e+11 5.63495281034311e+20 2.53707000905044e+16 1.78125524491643e+12 2.61024584055470e+17 4.70860026381743e+14 2.92328932148728e+07 3.86416660693576e+10 
3.43513424395028e-03 2.79234861162842e+02 2.78498709968955e+02 5.59348771722000e+20 2.35478375154335e+18 7.54140538340732e+16 1.73785883015496e+16 4.37671556971461e+14 4.21445021259522e+18 2.89926076190309e+15 2.51351290208405e+09 4.05271736683277e+15 1.45446517350376e+16 3.02537362625249e+11 5.63462471636561e+20 2.53649905879701e+16 1.78120040801086e+12 2.93839333151815e+17 4.71213238178823e+14 3.29217695068031e+07 4.36378552545937e+10 
3.81932550325599e-03 2.79238945293425e+02 2.78500087176914e+02 5.58883073571731e+20 2.60808429143124e+18 7.60340843472964e+16 1.73597074451613e+16 4.71036479751404e+14 4.66705120081799e+18 2.91763710793338e+15 2.77605762776991e+09 3.77185985345869e+15 1.58748218005033e+16 3.41251055070287e+11 5.63429674378343e+20 2.53593133821231e+16 1.77957370231586e+12 3.26641908454862e+17 4.71569978223810e+14 3.66084936006116e+07 4.86415715548669e+10 
4.20351676256169e-03 2.79242939288760e+02 2.78501439468714e+02 5.58421037583184e+20 2.85942310446636e+18 7.66484126260815e+16 1.73409864289218e+16 5.03523892120136e+14 5.11634921124524e+18 2.93588537428031e+15 3.03538236459388e+09 3.53013988654796e+15 1.71599678502768e+16 3.79518286618426e+11 5.63396888102199e+20 2.53536670515828e+16 1.77679720057887e+12 3.59433468556589e+17 4.71930112921095e+14 4.02930459641561e+07 5.36529392380626e+10 
4.58770802186740e-03 2.79246871262927e+02 2.78502762583698e+02 5.57962602562979e+20 3.10881697055222e+18 7.72570385836171e+16 1.73224198890219e+16 5.35205849870729e+14 5.56242401398217e+18 2.95400853456688e+15 3.29155008545415e+09 3.31968977018810e+15 1.84059955812884e+16 4.17333228074303e+11 5.63364111880163e+20 2.53480505875705e+16 1.77312655464216e+12 3.92214942285921e+17 4.72293531466349e+14 4.39754241532938e+07 5.86720441674878e+10 
4.97189928117310e-03 2.79250755963839e+02 2.78504065648247e+02 5.57507714110316e+20 3.35628223520531e+18 7.78598987473622e+16 1.73040038944182e+16 5.66141655673642e+14 6.00534389965682e+18 2.97200911160552e+15 3.54460496003846e+09 3.13504930351522e+15 1.96175931126042e+16 4.54698266893273e+11 5.63331344942016e+20 2.53424634760295e+16 1.76875143458638e+12 4.24987100280844e+17 4.72660139619712e+14 4.76556245075917e+07 6.36989492411722e+10 
5.59021827327329e-03 2.79256908762601e+02 2.78505353449160e+02 5.56782941326284e+20 3.75054418738393e+18 7.88191343717942e+16 1.72746764479108e+16 6.14473529993408e+14 6.71169983757014e+18 3.00072714989636e+15 3.94545656359740e+09 2.88097344603382e+15 2.15044657441422e+16 5.13902242778609e+11 5.63278627697312e+20 2.53335319950152e+16 1.76063867489018e+12 4.77712679945988e+17 4.73256659841023e+14 5.35741059902978e+07 7.18057431179205e+10 
6.20853726537347e-03 2.79262950673057e+02 2.78507393982212e+02 5.56067042466284e+20 4.13991693123539e+18 7.97656161427048e+16 1.72457251076960e+16 6.61157023354239e+14 7.41025159660055e+18 3.02914110465744e+15 4.33866924927472e+09 2.66889919514366e+15 2.33249365098769e+16 5.71980520670730e+11 5.63225930692068e+20 2.53246732690746e+16 1.75152453692357e+12 5.30417940618611e+17 4.73860937790052e+14 5.94870086205312e+07 7.99329578538755e+10 
6.82685625747366e-03 2.79268893827188e+02 2.78509398706262e+02 5.55359853900184e+20 4.52446370302301e+18 8.06998429220389e+16 1.72171417363518e+16 7.06316369449010e+14 8.10118103401381e+18 3.05725763290880e+15 4.72439472139302e+09 2.48839042636075e+15 2.50889381664191e+16 6.28965287966782e+11 5.63173252259250e+20 2.53158855584528e+16 1.74184177102735e+12 5.83104550890255e+17 4.74472724096901e+14 6.53948757212756e+07 8.80806294819155e+10 
7.44517524957384e-03 2.79274747773269e+02 2.78511371548166e+02 5.54661229659564e+20 4.90424615525361e+18 8.16219873240766e+16 1.71889190458864e+16 7.50051859073626e+14 8.78464243582577e+18 3.08508237549793e+15 5.10290179422051e+09 2.33237081130510e+15 2.68038506849241e+16 6.84889106330567e+11 5.63120591145325e+20 2.53071674097539e+16 1.73181497045756e+12 6.35773765732877e+17 4.75091807660015e+14 7.12978652737899e+07 9.62487293304375e+10 
8.06349424167403e-03 2.79280517169077e+02 2.78513315596824e+02 5.53971032827439e+20 5.27932481125012e+18 8.25322286939054e+16 1.71610505296752e+16 7.92453459085458e+14 9.46077517074310e+18 3.11262042161755e+15 5.47450883152616e+09 2.19737850019341e+15 2.84754845166298e+16 7.39782069724167e+11 5.63067946269916e+20 2.52985174985225e+16 1.72147504052220e+12 6.88426667006031e+17 4.75718000903230e+14 7.71957250965571e+07 1.04437200977072e+11 
9.12620040388936e-03 2.79290249498400e+02 2.78515232352556e+02 5.52804112250654e+20 5.91315522774702e+18 8.40695589965186e+16 1.71139628751083e+16 8.62414679034859e+14 1.06060854197960e+19 3.15929354238508e+15 6.09759872921181e+09 2.00246464429853e+15 3.12613888232146e+16 8.31797839611453e+11 5.62977500927614e+20 2.52838068246588e+16 1.70348631756915e+12 7.78885631477795e+17 4.76810362846727e+14 8.73215754188045e+07 1.18558091019883e+11 
1.01889065661047e-02 2.79299765613809e+02 2.78518467431565e+02 5.51661113260034e+20 6.53356024907651e+18 8.55735576538179e+16 1.70678754313680e+16 9.28945430030532e+14 1.17306827000098e+19 3.20515404097417e+15 6.70191624225957e+09 1.84245612664596e+15 3.39524883982043e+16 9.20979212911108e+11 5.62887097833349e+20 2.52692886993316e+16 1.68563002970807e+12 8.69302135428243e+17 4.77922468094910e+14 9.74353918423976e+07 1.32738320337469e+11 
1.12516127283200e-02 2.79309079006412e+02 2.78521632694079e+02 5.50541482066334e+20 7.14082636404862e+18 8.70451343131054e+16 1.70227623435230e+16 9.92308549581022e+14 1.28350695861068e+19 3.25022036318250e+15 7.28851053423424e+09 1.70922218255729e+15 3.65621917015863e+16 1.00744488196137e+12 5.62796734611409e+20 2.52549582336082e+16 1.66798489002851e+12 9.59678560046834e+17 4.79053651846016e+14 1.07536722106126e+08 1.46977177799336e+11 
1.23143188905353e-02 2.79318199462019e+02 2.78524732469387e+02 5.49444696386231e+20 7.73523300903534e+18 8.84850687879033e+16 1.69785995044220e+16 1.05273022051014e+15 1.39197066337684e+19 3.29450945758902e+15 7.85831412133276e+09 1.59662712888676e+15 3.91008661116813e+16 1.09130535323253e+12 5.62706409456799e+20 2.52408109234250e+16 1.65075070992776e+12 1.05001671523433e+18 4.80203312305780e+14 1.17627030096315e+08 1.61273887169397e+11 
1.33770250527507e-02 2.79327134862894e+02 2.78527769885686e+02 5.48370257327767e+20 8.31705311427078e+18 8.98941319357676e+16 1.69353640738781e+16 1.11040740950057e+15 1.49850246276730e+19 3.33803721039679e+15 8.41219711377951e+09 1.50050521916623e+15 4.15767989645229e+16 1.17266380442390e+12 5.62616120910042e+20 2.52268425524706e+16 1.63394814986753e+12 1.14031806521774e+18 4.81370895557074e+14 1.27706185376270e+08 1.75627631397500e+11 
1.44397312149660e-02 2.79335892776144e+02 2.78530747455547e+02 5.47317688611247e+20 8.88655324144818e+18 9.12730832243769e+16 1.68930343130231e+16 1.16551309024317e+15 1.60314265118141e+19 3.38081852920040e+15 8.95092145836493e+09 1.41695594417171e+15 4.39965372943424e+16 1.25161687002493e+12 5.62525867889776e+20 2.52130491666127e+16 1.61770620902524e+12 1.23058369569697e+18 4.82555889614036e+14 1.37775964164384e+08 1.90037553202689e+11 
1.66866321524317e-02 2.79353850366262e+02 2.78533667592374e+02 5.45162208640600e+20 1.00512559873363e+19 9.40925832722697e+16 1.68064260847859e+16 1.27424705223028e+15 1.81832400032189e+19 3.46887610284032e+15 1.00431255068061e+10 1.27209890563243e+15 4.89473684506885e+16 1.41103030492022e+12 5.62335158090011e+20 2.51844452716181e+16 1.58519579069631e+12 1.42131954050003e+18 4.85116593398514e+14 1.59037546945761e+08 2.20685598061912e+11 
1.85103242739999e-02 2.79367891930501e+02 2.78539660504367e+02 5.43480252214870e+20 1.09585893213428e+19 9.62886615825254e+16 1.67389115127568e+16 1.35548869573153e+15 1.98711657064164e+19 3.53802778806430e+15 1.08862062739310e+10 1.17901514783952e+15 5.28227689548485e+16 1.53336118890480e+12 5.62180479048328e+20 2.51617689271679e+16 1.56047461559287e+12 1.57601912698092e+18 4.87247794063410e+14 1.76264937732425e+08 2.45736899502748e+11 
2.03340163955681e-02 2.79381478300048e+02 2.78544351608799e+02 5.41856562073555e+20 1.18331946564089e+19 9.84053585338814e+16 1.66737884614507e+16 1.43108485963266e+15 2.15084094529518e+19 3.60516858928374e+15 1.16933797825170e+10 1.10117824486400e+15 5.65849271871499e+16 1.64978384838270e+12 5.62025896704175e+20 2.51395585879217e+16 1.53734830274815e+12 1.73062150301656e+18 4.89424153376965e+14 1.93472256332787e+08 2.70940876615252e+11 
2.21577085171363e-02 2.79394627930734e+02 2.78548894946298e+02 5.40289153654583e+20 1.26762461583672e+19 1.00445683123157e+17 1.66109690210725e+16 1.50156175626691e+15 2.30965604100331e+19 3.67035825288012e+15 1.24669460367622e+10 1.03500493226608e+15 6.02436109525343e+16 1.76065314543865e+12 5.61871410022907e+20 2.51177987064828e+16 1.51568083987623e+12 1.88512772079058e+18 4.91643825817801e+14 2.10660506978703e+08 2.96292946820936e+11 
2.39814006387045e-02 2.79407356550624e+02 2.78553296345868e+02 5.38776119075885e+20 1.34888761832290e+19 1.02412493576512e+17 1.65503692698067e+16 1.56737541702742e+15 2.46371421221226e+19 3.73365428890508e+15 1.32091476199351e+10 9.78727257162299e+14 6.38066767601354e+16 1.86629885306521e+12 5.61717018206489e+20 2.50964744219500e+16 1.49527789912816e+12 2.03953859512176e+18 4.93905087127093e+14 2.27828638447339e+08 3.21788617268984e+11 
2.58050927602726e-02 2.79419680024673e+02 2.78557560763725e+02 5.37315623641125e+20 1.42721769134075e+19 1.04308531447393e+17 1.64919089310586e+16 1.62893091624859e+15 2.61316170529951e+19 3.79511213527703e+15 1.39218098589874e+10 9.29834421576825e+14 6.72805742801842e+16 1.96702646303329e+12 5.61562720805959e+20 2.50755715226506e+16 1.47613805601492e+12 2.19385459081076e+18 4.96206316742113e+14 2.44981074862390e+08 3.47423479495764e+11 
2.87069394233192e-02 2.79438488458054e+02 2.78561693216370e+02 5.35095701096572e+20 1.54606623361483e+19 1.07186004509648e+17 1.64031104177399e+16 1.71896636372859e+15 2.84179926310302e+19 3.88924430950205e+15 1.49992089224065e+10 8.64267399425824e+14 7.26364096337993e+16 2.11785378367465e+12 5.61317398021175e+20 2.50431464583168e+16 1.44797360461736e+12 2.43920604734104e+18 4.99946710896862e+14 2.72241690006829e+08 3.88489762662304e+11 
3.16087860863657e-02 2.79456360174376e+02 2.78568007637936e+02 5.32997563828384e+20 1.65815894109062e+19 1.09900971332534e+17 1.63192417146934e+16 1.80039188125733e+15 3.05965881466396e+19 3.97906415147170e+15 1.60122314938868e+10 8.10553436863794e+14 7.77962451392000e+16 2.25798676840478e+12 5.61072313323111e+20 2.50117017930183e+16 1.42230274221635e+12 2.68431834228125e+18 5.03778753901725e+14 2.99464016947984e+08 4.29880661763899e+11 
3.45106327494123e-02 2.79473345520026e+02 2.78574016113042e+02 5.31014788362221e+20 1.76387881682476e+19 1.12462897104381e+17 1.62400273933931e+16 1.87429706761453e+15 3.26725340136347e+19 4.06476888219528e+15 1.69661802136308e+10 7.65269574134372e+14 8.27729413875703e+16 2.38835635807519e+12 5.60827467317313e+20 2.49811883817950e+16 1.39891830364031e+12 2.92919092472307e+18 5.07697179621923e+14 3.26658255255875e+08 4.71579984301776e+11 
3.74124794124588e-02 2.79489490222027e+02 2.78579734622418e+02 5.29141316375882e+20 1.86358649765517e+19 1.14880649117801e+17 1.61652094734294e+16 1.94159655711123e+15 3.46506856511728e+19 4.14654603489525e+15 1.78655486104103e+10 7.26874749759079e+14 8.75764192625863e+16 2.50979701483605e+12 5.60582861079351e+20 2.49515599677191e+16 1.37749751906921e+12 3.17382277053686e+18 5.11697143791735e+14 3.53822706878267e+08 5.13572208472784e+11 
4.03143260755054e-02 2.79504837426719e+02 2.78585177702998e+02 5.27371418648267e+20 1.95762216994467e+19 1.17162560033239e+17 1.60945455876465e+16 2.00305607138854e+15 3.65356552408175e+19 4.22457457141779e+15 1.87144972320096e+10 6.93960311248738e+14 9.22149580833359e+16 2.62306090083896e+12 5.60338495863946e+20 2.49227728560092e+16 1.35781664180888e+12 3.41821267342199e+18 5.15774159889274e+14 3.80959978995033e+08 5.55842575970176e+11 
4.69112590254428e-02 2.79536967859819e+02 2.78590359107111e+02 5.23705517713057e+20 2.15192882303631e+19 1.21884645265709e+17 1.59481936836946e+16 2.12424436419084e+15 4.04966158652282e+19 4.38888796407828e+15 2.04747464931603e+10 6.34065725824486e+14 1.02180389164598e+17 2.85356230457406e+12 5.59783871460523e+20 2.48602481085315e+16 1.31863089876251e+12 3.97289000955714e+18 5.25308264123086e+14 4.42565362982833e+08 6.52899312577714e+11 
5.35081919753802e-02 2.79565618241322e+02 2.78601231126631e+02 5.20489053045594e+20 2.32198296507412e+19 1.26027858415479e+17 1.58197250432208e+16 2.22474668544806e+15 4.40458895372198e+19 4.53656409851072e+15 2.20276226541388e+10 5.88920263421900e+14 1.11397400984117e+17 3.05197672936051e+12 5.59230518588444e+20 2.48014169572452e+16 1.28574017766399e+12 4.52629177999550e+18 5.35175616171791e+14 5.04060078931565e+08 7.51170864308508e+11 
6.01051249253176e-02 2.79591175599475e+02 2.78610956313792e+02 5.17669914009695e+20 2.47082784940103e+19 1.29665666237369e+17 1.57069962831744e+16 2.30914024669843e+15 4.72264963035467e+19 4.66930477891845e+15 2.34019226496470e+10 5.53733255287497e+14 1.19922187895042e+17 3.22369522354249e+12 5.58678456493076e+20 2.47458824450034e+16 1.25784017597220e+12 5.07839917620996e+18 5.45337769907245e+14 5.65459498223454e+08 8.50525115151201e+11 
6.67020578752551e-02 2.79613980220617e+02 2.78619659464713e+02 5.15202331622191e+20 2.60110956303549e+19 1.32861680461450e+17 1.56081422941052e+16 2.38067809966417e+15 5.00767638197906e+19 4.78863529099639e+15 2.46211749191247e+10 5.25620511003251e+14 1.27801709706730e+17 3.37305208057571e+12 5.58127704562918e+20 2.46932943834182e+16 1.23395070773406e+12 5.62919319428539e+18 5.55761425011301e+14 6.26771419899998e+08 9.50846500298368e+11 
7.32989908251925e-02 2.79634333335572e+02 2.78627450789872e+02 5.13045915117878e+20 2.71513930795011e+19 1.35671254311611e+17 1.55215310793412e+16 2.44179892014929e+15 5.26309929631570e+19 4.89592803422647e+15 2.57050234599967e+10 5.02707186700943e+14 1.35078128017510e+17 3.50357159973553e+12 5.57578281410017e+20 2.46433423081874e+16 1.21333056819338e+12 6.17865556272683e+18 5.66417333544191e+14 6.88001308246676e+08 1.05203477130392e+12 
8.16220340913132e-02 2.79656923267488e+02 2.78634428255762e+02 5.10714693730264e+20 2.83890165429284e+19 1.38738229684465e+17 1.54275379015812e+16 2.50694894707487e+15 5.54781935065619e+19 5.01600882545052e+15 2.69046996007314e+10 4.79182539420110e+14 1.43458100147063e+17 3.64574438210921e+12 5.56887023384521e+20 2.45836590923475e+16 1.19111679581229e+12 6.86995942884675e+18 5.80153294868383e+14 7.65146283289107e+08 1.18080242628961e+12 
8.99450773574340e-02 2.79676508024716e+02 2.78642203758903e+02 5.08759199045700e+20 2.94352638876249e+19 1.41350453447733e+17 1.53482572818009e+16 2.56147889329674e+15 5.79578963128308e+19 5.12110905814662e+15 2.79433792610972e+10 4.60431804372943e+14 1.51014766544647e+17 3.76712368890378e+12 5.56197940159939e+20 2.45272457459313e+16 1.17230289583808e+12 7.55908493741464e+18 5.94171526291309e+14 8.42159056148801e+08 1.31066822164977e+12 
9.82681206235548e-02 2.79693498125248e+02 2.78648977269923e+02 5.07125292532254e+20 3.03200535980964e+19 1.43578848462357e+17 1.52815513826910e+16 2.60755538813379e+15 6.01181632481192e+19 5.21317934043202e+15 2.88444648288279e+10 4.45038177912037e+14 1.57817539636930e+17 3.87133602924640e+12 5.55511059703208e+20 2.44736793336608e+16 1.15626166759236e+12 8.24600458633254e+18 6.08430897981813e+14 9.19055467818862e+08 1.44151850267943e+12 
1.06591163889676e-01 2.79708246245857e+02 2.78654883863320e+02 5.05766817103422e+20 3.10685241184492e+19 1.45482996967070e+17 1.52256008061476e+16 2.64679593941125e+15 6.20006940917701e+19 5.29391159649707e+15 2.96281069750793e+10 4.32234609593781e+14 1.63930714797081e+17 3.96136467076445e+12 5.54826407305197e+20 2.44225942210681e+16 1.14244570001923e+12 8.93069348539700e+18 6.22896997620092e+14 9.95833162039790e+08 1.57324592036083e+12 
1.14914207155796e-01 2.79721056228935e+02 2.78660039963396e+02 5.04644243647886e+20 3.17019012706838e+19 1.47113023055207e+17 1.51788621684362e+16 2.68045865857097e+15 6.36417938399114e+19 5.36478926921810e+15 3.03104533752756e+10 4.21481182516231e+14 1.69414008898525e+17 4.03949982379284e+12 5.54144005083872e+20 2.43736765491062e+16 1.13048834649278e+12 9.61312986360758e+18 6.37537136535570e+14 1.07249036687296e+09 1.70578400526255e+12 
1.29432775743399e-01 2.79739505151067e+02 2.78664546171892e+02 5.03155463815738e+20 3.25814330976303e+19 1.49418919003240e+17 1.51156575905717e+16 2.72859360836160e+15 6.60159774809583e+19 5.46847884867074e+15 3.12985325856096e+10 4.06378713040503e+14 1.77631134347638e+17 4.15270804145642e+12 5.52959076661861e+20 2.42927615120017e+16 1.11316435160125e+12 1.07981131067331e+19 6.63415313313818e+14 1.20592625177312e+09 1.93872434210240e+12 
1.43951344331001e-01 2.79753995538256e+02 2.78671097597407e+02 5.02136277067792e+20 3.32407654577625e+19 1.51197730450285e+17 1.50708141677186e+16 2.76671755415322e+15 6.78898923539972e+19 5.55175767364979e+15 3.20818992553958e+10 3.94635768284704e+14 1.84361329266881e+17 4.24316496747362e+12 5.51781140568096e+20 2.42164300617023e+16 1.09927453575581e+12 1.19760991139382e+19 6.89612112451577e+14 1.33899789808279e+09 2.17368861275994e+12 
1.58469912918603e-01 2.79765432736571e+02 2.78676316401315e+02 5.01472709037920e+20 3.37377533242734e+19 1.52586070980473e+17 1.50399115588934e+16 2.79750740167485e+15 6.93747517348608e+19 5.61917991831268e+15 3.27076316872167e+10 3.85329588279928e+14 1.89835568103452e+17 4.31647415015397e+12 5.50610256944129e+20 2.41437394855354e+16 1.08793271639287e+12 1.31470287958873e+19 7.16019087210302e+14 1.47168211729966e+09 2.41051505562356e+12 
1.72988481506206e-01 2.79774504638452e+02 2.78680505118160e+02 5.01079802901725e+20 3.41142317846195e+19 1.53683039539538e+17 1.50196521551865e+16 2.82276310339334e+15 7.05559752279306e+19 5.67423865832150e+15 3.32112937301063e+10 3.77788830963453e+14 1.94251296207331e+17 4.37670423907038e+12 5.49446460007303e+20 2.40739698042851e+16 1.07850855042698e+12 1.43108687424954e+19 7.42549705476294e+14 1.60397172368703e+09 2.64908574594845e+12 
1.87507050093808e-01 2.79781741275543e+02 2.78683894206924e+02 5.00893215949238e+20 3.44010128626769e+19 1.54561860422274e+17 1.50075357321154e+16 2.84384939975258e+15 7.14999577496338e+19 5.71964607307488e+15 3.36201564635586e+10 3.71506757380330e+14 1.97775786890113e+17 4.42687524662684e+12 5.48289768558304e+20 2.40065643685607e+16 1.07054277734781e+12 1.54676007807667e+19 7.69133472096997e+14 1.73587233609061e+09 2.88931181903993e+12 
2.14047522780951e-01 2.79791448351793e+02 2.78686661636461e+02 5.00939603614938e+20 3.47609185967249e+19 1.55765724182306e+17 1.50007515993799e+16 2.87462501865734e+15 7.27673741180823e+19 5.78401853537888e+15 3.41853419971003e+10 3.62441074344357e+14 2.02349595926540e+17 4.49938482440387e+12 5.46193651588881e+20 2.38881583083542e+16 1.05873202945376e+12 1.75637871572234e+19 8.17700895022192e+14 1.97593350141944e+09 3.33247846183210e+12 
2.40587995468094e-01 2.79798173120251e+02 2.78690524744395e+02 5.01301388411812e+20 3.49928072912031e+19 1.56651092087403e+17 1.50066075538635e+16 2.89910492371267e+15 7.36424580047455e+19 5.83247974718909e+15 3.45955489860652e+10 3.55203184120811e+14 2.05094773789116e+17 4.55543540163244e+12 5.44121226683083e+20 2.37743194534215e+16 1.04925364874758e+12 1.96362771850101e+19 8.65978846012517e+14 2.21466606629880e+09 3.78062176162922e+12 
2.67128468155237e-01 2.79803070255787e+02 2.78693371905567e+02 5.01845693058015e+20 3.51538353692049e+19 1.57356283859323e+17 1.50198887284388e+16 2.91970031014332e+15 7.42750126476127e+19 5.87112259928917e+15 3.49103743498146e+10 3.49236089967733e+14 2.06524263121845e+17 4.60119427313588e+12 5.42072318148277e+20 2.36638062741340e+16 1.04123507955119e+12 2.16852479975638e+19 9.13769182052620e+14 2.45198625482563e+09 4.23346745161117e+12 
2.93668940842380e-01 2.79806807621008e+02 2.78695593562395e+02 5.02498746433171e+20 3.52733207913270e+19 1.57953644641529e+17 1.50376655274660e+16 2.93769481436744e+15 7.47529919730886e+19 5.90351622718781e+15 3.51648025092436e+10 3.44090808442887e+14 2.07001541015653e+17 4.64028952285546e+12 5.40046644145397e+20 2.35558904855212e+16 1.03418741135982e+12 2.37109823005963e+19 9.60934116760498e+14 2.68789868296997e+09 4.69081623909019e+12 
3.20209413529523e-01 2.79809794395386e+02 2.78697415928200e+02 5.03217041755910e+20 3.53674824754620e+19 1.58483510227696e+17 1.50581930303737e+16 2.95395046341775e+15 7.51304374545250e+19 5.93179286738745e+15 3.53799748075245e+10 3.39473483800446e+14 2.06788396866849e+17 4.67504709912421e+12 5.38043873286091e+20 2.34500933414183e+16 1.02775843408951e+12 2.57138119788450e+19 1.00745721523497e+15 2.92239209106986e+09 5.15203788423245e+12 
3.67292728196621e-01 2.79813950078120e+02 2.78698977799168e+02 5.04577541089068e+20 3.54990573952824e+19 1.59325396339784e+17 1.50983885745117e+16 2.98007290401754e+15 7.56469281550049e+19 5.97566043037668e+15 3.57023592239048e+10 3.32173494572557e+14 2.05238043534289e+17 4.72985552029979e+12 5.34546216117208e+20 2.32668135313509e+16 1.01740802782556e+12 2.92115708230441e+19 1.08824427173918e+15 3.33496893125879e+09 5.97929662795153e+12 
4.14376042863719e-01 2.79817426035982e+02 2.78701346762971e+02 5.05966559212326e+20 3.56140101894192e+19 1.60115290186511e+17 1.51401060010008e+16 3.00421053269083e+15 7.60732984782983e+19 6.01575785816227e+15 3.59909323663472e+10 3.25621176665438e+14 2.02834790278040e+17 4.78032757370626e+12 5.31117547958975e+20 2.30882275496437e+16 1.00784480762089e+12 3.26403383311390e+19 1.16665211392454e+15 3.74315456913605e+09 6.81663619711237e+12 
4.61459357530817e-01 2.79820596094789e+02 2.78703468536478e+02 5.07347852133120e+20 3.57234995173065e+19 1.60882790428322e+17 1.51818454338170e+16 3.02703570939383e+15 7.64604691880864e+19 6.05410893828350e+15 3.62656613453423e+10 3.19578261094039e+14 2.00014845932620e+17 4.82867698783697e+12 5.27755751291740e+20 2.29137944730247e+16 9.98773591959220e+11 3.60022325526116e+19 1.24269376626215e+15 4.14700758818733e+09 7.66241736162582e+12 
5.08542672197916e-01 2.79823566558044e+02 2.78705471017615e+02 5.08713379613584e+20 3.58289133443306e+19 1.61632582991652e+17 1.52232479285210e+16 3.04880392896576e+15 7.68231270158912e+19 6.09128462793767e+15 3.65321765699885e+10 3.13940790995214e+14 1.97007311651707e+17 4.87558499279331e+12 5.24458747236658e+20 2.27432667537693e+16 9.90095653803729e+11 3.92993325342603e+19 1.31645051415406e+15 4.54663263533515e+09 8.51504924109275e+12 
5.55625986865014e-01 2.79826381881287e+02 2.78707390789485e+02 5.10060517633016e+20 3.59306229285491e+19 1.62366212619045e+17 1.52641873062177e+16 3.06966882984790e+15 7.71673428080163e+19 6.12751938307387e+15 3.67927369789757e+10 3.08655607384430e+14 1.93942711476334e+17 4.92133631734179e+12 5.21224575744983e+20 2.25764717455185e+16 9.81760597813908e+11 4.25335984029129e+19 1.38801845105042e+15 4.94211535637759e+09 9.37305069266944e+12 
6.38768983705598e-01 2.79831089476318e+02 2.78709243300225e+02 5.12386246785526e+20 3.61043321333222e+19 1.63630923224136e+17 1.53349859249346e+16 3.10463373053216e+15 7.77451057062871e+19 6.18981081179148e+15 3.72439439961511e+10 3.00046424167767e+14 1.88604813866920e+17 4.99995859036865e+12 5.15661442383782e+20 2.22905848631974e+16 9.67758012923288e+11 4.80968948396966e+19 1.50931887652185e+15 5.63060664898820e+09 1.08972080473605e+13 
7.21911980546182e-01 2.79835560836922e+02 2.78712390518533e+02 5.14639206270719e+20 3.62725251183092e+19 1.64862572798847e+17 1.54036277691662e+16 3.13753379190662e+15 7.82975748869212e+19 6.25046740839290e+15 3.76885516406824e+10 2.92220173906754e+14 1.83582301735835e+17 5.07641778990745e+12 5.10279293346380e+20 2.20151390034105e+16 9.54546256690188e+11 5.34792026045077e+19 1.62451938334577e+15 6.30681380356835e+09 1.24276201269851e+13 
8.05054977386766e-01 2.79839833620528e+02 2.78715415209186e+02 5.16820735467021e+20 3.64358053335967e+19 1.66063460277923e+17 1.54701246702061e+16 3.16857716762317e+15 7.88291935895374e+19 6.30967095923148e+15 3.81278103716236e+10 2.85080326003352e+14 1.78947582349557e+17 5.15093153192788e+12 5.05069577961948e+20 2.17495580005895e+16 9.42044456106629e+11 5.86890725136532e+19 1.73405603055693e+15 6.97105221338690e+09 1.39589834044419e+13 
8.88197974227351e-01 2.79843913285017e+02 2.78718331722684e+02 5.18934972185534e+20 3.65939534731954e+19 1.67233585823030e+17 1.55346086343610e+16 3.19791363284812e+15 7.93399789486588e+19 6.36742282005613e+15 3.85612081173551e+10 2.78548374938533e+14 1.74684872682879e+17 5.22351724208905e+12 5.00024489438478e+20 2.14933458952183e+16 9.30197689277062e+11 6.37343114512796e+19 1.83833735631768e+15 7.62361498552818e+09 1.54867177594572e+13 
9.71340971067935e-01 2.79847811182342e+02 2.78721143178543e+02 5.20985096974362e+20 3.67470268645810e+19 1.68373604757435e+17 1.55971765071826e+16 3.22570885517847e+15 7.98306716045852e+19 6.42375424707174e+15 3.89885669005910e+10 2.72537601738977e+14 1.70759985031517e+17 5.29422070555581e+12 4.95136912619639e+20 2.12460464624089e+16 9.18951479937180e+11 6.86220346721837e+19 1.93772490366671e+15 8.26480015756290e+09 1.70070755668479e+13 
1.18808119533340e+00 2.79857226708123e+02 2.78723854634683e+02 5.26042439432033e+20 3.71243668968107e+19 1.71212652438528e+17 1.57516534381640e+16 3.29188477316732e+15 8.10265624231296e+19 6.56439722224678e+15 4.00759085982263e+10 2.58883529416014e+14 1.61896953690976e+17 5.47025172776282e+12 4.83092608578474e+20 2.06404035371507e+16 8.92121685763487e+11 8.06667021686457e+19 2.17603308373277e+15 9.88407470813596e+09 2.09108688703765e+13 
1.40482141959886e+00 2.79865687807117e+02 2.78730497649747e+02 5.30717356894751e+20 3.74728164825299e+19 1.73872037324108e+17 1.58946077113852e+16 3.35018628350788e+15 8.21150719477530e+19 6.69665259693724e+15 4.11251919982650e+10 2.47690491303189e+14 1.54652766227412e+17 5.63508597170256e+12 4.71973812909824e+20 2.00859921702354e+16 8.68384836235224e+11 9.17858364640631e+19 2.38805144357868e+15 1.14303705201621e+10 2.46985830521407e+13 
1.62156164386432e+00 2.79873342831919e+02 2.78736583264164e+02 5.35044335976586e+20 3.77952624145772e+19 1.76365679687737e+17 1.60270450405383e+16 3.40209991281128e+15 8.31100503626811e+19 6.82116178510991e+15 4.21369872217869e+10 2.38268553276085e+14 1.48630400889235e+17 5.78958201166719e+12 4.61693092344483e+20 1.95773322517328e+16 8.47217893006062e+11 1.02066872522483e+20 2.57759203992040e+15 1.29069806808795e+10 2.83442521500166e+13 
1.83830186812978e+00 2.79880292534461e+02 2.78742179059138e+02 5.39053253749015e+20 3.80939411503978e+19 1.78704350228186e+17 1.61498489357010e+16 3.44864126446854e+15 8.40219324258724e+19 6.93838727121675e+15 4.31110557487411e+10 2.30255498454746e+14 1.43534906392628e+17 5.93437700096999e+12 4.52176649107487e+20 1.91097872614389e+16 8.28214093437044e+11 1.11583609541836e+20 2.74789017623513e+15 1.43157645473098e+10 3.18262710859973e+13 
2.05504209239524e+00 2.79886618232745e+02 2.78747334212365e+02 5.42770292516791e+20 3.83708029854621e+19 1.80898060226754e+17 1.62637959736697e+16 3.49054311825702e+15 8.48592614030029e+19 7.04876847704437e+15 4.40476583749316e+10 2.23389235289139e+14 1.39175698798388e+17 6.07010376506943e+12 4.43360227150687e+20 1.86794722023717e+16 8.11089771633620e+11 1.20400305089652e+20 2.90131580038361e+15 1.56588058364608e+10 3.51404314077597e+13 
2.40363602551293e+00 2.79895657675342e+02 2.78752089867882e+02 5.48192632948836e+20 3.87746621820143e+19 1.84143615270600e+17 1.64301584358656e+16 3.54976641890562e+15 8.60678460263797e+19 7.21285109884025e+15 4.54753709905404e+10 2.14200100439579e+14 1.33380288722416e+17 6.27068521221828e+12 4.30510159104347e+20 1.80570795801561e+16 7.86866387404832e+11 1.33250774021518e+20 3.11787896154788e+15 1.76851658081141e+10 4.01066232218628e+13 
2.75222995863062e+00 2.79903504959009e+02 2.78758990231371e+02 5.53003906359837e+20 3.91330572875914e+19 1.87070542332835e+17 1.65779022479142e+16 3.60066453342839e+15 8.71287504877317e+19 7.36165548196964e+15 4.68076346866472e+10 2.06752502171524e+14 1.28699340482054e+17 6.45130694288690e+12 4.19118119044766e+20 1.75099989935740e+16 7.66041928779356e+11 1.44643171311631e+20 3.30322451824667e+15 1.95539522012518e+10 4.46297973350944e+13 
3.10082389174831e+00 2.79910341979079e+02 2.78765080207150e+02 5.57277473797678e+20 3.94514619917734e+19 1.89708947953602e+17 1.67092330706174e+16 3.64464631465888e+15 8.80625883768281e+19 7.49648214633018e+15 4.80465516873756e+10 2.00657971484701e+14 1.24863984753947e+17 6.61385781129456e+12 4.09006572350652e+20 1.70280527645285e+16 7.48031215435862e+11 1.54755036341057e+20 3.46275062896224e+15 2.12729388843019e+10 4.87303405481520e+13 
3.44941782486600e+00 2.79916316397819e+02 2.78770464279059e+02 5.61076155536255e+20 3.97345453405386e+19 1.92085611391437e+17 1.68260468745223e+16 3.68282580566078e+15 8.88862214441598e+19 7.61850181171097e+15 4.91945878032506e+10 1.95620880062149e+14 1.21696930804983e+17 6.76003019913753e+12 4.00024158549086e+20 1.66027606068956e+16 7.32376466605044e+11 1.63737733787888e+20 3.60070762784061e+15 2.28499956141711e+10 5.24339771855922e+13 
3.79801175798369e+00 2.79921553757612e+02 2.78775230426315e+02 5.64454258642437e+20 3.99863596645267e+19 1.94224893801624e+17 1.69299855053843e+16 3.71616299477619e+15 8.96139922160439e+19 7.72880626543461e+15 5.02548383487016e+10 1.91386626756697e+14 1.19046701458340e+17 6.89137694338498e+12 3.92040223172351e+20 1.62269620959096e+16 7.18700251535299e+11 1.71721921869069e+20 3.72047830151447e+15 2.42934536957748e+10 5.57695945893457e+13 
4.54309294445328e+00 2.79930704620398e+02 2.78779455129938e+02 5.70467679693314e+20 4.04348303505719e+19 1.98095227573087e+17 1.71151399465293e+16 3.77416752990861e+15 9.08992593889611e+19 7.92951701946835e+15 5.22407081712457e+10 1.84381856987973e+14 1.14665663431171e+17 7.12839334273691e+12 3.77836563628899e+20 1.55635038017982e+16 6.94878955016320e+11 1.85926032134896e+20 3.92718982788394e+15 2.69639477036102e+10 6.17957546532335e+13 
5.28817413092287e+00 2.79937691771868e+02 2.78786944105741e+02 5.75154901319293e+20 4.07846126926335e+19 2.01169559829755e+17 1.72595709380824e+16 3.81832713139457e+15 9.18929189017184e+19 8.09003226900667e+15 5.38835312969746e+10 1.79332962737614e+14 1.11490772233810e+17 7.31604397576972e+12 3.66772255716723e+20 1.50511453659583e+16 6.76717282522848e+11 1.96990691916874e+20 4.08286754044929e+15 2.91411811962179e+10 6.65601211482282e+13 
6.03325531739246e+00 2.79943062377785e+02 2.78792755501242e+02 5.78816984725830e+20 4.10580384124042e+19 2.03607841234320e+17 1.73724805438489e+16 3.85221012726367e+15 9.26643966411048e+19 8.21802104346003e+15 5.52298331207005e+10 1.75625009216639e+14 1.09155009931649e+17 7.46443279697538e+12 3.58131872590703e+20 1.46537141465868e+16 6.62754824618841e+11 2.05631350161748e+20 4.20131749006487e+15 3.09042511615162e+10 7.03190533376924e+13 
6.77833650386205e+00 2.79947208123490e+02 2.78797279662671e+02 5.81680121285899e+20 4.12719099469094e+19 2.05537000016118e+17 1.74607974296996e+16 3.87834806786442e+15 9.32646910021743e+19 8.31971362882918e+15 5.63232769393409e+10 1.72859218736757e+14 1.07416710737900e+17 7.58154220373485e+12 3.51378901480156e+20 1.43447206364932e+16 6.51964855091222e+11 2.12384536442777e+20 4.29204852180850e+15 3.23224536588871e+10 7.32781507848745e+13 
7.52341769033164e+00 2.79950416858045e+02 2.78800806956448e+02 5.83917994288851e+20 4.14391398711163e+19 2.07059167777770e+17 1.75298512121911e+16 3.89857813430355e+15 9.37322528845609e+19 8.40022197076975e+15 5.72042406958830e+10 1.70772269927298e+14 1.06103398320158e+17 7.67375408954357e+12 3.46102014037106e+20 1.41042513676672e+16 6.43601339586239e+11 2.17661592102422e+20 4.36185131737849e+15 3.34562424171151e+10 7.56023116920928e+13 
8.69955763392039e+00 2.79954063211859e+02 2.78803558146052e+02 5.86484526836282e+20 4.16310072417663e+19 2.08820931577357e+17 1.76090718589810e+16 3.92158499149892e+15 9.42668090338787e+19 8.49370699366587e+15 5.82450770118177e+10 1.68448899089587e+14 1.04639803325699e+17 7.78024469967023e+12 3.40051504551054e+20 1.38295777524321e+16 6.34073298618817e+11 2.23712294326531e+20 4.44076611867313e+15 3.47855821902205e+10 7.82777278638292e+13 
9.87569757750915e+00 2.79956515464173e+02 2.78806707237588e+02 5.88224575273416e+20 4.17611336490996e+19 2.10025194658693e+17 1.76627963357698e+16 3.93706924301080e+15 9.46282865851450e+19 8.55779687058907e+15 5.89696832281794e+10 1.66915730868480e+14 1.03669625430675e+17 7.85289683226322e+12 3.35950162048947e+20 1.36440256933705e+16 6.27651155708945e+11 2.27813767189860e+20 4.49358037838813e+15 3.57047179292816e+10 8.00975496206410e+13 
1.10518375210979e+01 2.79958177952789e+02 2.78808838675000e+02 5.89411549721952e+20 4.18499180747426e+19 2.10851154854756e+17 1.76994519823727e+16 3.94755817639381e+15 9.48743247417585e+19 8.60183640407543e+15 5.94731051711739e+10 1.65898386758012e+14 1.03025250326495e+17 7.90266018188406e+12 3.33152873011837e+20 1.35177664982635e+16 6.23294765916721e+11 2.30611144833304e+20 4.52926538159394e+15 3.63399457221313e+10 8.13427902502291e+13 
1.22279774646866e+01 2.79959308043275e+02 2.78810290521193e+02 5.90221655822215e+20 4.19105219315281e+19 2.11416856390504e+17 1.77244728312767e+16 3.95468563742078e+15 9.50419921897369e+19 8.63203482934412e+15 5.98204578237647e+10 1.65215781232079e+14 1.02593869582845e+17 7.93671917883392e+12 3.31243937201563e+20 1.34317433648925e+16 6.20332434997613e+11 2.32520140922912e+20 4.55346074009654e+15 3.67770049034486e+10 8.21943483951929e+13 
1.34041174082754e+01 2.79960074788709e+02 2.78811280501847e+02 5.90772613301325e+20 4.19517439094443e+19 2.11802559604862e+17 1.77414910991165e+16 3.95952427731692e+15 9.51559313602652e+19 8.65264242179784e+15 6.00584399755845e+10 1.64754571672810e+14 1.02301917410343e+17 7.95992944625417e+12 3.29945735645055e+20 1.33733068124933e+16 6.18320918524930e+11 2.33818383440342e+20 4.56984427524976e+15 3.70759704837181e+10 8.27741680451359e+13 
1.53059074461539e+01 2.79960809724196e+02 2.78811953481887e+02 5.91301617918002e+20 4.19913325810063e+19 2.12174126900625e+17 1.77578321511344e+16 3.96417672317912e+15 9.52653354830151e+19 8.67252157387379e+15 6.02900535728804e+10 1.64307559841363e+14 1.02019418406699e+17 7.98225220382751e+12 3.28699238700073e+20 1.33172387532072e+16 6.16383868632617e+11 2.35064919184027e+20 4.58556598033582e+15 3.73657837675413e+10 8.33297740393343e+13 
1.72076974840324e+01 2.79961204011226e+02 2.78812599487230e+02 5.91585757986873e+20 4.20125985771960e+19 2.12374049013624e+17 1.77666095831577e+16 3.96667493951022e+15 9.53240900521678e+19 8.68322460099445e+15 6.04152828639204e+10 1.64067648831293e+14 1.01867085675506e+17 7.99425754947772e+12 3.28029718474191e+20 1.32871424206163e+16 6.15343472387478e+11 2.35734459386477e+20 4.59399339318484e+15 3.75221431312165e+10 8.36282204684902e+13 
1.91094875219110e+01 2.79961424832531e+02 2.78812946419441e+02 5.91745325656245e+20 4.20245379034913e+19 2.12486156479581e+17 1.77715391941724e+16 3.96806374641497e+15 9.53570168069077e+19 8.68922116632427e+15 6.04849019471757e+10 1.63939378889889e+14 1.01785427425369e+17 8.00100031597196e+12 3.27653788288993e+20 1.32702519160538e+16 6.14765568014724e+11 2.36110400071978e+20 4.59869664531707e+15 3.76093697541519e+10 8.37968077014704e+13 
2.10112775597895e+01 2.79961548987898e+02 2.78813141043090e+02 5.91835158343733e+20 4.20312573525575e+19 2.12549094804650e+17 1.77743146284872e+16 3.96883933264205e+15 9.53755153094065e+19 8.69258269862177e+15 6.05234386073222e+10 1.63870025826879e+14 1.01741441118403e+17 8.00479655120071e+12 3.27442184178132e+20 1.32607498297341e+16 6.14443656757961e+11 2.36322009811787e+20 4.60132556565500e+15 3.76579426232779e+10 8.38923149905834e+13 
2.29130675976680e+01 2.79961615918557e+02 2.78813250551000e+02 5.91883560358422e+20 4.20348776306496e+19 2.12582970010275e+17 1.77758100652586e+16 3.96925734392919e+15 9.53854764222271e+19 8.69439086357749e+15 6.05440567822656e+10 1.63832623256959e+14 1.01717598122129e+17 8.00684281337990e+12 3.27328178344969e+20 1.32556324724171e+16 6.14270569831463e+11 2.36436018694761e+20 4.60273622202220e+15 3.76839963975899e+10 8.39439384308580e+13 
2.65093613416997e+01 2.79961659357994e+02 2.78813309568360e+02 5.91914899135241e+20 4.20372245381580e+19 2.12605173113964e+17 1.77767781842060e+16 3.96953571544264e+15 9.53919658727990e+19 8.69558314176540e+15 6.05583529187527e+10 1.63804704105677e+14 1.01700111395913e+17 8.00816992386269e+12 3.27254319835703e+20 1.32523146776638e+16 6.14154163294167e+11 2.36509878602668e+20 4.60366976339721e+15 3.77016427060410e+10 8.39766060593543e+13 
3.01056550857314e+01 2.79961673379027e+02 2.78813347834462e+02 5.91924950265549e+20 4.20379786228015e+19 2.12612403491938e+17 1.77770885732672e+16 3.96962876652334e+15 9.53940680630592e+19 8.69597432563546e+15 6.05633673451947e+10 1.63794020760032e+14 1.01693292289370e+17 8.00859674412459e+12 3.27230605818920e+20 1.32512484194203e+16 6.14114882135657e+11 2.36533592080154e+20 4.60397756867934e+15 3.77076312614868e+10 8.39867636915921e+13 
3.37019488297631e+01 2.79961683668914e+02 2.78813360148735e+02 5.91932477360233e+20 4.20385403265145e+19 2.12617579590587e+17 1.77773211429305e+16 3.96968947244684e+15 9.53956020758445e+19 8.69624829872666e+15 6.05661711593032e+10 1.63790247533429e+14 1.01690745797953e+17 8.00891332257533e+12 3.27212883357679e+20 1.32504524906188e+16 6.14089920275049e+11 2.36551313690728e+20 4.60419223600192e+15 3.77113912384005e+10 8.39950300940268e+13 
3.72982425737948e+01 2.79961689521637e+02 2.78813369280241e+02 5.91936796929531e+20 4.20388612130313e+19 2.12620415175206e+17 1.77774546823655e+16 3.96972061311206e+15 9.53964605925803e+19 8.69639471248836e+15 6.05673358277102e+10 1.63789813293371e+14 1.01690389858183e+17 8.00909415492446e+12 3.27202734024133e+20 1.32499986020327e+16 6.14077706773257e+11 2.36561462437589e+20 4.60430456968651e+15 3.77131723545179e+10 8.40001554238300e+13 
4.08945363178265e+01 2.79961690506216e+02 2.78813374493946e+02 5.91937522759151e+20 4.20389142864146e+19 2.12620803386618e+17 1.77774771330776e+16 3.96972398063677e+15 9.53965949507256e+19 8.69641236943727e+15 6.05673277300579e+10 1.63790644648945e+14 1.01690839690045e+17 8.00912333457240e+12 3.27201038000658e+20 1.32499226547272e+16 6.14076728772529e+11 2.36563158221723e+20 4.60431894353801e+15 3.77132526343571e+10 8.40012100658311e+13 
6.19450127793205e+01 2.79961692401584e+02 2.78813375367147e+02 5.91938917301034e+20 4.20390149670943e+19 2.12621403322298e+17 1.77775204490017e+16 3.96972773555702e+15 9.53968275494887e+19 8.69643431027058e+15 6.05667032738447e+10 1.63793530148421e+14 1.01692441739075e+17 8.00917997205813e+12 3.27197825636191e+20 1.32497830798599e+16 6.14077011001267e+11 2.36566373565582e+20 4.60432972951080e+15 3.77129504599166e+10 8.40037536726763e+13 
8.29954892408144e+01 2.79961688766671e+02 2.78813377032369e+02 5.91936275754660e+20 4.20388183626395e+19 2.12619654808605e+17 1.77774389607856e+16 3.96970718051441e+15 9.53962961817785e+19 8.69634345536785e+15 6.05658700271252e+10 1.63794482148133e+14 1.01693100375358e+17 8.00906929493000e+12 3.27204070166359e+20 1.32500626571459e+16 6.14085137195816e+11 2.36560134932322e+20 4.60425876043384e+15 3.77117993548409e+10 8.40006719754299e+13 
1.04045965702308e+02 2.79961689498564e+02 2.78813373813543e+02 5.91936144389554e+20 4.20388093395102e+19 2.12619424714662e+17 1.77774341703238e+16 3.96971732518116e+15 9.53963538706106e+19 8.69633103343989e+15 6.05660687964638e+10 1.63789765461521e+14 1.01690475714798e+17 8.00904454217916e+12 3.27204320328541e+20 1.32500400681564e+16 6.14079794010050e+11 2.36559888103115e+20 4.60430949276231e+15 3.77118236726222e+10 8.39994592273955e+13 
1.25096442163802e+02 2.79961688935289e+02 2.78813374013133e+02 5.91936717526651e+20 4.20388534377579e+19 2.12620309975753e+17 1.77774529466884e+16 3.96971056080622e+15 9.53963860887054e+19 8.69638622465340e+15 6.05671183275983e+10 1.63794080355663e+14 1.01692852706996e+17 8.00909605054934e+12 3.27203052620780e+20 1.32500256991675e+16 6.14082547738765e+11 2.36561157092048e+20 4.60426925184503e+15 3.77129011396692e+10 8.40009206422501e+13 
2.25096442163802e+02 2.79961689258364e+02 2.78813374183433e+02 5.91936649820059e+20 4.20388487306752e+19 2.12620190982912e+17 1.77774504402128e+16 3.96971519383022e+15 9.53964107370643e+19 8.69637956653732e+15 6.05670226606673e+10 1.63791890319586e+14 1.01691647218651e+17 8.00908527894589e+12 3.27203166671878e+20 1.32500166784219e+16 6.14080252492734e+11 2.36561040891649e+20 4.60429231169348e+15 3.77128112837325e+10 8.40003190832059e+13 
3.25096442163802e+02 2.79961689174554e+02 2.78813374269462e+02 5.91936577616726e+20 4.20388435235314e+19 2.12620145094865e+17 1.77774482749745e+16 3.96971529424716e+15 9.53963925401368e+19 8.69637687571290e+15 6.05669027408680e+10 1.63791584006795e+14 1.01691427333297e+17 8.00908430774515e+12 3.27203341277681e+20 1.32500277297692e+16 6.14080513476098e+11 2.36560866101289e+20 4.60428566094646e+15 3.77127381491159e+10 8.40003023969739e+13 
4.25096442163802e+02 2.79961689180240e+02 2.78813374185895e+02 5.91936549400730e+20 4.20388415508491e+19 2.12620127819012e+17 1.77774473812006e+16 3.96971584112557e+15 9.53963924358406e+19 8.69637609583522e+15 6.05668660316606e+10 1.63791251943580e+14 1.01691236559183e+17 8.00908294916765e+12 3.27203403526845e+20 1.32500296615592e+16 6.14080249611080e+11 2.36560804119493e+20 4.60428832015676e+15 3.77127211788370e+10 8.40001477362725e+13 
5.25096442163802e+02 2.79961689174702e+02 2.78813374169568e+02 5.91936554130796e+20 4.20388418791003e+19 2.12620131597174e+17 1.77774475428228e+16 3.96971569260624e+15 9.53963916591825e+19 8.69637627698600e+15 6.05668752628166e+10 1.63791331359855e+14 1.01691282213856e+17 8.00908318321938e+12 3.27203395684405e+20 1.32500295159123e+16 6.14080324933798e+11 2.36560812247555e+20 4.60428728692155e+15 3.77127268233932e+10 8.40001980278491e+13 
6.25096442163802e+02 2.79961689168838e+02 2.78813374169903e+02 5.91936545164950e+20 4.20388412641536e+19 2.12620128661245e+17 1.77774472660783e+16 3.96971581526931e+15 9.53963906164701e+19 8.69637619441990e+15 6.05668823944590e+10 1.63791243767053e+14 1.01691228506978e+17 8.00908297600536e+12 3.27203416148002e+20 1.32500305938995e+16 6.14080275752249e+11 2.36560791807929e+20 4.60428732216105e+15 3.77127303832703e+10 8.40001655114996e+13 
7.25096442163802e+02 2.79961689172319e+02 2.78813374161620e+02 5.91936549932422e+20 4.20388415927982e+19 2.12620130432709e+17 1.77774474120792e+16 3.96971575627359e+15 9.53963913459604e+19 8.69637625926043e+15 6.05668839029217e+10 1.63791287804301e+14 1.01691255997304e+17 8.00908307524895e+12 3.27203405019772e+20 1.32500299747714e+16 6.14080292658140e+11 2.36560802914594e+20 4.60428744433600e+15 3.77127302288851e+10 8.40001780473819e+13 
8.25096442163802e+02 2.79961689168897e+02 2.78813374166236e+02 5.91936546333507e+20 4.20388413433901e+19 2.12620129076749e+17 1.77774473016748e+16 3.96971579067271e+15 9.53963906581260e+19 8.69637620712053e+15 6.05668828219341e+10 1.63791258839859e+14 1.01691237626134e+17 8.00908300503244e+12 3.27203413412568e+20 1.32500304614799e+16 6.14080286282375e+11 2.36560794508849e+20 4.60428725107839e+15 3.77127301161127e+10 8.40001729169602e+13 
9.25096442163802e+02 2.79961689171195e+02 2.78813374162447e+02 5.91936548472528e+20 4.20388414915268e+19 2.12620129830734e+17 1.77774473667759e+16 3.96971577261726e+15 9.53963911169294e+19 8.69637623543401e+15 6.05668824843973e+10 1.63791275149989e+14 1.01691248053764e+17 8.00908304348713e+12 3.27203408322794e+20 1.32500301596315e+16 6.14080288592592e+11 2.36560799597307e+20 4.60428740552929e+15 3.77127298785493e+10 8.40001743897790e+13 
1.00000000000000e+03 2.79961689170385e+02 2.78813374164826e+02 5.91936547743625e+20 4.20388414412901e+19 2.12620129594691e+17 1.77774473446157e+16 3.96971577915213e+15 9.53963909533744e+19 8.69637622712731e+15 6.05668825295923e+10 1.63791269371614e+14 1.01691244353480e+17 8.00908303198136e+12 3.27203410051493e+20 1.32500302649952e+16 6.14080287863009e+11 2.36560797868392e+20 4.60428734553199e+15 3.77127299909393e+10 8.40001741501233e+13 
