Time(s)              GasTemp(K)           NearWallTemp(K)      [O2(X)](m^-3)        [O2(a1Dg)](m^-3)     [O2(b1Sg+)](m^-3)    [O2(A3Su+_C3Du_c1Su-)](m^-3) [O2(+,X)](m^-3)      [O(3P)](m^-3)        [O(1D)](m^-3)        [O(+,gnd)](m^-3)     [O(-,gnd)](m^-3)     [O3(X)](m^-3)        [O3(exc)](m^-3)      [CO2(X)](m^-3)       [CO2(e1)](m^-3)      [CO2(+,X)](m^-3)     [CO(X)](m^-3)        [CO(a3P)](m^-3)      [CO(+,X)](m^-3)      [C(X)](m^-3)        
0.00000000000000e+00 3.96252108460000e+02 3.56045948807000e+02 2.26162777091670e+22 2.26162777091670e-03 2.26162777091670e-03 2.26162777091670e-03 0.00000000000000e+00 0.00000000000000e+00 0.00000000000000e+00 0.00000000000000e+00 0.00000000000000e+00 0.00000000000000e+00 0.00000000000000e+00 0.00000000000000e+00 0.00000000000000e+00 0.00000000000000e+00 0.00000000000000e+00 0.00000000000000e+00 0.00000000000000e+00 0.00000000000000e+00 
1.18218213413233e-16 3.96252108459992e+02 3.65008772463710e+02 2.26162777091669e+22 1.19186439832172e+07 2.82392622800661e+06 3.72325965818910e+06 2.47927394239886e+02 9.82373521438734e+06 1.50449662795491e+06 5.82096834050922e-03 4.78720212736492e+05 1.08016877636894e-06 1.14549014007048e-10 0.00000000000000e+00 0.00000000000000e+00 0.00000000000000e+00 0.00000000000000e+00 0.00000000000000e+00 0.00000000000000e+00 0.00000000000000e+00 
2.36436426826467e-16 3.96252108459984e+02 3.65008772463706e+02 2.26162777091669e+22 2.38372879641782e+07 5.64785245387042e+06 7.44651931411367e+06 4.95854788479768e+02 1.96474704289303e+07 3.00899325575419e+06 1.16419366807740e-02 9.57440425471732e+05 3.40914027309425e-06 3.61530221424900e-10 0.00000000000000e+00 0.00000000000000e+00 0.00000000000000e+00 0.00000000000000e+00 0.00000000000000e+00 0.00000000000000e+00 0.00000000000000e+00 
3.54654640239700e-16 3.96252108459976e+02 3.65008772463701e+02 2.26162777091669e+22 3.57559319451448e+07 8.47177867985554e+06 1.11697789700353e+07 7.43782182719646e+02 2.94712056436322e+07 4.51348988339454e+06 1.74629050207891e-02 1.43616063820569e+06 7.01324130843282e-06 7.43735511023080e-10 0.00000000000000e+00 0.00000000000000e+00 0.00000000000000e+00 0.00000000000000e+00 0.00000000000000e+00 0.00000000000000e+00 0.00000000000000e+00 
8.70445902912252e-16 3.96252108459942e+02 3.65008772463696e+02 2.26162777091668e+22 8.77574996461030e+07 2.07926929611447e+07 2.74145245446353e+07 1.82550030409825e+03 7.23325942948485e+07 1.10776748143539e+07 4.28600458086995e-02 3.52483797363589e+06 3.66607335413699e-05 3.88777288511706e-09 0.00000000000000e+00 0.00000000000000e+00 0.00000000000000e+00 0.00000000000000e+00 0.00000000000000e+00 0.00000000000000e+00 0.00000000000000e+00 
1.38623716558480e-15 3.96252108459907e+02 3.65008772463675e+02 2.26162777091667e+22 1.39759067347166e+08 3.31136072447013e+07 4.36592701191798e+07 2.90721842547678e+03 1.15193982949035e+08 1.76418597423431e+07 6.82571865919446e-02 5.61351530904217e+06 9.01394840077046e-05 9.55905155080898e-09 0.00000000000000e+00 0.00000000000000e+00 0.00000000000000e+00 0.00000000000000e+00 0.00000000000000e+00 0.00000000000000e+00 0.00000000000000e+00 
1.90202842825736e-15 3.96252108459873e+02 3.65008772463654e+02 2.26162777091666e+22 1.91760635048334e+08 4.54345215305612e+07 5.99040156936679e+07 3.98893654685523e+03 1.58055371606238e+08 2.42060446673154e+07 9.36543273704507e-02 7.70219264442416e+06 1.67825859012054e-04 1.77974841497707e-08 0.00000000000000e+00 0.00000000000000e+00 0.00000000000000e+00 0.00000000000000e+00 0.00000000000000e+00 0.00000000000000e+00 0.00000000000000e+00 
2.41781969092991e-15 3.96252108459838e+02 3.65008772463633e+02 2.26162777091665e+22 2.43762202749609e+08 5.77554358187369e+07 7.61487612680994e+07 5.07065466823361e+03 2.00916760266474e+08 3.07702295892541e+07 1.19051468144192e-01 9.79086997978174e+06 2.69852685694239e-04 2.86171566456592e-08 0.00000000000000e+00 0.00000000000000e+00 0.00000000000000e+00 0.00000000000000e+00 0.00000000000000e+00 0.00000000000000e+00 0.00000000000000e+00 
3.94860473849713e-15 3.96252108459736e+02 3.65008772463611e+02 2.26162777091661e+22 3.98094445360757e+08 9.43219167513775e+07 1.24360538834576e+08 8.28101910385516e+03 3.28122429762148e+08 5.02516687797526e+07 1.94426074397642e-01 1.59897265046420e+07 7.16143091200249e-04 7.59450622871447e-08 0.00000000000000e+00 0.00000000000000e+00 0.00000000000000e+00 0.00000000000000e+00 0.00000000000000e+00 0.00000000000000e+00 0.00000000000000e+00 
5.47938978606434e-15 3.96252108459634e+02 3.65008772463549e+02 2.26162777091658e+22 5.52426687972844e+08 1.30888397704438e+08 1.72572316400553e+08 1.14913835394761e+04 4.55328099284569e+08 6.97331079435034e+07 2.69800680609077e-01 2.21885830292869e+07 1.37705017414158e-03 1.46032493423761e-07 0.00000000000000e+00 0.00000000000000e+00 0.00000000000000e+00 0.00000000000000e+00 0.00000000000000e+00 0.00000000000000e+00 0.00000000000000e+00 
7.01017483363156e-15 3.96252108459531e+02 3.65008772463486e+02 2.26162777091655e+22 7.06758930585871e+08 1.67454878677918e+08 2.20784093966030e+08 1.47017479750963e+04 5.82533768833737e+08 8.92145470805055e+07 3.45175286778497e-01 2.83874395537164e+07 2.25258060829948e-03 2.38880157797550e-07 0.00000000000000e+00 0.00000000000000e+00 0.00000000000000e+00 0.00000000000000e+00 0.00000000000000e+00 0.00000000000000e+00 0.00000000000000e+00 
8.54095988119878e-15 3.96252108459429e+02 3.65008772463424e+02 2.26162777091652e+22 8.61091173199837e+08 2.04021359671819e+08 2.68995871531007e+08 1.79121124107159e+04 7.09739438409652e+08 1.08695986190759e+08 4.20549892905901e-01 3.45862960779306e+07 3.34273287790175e-03 3.54487894670450e-07 0.00000000000000e+00 0.00000000000000e+00 0.00000000000000e+00 0.00000000000000e+00 0.00000000000000e+00 0.00000000000000e+00 0.00000000000000e+00 
2.38488103568710e-14 3.96252108458405e+02 3.65008772463361e+02 2.26162777091621e+22 2.40441359939118e+09 5.69686170733919e+08 7.51113647153293e+08 5.00157567668752e+04 1.98179613563988e+09 3.03510375822145e+08 1.17429595186910e+00 9.65748613082287e+07 2.60483276365696e-02 2.76235558474558e-06 0.00000000000000e+00 0.00000000000000e+00 0.00000000000000e+00 0.00000000000000e+00 0.00000000000000e+00 0.00000000000000e+00 0.00000000000000e+00 
3.91566608325432e-14 3.96252108457381e+02 3.65008772462734e+02 2.26162777091589e+22 3.94773602567649e+09 9.35350983838012e+08 1.23323142272561e+09 8.21194011229683e+04 3.25385283554481e+09 4.98324762778709e+08 1.92804200663076e+00 1.58563426516992e+08 7.02159141210271e-02 7.44621018917778e-06 0.00000000000000e+00 0.00000000000000e+00 0.00000000000000e+00 0.00000000000000e+00 0.00000000000000e+00 0.00000000000000e+00 0.00000000000000e+00 
5.44645113082153e-14 3.96252108456357e+02 3.65008772462107e+02 2.26162777091557e+22 5.49105845205576e+09 1.30101579898410e+09 1.71534919824794e+09 1.14223045478995e+05 4.52590953812444e+09 6.93139147060451e+08 2.68178805719088e+00 2.20551991704221e+08 1.35845473749800e-01 1.44060497427184e-05 0.00000000000000e+00 0.00000000000000e+00 0.00000000000000e+00 0.00000000000000e+00 0.00000000000000e+00 0.00000000000000e+00 0.00000000000000e+00 
6.97723617838875e-14 3.96252108455333e+02 3.65008772461480e+02 2.26162777091526e+22 7.03438087852900e+09 1.66668061617217e+09 2.19746697372031e+09 1.46326689834956e+05 5.79796624337876e+09 8.87953528667373e+08 3.43553410354947e+00 2.82540556869916e+08 2.22937003521111e-01 2.36418739325533e-05 0.00000000000000e+00 0.00000000000000e+00 0.00000000000000e+00 0.00000000000000e+00 0.00000000000000e+00 0.00000000000000e+00 0.00000000000000e+00 
2.22850866540609e-13 3.96252108445093e+02 3.65008772460854e+02 2.26162777091210e+22 2.24676051484294e+10 5.32332890036245e+09 7.01864472569537e+09 4.67363133390924e+05 1.85185334430302e+10 2.83609719762147e+09 1.09729943360511e+01 9.02426207342462e+08 2.27426071949075e+00 2.41179279230148e-04 0.00000000000000e+00 0.00000000000000e+00 0.00000000000000e+00 0.00000000000000e+00 0.00000000000000e+00 0.00000000000000e+00 0.00000000000000e+00 
3.75929371297331e-13 3.96252108434854e+02 3.65008772454586e+02 2.26162777090895e+22 3.79008294277261e+10 8.97997738875184e+09 1.18398224726730e+10 7.88399576940275e+05 3.12391009101511e+10 4.78424059909355e+09 1.85104541483993e+01 1.52231185566156e+09 6.47178153911440e+00 6.86315163939938e-04 0.00000000000000e+00 0.00000000000000e+00 0.00000000000000e+00 0.00000000000000e+00 0.00000000000000e+00 0.00000000000000e+00 0.00000000000000e+00 
5.29007876054053e-13 3.96252108424614e+02 3.65008772448318e+02 2.26162777090579e+22 5.33340537164191e+10 1.26366260813403e+10 1.66610002146532e+10 1.10943602048301e+06 4.39596686447415e+10 6.73238373308365e+09 2.60479135405943e+01 2.14219750182720e+09 1.28154994666151e+01 1.35904953377683e-03 0.00000000000000e+00 0.00000000000000e+00 0.00000000000000e+00 0.00000000000000e+00 0.00000000000000e+00 0.00000000000000e+00 0.00000000000000e+00 
6.82086380810775e-13 3.96252108414374e+02 3.65008772442050e+02 2.26162777090264e+22 6.87672780145085e+10 1.62932749781278e+10 2.14821779516360e+10 1.43047246401912e+06 5.66802366468012e+10 8.68052659959181e+09 3.35853725126360e+01 2.76208314583938e+09 2.13054144969789e+01 2.25938239372566e-03 0.00000000000000e+00 0.00000000000000e+00 0.00000000000000e+00 0.00000000000000e+00 0.00000000000000e+00 0.00000000000000e+00 0.00000000000000e+00 
2.21287142837799e-12 3.96252108311977e+02 3.65008772435782e+02 2.26162777087108e+22 2.23099521512201e+11 5.28597751769406e+10 6.96939550466061e+10 4.64083689901630e+06 1.83885931378203e+11 2.81619405531796e+10 1.08959939124632e+02 8.96093946752137e+09 2.24245402885465e+02 2.37806296725465e-02 0.00000000000000e+00 0.00000000000000e+00 0.00000000000000e+00 0.00000000000000e+00 0.00000000000000e+00 0.00000000000000e+00 0.00000000000000e+00 
3.74365647594521e-12 3.96252108209581e+02 3.65008772373103e+02 2.26162777083953e+22 3.77431765949528e+11 8.94262957956263e+10 1.17905731641834e+11 7.85120133335171e+06 3.11091652856504e+11 4.76433277586146e+10 1.84334463721331e+02 1.51597955738581e+10 6.41805093479375e+02 6.80617314076951e-02 0.00000000000000e+00 0.00000000000000e+00 0.00000000000000e+00 0.00000000000000e+00 0.00000000000000e+00 0.00000000000000e+00 0.00000000000000e+00 
5.27444152351243e-12 3.96252108107184e+02 3.65008772310424e+02 2.26162777080797e+22 5.31764011326487e+11 1.25992836834158e+11 1.66117507737321e+11 1.10615657670253e+07 4.38297401081668e+11 6.71246882159319e+10 2.59708946302757e+02 2.13586514648495e+10 1.27398447955487e+03 1.35102692153184e-01 0.00000000000000e+00 0.00000000000000e+00 0.00000000000000e+00 0.00000000000000e+00 0.00000000000000e+00 0.00000000000000e+00 0.00000000000000e+00 
6.80522657107965e-12 3.96252108004787e+02 3.65008772247745e+02 2.26162777077641e+22 6.86096257643078e+11 1.62559398292508e+11 2.14329283333065e+11 1.42719302000372e+07 5.65503176053659e+11 8.66060219251682e+10 3.35083386868935e+02 2.75575071404957e+10 2.12078355407389e+03 2.24903516679171e-01 0.00000000000000e+00 0.00000000000000e+00 0.00000000000000e+00 0.00000000000000e+00 0.00000000000000e+00 0.00000000000000e+00 0.00000000000000e+00 
2.21130770467518e-11 3.96252106980819e+02 3.65008772185066e+02 2.26162777046086e+22 2.22941877248843e+12 5.28226135955845e+11 6.96447011804710e+11 4.63755744937559e+07 1.83756239683579e+12 2.81417887886351e+11 1.08882548170135e+03 8.95460520529695e+10 2.23928546175040e+04 2.37470599582950e+00 0.00000000000000e+00 0.00000000000000e+00 0.00000000000000e+00 0.00000000000000e+00 0.00000000000000e+00 0.00000000000000e+00 0.00000000000000e+00 
3.74209275224240e-11 3.96252105956851e+02 3.65008771558275e+02 2.26162777014530e+22 3.77274138129598e+12 8.93894915568914e+11 1.17856469030218e+12 7.84792187212906e+07 3.10962429225871e+12 4.76227079081345e+11 1.84256337503822e+03 1.51534575430921e+11 6.41268864861269e+04 6.80050030250628e+00 0.00000000000000e+00 0.00000000000000e+00 0.00000000000000e+00 0.00000000000000e+00 0.00000000000000e+00 0.00000000000000e+00 0.00000000000000e+00 
5.27287779980962e-11 3.96252104932884e+02 3.65008770931484e+02 2.26162776982974e+22 5.31606408406488e+12 1.25956573710491e+12 1.66068231882547e+12 1.10582862882636e+08 4.38168886228739e+12 6.71033595545180e+11 2.59629706690399e+03 2.13523077274354e+11 1.27322872441089e+05 1.35022909911346e+01 0.00000000000000e+00 0.00000000000000e+00 0.00000000000000e+00 0.00000000000000e+00 0.00000000000000e+00 0.00000000000000e+00 0.00000000000000e+00 
6.80366284737684e-11 3.96252103908917e+02 3.65008770304694e+02 2.26162776951419e+22 6.85938688079425e+12 1.62523860053575e+12 2.14279989737459e+12 1.42686506977788e+08 5.65375610688514e+12 8.65837437314542e+11 3.35002655732423e+03 2.75511557583271e+11 2.11980805445298e+05 2.24800828318009e+01 0.00000000000000e+00 0.00000000000000e+00 0.00000000000000e+00 0.00000000000000e+00 0.00000000000000e+00 0.00000000000000e+00 0.00000000000000e+00 
2.21115133230490e-10 3.96252093669263e+02 3.65008769677903e+02 2.26162776635860e+22 2.22926200155963e+13 5.28207952890239e+12 6.96397293428830e+12 4.63722944286791e+08 1.83745756408875e+13 2.81372876008515e+12 1.08870903912801e+04 8.95395176275340e+11 2.23896467703479e+06 2.37439790361139e+02 0.00000000000000e+00 0.00000000000000e+00 0.00000000000000e+00 0.00000000000000e+00 0.00000000000000e+00 0.00000000000000e+00 0.00000000000000e+00 
3.74193637987212e-10 3.96252083429638e+02 3.65008763410011e+02 2.26162776320299e+22 3.77258625454425e+13 8.93912461467968e+12 1.17851409737908e+13 7.84759374970559e+08 3.10956625898850e+13 4.76135265531687e+12 1.84237341099126e+04 1.51527664151980e+12 6.41213521438499e+06 6.80005061740241e+02 0.00000000000000e+00 0.00000000000000e+00 0.00000000000000e+00 0.00000000000000e+00 0.00000000000000e+00 0.00000000000000e+00 0.00000000000000e+00 
5.27272142743934e-10 3.96252073190044e+02 3.65008757142137e+02 2.26162776004736e+22 5.31591144694943e+13 1.25963738310664e+13 1.66063040158869e+13 1.10579579902421e+09 4.38170169188558e+13 6.70870915802864e+12 2.59599577376480e+04 2.13515595331994e+12 1.27314856986565e+07 1.35018045023488e+03 0.00000000000000e+00 0.00000000000000e+00 0.00000000000000e+00 0.00000000000000e+00 0.00000000000000e+00 0.00000000000000e+00 0.00000000000000e+00 
6.80350647500656e-10 3.96252062950481e+02 3.65008750874281e+02 2.26162775689171e+22 6.85923757868735e+13 1.62538271499954e+13 2.14274620605815e+13 1.42683221644264e+09 5.65386385911241e+13 8.65579830489330e+12 3.34957613000680e+04 2.75503311167920e+12 2.11970090927815e+07 2.24797072419473e+03 0.00000000000000e+00 0.00000000000000e+00 0.00000000000000e+00 0.00000000000000e+00 0.00000000000000e+00 0.00000000000000e+00 0.00000000000000e+00 
2.21113569506787e-09 3.96251960556499e+02 3.65008744606444e+02 2.26162772533405e+22 2.22925505276237e+14 5.28395758327066e+13 6.96387676522610e+13 4.63719602384026e+09 1.83769545936601e+14 2.81119984594040e+13 1.08830702584228e+05 8.95368625726976e+12 2.23889206945026e+08 2.37464159129697e+04 0.00000000000000e+00 0.00000000000000e+00 0.00000000000000e+00 0.00000000000000e+00 0.00000000000000e+00 0.00000000000000e+00 0.00000000000000e+00 
3.74192074263509e-09 3.96251858165528e+02 3.65008681929093e+02 2.26162769377429e+22 3.77259573095900e+14 8.94457027281195e+13 1.17849573509518e+14 7.84755916187667e+09 3.11027145742351e+14 4.75415048951719e+13 1.84123666552318e+05 1.51521240627067e+13 6.41190656738918e+08 6.80117900123157e+04 0.00000000000000e+00 0.00000000000000e+00 0.00000000000000e+00 0.00000000000000e+00 0.00000000000000e+00 0.00000000000000e+00 0.00000000000000e+00 
5.27270579020231e-09 3.96251755777564e+02 3.65008619253594e+02 2.26162766221243e+22 5.31594578409620e+14 1.26072181107485e+14 1.66059879637134e+14 1.10579216256724e+10 4.38311403081245e+14 6.69443525363969e+13 2.59374677600455e+05 2.13503465312769e+13 1.27309463979930e+09 1.35048634714463e+05 0.00000000000000e+00 0.00000000000000e+00 0.00000000000000e+00 0.00000000000000e+00 0.00000000000000e+00 0.00000000000000e+00 0.00000000000000e+00 
6.80349083776953e-09 3.96251653392603e+02 3.65008556579946e+02 2.26162763064847e+22 6.85930520342672e+14 1.62718983012052e+14 2.14269686040115e+14 1.42682834101171e+10 5.65622281418883e+14 8.63205779144167e+13 3.34583761265263e+05 2.75483536664214e+13 2.11959411930360e+09 2.24861701040478e+05 0.00000000000000e+00 0.00000000000000e+00 0.00000000000000e+00 0.00000000000000e+00 0.00000000000000e+00 0.00000000000000e+00 0.00000000000000e+00 
1.79597557218118e-08 3.96250907307844e+02 3.65008493908147e+02 2.26162740054926e+22 1.81074933732824e+15 4.30409763018046e+14 5.65604622930720e+14 3.76651766326777e+10 1.49425652753522e+15 2.26732654030312e+14 8.81438945923497e+05 7.27125358147811e+13 1.47691675144032e+10 1.56771815089276e+06 0.00000000000000e+00 0.00000000000000e+00 0.00000000000000e+00 0.00000000000000e+00 0.00000000000000e+00 0.00000000000000e+00 0.00000000000000e+00 
2.91160206058541e-08 3.96250161381051e+02 3.65008037215645e+02 2.26162717033990e+22 2.93561751943342e+15 6.99167781747495e+14 9.16913019640483e+14 6.10620315216874e+10 2.42428874666676e+15 3.65746688620107e+14 1.42607840992100e+06 1.17865282251043e+14 3.88136718161386e+10 4.12238841427765e+06 0.00000000000000e+00 0.00000000000000e+00 0.00000000000000e+00 0.00000000000000e+00 0.00000000000000e+00 0.00000000000000e+00 0.00000000000000e+00 
4.02722854898963e-08 3.96249415610862e+02 3.65007580620362e+02 2.26162694002150e+22 4.06053473276821e+15 9.68982367838356e+14 1.26819487811163e+15 8.44588460961224e+10 3.35570499426457e+15 5.03376625044002e+14 1.96851198628946e+06 1.63006594304201e+14 7.42503778064481e+10 7.89068535933139e+06 0.00000000000000e+00 0.00000000000000e+00 0.00000000000000e+00 0.00000000000000e+00 0.00000000000000e+00 0.00000000000000e+00 0.00000000000000e+00 
5.14285503739386e-08 3.96248669995931e+02 3.65007124121466e+02 2.26162670959516e+22 5.18550064703219e+15 1.23984296510547e+15 1.61945020028529e+15 1.07855618376766e+11 4.28849147627703e+15 6.39636256165782e+14 2.50874945688809e+06 2.08136473298936e+14 1.21076557878319e+11 1.28744021714629e+07 0.00000000000000e+00 0.00000000000000e+00 0.00000000000000e+00 0.00000000000000e+00 0.00000000000000e+00 0.00000000000000e+00 0.00000000000000e+00 
6.25848152579809e-08 3.96247924534925e+02 3.65006667718131e+02 2.26162647906193e+22 6.31051493544943e+15 1.51173913045376e+15 1.97067898810162e+15 1.31252346386129e+11 5.22263454642302e+15 7.74539227079526e+14 3.04680055327803e+06 2.53254920555753e+14 1.79289485931937e+11 1.90753127604091e+07 0.00000000000000e+00 0.00000000000000e+00 0.00000000000000e+00 0.00000000000000e+00 0.00000000000000e+00 0.00000000000000e+00 0.00000000000000e+00 
1.68394006834490e-07 3.96240861777067e+02 3.65006211409543e+02 2.26162428750488e+22 1.69828152945028e+16 4.14003509730543e+15 5.30051391737004e+15 3.53150996987479e+11 1.41472368250672e+16 1.98907007593837e+15 8.04295653727598e+06 6.80603003302161e+14 1.29700435956892e+12 1.38730919049700e+08 0.00000000000000e+00 0.00000000000000e+00 0.00000000000000e+00 0.00000000000000e+00 0.00000000000000e+00 0.00000000000000e+00 0.00000000000000e+00 
2.74203198410999e-07 3.96233811685109e+02 3.65001888208730e+02 2.26162208728833e+22 2.76591775223994e+16 6.85223388821526e+15 8.62796386633883e+15 5.75043805201032e+11 2.31817814812270e+16 3.09365094649894e+15 1.28513601521225e+07 1.10692400839688e+15 3.43640660365276e+12 3.69445426592179e+08 0.00000000000000e+00 0.00000000000000e+00 0.00000000000000e+00 0.00000000000000e+00 0.00000000000000e+00 0.00000000000000e+00 0.00000000000000e+00 
3.80012389987507e-07 3.96226773287409e+02 3.64997572807981e+02 2.26161987919777e+22 3.83393631727674e+16 9.64072065029534e+15 1.19530304880734e+16 7.96929095331330e+11 3.23163178880667e+16 4.09823145780213e+15 1.74797386062174e+07 1.53221902130727e+15 6.59517471324017e+12 7.12511578178053e+08 0.00000000000000e+00 0.00000000000000e+00 0.00000000000000e+00 0.00000000000000e+00 0.00000000000000e+00 0.00000000000000e+00 0.00000000000000e+00 
4.85821581564016e-07 3.96219745700235e+02 3.64993264612371e+02 2.26161766394762e+22 4.90231552874825e+16 1.24985701484442e+16 1.52757154352250e+16 1.01880519764419e+12 4.15417965144960e+16 5.01186013611450e+15 2.19354960474938e+07 1.95648910755346e+15 1.07709884767380e+13 1.16910515173748e+09 0.00000000000000e+00 0.00000000000000e+00 0.00000000000000e+00 0.00000000000000e+00 0.00000000000000e+00 0.00000000000000e+00 0.00000000000000e+00 
5.91630773140525e-07 3.96212728119326e+02 3.64988963080799e+02 2.26161544218797e+22 5.97103563356067e+16 1.54194806112101e+16 1.85960203597523e+16 1.24067044866651e+12 5.08499824845809e+16 5.84277085604544e+15 2.62257276024853e+07 2.37973531560347e+15 1.59615293512251e+13 1.74029586981465e+09 0.00000000000000e+00 0.00000000000000e+00 0.00000000000000e+00 0.00000000000000e+00 0.00000000000000e+00 0.00000000000000e+00 0.00000000000000e+00 
6.97439964717034e-07 3.96205719812878e+02 3.64984667720829e+02 2.26161321451034e+22 7.04007864977498e+16 1.83977186607129e+16 2.19139469125624e+16 1.46252319156642e+12 6.02333836200383e+16 6.59845479853315e+15 3.03572310547162e+07 2.80195867912768e+15 2.21644809523254e+13 2.42705638489284e+09 0.00000000000000e+00 0.00000000000000e+00 0.00000000000000e+00 0.00000000000000e+00 0.00000000000000e+00 0.00000000000000e+00 0.00000000000000e+00 
1.03378327890222e-06 3.96183496272283e+02 3.64980378084392e+02 2.26160609984851e+22 1.04402872949118e+17 2.81882011907283e+16 3.24451020435364e+16 2.16764056296481e+12 9.04856119260002e+16 8.57597955259932e+15 4.25092597233225e+07 4.13732882291297e+15 4.85798387712532e+13 5.38742877829703e+09 0.00000000000000e+00 0.00000000000000e+00 0.00000000000000e+00 0.00000000000000e+00 0.00000000000000e+00 0.00000000000000e+00 0.00000000000000e+00 
1.37012659308741e-06 3.96161342406833e+02 3.64966775833897e+02 2.26159894481395e+22 1.38431672578208e+17 3.83696864641251e+16 4.29522942958355e+16 2.87256235052083e+12 1.21251829705093e+17 1.00393559012950e+16 5.33131110112259e+07 5.46240602588272e+15 8.51276168109899e+13 9.54750843203147e+09 0.00000000000000e+00 0.00000000000000e+00 0.00000000000000e+00 0.00000000000000e+00 0.00000000000000e+00 0.00000000000000e+00 0.00000000000000e+00 
1.70646990727260e-06 3.96139245222664e+02 3.64953216698515e+02 2.26159175990250e+22 1.72483979199081e+17 4.88404801406881e+16 5.34355765092582e+16 3.57723664855872e+12 1.52399137891826e+17 1.11214517747513e+16 6.29361720452604e+07 6.77722186962103e+15 1.31733800522858e+14 1.49244927075276e+10 0.00000000000000e+00 0.00000000000000e+00 0.00000000000000e+00 0.00000000000000e+00 0.00000000000000e+00 0.00000000000000e+00 0.00000000000000e+00 
2.04281322145779e-06 3.96117195052160e+02 3.64939692722335e+02 2.26158455291937e+22 2.06557399758491e+17 5.95249809114709e+16 6.38950014293146e+16 4.28161221413079e+12 1.83828732310091e+17 1.19210406889260e+16 7.15248734069537e+07 8.08180769067610e+15 1.88324563018150e+14 2.15311009544542e+10 0.00000000000000e+00 0.00000000000000e+00 0.00000000000000e+00 0.00000000000000e+00 0.00000000000000e+00 0.00000000000000e+00 0.00000000000000e+00 
2.37915653564298e-06 3.96095184647411e+02 3.64926197985966e+02 2.26157732971244e+22 2.40650132748038e+17 7.03665688740037e+16 7.43306217042818e+16 4.98563846933630e+12 2.15466611224025e+17 1.25120941965664e+16 7.92074965624934e+07 9.37619482106594e+15 2.54826266110698e+14 2.93768026575870e+10 0.00000000000000e+00 0.00000000000000e+00 0.00000000000000e+00 0.00000000000000e+00 0.00000000000000e+00 0.00000000000000e+00 0.00000000000000e+00 
2.71549984982816e-06 3.96073208629530e+02 3.64912728051465e+02 2.26157009461766e+22 2.74760833605333e+17 8.13232857404719e+16 8.47424898825386e+16 5.68926550371650e+12 2.47257930854081e+17 1.29494263648828e+16 8.60963743954283e+07 1.06604147170005e+16 3.31165462671353e+14 3.84685877134127e+10 0.00000000000000e+00 0.00000000000000e+00 0.00000000000000e+00 0.00000000000000e+00 0.00000000000000e+00 0.00000000000000e+00 0.00000000000000e+00 
3.22677888561112e-06 3.96039859831735e+02 3.64899279625124e+02 2.26155908069499e+22 3.26645097768128e+17 9.81316254880650e+16 1.00524303545479e+17 6.75798126399977e+12 2.95789782306039e+17 1.34080868752126e+16 9.52660420885171e+07 1.25931677108852e+16 4.65887868070480e+14 5.46871811807987e+10 0.00000000000000e+00 0.00000000000000e+00 0.00000000000000e+00 0.00000000000000e+00 0.00000000000000e+00 0.00000000000000e+00 0.00000000000000e+00 
3.73805792139407e-06 3.96006572138285e+02 3.64878872407941e+02 2.26154805406170e+22 3.78566222045396e+17 1.15063391189268e+17 1.16251537303407e+17 7.82549092096637e+12 3.44489750720786e+17 1.36978136522785e+16 1.03118765910751e+08 1.45026125402284e+16 6.22916455994807e+14 7.38088384542696e+10 0.00000000000000e+00 0.00000000000000e+00 0.00000000000000e+00 0.00000000000000e+00 0.00000000000000e+00 0.00000000000000e+00 0.00000000000000e+00 
4.24933695717702e-06 3.95973339533921e+02 3.64858503648948e+02 2.26153701953044e+22 4.30522632743489e+17 1.32072222711054e+17 1.31924374347014e+17 8.89162807124162e+12 3.93297196963636e+17 1.38791471577983e+16 1.09893331219672e+08 1.63888630847996e+16 8.01995833493554e+14 9.58408994654173e+10 0.00000000000000e+00 0.00000000000000e+00 0.00000000000000e+00 0.00000000000000e+00 0.00000000000000e+00 0.00000000000000e+00 0.00000000000000e+00 
4.76061599295997e-06 3.95940157895482e+02 3.64838169662404e+02 2.26152598038331e+22 4.82513219150650e+17 1.49126599129924e+17 1.47542997286162e+17 9.95622991736596e+12 4.42170872937938e+17 1.39932388759980e+16 1.15785795638525e+08 1.82520348675675e+16 1.00287168386067e+15 1.20787995100638e+11 0.00000000000000e+00 0.00000000000000e+00 0.00000000000000e+00 0.00000000000000e+00 0.00000000000000e+00 0.00000000000000e+00 0.00000000000000e+00 
5.27189502874292e-06 3.95907024525305e+02 3.64817867920843e+02 2.26151493874920e+22 5.34537219526942e+17 1.66206179984224e+17 1.63107588147373e+17 1.10191372800252e+13 4.91084140848890e+17 1.40666320198660e+16 1.20956965580524e+08 2.00922451104962e+16 1.22529078736730e+15 1.48652906035050e+11 0.00000000000000e+00 0.00000000000000e+00 0.00000000000000e+00 0.00000000000000e+00 0.00000000000000e+00 0.00000000000000e+00 0.00000000000000e+00 
5.78317406452588e-06 3.95873937845542e+02 3.64797596769337e+02 2.26150389585093e+22 5.86594146410678e+17 1.83299408226341e+17 1.78618328371285e+17 1.20801946079027e+13 5.40021841070154e+17 1.41143936208231e+16 1.25538234126398e+08 2.19096127090330e+16 1.46900104187623e+15 1.79437098969699e+11 0.00000000000000e+00 0.00000000000000e+00 0.00000000000000e+00 0.00000000000000e+00 0.00000000000000e+00 0.00000000000000e+00 0.00000000000000e+00 
6.67276841716200e-06 3.95816477644321e+02 3.64777355238281e+02 2.26148468088385e+22 6.77247553336147e+17 2.13054447717476e+17 2.05478246053492e+17 1.39215103915665e+13 6.25204134296493e+17 1.41606905562925e+16 1.32414767891629e+08 2.50176312170137e+16 1.94304786006367e+15 2.39960480182099e+11 0.00000000000000e+00 0.00000000000000e+00 0.00000000000000e+00 0.00000000000000e+00 0.00000000000000e+00 0.00000000000000e+00 0.00000000000000e+00 
7.56236276979811e-06 3.95759152513189e+02 3.64742205155520e+02 2.26146546672422e+22 7.67998270756608e+17 2.42808307485345e+17 2.32176632487234e+17 1.57559934366645e+13 7.10404400324893e+17 1.41846457229676e+16 1.38255307472959e+08 2.80575063946775e+16 2.47947855358087e+15 3.09324162841042e+11 0.00000000000000e+00 0.00000000000000e+00 0.00000000000000e+00 0.00000000000000e+00 0.00000000000000e+00 0.00000000000000e+00 0.00000000000000e+00 
8.45195712243423e-06 3.95701961064296e+02 3.64707140869392e+02 2.26144625421034e+22 8.58845434851365e+17 2.72554374988490e+17 2.58714430566900e+17 1.75829032264779e+13 7.95613716619890e+17 1.41947334768840e+16 1.43359611070333e+08 3.10298963037545e+16 3.07699046164879e+15 3.87526482522359e+11 0.00000000000000e+00 0.00000000000000e+00 0.00000000000000e+00 0.00000000000000e+00 0.00000000000000e+00 0.00000000000000e+00 0.00000000000000e+00 
9.34155147507035e-06 3.95644902304028e+02 3.64672161509672e+02 2.26142704386038e+22 9.49788283092664e+17 3.02289112782984e+17 2.85092577758590e+17 1.94015326430116e+13 8.80827189442037e+17 1.41954153510941e+16 1.47943375731351e+08 3.39354711253771e+16 3.73429211492051e+15 4.74565449729994e+11 0.00000000000000e+00 0.00000000000000e+00 0.00000000000000e+00 0.00000000000000e+00 0.00000000000000e+00 0.00000000000000e+00 0.00000000000000e+00 
1.02311458277065e-05 3.95587974842150e+02 3.64637266447542e+02 2.26140783651284e+22 1.04082596070634e+18 3.32005846866843e+17 3.11312006110260e+17 2.12112078812019e+13 9.66035837110653e+17 1.41952562898478e+16 1.52162940928846e+08 3.67749120025623e+16 4.45010350511347e+15 5.70438576046015e+11 0.00000000000000e+00 0.00000000000000e+00 0.00000000000000e+00 0.00000000000000e+00 0.00000000000000e+00 0.00000000000000e+00 0.00000000000000e+00 
1.11207401803426e-05 3.95531177545172e+02 3.64602454811943e+02 2.26138863279783e+22 1.13195768038529e+18 3.61699894691696e+17 3.37373642302027e+17 2.30112882980466e+13 1.05123329048640e+18 1.42002241684554e+16 1.56127478050200e+08 3.95489108664416e+16 5.22315631757973e+15 6.75142461034506e+11 0.00000000000000e+00 0.00000000000000e+00 0.00000000000000e+00 0.00000000000000e+00 0.00000000000000e+00 0.00000000000000e+00 0.00000000000000e+00 
1.27657227094149e-05 3.95426494058981e+02 3.64567725889120e+02 2.26135313135051e+22 1.30071873144152e+18 4.16559990673182e+17 3.85152643041672e+17 2.63126150920942e+13 1.20875982685943e+18 1.42074448283792e+16 1.62999673665736e+08 4.45084207732731e+16 6.79919992692802e+15 8.92004080611434e+11 0.00000000000000e+00 0.00000000000000e+00 0.00000000000000e+00 0.00000000000000e+00 0.00000000000000e+00 0.00000000000000e+00 0.00000000000000e+00 
1.44107052384872e-05 3.95322252259322e+02 3.64503724931288e+02 2.26131764224171e+22 1.46979563792201e+18 4.71356631693666e+17 4.32401025819521e+17 2.95755422993922e+13 1.36626429140976e+18 1.42123825965756e+16 1.69543855758126e+08 4.92511028342960e+16 8.55885463427616e+15 1.13902572373947e+12 0.00000000000000e+00 0.00000000000000e+00 0.00000000000000e+00 0.00000000000000e+00 0.00000000000000e+00 0.00000000000000e+00 0.00000000000000e+00 
1.60556877675595e-05 3.95218448729130e+02 3.64440004523797e+02 2.26128216638897e+22 1.63918446352244e+18 5.26089164469034e+17 4.79124509755254e+17 3.27968765360926e+13 1.52374450965190e+18 1.42150672868212e+16 1.75918703620608e+08 5.37815771578448e+16 1.04944275036912e+16 1.41618469812790e+12 0.00000000000000e+00 0.00000000000000e+00 0.00000000000000e+00 0.00000000000000e+00 0.00000000000000e+00 0.00000000000000e+00 0.00000000000000e+00 
1.77006702966318e-05 3.95115079880882e+02 3.64376562450380e+02 2.26124670483470e+22 1.80888128581157e+18 5.80755369041390e+17 5.25328750541377e+17 3.59738045357285e+13 1.68119637588877e+18 1.42176318233661e+16 1.82193668743263e+08 5.81045573513641e+16 1.25983820052605e+16 1.72345743377035e+12 0.00000000000000e+00 0.00000000000000e+00 0.00000000000000e+00 0.00000000000000e+00 0.00000000000000e+00 0.00000000000000e+00 0.00000000000000e+00 
1.93456528257041e-05 3.95012142283701e+02 3.64313396392415e+02 2.26121125848196e+22 1.97888227370970e+18 6.35354032652492e+17 5.71019342764374e+17 3.91038714478889e+13 1.83861720965663e+18 1.42209458104261e+16 1.88404640346389e+08 6.22248354484047e+16 1.48633384419392e+16 2.06081928267553e+12 0.00000000000000e+00 0.00000000000000e+00 0.00000000000000e+00 0.00000000000000e+00 0.00000000000000e+00 0.00000000000000e+00 0.00000000000000e+00 
2.31063882327422e-05 3.94778410352053e+02 3.64250504128806e+02 2.26113028258312e+22 2.36865881356603e+18 7.59922161380006e+17 6.73576512774870e+17 4.60736933360361e+13 2.19838786441123e+18 1.42290568517362e+16 2.02465120330961e+08 7.09093988840382e+16 2.06081311563675e+16 2.94497874302884e+12 0.00000000000000e+00 0.00000000000000e+00 0.00000000000000e+00 0.00000000000000e+00 0.00000000000000e+00 0.00000000000000e+00 0.00000000000000e+00 
2.68671236397803e-05 3.94546876529299e+02 3.64107737914636e+02 2.26104939871193e+22 2.75996204551640e+18 8.84131840135334e+17 7.73542788820210e+17 5.27692695136968e+13 2.55797435009849e+18 1.42378125269179e+16 2.16454534521769e+08 7.86189324918967e+16 2.70740515844153e+16 3.98595120745716e+12 0.00000000000000e+00 0.00000000000000e+00 0.00000000000000e+00 0.00000000000000e+00 0.00000000000000e+00 0.00000000000000e+00 0.00000000000000e+00 
3.06278590468183e-05 3.94317502719982e+02 3.63966366500944e+02 2.26096861465190e+22 3.15274971829486e+18 1.00797908784447e+18 8.70981677648123e+17 5.91788642154094e+13 2.91736386730252e+18 1.42465198747914e+16 2.30418266714026e+08 8.54131151114665e+16 3.41823060374486e+16 5.18340369722475e+12 0.00000000000000e+00 0.00000000000000e+00 0.00000000000000e+00 0.00000000000000e+00 0.00000000000000e+00 0.00000000000000e+00 0.00000000000000e+00 
3.43885944538564e-05 3.94090251615611e+02 3.63826365218353e+02 2.26088793726611e+22 3.54698107671846e+18 1.13146010339894e+18 9.65955082244257e+17 6.52979498423690e+13 3.27654623877087e+18 1.42554030577261e+16 2.44365529107214e+08 9.13519467339343e+16 4.18588971847162e+16 6.53698703801575e+12 0.00000000000000e+00 0.00000000000000e+00 0.00000000000000e+00 0.00000000000000e+00 0.00000000000000e+00 0.00000000000000e+00 0.00000000000000e+00 
3.81493298608945e-05 3.93865086745250e+02 3.63687709921642e+02 2.26080737249961e+22 3.94261677244887e+18 1.25457186904776e+18 1.05852338114546e+18 7.11278966001507e+13 3.63551438809842e+18 1.42646677120301e+16 2.58309305205824e+08 9.64951311505844e+16 5.00345715403915e+16 8.04633782002660e+12 0.00000000000000e+00 0.00000000000000e+00 0.00000000000000e+00 0.00000000000000e+00 0.00000000000000e+00 0.00000000000000e+00 0.00000000000000e+00 
4.82146940142634e-05 3.93272443903733e+02 3.63550377019141e+02 2.26059233339775e+22 5.00813651740507e+18 1.58224378407331e+18 1.29488521779647e+18 8.53816644957307e+13 4.59520099512488e+18 1.42907777598555e+16 2.95726721685117e+08 1.06788966314260e+17 7.39097631511208e+16 1.28494142499063e+13 0.00000000000000e+00 0.00000000000000e+00 0.00000000000000e+00 0.00000000000000e+00 0.00000000000000e+00 0.00000000000000e+00 0.00000000000000e+00 
5.82800581676324e-05 3.92693837901253e+02 3.63189147269631e+02 2.26037820515205e+22 6.08276225862901e+18 1.90723453805239e+18 1.51551365423060e+18 9.78411299874213e+13 5.55332586060795e+18 1.43186751017227e+16 3.33416438153298e+08 1.12867993038107e+17 9.98433022845218e+16 1.87579976421868e+13 0.00000000000000e+00 0.00000000000000e+00 0.00000000000000e+00 0.00000000000000e+00 0.00000000000000e+00 0.00000000000000e+00 0.00000000000000e+00 
6.83454223210013e-05 3.92128648131429e+02 3.62836803845117e+02 2.26016502917421e+22 7.16585821281572e+18 2.22953968679309e+18 1.72142480682283e+18 1.08797829170656e+14 6.50995438350179e+18 1.43480128321030e+16 3.71477773526591e+08 1.15702963349631e+17 1.26963063928230e+17 2.57641047648120e+13 0.00000000000000e+00 0.00000000000000e+00 0.00000000000000e+00 0.00000000000000e+00 0.00000000000000e+00 0.00000000000000e+00 0.00000000000000e+00 
7.84107864743703e-05 3.91576291716517e+02 3.62492946418853e+02 2.25995281928140e+22 8.25684007821750e+18 2.54916963846934e+18 1.91356696724016e+18 1.18569368297788e+14 7.46520758387038e+18 1.43787012445833e+16 4.09942936980687e+08 1.16133551266577e+17 1.54606929880547e+17 3.38593612474690e+13 0.00000000000000e+00 0.00000000000000e+00 0.00000000000000e+00 0.00000000000000e+00 0.00000000000000e+00 0.00000000000000e+00 0.00000000000000e+00 
8.84761506277392e-05 3.91036220321423e+02 3.62157199375379e+02 2.25974156965691e+22 9.35516681891656e+18 2.86614264407930e+18 2.09282665189022e+18 1.27449638047890e+14 8.41923177484594e+18 1.44106190285402e+16 4.48802600070652e+08 1.14857152005255e+17 1.82289807377605e+17 4.30350872879384e+13 0.00000000000000e+00 0.00000000000000e+00 0.00000000000000e+00 0.00000000000000e+00 0.00000000000000e+00 0.00000000000000e+00 0.00000000000000e+00 
1.02685230347333e-04 3.90293738167791e+02 3.61829209716450e+02 2.25944494522399e+22 1.09171972772983e+19 3.30912768132874e+18 2.32553662680890e+18 1.38933689365536e+14 9.76421548457034e+18 1.44574761436767e+16 5.04294890299085e+08 1.11188011395788e+17 2.20826140460615e+17 5.78101150360458e+13 0.00000000000000e+00 0.00000000000000e+00 0.00000000000000e+00 0.00000000000000e+00 0.00000000000000e+00 0.00000000000000e+00 0.00000000000000e+00 
1.16894310066926e-04 3.89573358453968e+02 3.61378763737248e+02 2.25915011870430e+22 1.24915540700903e+19 3.74691787241006e+18 2.53637937722587e+18 1.49644775786551e+14 1.11074376763837e+19 1.45061409884436e+16 5.60346443141720e+08 1.06378638074905e+17 2.58165262691989e+17 7.46945498800974e+13 0.00000000000000e+00 0.00000000000000e+00 0.00000000000000e+00 0.00000000000000e+00 0.00000000000000e+00 0.00000000000000e+00 0.00000000000000e+00 
1.31103389786520e-04 3.88873830648900e+02 3.60942247707773e+02 2.25885700062249e+22 1.40770328019488e+19 4.17956114290738e+18 2.72732964124887e+18 1.59910818697057e+14 1.24492101321187e+19 1.45563243695130e+16 6.16782438673715e+08 1.01172145150251e+17 2.94006437408221e+17 9.36614814018340e+13 0.00000000000000e+00 0.00000000000000e+00 0.00000000000000e+00 0.00000000000000e+00 0.00000000000000e+00 0.00000000000000e+00 0.00000000000000e+00 
1.45312469506113e-04 3.88194007148939e+02 3.60518859515147e+02 2.25856549699698e+22 1.56725350435342e+19 4.60709716984780e+18 2.90017979784130e+18 1.69923063144836e+14 1.37897744986366e+19 1.46077702155896e+16 6.73480577203305e+08 9.59924060034372e+16 3.28265269960504e+17 1.14682940905147e+14 0.00000000000000e+00 0.00000000000000e+00 0.00000000000000e+00 0.00000000000000e+00 0.00000000000000e+00 0.00000000000000e+00 0.00000000000000e+00 
1.59521549225707e-04 3.87532831496828e+02 3.60107863780348e+02 2.25827551717874e+22 1.72770561339478e+19 5.02955925775518e+18 3.05656110355067e+18 1.79790537220433e+14 1.51293128613557e+19 1.46602540239264e+16 7.30345216261262e+08 9.10634835455788e+16 3.60970802270823e+17 1.37729895089462e+14 0.00000000000000e+00 0.00000000000000e+00 0.00000000000000e+00 0.00000000000000e+00 0.00000000000000e+00 0.00000000000000e+00 0.00000000000000e+00 
1.77090777737686e-04 3.86739648245681e+02 3.59708584204606e+02 2.25791894610351e+22 1.92721285531989e+19 5.54495326043762e+18 3.22934140258353e+18 1.91879406180481e+14 1.67844032495562e+19 1.47262954489195e+16 8.00787461777341e+08 8.54608129831756e+16 3.99389591697388e+17 1.68982454115166e+14 0.00000000000000e+00 0.00000000000000e+00 0.00000000000000e+00 0.00000000000000e+00 0.00000000000000e+00 0.00000000000000e+00 0.00000000000000e+00 
1.94660006249666e-04 3.85971804050910e+02 3.59230163483337e+02 2.25756443381813e+22 2.12780143019593e+19 6.05268788309838e+18 3.38174367113720e+18 2.03900675373623e+14 1.84383192740379e+19 1.47933131123133e+16 8.71264214663426e+08 8.04604677521725e+16 4.35753243672635e+17 2.03226546281282e+14 0.00000000000000e+00 0.00000000000000e+00 0.00000000000000e+00 0.00000000000000e+00 0.00000000000000e+00 0.00000000000000e+00 0.00000000000000e+00 
2.12229234761645e-04 3.85227767660543e+02 3.58767628289911e+02 2.25721185451899e+22 2.32933017557023e+19 6.55281490012440e+18 3.51603253357815e+18 2.15868852463020e+14 2.00911858474016e+19 1.48610459990879e+16 9.41710230958945e+08 7.60204726924835e+16 4.70269759100197e+17 2.40400747099748e+14 0.00000000000000e+00 0.00000000000000e+00 0.00000000000000e+00 0.00000000000000e+00 0.00000000000000e+00 0.00000000000000e+00 0.00000000000000e+00 
2.29798463273625e-04 3.84506153911868e+02 3.58320001269546e+02 2.25686109781752e+22 2.53167356594166e+19 7.04538995679906e+18 3.63421740053931e+18 2.27780635808700e+14 2.17430912400782e+19 1.49292754365132e+16 1.01210596515256e+09 7.20633357045295e+16 5.03131740512238e+17 2.80441325797802e+14 0.00000000000000e+00 0.00000000000000e+00 0.00000000000000e+00 0.00000000000000e+00 0.00000000000000e+00 0.00000000000000e+00 0.00000000000000e+00 
2.47367691785604e-04 3.83805705144628e+02 3.57886398822224e+02 2.25651206526872e+22 2.73471992134495e+19 7.53047611217313e+18 3.73808596164171e+18 2.39634596323630e+14 2.33941102199618e+19 1.49978408460268e+16 1.08245437907938e+09 6.85215496848352e+16 5.34503888479652e+17 3.23282463158501e+14 0.00000000000000e+00 0.00000000000000e+00 0.00000000000000e+00 0.00000000000000e+00 0.00000000000000e+00 0.00000000000000e+00 0.00000000000000e+00 
2.90136425181376e-04 3.82182484349523e+02 3.57466019138992e+02 2.25566912625623e+22 3.23137060978591e+19 8.68046532028169e+18 3.94010184281814e+18 2.68241279917902e+14 2.74098072475150e+19 1.51651030499600e+16 1.25341968614838e+09 6.13029995718578e+16 6.05406104490355e+17 4.38849462660080e+14 0.00000000000000e+00 0.00000000000000e+00 0.00000000000000e+00 0.00000000000000e+00 0.00000000000000e+00 0.00000000000000e+00 0.00000000000000e+00 
3.32905158577149e-04 3.80663957342808e+02 3.56493752363556e+02 2.25483484577165e+22 3.73043731123844e+19 9.78762212279103e+18 4.08529040555885e+18 2.96490229492435e+14 3.14212880993231e+19 1.53318996053083e+16 1.42397767755327e+09 5.55517135218724e+16 6.69819389422124e+17 5.69588355018641e+14 0.00000000000000e+00 0.00000000000000e+00 0.00000000000000e+00 0.00000000000000e+00 0.00000000000000e+00 0.00000000000000e+00 0.00000000000000e+00 
3.75673891972921e-04 3.79238519730942e+02 3.55586638960031e+02 2.25400837555417e+22 4.23100854823671e+19 1.08532253095030e+19 4.18825274257616e+18 3.24393577488824e+14 3.54290747940843e+19 1.54974140361793e+16 1.59413792383146e+09 5.08376486257412e+16 7.28859407927166e+17 7.14440201851558e+14 0.00000000000000e+00 0.00000000000000e+00 0.00000000000000e+00 0.00000000000000e+00 0.00000000000000e+00 0.00000000000000e+00 0.00000000000000e+00 
4.18442625368693e-04 3.77896919558910e+02 3.54737298749020e+02 2.25318905249285e+22 4.73241955292976e+19 1.18786798784073e+19 4.25964871735006e+18 3.51974926805539e+14 3.94335492721072e+19 1.56612057061444e+16 1.76391283747765e+09 4.69048326635576e+16 7.83294680294703e+17 8.72310764593203e+14 0.00000000000000e+00 0.00000000000000e+00 0.00000000000000e+00 0.00000000000000e+00 0.00000000000000e+00 0.00000000000000e+00 0.00000000000000e+00 
4.61211358764465e-04 3.76631597918681e+02 3.53939840111963e+02 2.25237634012382e+22 5.23417849143215e+19 1.28654601812503e+19 4.30737282511600e+18 3.79256171277859e+14 4.34349994275397e+19 1.58230804373570e+16 1.93330972659291e+09 4.35793528767624e+16 8.33697797867352e+17 1.04208531764290e+15 0.00000000000000e+00 0.00000000000000e+00 0.00000000000000e+00 0.00000000000000e+00 0.00000000000000e+00 0.00000000000000e+00 0.00000000000000e+00 
5.16442078523210e-04 3.75100427551577e+02 3.53189445062025e+02 2.25133589188691e+22 5.88207839489682e+19 1.40849880652732e+19 4.34324646045998e+18 4.14070814383381e+14 4.85982704174836e+19 1.60292089091331e+16 2.15153674694864e+09 3.99785371657444e+16 8.93535330004587e+17 1.27711914763761e+15 0.00000000000000e+00 0.00000000000000e+00 0.00000000000000e+00 0.00000000000000e+00 0.00000000000000e+00 0.00000000000000e+00 0.00000000000000e+00 
5.71672798281954e-04 3.73674539052389e+02 3.52283639626703e+02 2.25030492535615e+22 6.52935525566485e+19 1.52457536823206e+19 4.35897272168231e+18 4.48441255435710e+14 5.37572081415526e+19 1.62322905355983e+16 2.36918140737134e+09 3.69401472599616e+16 9.48164215856997e+17 1.52772878336071e+15 0.00000000000000e+00 0.00000000000000e+00 0.00000000000000e+00 0.00000000000000e+00 0.00000000000000e+00 0.00000000000000e+00 0.00000000000000e+00 
6.26903518040698e-04 3.72344505240646e+02 3.51442346425993e+02 2.24928277685589e+22 7.17560193197208e+19 1.63509607454567e+19 4.36110130597788e+18 4.82411069306158e+14 5.89120950197532e+19 1.64326500281332e+16 2.58633444272353e+09 3.43558680565680e+16 9.98165159999643e+17 1.79154656880302e+15 0.00000000000000e+00 0.00000000000000e+00 0.00000000000000e+00 0.00000000000000e+00 0.00000000000000e+00 0.00000000000000e+00 0.00000000000000e+00 
6.82134237799443e-04 3.71102492637386e+02 3.50659559544746e+02 2.24826889561943e+22 7.82054789981543e+19 1.74037304514978e+19 4.35398088206118e+18 5.16010291007856e+14 6.40631272700309e+19 1.66306813093786e+16 2.80299935626803e+09 3.21363818746022e+16 1.04400004066899e+18 2.06627059914175e+15 0.00000000000000e+00 0.00000000000000e+00 0.00000000000000e+00 0.00000000000000e+00 0.00000000000000e+00 0.00000000000000e+00 0.00000000000000e+00 
7.37364957558187e-04 3.69941779725600e+02 3.49930287319623e+02 2.24726281113380e+22 8.46400871742224e+19 1.84070591845605e+19 4.34057518698700e+18 5.49258301155423e+14 6.92104348437797e+19 1.68264638270778e+16 3.01921833431598e+09 3.02002505448634e+16 1.08604781268300e+18 2.34968638812082e+15 0.00000000000000e+00 0.00000000000000e+00 0.00000000000000e+00 0.00000000000000e+00 0.00000000000000e+00 0.00000000000000e+00 0.00000000000000e+00 
8.46591284241082e-04 3.67863996731074e+02 3.49250252794685e+02 2.24529458337327e+22 9.73174563891816e+19 2.02565194074345e+19 4.30235807395349e+18 6.14050002833540e+14 7.93792813001407e+19 1.72079389286823e+16 3.44568325932511e+09 2.70236000567021e+16 1.15918627383486e+18 2.92779077959228e+15 0.00000000000000e+00 0.00000000000000e+00 0.00000000000000e+00 0.00000000000000e+00 0.00000000000000e+00 0.00000000000000e+00 0.00000000000000e+00 
9.55817610923976e-04 3.66042690081760e+02 3.48036572808687e+02 2.24335255629808e+22 1.09925817742128e+20 2.19440103922154e+19 4.25712985476756e+18 6.77681645529319e+14 8.95343433445843e+19 1.75836700580285e+16 3.87083863751330e+09 2.44766126739753e+16 1.22068884951731e+18 3.51695339745450e+15 0.00000000000000e+00 0.00000000000000e+00 0.00000000000000e+00 0.00000000000000e+00 0.00000000000000e+00 0.00000000000000e+00 0.00000000000000e+00 
1.06504393760687e-03 3.64445641555987e+02 3.46976579511817e+02 2.24143448397408e+22 1.22462311969335e+20 2.34879206170974e+19 4.20949862377530e+18 7.40268387400871e+14 9.96757892502740e+19 1.79546825631194e+16 4.29490955903023e+09 2.23960448793193e+16 1.27211429656429e+18 4.10434416176038e+15 0.00000000000000e+00 0.00000000000000e+00 0.00000000000000e+00 0.00000000000000e+00 0.00000000000000e+00 0.00000000000000e+00 0.00000000000000e+00 
1.17427026428977e-03 3.63046085701158e+02 3.46050102262904e+02 2.23953850782740e+22 1.34926001554782e+20 2.49044418156515e+19 4.16102993126756e+18 8.01894319690948e+14 1.09803569514138e+20 1.83213973946393e+16 4.71808469731388e+09 2.06666779777553e+16 1.31470517389718e+18 4.67942896538150e+15 0.00000000000000e+00 0.00000000000000e+00 0.00000000000000e+00 0.00000000000000e+00 0.00000000000000e+00 0.00000000000000e+00 0.00000000000000e+00 
1.28349659097266e-03 3.61820905381724e+02 3.45240510640487e+02 2.23766303059678e+22 1.47316539417989e+20 2.62077873871974e+19 4.11241399550909e+18 8.62625961410130e+14 1.19917507097046e+20 1.86840552688738e+16 5.14052352575064e+09 1.92011496692636e+16 1.34950183452360e+18 5.23391443155099e+15 0.00000000000000e+00 0.00000000000000e+00 0.00000000000000e+00 0.00000000000000e+00 0.00000000000000e+00 0.00000000000000e+00 0.00000000000000e+00 
1.43405182234272e-03 3.60381447776387e+02 3.44533572098043e+02 2.23510899421224e+22 1.64275189317353e+20 2.78412335804255e+19 4.04605806674164e+18 9.44979371366252e+14 1.33835198060382e+20 1.91777327830335e+16 5.72184128424956e+09 1.75168341994751e+16 1.38630944920557e+18 5.95374311805952e+15 0.00000000000000e+00 0.00000000000000e+00 0.00000000000000e+00 0.00000000000000e+00 0.00000000000000e+00 0.00000000000000e+00 0.00000000000000e+00 
1.58460705371279e-03 3.59189072414463e+02 3.43705125501009e+02 2.23258808987365e+22 1.81094495519718e+20 2.93115335442357e+19 3.98117659604967e+18 1.02588089158292e+15 1.47725398154138e+20 1.96647377079624e+16 6.30226416132833e+09 1.61194222926815e+16 1.41204620614258e+18 6.61228288760886e+15 0.00000000000000e+00 0.00000000000000e+00 0.00000000000000e+00 0.00000000000000e+00 0.00000000000000e+00 0.00000000000000e+00 0.00000000000000e+00 
1.73516228508285e-03 3.58205162132240e+02 3.43020624332681e+02 2.23009763591315e+22 1.97774914592765e+20 3.06426547944866e+19 3.91800811650796e+18 1.10544417758900e+15 1.61587312944221e+20 2.01454250794397e+16 6.88198286397499e+09 1.49423373462263e+16 1.42844001382010e+18 7.20447601774371e+15 0.00000000000000e+00 0.00000000000000e+00 0.00000000000000e+00 0.00000000000000e+00 0.00000000000000e+00 0.00000000000000e+00 0.00000000000000e+00 
1.88571751645291e-03 3.57397564801762e+02 3.42456978255411e+02 2.22763537918116e+22 2.14317190746071e+20 3.18546158927942e+19 3.85653154625275e+18 1.18376134367760e+15 1.75420149747612e+20 2.06200010981945e+16 7.46113082820064e+09 1.39401582695680e+16 1.43696372604293e+18 7.72991088463466e+15 0.00000000000000e+00 0.00000000000000e+00 0.00000000000000e+00 0.00000000000000e+00 0.00000000000000e+00 0.00000000000000e+00 0.00000000000000e+00 
2.03627274782297e-03 3.56739210837204e+02 3.41995123550027e+02 2.22519940105157e+22 2.30722184152247e+20 3.29642686456173e+19 3.79670691038121e+18 1.26090756670456e+15 1.89223149688091e+20 2.10886489450125e+16 8.03979561610641e+09 1.30752418319523e+16 1.43888950912364e+18 8.19132118926926e+15 0.00000000000000e+00 0.00000000000000e+00 0.00000000000000e+00 0.00000000000000e+00 0.00000000000000e+00 0.00000000000000e+00 0.00000000000000e+00 
2.29499264575972e-03 3.55894272612568e+02 3.41619131073570e+02 2.22107020862701e+22 2.58595250577549e+20 3.46708922163260e+19 3.69773050923277e+18 1.39092009156616e+15 2.12871063548705e+20 2.18807520213175e+16 9.03323736632322e+09 1.18341024174914e+16 1.42979692752375e+18 8.84938636429637e+15 0.00000000000000e+00 0.00000000000000e+00 0.00000000000000e+00 0.00000000000000e+00 0.00000000000000e+00 0.00000000000000e+00 0.00000000000000e+00 
2.55371254369648e-03 3.55330087896030e+02 3.41137206596445e+02 2.21700696914851e+22 2.86070817154604e+20 3.61751150821617e+19 3.60347104909193e+18 1.51794034779700e+15 2.36425593053461e+20 2.26569113573007e+16 1.00255028309756e+10 1.08223282760073e+16 1.40901243360638e+18 9.36110419589191e+15 0.00000000000000e+00 0.00000000000000e+00 0.00000000000000e+00 0.00000000000000e+00 0.00000000000000e+00 0.00000000000000e+00 0.00000000000000e+00 
2.81243244163323e-03 3.54975378240442e+02 3.40815733250066e+02 2.21300425917901e+22 3.13154464113568e+20 3.75216211493956e+19 3.51372566109179e+18 1.64218719493657e+15 2.59884128791335e+20 2.34180010015464e+16 1.10165434606239e+10 9.99037010730822e+15 1.38017340953615e+18 9.75704465842898e+15 0.00000000000000e+00 0.00000000000000e+00 0.00000000000000e+00 0.00000000000000e+00 0.00000000000000e+00 0.00000000000000e+00 0.00000000000000e+00 
3.07115233956998e-03 3.54778027646859e+02 3.40613646289249e+02 2.20905791434500e+22 3.39852072905389e+20 3.87433420050648e+19 3.42824943860047e+18 1.76382805637718e+15 2.83244560263672e+20 2.41648242601420e+16 1.20062368735531e+10 9.28495911842011e+15 1.34602364514332e+18 1.00646967543065e+16 0.00000000000000e+00 0.00000000000000e+00 0.00000000000000e+00 0.00000000000000e+00 0.00000000000000e+00 0.00000000000000e+00 0.00000000000000e+00 
3.32987223750673e-03 3.54699151284485e+02 3.40501077069319e+02 2.20516464467515e+22 3.66169659540129e+20 3.98650973163644e+19 3.34679695131743e+18 1.88300615568588e+15 3.06505233106229e+20 2.48981475258122e+16 1.29944493412620e+10 8.68151595024552e+15 1.30864046759039e+18 1.03056743059496e+16 0.00000000000000e+00 0.00000000000000e+00 0.00000000000000e+00 0.00000000000000e+00 0.00000000000000e+00 0.00000000000000e+00 0.00000000000000e+00 
3.61969094648138e-03 3.54715643563628e+02 3.40455829006373e+02 2.20086317463134e+22 3.95206871178594e+20 4.10261492153712e+19 3.26004397018144e+18 2.01372974653093e+15 3.32441884243949e+20 2.57044730675671e+16 1.40994935622917e+10 8.10262462825408e+15 1.26484360828457e+18 1.05157814986406e+16 0.00000000000000e+00 0.00000000000000e+00 0.00000000000000e+00 0.00000000000000e+00 0.00000000000000e+00 0.00000000000000e+00 0.00000000000000e+00 
3.90950965545604e-03 3.54812547772410e+02 3.40464689562862e+02 2.19662191990129e+22 4.23783269610956e+20 4.21061644122593e+19 3.17773116835472e+18 2.14165198350531e+15 3.58250404799258e+20 2.64956957119257e+16 1.52022380621552e+10 7.60420817390156e+15 1.22062209102722e+18 1.06785451537401e+16 0.00000000000000e+00 0.00000000000000e+00 0.00000000000000e+00 0.00000000000000e+00 0.00000000000000e+00 0.00000000000000e+00 0.00000000000000e+00 
4.19932836443069e-03 3.54967008813374e+02 3.40519219795646e+02 2.19243841220129e+22 4.51907247245314e+20 4.31204682189371e+19 3.09955678289522e+18 2.26689470929729e+15 3.83929818645932e+20 2.72726839986876e+16 1.63024608338658e+10 7.17019113258328e+15 1.17713913863484e+18 1.08056924337842e+16 0.00000000000000e+00 0.00000000000000e+00 0.00000000000000e+00 0.00000000000000e+00 0.00000000000000e+00 0.00000000000000e+00 0.00000000000000e+00 
4.48914707340534e-03 3.55162609361820e+02 3.40606458564148e+02 2.18831063618599e+22 4.79587067701634e+20 4.40803977719516e+19 3.02523754885860e+18 2.38956367377424e+15 4.09479449921958e+20 2.80362443207821e+16 1.73999689237749e+10 6.78928820673104e+15 1.13517235490219e+18 1.09056373076649e+16 0.00000000000000e+00 0.00000000000000e+00 0.00000000000000e+00 0.00000000000000e+00 0.00000000000000e+00 0.00000000000000e+00 0.00000000000000e+00 
4.77896578238000e-03 3.55387435125042e+02 3.40717103690030e+02 2.18423690296761e+22 5.06830830411668e+20 4.49944814207179e+19 2.95451097153090e+18 2.50975201313189e+15 4.34898841010340e+20 2.87871233966310e+16 1.84945935293362e+10 6.45237843063510e+15 1.09521992143460e+18 1.09845272421431e+16 0.00000000000000e+00 0.00000000000000e+00 0.00000000000000e+00 0.00000000000000e+00 0.00000000000000e+00 0.00000000000000e+00 0.00000000000000e+00 
5.35180612737454e-03 3.55888568436342e+02 3.40844407135657e+02 2.17633868550640e+22 5.59427103609338e+20 4.66887541877315e+19 2.82436322957296e+18 2.74033142267486e+15 4.84757360819140e+20 3.02366495842617e+16 2.06492073441979e+10 5.88830519039861e+15 1.02300563885982e+18 1.10942619348284e+16 0.00000000000000e+00 0.00000000000000e+00 0.00000000000000e+00 0.00000000000000e+00 0.00000000000000e+00 0.00000000000000e+00 0.00000000000000e+00 
5.92464647236907e-03 3.56426921937329e+02 3.41128490335520e+02 2.16863672619669e+22 6.10409350741115e+20 4.82641426651586e+19 2.70565609686769e+18 2.96214857868836e+15 5.34104613871653e+20 3.16439769454078e+16 2.27910364250070e+10 5.42651728246471e+15 9.60499351009994e+17 1.11628873346689e+16 0.00000000000000e+00 0.00000000000000e+00 0.00000000000000e+00 0.00000000000000e+00 0.00000000000000e+00 0.00000000000000e+00 0.00000000000000e+00 
6.49748681736361e-03 3.56978531555017e+02 3.41434053561445e+02 2.16112338332606e+22 6.59833737995695e+20 4.97430582994577e+19 2.59699130527504e+18 3.17571479234052e+15 5.82940294234439e+20 3.30131199422077e+16 2.49193594485600e+10 5.04442540390432e+15 9.07287390597019e+17 1.12037375514943e+16 0.00000000000000e+00 0.00000000000000e+00 0.00000000000000e+00 0.00000000000000e+00 0.00000000000000e+00 0.00000000000000e+00 0.00000000000000e+00 
7.07032716235814e-03 3.57532830214714e+02 3.41747495251098e+02 2.15379226858705e+22 7.07753517691012e+20 5.11389441796286e+19 2.49717442065606e+18 3.38149780955392e+15 6.31264587525435e+20 3.43475702507115e+16 2.70336897012731e+10 4.71944652220434e+15 8.62227032022758e+17 1.12251187476258e+16 0.00000000000000e+00 0.00000000000000e+00 0.00000000000000e+00 0.00000000000000e+00 0.00000000000000e+00 0.00000000000000e+00 0.00000000000000e+00 
7.64316750735268e-03 3.58084629313267e+02 3.42062806159731e+02 2.14663766241223e+22 7.54219241383560e+20 5.24612353474686e+19 2.40519575065884e+18 3.57992573096365e+15 6.79077785537892e+20 3.56502091204497e+16 2.91336641939077e+10 4.44133034191027e+15 8.24030529294553e+17 1.12321957014095e+16 0.00000000000000e+00 0.00000000000000e+00 0.00000000000000e+00 0.00000000000000e+00 0.00000000000000e+00 0.00000000000000e+00 0.00000000000000e+00 
8.31231765608294e-03 3.58721962098570e+02 3.42377025437479e+02 2.13849662727294e+22 8.06719818082573e+20 5.39225855316232e+19 2.30652199101841e+18 3.80291722532564e+15 7.34282779158875e+20 3.71349595304497e+16 3.15680646610819e+10 4.16289116865621e+15 7.86552038204195e+17 1.12275605040611e+16 0.00000000000000e+00 0.00000000000000e+00 0.00000000000000e+00 0.00000000000000e+00 0.00000000000000e+00 0.00000000000000e+00 0.00000000000000e+00 
8.98146780481320e-03 3.59348639677202e+02 3.42740353729210e+02 2.13058127252538e+22 8.57374764626504e+20 5.53035473080611e+19 2.21618289240165e+18 4.01697675018853e+15 7.88791066009723e+20 3.85830778507000e+16 3.39819069565370e+10 3.92380814487924e+15 7.55244028932905e+17 1.12130698382637e+16 0.00000000000000e+00 0.00000000000000e+00 0.00000000000000e+00 0.00000000000000e+00 0.00000000000000e+00 0.00000000000000e+00 0.00000000000000e+00 
9.65061795354345e-03 3.59963533774617e+02 3.43098022094613e+02 2.12288418785788e+22 9.06253311804780e+20 5.66117499916467e+19 2.13319792632614e+18 4.22262866161442e+15 8.42603034994919e+20 3.99973913087243e+16 3.63747534687798e+10 3.71641510334116e+15 7.28791190682682e+17 1.11913570441728e+16 0.00000000000000e+00 0.00000000000000e+00 0.00000000000000e+00 0.00000000000000e+00 0.00000000000000e+00 0.00000000000000e+00 0.00000000000000e+00 
1.03197681022737e-02 3.60566552541972e+02 3.43449361121325e+02 2.11539840261588e+22 9.53421217341391e+20 5.78532875262960e+19 2.05673046568407e+18 4.42034705958816e+15 8.95719178193084e+20 4.13802794356811e+16 3.87462181886605e+10 3.53492642841661e+15 7.06156129405384e+17 1.11642790784469e+16 0.00000000000000e+00 0.00000000000000e+00 0.00000000000000e+00 0.00000000000000e+00 0.00000000000000e+00 0.00000000000000e+00 0.00000000000000e+00 
1.09889182510040e-02 3.61157937307093e+02 3.43794294052656e+02 2.10811729933284e+22 9.98941112289974e+20 5.90332967887704e+19 1.98606330742250e+18 4.61056843130042e+15 9.48140139920287e+20 4.27337531754615e+16 4.10959445851398e+10 3.37455426973925e+15 6.86539197914101e+17 1.11333044198990e+16 0.00000000000000e+00 0.00000000000000e+00 0.00000000000000e+00 0.00000000000000e+00 0.00000000000000e+00 0.00000000000000e+00 0.00000000000000e+00 
1.22935926665568e-02 3.62278597948359e+02 3.44132935978085e+02 2.09448623345703e+22 1.08317512820247e+21 6.11731216522025e+19 1.86272398656495e+18 4.96136838536581e+15 1.04835251091323e+21 4.52943867302183e+16 4.56135677642159e+10 3.11002806509118e+15 6.54922319538044e+17 1.10654835209297e+16 0.00000000000000e+00 0.00000000000000e+00 0.00000000000000e+00 0.00000000000000e+00 0.00000000000000e+00 0.00000000000000e+00 0.00000000000000e+00 
1.35982670821096e-02 3.63358143256771e+02 3.44775639734432e+02 2.08156562288353e+22 1.16178374086855e+21 6.31236028070816e+19 1.75543744382808e+18 5.28789334295466e+15 1.14593497621097e+21 4.77597122698665e+16 5.00450338869070e+10 2.89354798415034e+15 6.29405451041338e+17 1.09922583148780e+16 0.00000000000000e+00 0.00000000000000e+00 0.00000000000000e+00 0.00000000000000e+00 0.00000000000000e+00 0.00000000000000e+00 0.00000000000000e+00 
1.49029414976625e-02 3.64398644060776e+02 3.45395978887110e+02 2.06931477733524e+22 1.23515060160504e+21 6.49069184320166e+19 1.66139389065057e+18 5.59248473167980e+15 1.24090080165458e+21 5.01374836175296e+16 5.43883878302681e+10 2.71333471565417e+15 6.08152054007960e+17 1.09167105340106e+16 0.00000000000000e+00 0.00000000000000e+00 0.00000000000000e+00 0.00000000000000e+00 0.00000000000000e+00 0.00000000000000e+00 0.00000000000000e+00 
1.62076159132153e-02 3.65401962402791e+02 3.45995006462821e+02 2.05769613477660e+22 1.30362822210098e+21 6.65407980626008e+19 1.57842584457191e+18 5.87706214086375e+15 1.33326803520874e+21 5.24335415146572e+16 5.86419986909232e+10 2.56209580093570e+15 5.90174566446278e+17 1.08406920782815e+16 0.00000000000000e+00 0.00000000000000e+00 0.00000000000000e+00 0.00000000000000e+00 0.00000000000000e+00 0.00000000000000e+00 0.00000000000000e+00 
1.75122903287681e-02 3.66369695880695e+02 3.46573669610744e+02 2.04667476297466e+22 1.36754241089765e+21 6.80404228496261e+19 1.50469019725549e+18 6.14336786207758e+15 1.42305920312504e+21 5.46529984943909e+16 6.28045205262261e+10 2.43162209702306e+15 5.74746123799702e+17 1.07660183006852e+16 0.00000000000000e+00 0.00000000000000e+00 0.00000000000000e+00 0.00000000000000e+00 0.00000000000000e+00 0.00000000000000e+00 0.00000000000000e+00 
1.98891041312137e-02 3.68045388809932e+02 3.47132775209278e+02 2.02802775613868e+22 1.47320711807428e+21 7.04683388144607e+19 1.38988015456161e+18 6.58647118293279e+15 1.58010930252091e+21 5.85105942116105e+16 7.01504137864991e+10 2.23564267341878e+15 5.51497476127547e+17 1.06357504037042e+16 0.00000000000000e+00 0.00000000000000e+00 0.00000000000000e+00 0.00000000000000e+00 0.00000000000000e+00 0.00000000000000e+00 0.00000000000000e+00 
2.22659179336592e-02 3.69614551283788e+02 3.48103135905512e+02 2.01107524488186e+22 1.56637111952205e+21 7.25595828210796e+19 1.29499202514884e+18 6.98192828176986e+15 1.72889120270771e+21 6.21433746708508e+16 7.71865419804845e+10 2.08051205842153e+15 5.32732187990498e+17 1.05149434689492e+16 0.00000000000000e+00 0.00000000000000e+00 0.00000000000000e+00 0.00000000000000e+00 0.00000000000000e+00 0.00000000000000e+00 0.00000000000000e+00 
2.46427317361047e-02 3.71083665516380e+02 3.49014361584431e+02 1.99565498251390e+22 1.64849983480818e+21 7.43664797151239e+19 1.21544812340689e+18 7.33619148389494e+15 1.86962713722570e+21 6.55656834357014e+16 8.39113125842990e+10 1.95347353203916e+15 5.17233135439085e+17 1.04048144040547e+16 0.00000000000000e+00 0.00000000000000e+00 0.00000000000000e+00 0.00000000000000e+00 0.00000000000000e+00 0.00000000000000e+00 0.00000000000000e+00 
2.70195455385503e-02 3.72458460672254e+02 3.49869715518876e+02 1.98162249010082e+22 1.72087499049203e+21 7.59305522441577e+19 1.14825905125768e+18 7.65428244906310e+15 2.00256812842743e+21 6.87877494838521e+16 9.03255738513660e+10 1.84913042523252e+15 5.04341128792888e+17 1.03051146959764e+16 0.00000000000000e+00 0.00000000000000e+00 0.00000000000000e+00 0.00000000000000e+00 0.00000000000000e+00 0.00000000000000e+00 0.00000000000000e+00 
2.93963593409958e-02 3.73744397776535e+02 3.50672094721105e+02 1.96884812242898e+22 1.78462565608094e+21 7.72871802601270e+19 1.09073451189057e+18 7.94063789682530e+15 2.12798549252105e+21 7.18207398575503e+16 9.64321638176617e+10 1.76001110214166e+15 4.93408451188122e+17 1.02160025059490e+16 0.00000000000000e+00 0.00000000000000e+00 0.00000000000000e+00 0.00000000000000e+00 0.00000000000000e+00 0.00000000000000e+00 0.00000000000000e+00 
3.28261399424100e-02 3.75453454507789e+02 3.51424302507919e+02 1.95240160961591e+22 1.86337777305520e+21 7.89370581233878e+19 1.02134783434555e+18 8.30511271928076e+15 2.29628549006468e+21 7.58809572513672e+16 1.04711426476784e+11 1.65450032750374e+15 4.80306047788489e+17 1.01046574118937e+16 0.00000000000000e+00 0.00000000000000e+00 0.00000000000000e+00 0.00000000000000e+00 0.00000000000000e+00 0.00000000000000e+00 0.00000000000000e+00 
3.62559205438241e-02 3.77002335203625e+02 3.52426526596681e+02 1.93802231502348e+22 1.92883279565078e+21 8.02880375607864e+19 9.64546600142556e+17 8.62034780215046e+15 2.45040107304450e+21 7.95903098174235e+16 1.12378395255435e+11 1.56865303128270e+15 4.69616933193100e+17 1.00115418829683e+16 0.00000000000000e+00 0.00000000000000e+00 0.00000000000000e+00 0.00000000000000e+00 0.00000000000000e+00 0.00000000000000e+00 0.00000000000000e+00 
3.96857011452383e-02 3.78404550880155e+02 3.53337283733141e+02 1.92544013614683e+22 1.98318622648759e+21 8.13965620862517e+19 9.17507770456849e+17 8.89381941715776e+15 2.59123763863319e+21 8.29729692405702e+16 1.19456516539380e+11 1.49765292056172e+15 4.60800980958510e+17 9.93425920797302e+15 0.00000000000000e+00 0.00000000000000e+00 0.00000000000000e+00 0.00000000000000e+00 0.00000000000000e+00 0.00000000000000e+00 0.00000000000000e+00 
4.31154817466525e-02 3.79672599694581e+02 3.54163808651377e+02 1.91442303067164e+22 2.02826252138502e+21 8.23076275616992e+19 8.78146810904202e+17 9.13156810254066e+15 2.71970244990726e+21 8.60521811864052e+16 1.25972827246607e+11 1.43826676365872e+15 4.53465899387477e+17 9.87070708036774e+15 0.00000000000000e+00 0.00000000000000e+00 0.00000000000000e+00 0.00000000000000e+00 0.00000000000000e+00 0.00000000000000e+00 0.00000000000000e+00 
4.65452623480666e-02 3.80818124822723e+02 3.54912884130688e+02 1.90477027230915e+22 2.06558866238388e+21 8.30576451160322e+19 8.44926168104816e+17 9.33863977293798e+15 2.83668721638690e+21 8.88503854761349e+16 1.31956730548294e+11 1.38801443058678e+15 4.47305273840017e+17 9.81895502494360e+15 0.00000000000000e+00 0.00000000000000e+00 0.00000000000000e+00 0.00000000000000e+00 0.00000000000000e+00 0.00000000000000e+00 0.00000000000000e+00 
5.22791231108307e-02 3.82488310468863e+02 3.55590908517745e+02 1.89122743005943e+22 2.11397309868281e+21 8.40271766516770e+19 8.00136203968682e+17 9.62736097463808e+15 3.00894603657659e+21 9.29579438329367e+16 1.40854743611004e+11 1.31985944918988e+15 4.39053782897296e+17 9.75451508658763e+15 0.00000000000000e+00 0.00000000000000e+00 0.00000000000000e+00 0.00000000000000e+00 0.00000000000000e+00 0.00000000000000e+00 0.00000000000000e+00 
5.80129838735948e-02 3.83891958985466e+02 3.56581718074621e+02 1.88033919941303e+22 2.14900720608167e+21 8.47320650904072e+19 7.65316910824328e+17 9.85850277315189e+15 3.15531775456927e+21 9.64354357743609e+16 1.48497076741404e+11 1.26610167237742e+15 4.32649099407484e+17 9.71113968518825e+15 0.00000000000000e+00 0.00000000000000e+00 0.00000000000000e+00 0.00000000000000e+00 0.00000000000000e+00 0.00000000000000e+00 0.00000000000000e+00 
6.37468446363589e-02 3.85069523686372e+02 3.57416456323949e+02 1.87156243518243e+22 2.17430176712990e+21 8.52461590492505e+19 7.38058564957981e+17 1.00442986051786e+16 3.27930193540417e+21 9.93695966024545e+16 1.55029274935922e+11 1.22377073700012e+15 4.27693060229869e+17 9.68285126116536e+15 0.00000000000000e+00 0.00000000000000e+00 0.00000000000000e+00 0.00000000000000e+00 0.00000000000000e+00 0.00000000000000e+00 0.00000000000000e+00 
6.94807053991230e-02 3.86055802177007e+02 3.58118178019939e+02 1.86447497179127e+22 2.19245867563864e+21 8.56214823684664e+19 7.16446042894331e+17 1.01940301844729e+16 3.38403893420268e+21 1.01839097903129e+17 1.60589698516533e+11 1.18970994031511e+15 4.23808798605727e+17 9.66560318152223e+15 0.00000000000000e+00 0.00000000000000e+00 0.00000000000000e+00 0.00000000000000e+00 0.00000000000000e+00 0.00000000000000e+00 0.00000000000000e+00 
7.52145661618871e-02 3.86880414867403e+02 3.58706911394415e+02 1.85874344906567e+22 2.20538469345956e+21 8.58968628387200e+19 6.99092035472285e+17 1.03149831670883e+16 3.47230829265670e+21 1.03911724664886e+17 1.65305266453814e+11 1.16214123138471e+15 4.20724726428654e+17 9.65650266488423e+15 0.00000000000000e+00 0.00000000000000e+00 0.00000000000000e+00 0.00000000000000e+00 0.00000000000000e+00 0.00000000000000e+00 0.00000000000000e+00 
8.34223488358349e-02 3.87828533202543e+02 3.59199838477532e+02 1.85239569972927e+22 2.21742499450693e+21 8.61666835776360e+19 6.79988786655889e+17 1.04490941263897e+16 3.57468874138589e+21 1.06304252473940e+17 1.70809039531135e+11 1.13134891780799e+15 4.17351740114569e+17 9.65312289942667e+15 0.00000000000000e+00 0.00000000000000e+00 0.00000000000000e+00 0.00000000000000e+00 0.00000000000000e+00 0.00000000000000e+00 0.00000000000000e+00 
9.16301315097826e-02 3.88559444502077e+02 3.59767371343332e+02 1.84768475242812e+22 2.22457122335015e+21 8.63403850142141e+19 6.65831370674082e+17 1.05489968263402e+16 3.65430154734470e+21 1.08155179959774e+17 1.75114152973595e+11 1.10819152611880e+15 4.14871020006752e+17 9.65606974825390e+15 0.00000000000000e+00 0.00000000000000e+00 0.00000000000000e+00 0.00000000000000e+00 0.00000000000000e+00 0.00000000000000e+00 0.00000000000000e+00 
9.98379141837304e-02 3.89122484030726e+02 3.60205452055575e+02 1.84417039031836e+22 2.22873036822623e+21 8.64530823069150e+19 6.55249295944975e+17 1.06238255961860e+16 3.71607018759108e+21 1.09584765482880e+17 1.78469531129942e+11 1.09068632996362e+15 4.13038439057343e+17 9.66196190333642e+15 0.00000000000000e+00 0.00000000000000e+00 0.00000000000000e+00 0.00000000000000e+00 0.00000000000000e+00 0.00000000000000e+00 0.00000000000000e+00 
1.08045696857678e-01 3.89555630517508e+02 3.60543250727420e+02 1.84154159650440e+22 2.23104620428740e+21 8.65263831448238e+19 6.47290869442130e+17 1.06799969381775e+16 3.76388658109704e+21 1.10686836826415e+17 1.81076042628375e+11 1.07738664377856e+15 4.11672903342032e+17 9.66904310310166e+15 0.00000000000000e+00 0.00000000000000e+00 0.00000000000000e+00 0.00000000000000e+00 0.00000000000000e+00 0.00000000000000e+00 0.00000000000000e+00 
1.16253479531626e-01 3.89888343791069e+02 3.60803315778765e+02 1.83957245903803e+22 2.23222921378033e+21 8.65739716532946e+19 6.41279491087342e+17 1.07222603023907e+16 3.80082229842069e+21 1.11534807117352e+17 1.83094777487786e+11 1.06724087725049e+15 4.10644404970655e+17 9.67632390496577e+15 0.00000000000000e+00 0.00000000000000e+00 0.00000000000000e+00 0.00000000000000e+00 0.00000000000000e+00 0.00000000000000e+00 0.00000000000000e+00 
1.31351254097909e-01 3.90306839094553e+02 3.61003194814172e+02 1.83717730417485e+22 2.23273577208952e+21 8.66202746045141e+19 6.33796442991916e+17 1.07742698241801e+16 3.84763732059300e+21 1.12603725967497e+17 1.85660066125286e+11 1.05443430985485e+15 4.09351156023777e+17 9.68901807837029e+15 0.00000000000000e+00 0.00000000000000e+00 0.00000000000000e+00 0.00000000000000e+00 0.00000000000000e+00 0.00000000000000e+00 0.00000000000000e+00 
1.46449028664193e-01 3.90563381982992e+02 3.61254746707479e+02 1.83575111491085e+22 2.23253960827107e+21 8.66417773547396e+19 6.29253586416043e+17 1.08057216504418e+16 3.87652115901505e+21 1.13260188650886e+17 1.87246466602647e+11 1.04656791279904e+15 4.08555857893896e+17 9.69858531946254e+15 0.00000000000000e+00 0.00000000000000e+00 0.00000000000000e+00 0.00000000000000e+00 0.00000000000000e+00 0.00000000000000e+00 0.00000000000000e+00 
1.61546803230476e-01 3.90722930234762e+02 3.61409027906415e+02 1.83487701839382e+22 2.23226566722389e+21 8.66527878620736e+19 6.26490397582794e+17 1.08250326171529e+16 3.89453542080082e+21 1.13668588325593e+17 1.88237253378148e+11 1.04177418020911e+15 4.08087349139723e+17 9.70486237729867e+15 0.00000000000000e+00 0.00000000000000e+00 0.00000000000000e+00 0.00000000000000e+00 0.00000000000000e+00 0.00000000000000e+00 0.00000000000000e+00 
1.76644577796760e-01 3.90822271908083e+02 3.61505007863496e+02 1.83433963900620e+22 2.23201344788649e+21 8.66583810873442e+19 6.24799651175505e+17 1.08368099467537e+16 3.90578018440461e+21 1.13922915689190e+17 1.88856168374552e+11 1.03883430310468e+15 4.07810757018446e+17 9.70897117094956e+15 0.00000000000000e+00 0.00000000000000e+00 0.00000000000000e+00 0.00000000000000e+00 0.00000000000000e+00 0.00000000000000e+00 0.00000000000000e+00 
1.91742352363043e-01 3.90883387104869e+02 3.61564780510866e+02 1.83401508356150e+22 2.23178431784197e+21 8.66608741209957e+19 6.23760369909331e+17 1.08439581567209e+16 3.91272698913676e+21 1.14079514465067e+17 1.89238654602767e+11 1.03700864470519e+15 4.07637093734004e+17 9.71178535960377e+15 0.00000000000000e+00 0.00000000000000e+00 0.00000000000000e+00 0.00000000000000e+00 0.00000000000000e+00 0.00000000000000e+00 0.00000000000000e+00 
2.18876069424724e-01 3.90935821973402e+02 3.61601556594342e+02 1.83374442321062e+22 2.23149035919125e+21 8.66620173422960e+19 6.22823531950611e+17 1.08501624645529e+16 3.91872807557146e+21 1.14214275375114e+17 1.89569313139983e+11 1.03532832694526e+15 4.07460420117033e+17 9.71484653358521e+15 0.00000000000000e+00 0.00000000000000e+00 0.00000000000000e+00 0.00000000000000e+00 0.00000000000000e+00 0.00000000000000e+00 0.00000000000000e+00 
2.46009786486405e-01 3.90957972234048e+02 3.61633110976701e+02 1.83363179717345e+22 2.23134454449876e+21 8.66623090880919e+19 6.22416025730433e+17 1.08528947227901e+16 3.92127264087906e+21 1.14271305898959e+17 1.89709574387352e+11 1.03459066131740e+15 4.07376942926758e+17 9.71628274829120e+15 0.00000000000000e+00 0.00000000000000e+00 0.00000000000000e+00 0.00000000000000e+00 0.00000000000000e+00 0.00000000000000e+00 0.00000000000000e+00 
2.73143503548086e-01 3.90969661740499e+02 3.61646441133597e+02 1.83357066992301e+22 2.23128973041729e+21 8.66625509337471e+19 6.22240607364177e+17 1.08542206115044e+16 3.92260470421939e+21 1.14301176862027e+17 1.89782916990405e+11 1.03429612397084e+15 4.07357797126365e+17 9.71676708886892e+15 0.00000000000000e+00 0.00000000000000e+00 0.00000000000000e+00 0.00000000000000e+00 0.00000000000000e+00 0.00000000000000e+00 0.00000000000000e+00 
3.00277220609768e-01 3.90975732483643e+02 3.61653476427368e+02 1.83353854093157e+22 2.23126676439195e+21 8.66626326826987e+19 6.22169385956254e+17 1.08548002340158e+16 3.92329317155662e+21 1.14316575188766e+17 1.89820733165985e+11 1.03418529551846e+15 4.07359867588059e+17 9.71688871945279e+15 0.00000000000000e+00 0.00000000000000e+00 0.00000000000000e+00 0.00000000000000e+00 0.00000000000000e+00 0.00000000000000e+00 0.00000000000000e+00 
3.27410937671449e-01 3.90978031506274e+02 3.61657130226341e+02 1.83352688753809e+22 2.23125184152289e+21 8.66625679001476e+19 6.22144890181179e+17 1.08550095915628e+16 3.92355625565167e+21 1.14322398913938e+17 1.89835144652253e+11 1.03414259658091e+15 4.07360387617720e+17 9.71693255586653e+15 0.00000000000000e+00 0.00000000000000e+00 0.00000000000000e+00 0.00000000000000e+00 0.00000000000000e+00 0.00000000000000e+00 0.00000000000000e+00 
4.06149779664229e-01 3.90979876642541e+02 3.61658513883969e+02 1.83351782611381e+22 2.23123690086802e+21 8.66623907368725e+19 6.22143402190087e+17 1.08551470034208e+16 3.92376768668890e+21 1.14326992319683e+17 1.89846682660919e+11 1.03414660914870e+15 4.07370882586924e+17 9.71688179245852e+15 0.00000000000000e+00 0.00000000000000e+00 0.00000000000000e+00 0.00000000000000e+00 0.00000000000000e+00 0.00000000000000e+00 0.00000000000000e+00 
4.84888621657010e-01 3.90978849980021e+02 3.61659624366971e+02 1.83352335041311e+22 2.23123964743481e+21 8.66623609825860e+19 6.22156429776447e+17 1.08550343865874e+16 3.92365174037164e+21 1.14324386225849e+17 1.89840310231999e+11 1.03417081964291e+15 4.07372236766102e+17 9.71687080099378e+15 0.00000000000000e+00 0.00000000000000e+00 0.00000000000000e+00 0.00000000000000e+00 0.00000000000000e+00 0.00000000000000e+00 0.00000000000000e+00 
5.63627463649790e-01 3.90978473877212e+02 3.61659006429631e+02 1.83352524566111e+22 2.23124178920292e+21 8.66624301541167e+19 6.22147929790540e+17 1.08550293662343e+16 3.92360945271229e+21 1.14323494344365e+17 1.89838027395317e+11 1.03415164920464e+15 4.07365210900213e+17 9.71693238801890e+15 0.00000000000000e+00 0.00000000000000e+00 0.00000000000000e+00 0.00000000000000e+00 0.00000000000000e+00 0.00000000000000e+00 0.00000000000000e+00 
6.42366305642570e-01 3.90978565108717e+02 3.61658780052949e+02 1.83352474223112e+22 2.23124146296955e+21 8.66624660350643e+19 6.22140201495051e+17 1.08550606032088e+16 3.92362012906623e+21 1.14323758521361e+17 1.89838636171057e+11 1.03413532626484e+15 4.07361239047729e+17 9.71696992137788e+15 0.00000000000000e+00 0.00000000000000e+00 0.00000000000000e+00 0.00000000000000e+00 0.00000000000000e+00 0.00000000000000e+00 0.00000000000000e+00 
1.42975472557037e+00 3.90978677956988e+02 3.61658834954211e+02 1.83352417044913e+22 2.23124063186893e+21 8.66624770833139e+19 6.22135519989612e+17 1.08550838594052e+16 3.92363321946727e+21 1.14324060798668e+17 1.89839361075380e+11 1.03412477134173e+15 4.07358979673532e+17 9.71698795554853e+15 0.00000000000000e+00 0.00000000000000e+00 0.00000000000000e+00 0.00000000000000e+00 0.00000000000000e+00 0.00000000000000e+00 0.00000000000000e+00 
2.21714314549818e+00 3.90978681655154e+02 3.61658902866996e+02 1.83352415790969e+22 2.23124079068998e+21 8.66624500947147e+19 6.22141508596156e+17 1.08550614487612e+16 3.92363318276365e+21 1.14324048888700e+17 1.89839391764460e+11 1.03414015314797e+15 4.07363096772610e+17 9.71696219240039e+15 0.00000000000000e+00 0.00000000000000e+00 0.00000000000000e+00 0.00000000000000e+00 0.00000000000000e+00 0.00000000000000e+00 0.00000000000000e+00 
3.00453156542598e+00 3.90978678456191e+02 3.61658905105030e+02 1.83352416703281e+22 2.23124069998512e+21 8.66624685100064e+19 6.22137705526739e+17 1.08550764980895e+16 3.92363316000879e+21 1.14324052004770e+17 1.89839354668468e+11 1.03412994881187e+15 4.07360386300767e+17 9.71697824602137e+15 0.00000000000000e+00 0.00000000000000e+00 0.00000000000000e+00 0.00000000000000e+00 0.00000000000000e+00 0.00000000000000e+00 0.00000000000000e+00 
1.04371703117751e+01 3.90978678483192e+02 3.61658903170533e+02 1.83352416678124e+22 2.23124071111151e+21 8.66624673850229e+19 6.22137903519163e+17 1.08550771745548e+16 3.92363313806559e+21 1.14324051036292e+17 1.89839353069504e+11 1.03412962842635e+15 4.07360300364574e+17 9.71697589622917e+15 0.00000000000000e+00 0.00000000000000e+00 0.00000000000000e+00 0.00000000000000e+00 0.00000000000000e+00 0.00000000000000e+00 0.00000000000000e+00 
1.78698090581242e+01 3.90978680289290e+02 3.61658903187458e+02 1.83352415606540e+22 2.23124073919100e+21 8.66624619043576e+19 6.22139544949817e+17 1.08550685281891e+16 3.92363329926865e+21 1.14324048547596e+17 1.89839360029277e+11 1.03413581370150e+15 4.07361966632880e+17 9.71697289127835e+15 0.00000000000000e+00 0.00000000000000e+00 0.00000000000000e+00 0.00000000000000e+00 0.00000000000000e+00 0.00000000000000e+00 0.00000000000000e+00 
2.53024478044733e+01 3.90978679575036e+02 3.61658904275585e+02 1.83352415999605e+22 2.23124073400524e+21 8.66624639774726e+19 6.22138958598890e+17 1.08550724269698e+16 3.92363322839816e+21 1.14324049228151e+17 1.89839357124208e+11 1.03413300152954e+15 4.07361214530723e+17 9.71697322581894e+15 0.00000000000000e+00 0.00000000000000e+00 0.00000000000000e+00 0.00000000000000e+00 0.00000000000000e+00 0.00000000000000e+00 0.00000000000000e+00 
9.96288352679642e+01 3.90978679642010e+02 3.61658903845462e+02 1.83352415850624e+22 2.23124073732134e+21 8.66624635898116e+19 6.22139095413703e+17 1.08550721879923e+16 3.92363323154580e+21 1.14324048828287e+17 1.89839357240404e+11 1.03413317247108e+15 4.07361263329009e+17 9.71697279654679e+15 0.00000000000000e+00 0.00000000000000e+00 0.00000000000000e+00 0.00000000000000e+00 0.00000000000000e+00 0.00000000000000e+00 0.00000000000000e+00 
1.73955222731455e+02 3.90978680017784e+02 3.61658903885842e+02 1.83352415653311e+22 2.23124073555178e+21 8.66624625482631e+19 6.22139329037382e+17 1.08550697426403e+16 3.92363327495997e+21 1.14324048873762e+17 1.89839359156253e+11 1.03413492009496e+15 4.07361726534779e+17 9.71697299022160e+15 0.00000000000000e+00 0.00000000000000e+00 0.00000000000000e+00 0.00000000000000e+00 0.00000000000000e+00 0.00000000000000e+00 0.00000000000000e+00 
2.48281610194946e+02 3.90978679874566e+02 3.61658904111958e+02 1.83352415696588e+22 2.23124073760895e+21 8.66624629013295e+19 6.22139270103219e+17 1.08550707742327e+16 3.92363325688307e+21 1.14324048748105e+17 1.89839358401276e+11 1.03413418322677e+15 4.07361532415743e+17 9.71697281287242e+15 0.00000000000000e+00 0.00000000000000e+00 0.00000000000000e+00 0.00000000000000e+00 0.00000000000000e+00 0.00000000000000e+00 0.00000000000000e+00 
3.48281610194946e+02 3.90978679947222e+02 3.61658904025810e+02 1.83352415649354e+22 2.23124073672709e+21 8.66624626845219e+19 6.22139311492745e+17 1.08550702414496e+16 3.92363326590200e+21 1.14324048774034e+17 1.89839358784666e+11 1.03413456320170e+15 4.07361632837708e+17 9.71697287322920e+15 0.00000000000000e+00 0.00000000000000e+00 0.00000000000000e+00 0.00000000000000e+00 0.00000000000000e+00 0.00000000000000e+00 0.00000000000000e+00 
4.48281610194946e+02 3.90978679943568e+02 3.61658904069506e+02 1.83352415644549e+22 2.23124073651892e+21 8.66624626876854e+19 6.22139308298496e+17 1.08550702376679e+16 3.92363326583408e+21 1.14324048787812e+17 1.89839358792089e+11 1.03413456551994e+15 4.07361633338733e+17 9.71697287717644e+15 0.00000000000000e+00 0.00000000000000e+00 0.00000000000000e+00 0.00000000000000e+00 0.00000000000000e+00 0.00000000000000e+00 0.00000000000000e+00 
5.48281610194946e+02 3.90978679960063e+02 3.61658904067294e+02 1.83352415636317e+22 2.23124073633975e+21 8.66624626415589e+19 6.22139317044934e+17 1.08550701210434e+16 3.92363326784433e+21 1.14324048795213e+17 1.89839358877941e+11 1.03413464874622e+15 4.07361655330282e+17 9.71697289100015e+15 0.00000000000000e+00 0.00000000000000e+00 0.00000000000000e+00 0.00000000000000e+00 0.00000000000000e+00 0.00000000000000e+00 0.00000000000000e+00 
6.48281610194946e+02 3.90978679952344e+02 3.61658904077217e+02 1.83352415638482e+22 2.23124073640087e+21 8.66624626606597e+19 6.22139313265819e+17 1.08550701719443e+16 3.92363326693350e+21 1.14324048791228e+17 1.89839358839094e+11 1.03413461236058e+15 4.07361645715650e+17 9.71697288477210e+15 0.00000000000000e+00 0.00000000000000e+00 0.00000000000000e+00 0.00000000000000e+00 0.00000000000000e+00 0.00000000000000e+00 0.00000000000000e+00 
7.48281610194946e+02 3.90978679959024e+02 3.61658904072572e+02 1.83352415635984e+22 2.23124073630679e+21 8.66624626433275e+19 6.22139316194071e+17 1.08550701235011e+16 3.92363326777389e+21 1.14324048796585e+17 1.89839358874603e+11 1.03413464694721e+15 4.07361654833928e+17 9.71697289127280e+15 0.00000000000000e+00 0.00000000000000e+00 0.00000000000000e+00 0.00000000000000e+00 0.00000000000000e+00 0.00000000000000e+00 0.00000000000000e+00 
8.48281610194946e+02 3.90978679954583e+02 3.61658904076589e+02 1.83352415637334e+22 2.23124073637852e+21 8.66624626543606e+19 6.22139314490141e+17 1.08550701562802e+16 3.92363326720401e+21 1.14324048792024e+17 1.89839358850505e+11 1.03413462354402e+15 4.07361648672431e+17 9.71697288663053e+15 0.00000000000000e+00 0.00000000000000e+00 0.00000000000000e+00 0.00000000000000e+00 0.00000000000000e+00 0.00000000000000e+00 0.00000000000000e+00 
9.48281610194946e+02 3.90978679957836e+02 3.61658904073918e+02 1.83352415636265e+22 2.23124073631315e+21 8.66624626461856e+19 6.22139315587690e+17 1.08550701309874e+16 3.92363326763782e+21 1.14324048796169e+17 1.89839358868914e+11 1.03413464159080e+15 4.07361653417005e+17 9.71697289035778e+15 0.00000000000000e+00 0.00000000000000e+00 0.00000000000000e+00 0.00000000000000e+00 0.00000000000000e+00 0.00000000000000e+00 0.00000000000000e+00 
1.00000000000000e+03 3.90978679956718e+02 3.61658904075874e+02 1.83352415636850e+22 2.23124073634073e+21 8.66624626492810e+19 6.22139315204049e+17 1.08550701403801e+16 3.92363326748115e+21 1.14324048794562e+17 1.89839358862105e+11 1.03413463489711e+15 4.07361651658168e+17 9.71697288897014e+15 0.00000000000000e+00 0.00000000000000e+00 0.00000000000000e+00 0.00000000000000e+00 0.00000000000000e+00 0.00000000000000e+00 0.00000000000000e+00 
