Time(s)              GasTemp(K)           NearWallTemp(K)      [O2(X)](m^-3)        [O2(a1Dg)](m^-3)     [O2(b1Sg+)](m^-3)    [O2(A3Su+_C3Du_c1Su-)](m^-3) [O2(+,X)](m^-3)      [O(3P)](m^-3)        [O(1D)](m^-3)        [O(+,gnd)](m^-3)     [O(-,gnd)](m^-3)     [O3(X)](m^-3)        [O3(exc)](m^-3)      [CO2(X)](m^-3)       [CO2(e1)](m^-3)      [CO2(+,X)](m^-3)     [CO(X)](m^-3)        [CO(a3P)](m^-3)      [CO(+,X)](m^-3)      [C(X)](m^-3)        
0.00000000000000e+00 3.51791824400000e+02 3.22288820980000e+02 2.67484434523912e+22 2.67484434523912e-03 2.67484434523912e-03 2.67484434523912e-03 0.00000000000000e+00 0.00000000000000e+00 0.00000000000000e+00 0.00000000000000e+00 0.00000000000000e+00 0.00000000000000e+00 0.00000000000000e+00 0.00000000000000e+00 0.00000000000000e+00 0.00000000000000e+00 0.00000000000000e+00 0.00000000000000e+00 0.00000000000000e+00 0.00000000000000e+00 
1.39951639487396e-16 3.51791824399994e+02 3.27489017494646e+02 2.67484434523911e+22 8.61266195789904e+06 2.04217801790035e+06 2.63801248249514e+06 9.62759266663025e+01 6.60691157530172e+06 8.95074002529572e+05 1.44341647516157e-03 3.41902479960314e+05 1.08016877636794e-06 1.57614993144321e-10 0.00000000000000e+00 0.00000000000000e+00 0.00000000000000e+00 0.00000000000000e+00 0.00000000000000e+00 0.00000000000000e+00 0.00000000000000e+00 
2.79903278974792e-16 3.51791824399989e+02 3.27489017494643e+02 2.67484434523911e+22 1.72253239131282e+07 4.08435603322705e+06 5.27602496231277e+06 1.92551853332604e+02 1.32138231507358e+07 1.79014800492682e+06 2.88683295022951e-03 6.83804959919377e+05 3.40914027308990e-06 4.97451539547254e-10 0.00000000000000e+00 0.00000000000000e+00 0.00000000000000e+00 0.00000000000000e+00 0.00000000000000e+00 0.00000000000000e+00 0.00000000000000e+00 
4.19854918462188e-16 3.51791824399983e+02 3.27489017494640e+02 2.67484434523911e+22 2.58379858683623e+07 6.12653404865707e+06 7.91403744212770e+06 2.88827779998905e+02 1.98207347263049e+07 2.68522200718896e+06 4.33024942520186e-03 1.02570743987716e+06 7.01324130842138e-06 1.02335116969399e-09 0.00000000000000e+00 0.00000000000000e+00 0.00000000000000e+00 0.00000000000000e+00 0.00000000000000e+00 0.00000000000000e+00 0.00000000000000e+00 
1.03047007463331e-15 3.51791824399958e+02 3.27489017494636e+02 2.67484434523910e+22 6.34154086417889e+07 1.50366465171232e+07 1.94238018738940e+07 7.08883880893354e+02 4.86469804102271e+07 6.59046923023967e+06 1.06279389654413e-02 2.51744299193954e+06 3.66607335419929e-05 5.34942445349366e-09 0.00000000000000e+00 0.00000000000000e+00 0.00000000000000e+00 0.00000000000000e+00 0.00000000000000e+00 0.00000000000000e+00 0.00000000000000e+00 
1.64108523080443e-15 3.51791824399933e+02 3.27489017494622e+02 2.67484434523910e+22 1.00992831415310e+08 2.39467589875204e+07 3.09335663056097e+07 1.12893998178779e+03 7.74732260966743e+07 1.04957164507653e+07 1.69256285038941e-02 4.00917854397806e+06 9.01394840096200e-05 1.31528835736386e-08 0.00000000000000e+00 0.00000000000000e+00 0.00000000000000e+00 0.00000000000000e+00 0.00000000000000e+00 0.00000000000000e+00 0.00000000000000e+00 
2.25170038697555e-15 3.51791824399908e+02 3.27489017494607e+02 2.67484434523909e+22 1.38570254188926e+08 3.28568714598793e+07 4.24433307372739e+07 1.54899608268220e+03 1.06299471785686e+08 1.44009636687258e+07 2.32233180405321e-02 5.50091409599234e+06 1.67825859015812e-04 2.44886467745621e-08 0.00000000000000e+00 0.00000000000000e+00 0.00000000000000e+00 0.00000000000000e+00 0.00000000000000e+00 0.00000000000000e+00 0.00000000000000e+00 
2.86231554314667e-15 3.51791824399883e+02 3.27489017494593e+02 2.67484434523908e+22 1.76147676962638e+08 4.17669839342105e+07 5.39530951688864e+07 1.96905218357660e+03 1.35125717477277e+08 1.83062108841074e+07 2.95210075753453e-02 6.99264964798224e+06 2.69852685700275e-04 3.93760957950954e-08 0.00000000000000e+00 0.00000000000000e+00 0.00000000000000e+00 0.00000000000000e+00 0.00000000000000e+00 0.00000000000000e+00 0.00000000000000e+00 
4.67452257107340e-15 3.51791824399808e+02 3.27489017494578e+02 2.67484434523906e+22 2.87671390309767e+08 6.82107567254894e+07 8.81122145123270e+07 3.21571075480757e+03 2.20677352598642e+08 2.98963530034072e+07 4.82115315703345e-02 1.14198795057994e+07 7.16143091376121e-04 1.04497455339636e-07 0.00000000000000e+00 0.00000000000000e+00 0.00000000000000e+00 0.00000000000000e+00 0.00000000000000e+00 0.00000000000000e+00 0.00000000000000e+00 
6.48672959900012e-15 3.51791824399734e+02 3.27489017494535e+02 2.67484434523904e+22 3.99195103657744e+08 9.46545295341592e+07 1.22271333855311e+08 4.46236932603839e+03 3.06228987742746e+08 4.14864950999666e+07 6.69020555492340e-02 1.58471093634017e+07 1.37705017461257e-03 2.00935037801614e-07 0.00000000000000e+00 0.00000000000000e+00 0.00000000000000e+00 0.00000000000000e+00 0.00000000000000e+00 0.00000000000000e+00 0.00000000000000e+00 
8.29893662692684e-15 3.51791824399659e+02 3.27489017494492e+02 2.67484434523901e+22 5.10718817006567e+08 1.21098302360220e+08 1.56430453197839e+08 5.70902789726906e+03 3.91780622909591e+08 5.30766371737849e+07 8.55925795120434e-02 2.02743392207891e+07 2.25258060918782e-03 3.28689817008271e-07 0.00000000000000e+00 0.00000000000000e+00 0.00000000000000e+00 0.00000000000000e+00 0.00000000000000e+00 0.00000000000000e+00 0.00000000000000e+00 
1.01111436548536e-14 3.51791824399585e+02 3.27489017494449e+02 2.67484434523899e+22 6.22242530356238e+08 1.47542075203673e+08 1.90589572539911e+08 6.95568646849959e+03 4.77332258099175e+08 6.46667792248622e+07 1.04283103458763e-01 2.47015690779615e+07 3.34273287932659e-03 4.87761571792019e-07 0.00000000000000e+00 0.00000000000000e+00 0.00000000000000e+00 0.00000000000000e+00 0.00000000000000e+00 0.00000000000000e+00 0.00000000000000e+00 
2.82332139341208e-14 3.51791824398842e+02 3.27489017494406e+02 2.67484434523877e+22 1.73747966389952e+09 4.11979804594709e+08 5.32180765935539e+08 1.94222721807966e+04 1.33284861124569e+09 1.80568198484894e+08 2.91188342041015e-01 6.89738676378654e+07 2.60483276487843e-02 3.80089397296771e-06 0.00000000000000e+00 0.00000000000000e+00 0.00000000000000e+00 0.00000000000000e+00 0.00000000000000e+00 0.00000000000000e+00 0.00000000000000e+00 
4.63552842133880e-14 3.51791824398098e+02 3.27489017493974e+02 2.67484434523855e+22 2.85271679752751e+09 6.76417535724858e+08 8.73771959285546e+08 3.18888578930787e+04 2.18836496666617e+09 2.96469615470848e+08 4.78093579014279e-01 1.13246166176277e+08 7.02159141523853e-02 1.02456959529024e-05 0.00000000000000e+00 0.00000000000000e+00 0.00000000000000e+00 0.00000000000000e+00 0.00000000000000e+00 0.00000000000000e+00 0.00000000000000e+00 
6.44773544926552e-14 3.51791824397355e+02 3.27489017493543e+02 2.67484434523832e+22 3.96795393124020e+09 9.40855268594119e+08 1.21536315258993e+09 4.43554436053460e+04 3.04388132436061e+09 4.12371030182724e+08 6.64998814378557e-01 1.57518464693197e+08 1.35845473805681e-01 1.98221648091472e-05 0.00000000000000e+00 0.00000000000000e+00 0.00000000000000e+00 0.00000000000000e+00 0.00000000000000e+00 0.00000000000000e+00 0.00000000000000e+00 
8.25994247719224e-14 3.51791824396612e+02 3.27489017493112e+02 2.67484434523810e+22 5.08319106503758e+09 1.20529300320249e+09 1.55695434584870e+09 5.68220293175983e+04 3.89939768432902e+09 5.28272442620525e+08 8.51904048133848e-01 2.01790763188625e+08 2.22937003603777e-01 3.25303001130174e-05 0.00000000000000e+00 0.00000000000000e+00 0.00000000000000e+00 0.00000000000000e+00 0.00000000000000e+00 0.00000000000000e+00 0.00000000000000e+00 
2.63820127564595e-13 3.51791824389178e+02 3.27489017492681e+02 2.67484434523587e+22 1.62355624076698e+10 3.84967044493737e+09 4.97286627592721e+09 1.81487886439302e+05 1.24545614090809e+10 1.68728644192435e+09 2.72095629719251e+00 6.44513746960842e+08 2.27426071883836e+00 3.31853319961288e-04 0.00000000000000e+00 0.00000000000000e+00 0.00000000000000e+00 0.00000000000000e+00 0.00000000000000e+00 0.00000000000000e+00 0.00000000000000e+00 
4.45040830357267e-13 3.51791824381745e+02 3.27489017488369e+02 2.67484434523364e+22 2.73879337587719e+10 6.49404806058339e+09 8.38877820144364e+09 3.06153743559515e+05 2.10097253612288e+10 2.84630021382059e+09 4.59000838535253e+00 1.08723672858386e+09 6.47178153439372e+00 9.44343008271046e-04 0.00000000000000e+00 0.00000000000000e+00 0.00000000000000e+00 0.00000000000000e+00 0.00000000000000e+00 0.00000000000000e+00 0.00000000000000e+00 
6.26261533149939e-13 3.51791824374312e+02 3.27489017484056e+02 2.67484434523141e+22 3.85403051183438e+10 9.13842585014054e+09 1.18046901223980e+10 4.30819600678238e+05 2.95648895407727e+10 4.00531375830930e+09 6.45906031261394e+00 1.52995970805767e+09 1.28154994515179e+01 1.86999937456267e-03 0.00000000000000e+00 0.00000000000000e+00 0.00000000000000e+00 0.00000000000000e+00 0.00000000000000e+00 0.00000000000000e+00 0.00000000000000e+00 
8.07482235942611e-13 3.51791824366879e+02 3.27489017479744e+02 2.67484434522918e+22 4.96926764863856e+10 1.17828038136088e+10 1.52206020387903e+10 5.55485457795471e+05 3.81200539477126e+10 5.16432707539051e+09 8.32811207897675e+00 1.97268268538229e+09 2.13054144620813e+01 3.10882242743046e-03 0.00000000000000e+00 0.00000000000000e+00 0.00000000000000e+00 0.00000000000000e+00 0.00000000000000e+00 0.00000000000000e+00 0.00000000000000e+00 
2.61968926386933e-12 3.51791824292546e+02 3.27489017475432e+02 2.67484434520689e+22 1.61216390632644e+11 3.82265930133884e+10 4.93797209517989e+10 1.80214402888583e+06 1.23671710523873e+11 1.67544477388065e+10 2.70186208931868e+01 6.39991234042237e+09 2.24245401006872e+02 3.27212237167089e-02 0.00000000000000e+00 0.00000000000000e+00 0.00000000000000e+00 0.00000000000000e+00 0.00000000000000e+00 0.00000000000000e+00 0.00000000000000e+00 
4.43189629179606e-12 3.51791824218214e+02 3.27489017432311e+02 2.67484434518460e+22 2.72740105625884e+11 6.46703996042375e+10 8.35388394085997e+10 3.04880259982715e+06 2.09223389839579e+11 2.83445456615239e+10 4.57091136175530e+01 1.08271417805424e+10 6.41805085255160e+02 9.36503031383683e-02 0.00000000000000e+00 0.00000000000000e+00 0.00000000000000e+00 0.00000000000000e+00 0.00000000000000e+00 0.00000000000000e+00 0.00000000000000e+00 
6.24410331972278e-12 3.51791824143881e+02 3.27489017389190e+02 2.67484434516231e+22 3.84263821466107e+11 9.11142235861234e+10 1.17697957409193e+11 4.29546117061944e+06 2.94775091894787e+11 3.99346208435853e+10 6.43995902520891e+01 1.52543710057423e+10 1.27398445750818e+03 1.85896068615426e-01 0.00000000000000e+00 0.00000000000000e+00 0.00000000000000e+00 0.00000000000000e+00 0.00000000000000e+00 0.00000000000000e+00 0.00000000000000e+00 
8.05631034764950e-12 3.51791824069549e+02 3.27489017346069e+02 2.67484434514002e+22 4.95787538153309e+11 1.17558064959012e+11 1.51857074953578e+11 5.54211974126269e+06 3.80326816689453e+11 5.15246732850353e+10 8.30900507968096e+01 1.96816000160221e+10 2.12078350761205e+03 3.09458528446778e-01 0.00000000000000e+00 0.00000000000000e+00 0.00000000000000e+00 0.00000000000000e+00 0.00000000000000e+00 0.00000000000000e+00 0.00000000000000e+00 
2.61783806269167e-11 3.51791823326224e+02 3.27489017302947e+02 2.67484434491711e+22 1.61102475160887e+12 3.81997435180702e+11 4.93448225306012e+11 1.80087054394975e+07 1.23584531529017e+12 1.67423946982032e+11 2.69993771309394e+02 6.39538782982185e+10 2.23928526169222e+04 3.26750431897036e+00 0.00000000000000e+00 0.00000000000000e+00 0.00000000000000e+00 0.00000000000000e+00 0.00000000000000e+00 0.00000000000000e+00 0.00000000000000e+00 
4.43004509061839e-11 3.51791822582900e+02 3.27489016871735e+02 2.67484434469419e+22 2.72626204976125e+12 6.46438544463678e+11 8.35039330037683e+11 3.04752911228265e+07 2.09136608778577e+12 2.83320946668801e+11 4.56895882856951e+02 1.08226135088416e+11 6.41268779126336e+04 9.35722902557077e+00 0.00000000000000e+00 0.00000000000000e+00 0.00000000000000e+00 0.00000000000000e+00 0.00000000000000e+00 0.00000000000000e+00 0.00000000000000e+00 
6.24225211854512e-11 3.51791821839576e+02 3.27489016440523e+02 2.67484434447128e+22 3.84149943260942e+12 9.10881392775352e+11 1.17663038914860e+12 4.29418767912480e+07 2.94688913413369e+12 3.99215672387896e+11 6.43796385453300e+02 1.52498370386622e+11 1.27322849700972e+05 1.85786405717043e+01 0.00000000000000e+00 0.00000000000000e+00 0.00000000000000e+00 0.00000000000000e+00 0.00000000000000e+00 0.00000000000000e+00 0.00000000000000e+00 
8.05445914647184e-11 3.51791821096252e+02 3.27489016009311e+02 2.67484434424837e+22 4.95673690015232e+12 1.17532598008160e+12 1.51822140263876e+12 5.54084624447602e+07 3.80241445428935e+12 5.15108124183886e+11 8.30695279112911e+02 1.96770584192844e+11 2.11980757829021e+05 3.09317472559760e+01 0.00000000000000e+00 0.00000000000000e+00 0.00000000000000e+00 0.00000000000000e+00 0.00000000000000e+00 0.00000000000000e+00 0.00000000000000e+00 
2.61765294257391e-10 3.51791813663025e+02 3.27489015578099e+02 2.67484434201923e+22 1.61091162334046e+13 3.81986748549816e+12 4.93412902840128e+12 1.80074318159225e+08 1.23577926991478e+13 1.67390759249680e+12 2.69959572942434e+03 6.39491540198919e+11 2.23896266426986e+06 3.26709048918255e+02 0.00000000000000e+00 0.00000000000000e+00 0.00000000000000e+00 0.00000000000000e+00 0.00000000000000e+00 0.00000000000000e+00 0.00000000000000e+00 
4.42985997050063e-10 3.51791806229821e+02 3.27489011265989e+02 2.67484433979007e+22 2.72615040349082e+13 6.46458285138610e+12 8.35003209209558e+12 3.04740172380721e+08 2.09133982738690e+13 2.83247971940921e+12 4.56833530259380e+03 1.08221034701591e+12 6.41212660602873e+06 9.35665342979394e+02 0.00000000000000e+00 0.00000000000000e+00 0.00000000000000e+00 0.00000000000000e+00 0.00000000000000e+00 0.00000000000000e+00 0.00000000000000e+00 
6.24206699842735e-10 3.51791798796638e+02 3.27489006953891e+02 2.67484433756089e+22 3.84139003036428e+13 9.10947204517145e+12 1.17659305937274e+13 4.29406025107541e+08 2.94692311359138e+13 3.99082454745840e+12 6.43691401243619e+03 1.52492700465156e+12 1.27314628893939e+07 1.85780855001503e+03 0.00000000000000e+00 0.00000000000000e+00 0.00000000000000e+00 0.00000000000000e+00 0.00000000000000e+00 0.00000000000000e+00 0.00000000000000e+00 
8.05427402635407e-10 3.51791791363478e+02 3.27489002641806e+02 2.67484433533170e+22 4.95663050385398e+13 1.17545350327437e+13 1.51818245333027e+13 5.54071876337900e+08 3.80252912407365e+13 5.14894212118826e+12 8.30533187341953e+03 1.96764151311394e+12 2.11969613615448e+07 3.09314696431446e+03 0.00000000000000e+00 0.00000000000000e+00 0.00000000000000e+00 0.00000000000000e+00 0.00000000000000e+00 0.00000000000000e+00 0.00000000000000e+00 
2.61763443056213e-09 3.51791717033084e+02 3.27488998329734e+02 2.67484431303877e+22 1.61090817640270e+14 3.82147112401857e+13 4.93405130181164e+13 1.80073030568977e+09 1.23598374544191e+14 1.67176349677868e+13 2.69806690278024e+04 6.39466839613734e+12 2.23887193055954e+08 3.26752647309479e+04 0.00000000000000e+00 0.00000000000000e+00 0.00000000000000e+00 0.00000000000000e+00 0.00000000000000e+00 0.00000000000000e+00 0.00000000000000e+00 
4.42984145848885e-09 3.51791642704891e+02 3.27488955209720e+02 2.67484429074404e+22 2.72616175638657e+14 6.46922278971086e+13 8.34987453041268e+13 3.04738858335482e+09 2.09194131286825e+14 2.82636532188727e+13 4.56399378169661e+04 1.08214803710817e+13 6.41182045439303e+08 9.35863612360177e+04 0.00000000000000e+00 0.00000000000000e+00 0.00000000000000e+00 0.00000000000000e+00 0.00000000000000e+00 0.00000000000000e+00 0.00000000000000e+00 
6.24204848641557e-09 3.51791568378894e+02 3.27488912090987e+02 2.67484426844752e+22 3.84142378017152e+14 9.11870525554122e+13 1.17656521397057e+14 4.29404670762767e+09 2.94812519093867e+14 3.97870392473915e+13 6.42831520310298e+04 1.52480774456737e+13 1.27307182544447e+09 1.85834328313204e+05 0.00000000000000e+00 0.00000000000000e+00 0.00000000000000e+00 0.00000000000000e+00 0.00000000000000e+00 0.00000000000000e+00 0.00000000000000e+00 
8.05425551434230e-09 3.51791494055089e+02 3.27488868973536e+02 2.67484424614921e+22 4.95669423713008e+14 1.17699151292506e+14 1.51813841302900e+14 5.54070467672229e+09 3.80453493664971e+14 5.12878373517773e+13 8.29103261009580e+04 1.96744596280050e+13 2.11954638121621e+09 3.09427417231469e+05 0.00000000000000e+00 0.00000000000000e+00 0.00000000000000e+00 0.00000000000000e+00 0.00000000000000e+00 0.00000000000000e+00 0.00000000000000e+00 
2.05503623512113e-08 3.51790981613327e+02 3.27488825857362e+02 2.67484409234246e+22 1.26472908700936e+15 3.00981339994040e+14 3.87333850138811e+14 1.41370532259552e+10 9.71603724285873e+14 1.29980452201957e+14 2.10918861057087e+05 5.01908101299922e+13 1.37970045896722e+10 2.01559619387621e+06 0.00000000000000e+00 0.00000000000000e+00 0.00000000000000e+00 0.00000000000000e+00 0.00000000000000e+00 0.00000000000000e+00 0.00000000000000e+00 
3.30464691880804e-08 3.51790469274449e+02 3.27488528583618e+02 2.67484393845201e+22 2.03382845326698e+15 4.85072264210648e+14 6.22832170363368e+14 2.27333937261131e+10 1.56381143954494e+15 2.07615526537283e+14 3.38170112200737e+05 8.06969459347241e+13 3.56737641347519e+10 5.21523588531860e+06 0.00000000000000e+00 0.00000000000000e+00 0.00000000000000e+00 0.00000000000000e+00 0.00000000000000e+00 0.00000000000000e+00 0.00000000000000e+00 
4.55425760249494e-08 3.51789957037266e+02 3.27488231369852e+02 2.67484378447899e+22 2.80296718083884e+15 6.69961019659902e+14 8.58308803945823e+14 3.13297255908489e+10 2.15706239926654e+15 2.84207299906791e+14 4.64668773331968e+05 1.11192869696629e+14 6.77464905080800e+10 9.91099779198023e+06 0.00000000000000e+00 0.00000000000000e+00 0.00000000000000e+00 0.00000000000000e+00 0.00000000000000e+00 0.00000000000000e+00 0.00000000000000e+00 
5.80386828618184e-08 3.51789444900606e+02 3.27487934215373e+02 2.67484363042452e+22 3.57214493299510e+15 8.55636859626551e+14 1.09376375285418e+15 3.99260482344723e+10 2.75134256904303e+15 3.59769806093043e+14 5.90419505282326e+05 1.41678584065925e+14 1.10011851880896e+11 1.61054946511077e+07 0.00000000000000e+00 0.00000000000000e+00 0.00000000000000e+00 0.00000000000000e+00 0.00000000000000e+00 0.00000000000000e+00 0.00000000000000e+00 
7.05347896986875e-08 3.51788932863312e+02 3.27487637119501e+02 2.67484347628968e+22 4.34136137781779e+15 1.04208919158703e+15 1.32919701905530e+15 4.85223610719210e+10 3.34663811582663e+15 4.34316877520176e+14 7.15426936520544e+05 1.72154091688804e+14 1.62466518950137e+11 2.38013015879594e+07 0.00000000000000e+00 0.00000000000000e+00 0.00000000000000e+00 0.00000000000000e+00 0.00000000000000e+00 0.00000000000000e+00 0.00000000000000e+00 
1.75074855993721e-07 3.51784652998018e+02 3.27487340081565e+02 2.67484218382107e+22 1.07779531357949e+16 2.63095049183802e+15 3.29793801257034e+15 1.20437025068209e+11 8.36473973551128e+15 1.01998956177883e+15 1.73271201628685e+06 4.26706919332785e+14 1.00002095945979e+12 1.47335142134407e+08 0.00000000000000e+00 0.00000000000000e+00 0.00000000000000e+00 0.00000000000000e+00 0.00000000000000e+00 0.00000000000000e+00 0.00000000000000e+00 
2.79614922288754e-07 3.51780379385070e+02 3.27484857300511e+02 2.67484088639166e+22 1.72170511855603e+16 4.26772178241048e+15 5.26516279162558e+15 1.92350620479571e+11 1.34455017465310e+16 1.54299740804260e+15 2.70090307654536e+06 6.80547134954830e+14 2.54851299058717e+12 3.77504220293765e+08 0.00000000000000e+00 0.00000000000000e+00 0.00000000000000e+00 0.00000000000000e+00 0.00000000000000e+00 0.00000000000000e+00 0.00000000000000e+00 
3.84154988583788e-07 3.51776111464483e+02 3.27482378166910e+02 2.67483958453083e+22 2.36584945776492e+16 5.94727119430029e+15 7.23087250609693e+15 2.64262807516567e+11 1.85822222883829e+16 2.01004192038443e+15 3.62248134601372e+06 9.33676268304269e+14 4.80600071872935e+12 7.15555263647393e+08 0.00000000000000e+00 0.00000000000000e+00 0.00000000000000e+00 0.00000000000000e+00 0.00000000000000e+00 0.00000000000000e+00 0.00000000000000e+00 
4.88695054878821e-07 3.51771848736259e+02 3.27479902355849e+02 2.67483827871125e+22 3.01021395331929e+16 7.66501716120935e+15 9.19506830542664e+15 3.36173247847075e+11 2.37689181440504e+16 2.42710596407877e+15 4.49980221460521e+06 1.18609583995025e+15 7.77054564582344e+12 1.16260162891115e+09 0.00000000000000e+00 0.00000000000000e+00 0.00000000000000e+00 0.00000000000000e+00 0.00000000000000e+00 0.00000000000000e+00 0.00000000000000e+00 
5.93235121173854e-07 3.51767590753538e+02 3.27477429577223e+02 2.67483696935529e+22 3.65478574820704e+16 9.41686553739655e+15 1.11577513384202e+16 4.08081604650333e+11 2.90002426219706e+16 2.79953588342111e+15 5.33510180366401e+06 1.43780736219584e+15 1.14402130074662e+13 1.71963814250332e+09 0.00000000000000e+00 0.00000000000000e+00 0.00000000000000e+00 0.00000000000000e+00 0.00000000000000e+00 0.00000000000000e+00 0.00000000000000e+00 
6.97775187468888e-07 3.51763337116965e+02 3.27474959571756e+02 2.67483565684041e+22 4.29955334525101e+16 1.11991579785568e+16 1.31189227530022e+16 4.79987542683946e+11 3.42714181464414e+16 3.13210891114980e+15 6.13050253105057e+06 1.68881233968102e+15 1.58130721801588e+13 2.38755308694586e+09 0.00000000000000e+00 0.00000000000000e+00 0.00000000000000e+00 0.00000000000000e+00 0.00000000000000e+00 0.00000000000000e+00 0.00000000000000e+00 
9.87837866220383e-07 3.51751554637595e+02 3.27472492107739e+02 2.67483200122632e+22 6.08950423146148e+16 1.62776167900505e+16 1.85525916592309e+16 6.79486313426055e+11 4.90715669981296e+16 3.88039885431888e+15 8.14497942497760e+06 2.38157721755076e+15 3.16126017320964e+13 4.82778811398334e+09 0.00000000000000e+00 0.00000000000000e+00 0.00000000000000e+00 0.00000000000000e+00 0.00000000000000e+00 0.00000000000000e+00 0.00000000000000e+00 
1.27790054497188e-06 3.51739796795490e+02 3.27465657392962e+02 2.67482832962893e+22 7.88070808514685e+16 2.15096705417177e+16 2.39746563468518e+16 8.78956834213081e+11 6.40730162507184e+16 4.42733371515120e+15 9.90648389735141e+06 3.06894589438644e+15 5.27699945271785e+13 8.14124872610948e+09 0.00000000000000e+00 0.00000000000000e+00 0.00000000000000e+00 0.00000000000000e+00 0.00000000000000e+00 0.00000000000000e+00 0.00000000000000e+00 
1.56796322372337e-06 3.51728059089346e+02 3.27458837125181e+02 2.67482464629942e+22 9.67303464724726e+16 2.68541344343526e+16 2.93851412400873e+16 1.07839212873476e+12 7.92219798695852e+16 4.82669263885756e+15 1.14487984465771e+07 3.75094986417383e+15 7.92444889050154e+13 1.23378986604245e+10 0.00000000000000e+00 0.00000000000000e+00 0.00000000000000e+00 0.00000000000000e+00 0.00000000000000e+00 0.00000000000000e+00 0.00000000000000e+00 
1.85802590247487e-06 3.51716338202896e+02 3.27452028692663e+02 2.67482095436798e+22 1.14663875798156e+17 3.22806939986506e+16 3.47840707164374e+16 1.27778530930318e+12 9.44788674837613e+16 5.11805927646595e+15 1.28011900222207e+07 4.42762041156242e+15 1.10995553251422e+14 1.74250294302276e+10 0.00000000000000e+00 0.00000000000000e+00 0.00000000000000e+00 0.00000000000000e+00 0.00000000000000e+00 0.00000000000000e+00 0.00000000000000e+00 
2.14808858122636e-06 3.51704631676285e+02 3.27445230171224e+02 2.67481725615470e+22 1.32606950601724e+17 3.77668905119771e+16 4.01714691058329e+16 1.47712957609864e+12 1.09814347628489e+17 5.33075852237355e+15 1.39890414766681e+07 5.09898865231553e+15 1.47982885647660e+14 2.34080098495452e+10 0.00000000000000e+00 0.00000000000000e+00 0.00000000000000e+00 0.00000000000000e+00 0.00000000000000e+00 0.00000000000000e+00 0.00000000000000e+00 
2.43815125997786e-06 3.51692937709079e+02 3.27438440133549e+02 2.67481355335586e+22 1.50559041431883e+17 4.32963141074433e+16 4.55473606899731e+16 1.67641821652820e+12 1.25206988118123e+17 5.48621612798721e+15 1.50343481019354e+07 5.76508555447126e+15 1.90166413540660e+14 3.02907502491217e+10 0.00000000000000e+00 0.00000000000000e+00 0.00000000000000e+00 0.00000000000000e+00 0.00000000000000e+00 0.00000000000000e+00 0.00000000000000e+00 
2.88025948163970e-06 3.51675135259704e+02 3.27431657534897e+02 2.67480790350432e+22 1.77937777375323e+17 5.17811459896034e+16 5.37191157832859e+16 1.98004835749937e+12 1.48743946873832e+17 5.64721306868403e+15 1.63958381632781e+07 6.77026765959513e+15 2.64367493741088e+14 4.25183953519720e+10 0.00000000000000e+00 0.00000000000000e+00 0.00000000000000e+00 0.00000000000000e+00 0.00000000000000e+00 0.00000000000000e+00 0.00000000000000e+00 
3.32236770330154e-06 3.51657355950360e+02 3.27421332261791e+02 2.67480224867052e+22 2.05335648303374e+17 6.03116396082730e+16 6.18642809466647e+16 2.28351082072121e+12 1.72342170760957e+17 5.74671952751539e+15 1.75262366662337e+07 7.76338398830746e+15 3.50407438224910e+14 5.68493452157157e+10 0.00000000000000e+00 0.00000000000000e+00 0.00000000000000e+00 0.00000000000000e+00 0.00000000000000e+00 0.00000000000000e+00 0.00000000000000e+00 
3.76447592496338e-06 3.51639597842156e+02 3.27411020766716e+02 2.67479659066429e+22 2.32752049704736e+17 6.88703810039787e+16 6.99829415018371e+16 2.58678298574206e+12 1.95978910734520e+17 5.80746320818598e+15 1.84707228952434e+07 8.74454250596933e+15 4.48147400845802e+14 7.32875272236943e+10 0.00000000000000e+00 0.00000000000000e+00 0.00000000000000e+00 0.00000000000000e+00 0.00000000000000e+00 0.00000000000000e+00 0.00000000000000e+00 
4.20658414662523e-06 3.51621859608470e+02 3.27400721923946e+02 2.67479093071625e+22 2.60186552500730e+17 7.74455711805995e+16 7.80751825028733e+16 2.88984268584147e+12 2.19638750606564e+17 5.84483942075412e+15 1.92657778208403e+07 9.71385054675294e+15 5.57449749473039e+14 9.18353787754507e+10 0.00000000000000e+00 0.00000000000000e+00 0.00000000000000e+00 0.00000000000000e+00 0.00000000000000e+00 0.00000000000000e+00 0.00000000000000e+00 
4.64869236828707e-06 3.51604140397387e+02 3.27390434962958e+02 2.67478526960791e+22 2.87638863685821e+17 8.60297647136597e+16 8.61410887362853e+16 3.19266820406890e+12 2.43311959786138e+17 5.86855832735663e+15 1.99408219194141e+07 1.06714148297975e+16 6.78178059563975e+14 1.12494322414291e+11 0.00000000000000e+00 0.00000000000000e+00 0.00000000000000e+00 0.00000000000000e+00 0.00000000000000e+00 0.00000000000000e+00 0.00000000000000e+00 
5.09080058994891e-06 3.51586439735099e+02 3.27380159388596e+02 2.67477960776301e+22 3.15108798689145e+17 9.46189839901247e+16 9.41807447210775e+16 3.49523826955971e+12 2.66993336556953e+17 5.88380164923402e+15 2.05194681971623e+07 1.16173414603614e+16 8.10197107870794e+14 1.35265068976495e+11 0.00000000000000e+00 0.00000000000000e+00 0.00000000000000e+00 0.00000000000000e+00 0.00000000000000e+00 0.00000000000000e+00 0.00000000000000e+00 
5.87890933208335e-06 3.51554931270035e+02 3.27369894925021e+02 2.67476951391913e+22 3.64120387005903e+17 1.09934664904820e+17 1.08447514315039e+17 4.03390576813792e+12 3.09217829870058e+17 5.90043353006800e+15 2.13698423313858e+07 1.32750305661977e+16 1.07312073211184e+15 1.81095094610270e+11 0.00000000000000e+00 0.00000000000000e+00 0.00000000000000e+00 0.00000000000000e+00 0.00000000000000e+00 0.00000000000000e+00 0.00000000000000e+00 
6.66701807421779e-06 3.51523479850148e+02 3.27351624309925e+02 2.67475941931276e+22 4.13187006224262e+17 1.25252149769446e+17 1.22631610780791e+17 4.57158103312841e+12 3.51449716646961e+17 5.90852318481559e+15 2.20523139352410e+07 1.48966657296115e+16 1.37074801023403e+15 2.33636641532608e+11 0.00000000000000e+00 0.00000000000000e+00 0.00000000000000e+00 0.00000000000000e+00 0.00000000000000e+00 0.00000000000000e+00 0.00000000000000e+00 
7.45512681635222e-06 3.51492084989233e+02 3.27333387892097e+02 2.67474932426408e+22 4.62308244600509e+17 1.40569042252281e+17 1.36733506562670e+17 5.10815389293093e+12 3.93685831397656e+17 5.91113185195160e+15 2.26200836494569e+07 1.64828329173866e+16 1.70234093856620e+15 2.92888740107625e+11 0.00000000000000e+00 0.00000000000000e+00 0.00000000000000e+00 0.00000000000000e+00 0.00000000000000e+00 0.00000000000000e+00 0.00000000000000e+00 
8.24323555848666e-06 3.51460746300967e+02 3.27315185383770e+02 2.67473922899822e+22 5.11483721005945e+17 1.55883852571916e+17 1.50753671421978e+17 5.64351847532091e+12 4.35924194713640e+17 5.91013829023428e+15 2.31095823799739e+07 1.80341116250663e+16 2.06717325746831e+15 3.58850377426932e+11 0.00000000000000e+00 0.00000000000000e+00 0.00000000000000e+00 0.00000000000000e+00 0.00000000000000e+00 0.00000000000000e+00 0.00000000000000e+00 
9.03134430062110e-06 3.51429463294033e+02 3.27297016555156e+02 2.67472913383928e+22 5.60713026210526e+17 1.71194116025501e+17 1.64692572449155e+17 6.17757314208380e+12 4.78161556178677e+17 5.90869573319009e+15 2.35466091767532e+07 1.95510747930196e+16 2.46453032604612e+15 4.31520246491094e+11 0.00000000000000e+00 0.00000000000000e+00 0.00000000000000e+00 0.00000000000000e+00 0.00000000000000e+00 0.00000000000000e+00 0.00000000000000e+00 
9.81945304275554e-06 3.51398235533655e+02 3.27278881115671e+02 2.67471903905754e+22 6.09995769100310e+17 1.86497874958549e+17 1.78550674080785e+17 6.71022042562240e+12 5.20395329637210e+17 5.90929657790336e+15 2.39488816872436e+07 2.10342888555946e+16 2.89370899828654e+15 5.10896467108803e+11 0.00000000000000e+00 0.00000000000000e+00 0.00000000000000e+00 0.00000000000000e+00 0.00000000000000e+00 0.00000000000000e+00 0.00000000000000e+00 
1.12370219615531e-05 3.51342204999952e+02 3.27260778807578e+02 2.67470088239053e+22 6.98774070990911e+17 2.14011941819179e+17 2.03275296641220e+17 7.66445813060323e+12 5.96356696969774e+17 5.91060596394871e+15 2.46153783238990e+07 2.36189697615719e+16 3.74357983075749e+15 6.70543541344326e+11 0.00000000000000e+00 0.00000000000000e+00 0.00000000000000e+00 0.00000000000000e+00 0.00000000000000e+00 0.00000000000000e+00 0.00000000000000e+00 
1.26545908803507e-05 3.51286351734889e+02 3.27228301434082e+02 2.67468272704916e+22 7.87722460324502e+17 2.41509686650148e+17 2.27742665640181e+17 8.61333353610562e+12 6.72312390934816e+17 5.91180274735185e+15 2.52449794409017e+07 2.60994742695084e+16 4.69024122934360e+15 8.51869634116935e+11 0.00000000000000e+00 0.00000000000000e+00 0.00000000000000e+00 0.00000000000000e+00 0.00000000000000e+00 0.00000000000000e+00 0.00000000000000e+00 
1.40721597991482e-05 3.51230674495138e+02 3.27195930347159e+02 2.67466457337760e+22 8.76839075698048e+17 2.68991289509538e+17 2.51955421182893e+17 9.55637485380614e+12 7.48262521362751e+17 5.91230877194791e+15 2.58572489023743e+07 2.84789444311445e+16 5.72986855947446e+15 1.05486353318191e+12 0.00000000000000e+00 0.00000000000000e+00 0.00000000000000e+00 0.00000000000000e+00 0.00000000000000e+00 0.00000000000000e+00 0.00000000000000e+00 
1.54897287179458e-05 3.51175171956767e+02 3.27163664793797e+02 2.67464642179208e+22 9.66122053043195e+17 2.96456082202494e+17 2.75916175319912e+17 1.04931515400891e+13 8.24206110377884e+17 5.91266647242151e+15 2.64598486288534e+07 3.07604524229002e+16 6.85875513680354e+15 1.27951387819934e+12 0.00000000000000e+00 0.00000000000000e+00 0.00000000000000e+00 0.00000000000000e+00 0.00000000000000e+00 0.00000000000000e+00 0.00000000000000e+00 
1.69072976367434e-05 3.51119842823029e+02 3.27131503974678e+02 2.67462827267940e+22 1.05556955558906e+18 3.23903540592454e+17 2.99627513056610e+17 1.14232716934062e+13 9.00142386806618e+17 5.91324221981454e+15 2.70566490913782e+07 3.29470028281665e+16 8.07330665279343e+15 1.52580896068121e+12 0.00000000000000e+00 0.00000000000000e+00 0.00000000000000e+00 0.00000000000000e+00 0.00000000000000e+00 0.00000000000000e+00 0.00000000000000e+00 
2.03484877076811e-05 3.50986243549500e+02 3.27099447106648e+02 2.67458422744325e+22 1.27337948875743e+18 3.90460069590160e+17 3.56165433104426e+17 1.36514676036349e+13 1.08444802795560e+18 5.91485010785111e+15 2.84939280712007e+07 3.78775927329400e+16 1.13571732186040e+16 2.21366944761458e+12 0.00000000000000e+00 0.00000000000000e+00 0.00000000000000e+00 0.00000000000000e+00 0.00000000000000e+00 0.00000000000000e+00 0.00000000000000e+00 
2.37896777786188e-05 3.50853641219685e+02 3.27022055994701e+02 2.67454020323579e+22 1.49212311468174e+18 4.56910689368886e+17 4.11284520467806e+17 1.58342072635759e+13 1.26870471262902e+18 5.91675747224568e+15 2.99290649171171e+07 4.23061356857150e+16 1.50783522922868e+16 3.02883237314918e+12 0.00000000000000e+00 0.00000000000000e+00 0.00000000000000e+00 0.00000000000000e+00 0.00000000000000e+00 0.00000000000000e+00 0.00000000000000e+00 
2.72308678495565e-05 3.50722018602769e+02 3.26945262397545e+02 2.67449620415030e+22 1.71177583772586e+18 5.23252783714469e+17 4.65019907667973e+17 1.79682536999940e+13 1.45290890018239e+18 5.91858219017973e+15 3.13650165338180e+07 4.62709571641086e+16 1.91928095470733e+16 3.97111541004800e+12 0.00000000000000e+00 0.00000000000000e+00 0.00000000000000e+00 0.00000000000000e+00 0.00000000000000e+00 0.00000000000000e+00 0.00000000000000e+00 
3.06720579204942e-05 3.50591358845693e+02 3.26869055904682e+02 2.67445223385987e+22 1.93231379268459e+18 5.89483641326850e+17 5.17405824325054e+17 2.00513872225373e+13 1.63705740271551e+18 5.92040182530213e+15 3.28005126294104e+07 4.98080977230761e+16 2.36599807336973e+16 5.04033013175914e+12 0.00000000000000e+00 0.00000000000000e+00 0.00000000000000e+00 0.00000000000000e+00 0.00000000000000e+00 0.00000000000000e+00 0.00000000000000e+00 
3.41132479914319e-05 3.50461645488308e+02 3.26793426337116e+02 2.67440829563033e+22 2.15371380762110e+18 6.55600748280185e+17 5.68475641672965e+17 2.20822468195271e+13 1.82114769237767e+18 5.92233135948084e+15 3.42357969531961e+07 5.29514325377237e+16 2.84424836750984e+16 6.23628267302070e+12 0.00000000000000e+00 0.00000000000000e+00 0.00000000000000e+00 0.00000000000000e+00 0.00000000000000e+00 0.00000000000000e+00 0.00000000000000e+00 
4.29500061040844e-05 3.50132775557305e+02 3.26718363755695e+02 2.67429562996640e+22 2.72605106354396e+18 8.24849939627489e+17 6.93812619343361e+17 2.70572120989782e+13 2.29360411415480e+18 5.92759858844012e+15 3.79268744490811e+07 5.94296108953706e+16 4.19443704599795e+16 9.88660245321910e+12 0.00000000000000e+00 0.00000000000000e+00 0.00000000000000e+00 0.00000000000000e+00 0.00000000000000e+00 0.00000000000000e+00 0.00000000000000e+00 
5.17867642167369e-05 3.49809780903559e+02 3.26528138911266e+02 2.67418323284325e+22 3.30356427656211e+18 9.93302484933980e+17 8.11209565618207e+17 3.16899528547213e+13 2.76564997513694e+18 5.93328362705315e+15 4.16283980762655e+07 6.39933026727184e+16 5.68040727061985e+16 1.43678577771065e+13 0.00000000000000e+00 0.00000000000000e+00 0.00000000000000e+00 0.00000000000000e+00 0.00000000000000e+00 0.00000000000000e+00 0.00000000000000e+00 
6.06235223293893e-05 3.49492414535343e+02 3.26341432317262e+02 2.67407113245831e+22 3.88591391246351e+18 1.16093139065004e+18 9.21163306518230e+17 3.60000685815826e+13 3.23728353898289e+18 5.93926993668424e+15 4.53425858875446e+07 6.70498121096307e+16 7.26115820365830e+16 1.96764194207701e+13 0.00000000000000e+00 0.00000000000000e+00 0.00000000000000e+00 0.00000000000000e+00 0.00000000000000e+00 0.00000000000000e+00 0.00000000000000e+00 
6.94602804420418e-05 3.49180444438193e+02 3.26158095044504e+02 2.67395934660191e+22 4.47278457424574e+18 1.32771477897947e+18 1.02413832004099e+18 4.00177695914306e+13 3.70851552725803e+18 5.94555838886886e+15 4.90698788487457e+07 6.89328626198125e+16 8.90486626139955e+16 2.58085227932447e+13 0.00000000000000e+00 0.00000000000000e+00 0.00000000000000e+00 0.00000000000000e+00 0.00000000000000e+00 0.00000000000000e+00 0.00000000000000e+00 
7.82970385546943e-05 3.48873652281547e+02 3.25977987254563e+02 2.67384788535067e+22 5.06388220757527e+18 1.49363450550222e+18 1.12056960354330e+18 4.37771455761646e+13 4.17936384563786e+18 5.95212977309270e+15 5.28098540240656e+07 6.99136678573806e+16 1.05869885538618e+17 3.27602966896756e+13 0.00000000000000e+00 0.00000000000000e+00 0.00000000000000e+00 0.00000000000000e+00 0.00000000000000e+00 0.00000000000000e+00 0.00000000000000e+00 
9.20512369340212e-05 3.48405956557229e+02 3.25800977415107e+02 2.67367505483639e+22 5.99167577888230e+18 1.75012988296619e+18 1.25860069201916e+18 4.91922515873251e+13 4.91151400121838e+18 5.96283628598008e+15 5.86542716643769e+07 7.01561574790103e+16 1.32376120210470e+17 4.52019840896368e+13 0.00000000000000e+00 0.00000000000000e+00 0.00000000000000e+00 0.00000000000000e+00 0.00000000000000e+00 0.00000000000000e+00 0.00000000000000e+00 
1.05805435313348e-04 3.47949588164973e+02 3.25531338660375e+02 2.67350301914018e+22 6.92809224070109e+18 2.00444680688543e+18 1.38318187853601e+18 5.41773319501652e+13 5.64287201619494e+18 5.97403832588844e+15 6.45220637364517e+07 6.93603268865402e+16 1.58862192111648e+17 5.96045063648814e+13 0.00000000000000e+00 0.00000000000000e+00 0.00000000000000e+00 0.00000000000000e+00 0.00000000000000e+00 0.00000000000000e+00 0.00000000000000e+00 
1.19559633692675e-04 3.47503890171767e+02 3.25268472589184e+02 2.67333176081435e+22 7.87226985325485e+18 2.25654465289715e+18 1.49559609969581e+18 5.88262208688782e+13 6.37351899713048e+18 5.98565796129771e+15 7.04067746317992e+07 6.79459609977095e+16 1.85023719451509e+17 7.59521200859883e+13 0.00000000000000e+00 0.00000000000000e+00 0.00000000000000e+00 0.00000000000000e+00 0.00000000000000e+00 0.00000000000000e+00 0.00000000000000e+00 
1.33313832072002e-04 3.47068262008230e+02 3.25011984022181e+02 2.67316125505830e+22 8.82342769031905e+18 2.50638850062661e+18 1.59700557747567e+18 6.32100911122579e+13 7.10352467607360e+18 5.99762334028418e+15 7.63032752573215e+07 6.61940978169638e+16 2.10678191998705e+17 9.42286678437492e+13 0.00000000000000e+00 0.00000000000000e+00 0.00000000000000e+00 0.00000000000000e+00 0.00000000000000e+00 0.00000000000000e+00 0.00000000000000e+00 
1.47068030451329e-04 3.46642154229457e+02 3.24761511857055e+02 2.67299147339670e+22 9.78085790846996e+18 2.75394855916612e+18 1.68846319981350e+18 6.73823194720680e+13 7.83294818797051e+18 6.00987118133190e+15 8.22074188210389e+07 6.42892172879447e+16 2.35724073203734e+17 1.14417573904314e+14 0.00000000000000e+00 0.00000000000000e+00 0.00000000000000e+00 0.00000000000000e+00 0.00000000000000e+00 0.00000000000000e+00 0.00000000000000e+00 
1.60822228830656e-04 3.46225064221532e+02 3.24516725854954e+02 2.67282238555107e+22 1.07439196917375e+19 2.99920007637612e+18 1.77092184995500e+18 7.13837009551540e+13 8.56184038178020e+18 6.02234868220285e+15 8.81160452304253e+07 6.23475157726768e+16 2.60116001923652e+17 1.36501841540589e+14 0.00000000000000e+00 0.00000000000000e+00 0.00000000000000e+00 0.00000000000000e+00 0.00000000000000e+00 0.00000000000000e+00 0.00000000000000e+00 
1.81694595225614e-04 3.45608323904768e+02 3.24277323995887e+02 2.67256704859171e+22 1.22148632705768e+19 3.36692132718474e+18 1.88077587300301e+18 7.71966439567375e+13 9.66703148946187e+18 6.04162253762218e+15 9.70842092916565e+07 5.94789599448439e+16 2.95861583740453e+17 1.73596734256215e+14 0.00000000000000e+00 0.00000000000000e+00 0.00000000000000e+00 0.00000000000000e+00 0.00000000000000e+00 0.00000000000000e+00 0.00000000000000e+00 
2.02566961620571e-04 3.45009858716198e+02 3.23923696782619e+02 2.67231313903723e+22 1.36956616791572e+19 3.72922731316328e+18 1.97453175951216e+18 8.27616760975764e+13 1.07712146367336e+19 6.06119010480214e+15 1.06050438271219e+08 5.67864599669108e+16 3.30136621039948e+17 2.14953616135832e+14 0.00000000000000e+00 0.00000000000000e+00 0.00000000000000e+00 0.00000000000000e+00 0.00000000000000e+00 0.00000000000000e+00 0.00000000000000e+00 
2.23439328015528e-04 3.44428405790594e+02 3.23580971532183e+02 2.67206056477997e+22 1.51847785548831e+19 4.08608563307165e+18 2.05447009878798e+18 8.81304610777318e+13 1.18744842602131e+19 6.08094772641614e+15 1.15011702353068e+08 5.42997485389360e+16 3.63039289574894e+17 2.60507802509461e+14 0.00000000000000e+00 0.00000000000000e+00 0.00000000000000e+00 0.00000000000000e+00 0.00000000000000e+00 0.00000000000000e+00 0.00000000000000e+00 
2.44311694410486e-04 3.43862853276887e+02 3.23248389287114e+02 2.67180924451741e+22 1.66808920981590e+19 4.43748187461681e+18 2.12255250665420e+18 9.33400255442482e+13 1.29769164613593e+19 6.10081530268625e+15 1.23965456841043e+08 5.20224565688636e+16 3.94668161358233e+17 3.10192655680028e+14 0.00000000000000e+00 0.00000000000000e+00 0.00000000000000e+00 0.00000000000000e+00 0.00000000000000e+00 0.00000000000000e+00 0.00000000000000e+00 
2.65184060805443e-04 3.43312220011236e+02 3.22925281614671e+02 2.67155910633737e+22 1.81828657717802e+19 4.78341758367439e+18 2.18046568031387e+18 9.84176451494175e+13 1.40785741685803e+19 6.12072917395057e+15 1.32910433465516e+08 4.99444265611355e+16 4.25117328243084e+17 3.63939703741161e+14 0.00000000000000e+00 0.00000000000000e+00 0.00000000000000e+00 0.00000000000000e+00 0.00000000000000e+00 0.00000000000000e+00 0.00000000000000e+00 
2.86056427200400e-04 3.42775638778575e+02 3.22611058318913e+02 2.67131008726279e+22 1.96897229892667e+19 5.12390711596806e+18 2.22965765069614e+18 1.03379945537384e+14 1.51795044404265e+19 6.14064679055338e+15 1.41843808398993e+08 4.80378137955436e+16 4.54476439175148e+17 4.21678766705516e+14 0.00000000000000e+00 0.00000000000000e+00 0.00000000000000e+00 0.00000000000000e+00 0.00000000000000e+00 0.00000000000000e+00 0.00000000000000e+00 
3.30814371798306e-04 3.41668889285313e+02 3.22305197322003e+02 2.67077961401525e+22 2.29336523817991e+19 5.83582034488983e+18 2.31136223902663e+18 1.13708463577683e+14 1.75380608063669e+19 6.18321967917442e+15 1.60969484916169e+08 4.44504443203652e+16 5.14118937911922e+17 5.58614957188839e+14 0.00000000000000e+00 0.00000000000000e+00 0.00000000000000e+00 0.00000000000000e+00 0.00000000000000e+00 0.00000000000000e+00 0.00000000000000e+00 
3.75572316396211e-04 3.40616963631617e+02 3.21675404488447e+02 2.67025357047363e+22 2.61897745054617e+19 6.52324654750852e+18 2.36820272689962e+18 1.23673196836788e+14 1.98938157736016e+19 6.22544535464121e+15 1.80046329793476e+08 4.13644214228031e+16 5.69752074024924e+17 7.12847072068273e+14 0.00000000000000e+00 0.00000000000000e+00 0.00000000000000e+00 0.00000000000000e+00 0.00000000000000e+00 0.00000000000000e+00 0.00000000000000e+00 
4.20330260994116e-04 3.39614876581216e+02 3.21078156252233e+02 2.66973158896137e+22 2.94534366087400e+19 7.18676860940354e+18 2.40710498027058e+18 1.33355403692194e+14 2.22470667087739e+19 6.26722902785707e+15 1.99084473803104e+08 3.87002631216072e+16 6.21851128061760e+17 8.83620719863084e+14 0.00000000000000e+00 0.00000000000000e+00 0.00000000000000e+00 0.00000000000000e+00 0.00000000000000e+00 0.00000000000000e+00 0.00000000000000e+00 
4.65088205592021e-04 3.38658591868749e+02 3.20510432139195e+02 2.66921336863890e+22 3.27212630382262e+19 7.82706554944177e+18 2.43310199767287e+18 1.42818493799759e+14 2.45980578857294e+19 6.30855326521412e+15 2.18076899042812e+08 3.63995670177279e+16 6.70802901714592e+17 1.07016187282904e+15 0.00000000000000e+00 0.00000000000000e+00 0.00000000000000e+00 0.00000000000000e+00 0.00000000000000e+00 0.00000000000000e+00 0.00000000000000e+00 
5.09846150189926e-04 3.37744773672222e+02 3.19969779186246e+02 2.66869866102445e+22 3.59907903365661e+19 8.44487030253070e+18 2.44986669750026e+18 1.52100262017404e+14 2.69469705484729e+19 6.34944180346119e+15 2.37025243289002e+08 3.43777287836764e+16 7.16937551751396e+17 1.27168174073925e+15 0.00000000000000e+00 0.00000000000000e+00 0.00000000000000e+00 0.00000000000000e+00 0.00000000000000e+00 0.00000000000000e+00 0.00000000000000e+00 
5.54604094787831e-04 3.36870631708249e+02 3.19454164260585e+02 2.66818725849857e+22 3.92602478293896e+19 9.04095076028872e+18 2.46004152625816e+18 1.61226346418232e+14 2.92939505789836e+19 6.38993690318734e+15 2.55934950620450e+08 3.25716200602937e+16 7.60519282574746e+17 1.48738086498376e+15 0.00000000000000e+00 0.00000000000000e+00 0.00000000000000e+00 0.00000000000000e+00 0.00000000000000e+00 0.00000000000000e+00 0.00000000000000e+00 
6.23623500670010e-04 3.35595183781813e+02 3.18961881431140e+02 2.66740473271653e+22 4.42991892408043e+19 9.91938021031325e+18 2.46673515346255e+18 1.75042604451944e+14 3.29096226404266e+19 6.45168868969110e+15 2.85020078348782e+08 3.01496557480372e+16 8.23176467292225e+17 1.84592354341589e+15 0.00000000000000e+00 0.00000000000000e+00 0.00000000000000e+00 0.00000000000000e+00 0.00000000000000e+00 0.00000000000000e+00 0.00000000000000e+00 
6.92642906552189e-04 3.34401154307108e+02 3.18245264715971e+02 2.66662909895946e+22 4.93319398281929e+19 1.07508799450597e+19 2.46677734009782e+18 1.88603539036698e+14 3.65213759400367e+19 6.51278301703660e+15 3.14020716687130e+08 2.80859108363390e+16 8.80893208562083e+17 2.23329994849932e+15 0.00000000000000e+00 0.00000000000000e+00 0.00000000000000e+00 0.00000000000000e+00 0.00000000000000e+00 0.00000000000000e+00 0.00000000000000e+00 
7.61662312434367e-04 3.33282357538868e+02 3.17576194840942e+02 2.66585989324346e+22 5.43566304723708e+19 1.15382574688120e+19 2.46297171371873e+18 2.01952682996562e+14 4.01295070076078e+19 6.57337146890202e+15 3.42942864081382e+08 2.63082512737130e+16 9.34196134481158e+17 2.64655478896544e+15 0.00000000000000e+00 0.00000000000000e+00 0.00000000000000e+00 0.00000000000000e+00 0.00000000000000e+00 0.00000000000000e+00 0.00000000000000e+00 
8.30681718316546e-04 3.32233532626603e+02 3.16950871357857e+02 2.66509672492607e+22 5.93722462638793e+19 1.22842065973009e+19 2.45683985091985e+18 2.15118306248770e+14 4.37342329374517e+19 6.63354610136059e+15 3.71792331115893e+08 2.47549057090134e+16 9.83506971061207e+17 3.08276596304061e+15 0.00000000000000e+00 0.00000000000000e+00 0.00000000000000e+00 0.00000000000000e+00 0.00000000000000e+00 0.00000000000000e+00 0.00000000000000e+00 
8.99701124198725e-04 3.31250010618971e+02 3.16366061434589e+02 2.66433925058351e+22 6.43781925952323e+19 1.29912777556709e+19 2.44927320767410e+18 2.28123343865446e+14 4.73357280851853e+19 6.69337060039091e+15 4.00576283478877e+08 2.33894765955299e+16 1.02917387074349e+18 3.53906791394222e+15 0.00000000000000e+00 0.00000000000000e+00 0.00000000000000e+00 0.00000000000000e+00 0.00000000000000e+00 0.00000000000000e+00 0.00000000000000e+00 
1.00157720296944e-03 3.29908831620237e+02 3.15818904600845e+02 2.66323095546448e+22 7.17488064227245e+19 1.39688885392493e+19 2.43658249080923e+18 2.47057179002186e+14 5.26460524777785e+19 6.78112385487094e+15 4.42950893583143e+08 2.16389511482806e+16 1.09051452318394e+18 4.24345014684381e+15 0.00000000000000e+00 0.00000000000000e+00 0.00000000000000e+00 0.00000000000000e+00 0.00000000000000e+00 0.00000000000000e+00 0.00000000000000e+00 
1.10345328174016e-03 3.28688420590492e+02 3.15074720910707e+02 2.66213352674013e+22 7.90967713284989e+19 1.48741111087951e+19 2.42310770698934e+18 2.65719489855142e+14 5.79499108277275e+19 6.86834946293199e+15 4.85208893226724e+08 2.01448145539836e+16 1.14533445787298e+18 4.97696223727077e+15 0.00000000000000e+00 0.00000000000000e+00 0.00000000000000e+00 0.00000000000000e+00 0.00000000000000e+00 0.00000000000000e+00 0.00000000000000e+00 
1.20532936051087e-03 3.27577793620381e+02 3.14399510510712e+02 2.66104619146964e+22 8.64217379268156e+19 1.57134511799034e+19 2.40935486861969e+18 2.84143949792076e+14 6.32475191746044e+19 6.95511400649680e+15 5.27363503559006e+08 1.88575640569272e+16 1.19429757969876e+18 5.73151971431583e+15 0.00000000000000e+00 0.00000000000000e+00 0.00000000000000e+00 0.00000000000000e+00 0.00000000000000e+00 0.00000000000000e+00 0.00000000000000e+00 
1.30720543928159e-03 3.26567156123444e+02 3.13786674231887e+02 2.65996826972839e+22 9.37235774944063e+19 1.64927828478373e+19 2.39550087742051e+18 3.02354569471330e+14 6.85390121021836e+19 7.04144266092438e+15 5.69426740489821e+08 1.77357471993220e+16 1.23796495236672e+18 6.49963895587249e+15 0.00000000000000e+00 0.00000000000000e+00 0.00000000000000e+00 0.00000000000000e+00 0.00000000000000e+00 0.00000000000000e+00 0.00000000000000e+00 
1.40908151805231e-03 3.25647661250244e+02 3.13230371838569e+02 2.65889915433639e+22 1.01002228829022e+20 1.72174186463700e+19 2.38162683425748e+18 3.20370274040880e+14 7.38244682922498e+19 7.12734622729396e+15 6.11409374791066e+08 1.67477065674148e+16 1.27682063939622e+18 7.27447713146112e+15 0.00000000000000e+00 0.00000000000000e+00 0.00000000000000e+00 0.00000000000000e+00 0.00000000000000e+00 0.00000000000000e+00 0.00000000000000e+00 
1.58786878351805e-03 3.24230268444346e+02 3.12725369895703e+02 2.65704256065377e+22 1.13719700089546e+20 1.83712980376983e+19 2.35742541567758e+18 3.51565034710444e+14 8.30857090419865e+19 7.27711146409467e+15 6.84919061223048e+08 1.52732278029206e+16 1.33466185466776e+18 8.63218189922227e+15 0.00000000000000e+00 0.00000000000000e+00 0.00000000000000e+00 0.00000000000000e+00 0.00000000000000e+00 0.00000000000000e+00 0.00000000000000e+00 
1.76665604898380e-03 3.23030968028760e+02 3.11949035412035e+02 2.65520884442077e+22 1.26365566218844e+20 1.93941815757150e+19 2.33349021368252e+18 3.82276896699751e+14 9.23285141445502e+19 7.42562241974035e+15 7.58247843419771e+08 1.40544123688892e+16 1.38096370725730e+18 9.96349842876173e+15 0.00000000000000e+00 0.00000000000000e+00 0.00000000000000e+00 0.00000000000000e+00 0.00000000000000e+00 0.00000000000000e+00 0.00000000000000e+00 
1.94544331444955e-03 3.22017568164214e+02 3.11294173432779e+02 2.65339584769265e+22 1.38939872258006e+20 2.03052448529708e+19 2.30988012146163e+18 4.12555486842769e+14 1.01552720408354e+20 7.57288782890327e+15 8.31425560091840e+08 1.30240915743880e+16 1.41735829370834e+18 1.12463614076244e+16 0.00000000000000e+00 0.00000000000000e+00 0.00000000000000e+00 0.00000000000000e+00 0.00000000000000e+00 0.00000000000000e+00 0.00000000000000e+00 
2.12423057991530e-03 3.21162686445640e+02 3.10742267981109e+02 2.65160173533216e+22 1.51442731158758e+20 2.11207447745116e+19 2.28663672548213e+18 4.42443338727867e+14 1.10758099718382e+20 7.71891189257261e+15 9.04475884707385e+08 1.21461957855377e+16 1.44524311031565e+18 1.24645925101057e+16 0.00000000000000e+00 0.00000000000000e+00 0.00000000000000e+00 0.00000000000000e+00 0.00000000000000e+00 0.00000000000000e+00 0.00000000000000e+00 
2.30301784538104e-03 3.20442997462921e+02 3.10277725904730e+02 2.64982494115553e+22 1.63874321068433e+20 2.18544945004227e+19 2.26377641928334e+18 4.71974020942144e+14 1.19944389527418e+20 7.86370793328849e+15 9.77413224587193e+08 1.13876871390360e+16 1.46583030981678e+18 1.36072983142974e+16 0.00000000000000e+00 0.00000000000000e+00 0.00000000000000e+00 0.00000000000000e+00 0.00000000000000e+00 0.00000000000000e+00 0.00000000000000e+00 
2.48180511084679e-03 3.19838661281185e+02 3.09887379966931e+02 2.64806413043427e+22 1.76234873082814e+20 2.25182143377155e+19 2.24129948292686e+18 5.01174436583553e+14 1.29111304515160e+20 8.00726584518101e+15 1.05024973675755e+09 1.07222400139726e+16 1.48016052693429e+18 1.46681129609257e+16 0.00000000000000e+00 0.00000000000000e+00 0.00000000000000e+00 0.00000000000000e+00 0.00000000000000e+00 0.00000000000000e+00 0.00000000000000e+00 
2.77036149618282e-03 3.19064414539580e+02 3.09560114440214e+02 2.64525310134548e+22 1.96035215769623e+20 2.34665646169538e+19 2.20583877980156e+18 5.47664298277774e+14 1.43864845582780e+20 8.23636768767456e+15 1.16761053211042e+09 9.81245286429712e+15 1.49234833791743e+18 1.62015979097811e+16 0.00000000000000e+00 0.00000000000000e+00 0.00000000000000e+00 0.00000000000000e+00 0.00000000000000e+00 0.00000000000000e+00 0.00000000000000e+00 
3.05891788151885e-03 3.18489654397069e+02 3.09141517249001e+02 2.64247683988742e+22 2.15652527720790e+20 2.42918791172021e+19 2.17138690288098e+18 5.93426481282293e+14 1.58566146769619e+20 8.46229095877855e+15 1.28474280012047e+09 9.05400246189077e+15 1.49370308881360e+18 1.75201230318639e+16 0.00000000000000e+00 0.00000000000000e+00 0.00000000000000e+00 0.00000000000000e+00 0.00000000000000e+00 0.00000000000000e+00 0.00000000000000e+00 
3.34747426685488e-03 3.18069941419741e+02 3.08831253350084e+02 2.63973226599358e+22 2.35088284375742e+20 2.50201756039723e+19 2.13794373706509e+18 6.38518272691241e+14 1.73214286204396e+20 8.68508365039952e+15 1.40165170037775e+09 8.41261322093704e+15 1.48673112560248e+18 1.86410539130168e+16 0.00000000000000e+00 0.00000000000000e+00 0.00000000000000e+00 0.00000000000000e+00 0.00000000000000e+00 0.00000000000000e+00 0.00000000000000e+00 
3.63603065219091e-03 3.17770610220156e+02 3.08604927364131e+02 2.63701692527957e+22 2.54344090205329e+20 2.56717144835565e+19 2.10549404775601e+18 6.82985508402984e+14 1.87808536978973e+20 8.90480112347664e+15 1.51833341932573e+09 7.86441411814824e+15 1.47345549465586e+18 1.95876891491619e+16 0.00000000000000e+00 0.00000000000000e+00 0.00000000000000e+00 0.00000000000000e+00 0.00000000000000e+00 0.00000000000000e+00 0.00000000000000e+00 
3.92458703752693e-03 3.17564605150492e+02 3.08443619650335e+02 2.63432885337431e+22 2.73421639698583e+20 2.62622897405172e+19 2.07401146810029e+18 7.26864469188381e+14 2.02348336556045e+20 9.12150363031199e+15 1.63477917580194e+09 7.38834382319029e+15 1.45550018349055e+18 2.03849326252522e+16 0.00000000000000e+00 0.00000000000000e+00 0.00000000000000e+00 0.00000000000000e+00 0.00000000000000e+00 0.00000000000000e+00 0.00000000000000e+00 
4.21314342286296e-03 3.17430945152965e+02 3.08332630047469e+02 2.63166648024708e+22 2.92322685013571e+20 2.68041372675738e+19 2.04346810473428e+18 7.70185020926318e+14 2.16833251960700e+20 9.33525918482932e+15 1.75097807866554e+09 6.96962407951472e+15 1.43415044948639e+18 2.10568351350679e+16 0.00000000000000e+00 0.00000000000000e+00 0.00000000000000e+00 0.00000000000000e+00 0.00000000000000e+00 0.00000000000000e+00 0.00000000000000e+00 
4.64523652054143e-03 3.17331199311877e+02 3.08260597595364e+02 2.62772509250469e+22 3.20299547067597e+20 2.75447285286259e+19 1.99942573605040e+18 8.34062824998572e+14 2.38420164372859e+20 9.64999525756855e+15 1.92449065622979e+09 6.43399305449626e+15 1.39803700473403e+18 2.18748405438624e+16 0.00000000000000e+00 0.00000000000000e+00 0.00000000000000e+00 0.00000000000000e+00 0.00000000000000e+00 0.00000000000000e+00 0.00000000000000e+00 
5.07732961821989e-03 3.17317992855258e+02 3.08206748178929e+02 2.62383524094721e+22 3.47890733532211e+20 2.82201827718889e+19 1.95732154140533e+18 8.96805185364359e+14 2.59882808268228e+20 9.95855455915045e+15 2.09738729400391e+09 5.98245215993621e+15 1.35916913985968e+18 2.25199469132032e+16 0.00000000000000e+00 0.00000000000000e+00 0.00000000000000e+00 0.00000000000000e+00 0.00000000000000e+00 0.00000000000000e+00 0.00000000000000e+00 
5.50942271589835e-03 3.17364230080441e+02 3.08199428256904e+02 2.61999447298034e+22 3.75102333403465e+20 2.88463747722639e+19 1.91704739756166e+18 9.58462183734982e+14 2.81221003782711e+20 1.02612049999328e+16 2.26963672177807e+09 5.59539907229629e+15 1.31934898429301e+18 2.30365877240833e+16 0.00000000000000e+00 0.00000000000000e+00 0.00000000000000e+00 0.00000000000000e+00 0.00000000000000e+00 0.00000000000000e+00 0.00000000000000e+00 
5.94151581357682e-03 3.17450851303083e+02 3.08224063738569e+02 2.61620087376369e+22 4.01940364168331e+20 2.94345708418746e+19 1.87849922435506e+18 1.01907660943455e+15 3.02434831174157e+20 1.05582110686072e+16 2.44121442838082e+09 5.26059336490086e+15 1.27983483926309e+18 2.34561293283222e+16 0.00000000000000e+00 0.00000000000000e+00 0.00000000000000e+00 0.00000000000000e+00 0.00000000000000e+00 0.00000000000000e+00 0.00000000000000e+00 
6.37360891125528e-03 3.17564525163730e+02 3.08270415338675e+02 2.61245291699630e+22 4.28410747851141e+20 2.99927585184626e+19 1.84157690142406e+18 1.07868411512691e+15 3.23524564795030e+20 1.08498274827705e+16 2.61208618696409e+09 4.96870925497824e+15 1.24148472590743e+18 2.38011448724601e+16 0.00000000000000e+00 0.00000000000000e+00 0.00000000000000e+00 0.00000000000000e+00 0.00000000000000e+00 0.00000000000000e+00 0.00000000000000e+00 
6.80570200893375e-03 3.17696194553309e+02 3.08331325704341e+02 2.60874937250399e+22 4.54519292319926e+20 3.05264824431944e+19 1.80618614842843e+18 1.13731559700946e+15 3.44490604207015e+20 1.11363037614228e+16 2.78224386541072e+09 4.71075333918430e+15 1.20484721613345e+18 2.40884445547176e+16 0.00000000000000e+00 0.00000000000000e+00 0.00000000000000e+00 0.00000000000000e+00 0.00000000000000e+00 0.00000000000000e+00 0.00000000000000e+00 
7.64407117667171e-03 3.17984011151675e+02 3.08401933599133e+02 2.60168672414275e+22 5.04165280824387e+20 3.15045618163381e+19 1.74156034214134e+18 1.24839386148751e+15 3.84818998209619e+20 1.16783680329933e+16 3.11030880396182e+09 4.28761616111315e+15 1.13952967227129e+18 2.45219870556703e+16 0.00000000000000e+00 0.00000000000000e+00 0.00000000000000e+00 0.00000000000000e+00 0.00000000000000e+00 0.00000000000000e+00 0.00000000000000e+00 
8.48244034440968e-03 3.18290171979491e+02 3.08556405263482e+02 2.59478138447995e+22 5.52510289910177e+20 3.24230857510069e+19 1.68177980205261e+18 1.35608891447925e+15 4.24687345137928e+20 1.22035415742879e+16 3.43555164365230e+09 3.94288794760633e+15 1.08272424870132e+18 2.48425882967345e+16 0.00000000000000e+00 0.00000000000000e+00 0.00000000000000e+00 0.00000000000000e+00 0.00000000000000e+00 0.00000000000000e+00 0.00000000000000e+00 
9.32080951214764e-03 3.18601443785268e+02 3.08720863906870e+02 2.58802835231635e+22 5.99592552613700e+20 3.32925153226141e+19 1.62633380395849e+18 1.46055433478748e+15 4.64099767046231e+20 1.27132300852264e+16 3.75793163486737e+09 3.65888110236990e+15 1.03424857035277e+18 2.50829991934092e+16 0.00000000000000e+00 0.00000000000000e+00 0.00000000000000e+00 0.00000000000000e+00 0.00000000000000e+00 0.00000000000000e+00 0.00000000000000e+00 
1.01591786798856e-02 3.18913107850138e+02 3.08888196274238e+02 2.58142341011905e+22 6.45448412400224e+20 3.41184674109240e+19 1.57477633020080e+18 1.56193427959774e+15 5.03060256470333e+20 1.32086854602404e+16 4.07743453823028e+09 3.41778647375017e+15 9.93196835405806e+17 2.52642670998881e+16 0.00000000000000e+00 0.00000000000000e+00 0.00000000000000e+00 0.00000000000000e+00 0.00000000000000e+00 0.00000000000000e+00 0.00000000000000e+00 
1.09975478476236e-02 3.19223070702291e+02 3.09055862536626e+02 2.57496270729402e+22 6.90112488759565e+20 3.49049841643645e+19 1.52672159121976e+18 1.66036566900240e+15 5.41572486519078e+20 1.36909848436354e+16 4.39405471520786e+09 3.21182794036626e+15 9.58486215318104e+17 2.54003873085531e+16 0.00000000000000e+00 0.00000000000000e+00 0.00000000000000e+00 0.00000000000000e+00 0.00000000000000e+00 0.00000000000000e+00 0.00000000000000e+00 
1.19487998436012e-02 3.19570925404927e+02 3.09222732874242e+02 2.56780218689328e+22 7.39388820570730e+20 3.57540534904300e+19 1.47601200611521e+18 1.76863861673385e+15 5.84731554250181e+20 1.42234939279215e+16 4.74980540069846e+09 3.01159076649994e+15 9.25508968366387e+17 2.55137546800152e+16 0.00000000000000e+00 0.00000000000000e+00 0.00000000000000e+00 0.00000000000000e+00 0.00000000000000e+00 0.00000000000000e+00 0.00000000000000e+00 
1.29000518395788e-02 3.19913462711920e+02 3.09410141690921e+02 2.56081763787855e+22 7.87219584417827e+20 3.65612138702041e+19 1.42894850990631e+18 1.87345046627897e+15 6.27322255353219e+20 1.47414809631528e+16 5.10182371910362e+09 2.83937248710723e+15 8.98096174666711e+17 2.55939943203594e+16 0.00000000000000e+00 0.00000000000000e+00 0.00000000000000e+00 0.00000000000000e+00 0.00000000000000e+00 0.00000000000000e+00 0.00000000000000e+00 
1.38513038355564e-02 3.20250256302024e+02 3.09594827688516e+02 2.55400428915282e+22 8.33648950592911e+20 3.73299660096357e+19 1.38516281508436e+18 1.97496128130790e+15 6.69348697434004e+20 1.52459824266595e+16 5.45010144699258e+09 2.68976271065206e+15 8.75144924822778e+17 2.56483379525735e+16 0.00000000000000e+00 0.00000000000000e+00 0.00000000000000e+00 0.00000000000000e+00 0.00000000000000e+00 0.00000000000000e+00 0.00000000000000e+00 
1.48025558315341e-02 3.20581353254871e+02 3.09776553293673e+02 2.54735760140486e+22 8.78719175649792e+20 3.80631892152411e+19 1.34433364318030e+18 2.07331834591398e+15 7.10814726563668e+20 1.57378974341534e+16 5.79463251785984e+09 2.55869200115366e+15 8.55754463575680e+17 2.56821626343692e+16 0.00000000000000e+00 0.00000000000000e+00 0.00000000000000e+00 0.00000000000000e+00 0.00000000000000e+00 0.00000000000000e+00 0.00000000000000e+00 
1.57538078275117e-02 3.20906907483783e+02 3.09955336746731e+02 2.54087322343691e+22 9.22470789945340e+20 3.87633844775863e+19 1.30618016808136e+18 2.16865932996491e+15 7.51724003297244e+20 1.62180089751956e+16 6.13541125753562e+09 2.44280181453677e+15 8.39208682997043e+17 2.56997954243381e+16 0.00000000000000e+00 0.00000000000000e+00 0.00000000000000e+00 0.00000000000000e+00 0.00000000000000e+00 0.00000000000000e+00 0.00000000000000e+00 
1.76997560190578e-02 3.21556094428593e+02 3.10131254407949e+02 2.52809674470850e+22 1.00802431625411e+21 4.01017647500911e+19 1.23546950025332e+18 2.35482619025943e+15 8.33691282834181e+20 1.71661776652270e+16 6.82081816974422e+09 2.24309492811311e+15 8.12137744000264e+17 2.56982027962655e+16 0.00000000000000e+00 0.00000000000000e+00 0.00000000000000e+00 0.00000000000000e+00 0.00000000000000e+00 0.00000000000000e+00 0.00000000000000e+00 
1.96457042106039e-02 3.22183516101678e+02 3.10482427164672e+02 2.51594821880892e+22 1.08853588358315e+21 4.13273310409547e+19 1.17319883097587e+18 2.52992701349420e+15 9.13373500786053e+20 1.80725981235719e+16 7.49045751453629e+09 2.08104230837626e+15 7.91333790888397e+17 2.56620058632300e+16 0.00000000000000e+00 0.00000000000000e+00 0.00000000000000e+00 0.00000000000000e+00 0.00000000000000e+00 0.00000000000000e+00 0.00000000000000e+00 
2.15916524021500e-02 3.22790036132411e+02 3.10822300994253e+02 2.50439584339941e+22 1.16429969098023e+21 4.24530754809706e+19 1.11801419584192e+18 2.69483977028480e+15 9.90800955747299e+20 1.89410594374365e+16 8.14430584260866e+09 1.94797422922644e+15 7.74811166898307e+17 2.56024957709584e+16 0.00000000000000e+00 0.00000000000000e+00 0.00000000000000e+00 0.00000000000000e+00 0.00000000000000e+00 0.00000000000000e+00 0.00000000000000e+00 
2.35376005936961e-02 3.23376436601174e+02 3.11151295238673e+02 2.49340994630610e+22 1.23558915028289e+21 4.34894678645457e+19 1.06880248552531e+18 2.85035663946669e+15 1.06600494124032e+21 1.97746933178725e+16 8.78236029466613e+09 1.83544423883159e+15 7.61432625951589e+17 2.55291310241740e+16 0.00000000000000e+00 0.00000000000000e+00 0.00000000000000e+00 0.00000000000000e+00 0.00000000000000e+00 0.00000000000000e+00 0.00000000000000e+00 
2.54835487852422e-02 3.23943367638437e+02 3.11469789180557e+02 2.48296264015801e+22 1.30265992152040e+21 4.44452879856654e+19 1.02471305350750e+18 2.99718535857421e+15 1.13901827332024e+21 2.05758516963943e+16 9.40464423233010e+09 1.73950343252554e+15 7.50444270556824e+17 2.54468693070908e+16 0.00000000000000e+00 0.00000000000000e+00 0.00000000000000e+00 0.00000000000000e+00 0.00000000000000e+00 0.00000000000000e+00 0.00000000000000e+00 
2.77935101842670e-02 3.24591874347445e+02 3.11778093998505e+02 2.47122407402281e+22 1.37712967894101e+21 4.54857451784784e+19 9.78021409519472e+17 3.16104286694568e+15 1.22289374838767e+21 2.14876601739263e+16 1.01229327660778e+10 1.64282571995093e+15 7.39767496156233e+17 2.53432581874958e+16 0.00000000000000e+00 0.00000000000000e+00 0.00000000000000e+00 0.00000000000000e+00 0.00000000000000e+00 0.00000000000000e+00 0.00000000000000e+00 
3.01034715832918e-02 3.25214652164996e+02 3.12131224320108e+02 2.46016586296639e+22 1.44636846891630e+21 4.64344474064127e+19 9.36552599839063e+17 3.31444555860911e+15 1.30379134148232e+21 2.23595067630069e+16 1.08191962599106e+10 1.56059140845467e+15 7.31034899962766e+17 2.52374622274950e+16 0.00000000000000e+00 0.00000000000000e+00 0.00000000000000e+00 0.00000000000000e+00 0.00000000000000e+00 0.00000000000000e+00 0.00000000000000e+00 
3.24134329823166e-02 3.25812540271109e+02 3.12470809029799e+02 2.44974899011656e+22 1.51072705694601e+21 4.73007760114911e+19 8.99529930190581e+17 3.45822446308683e+15 1.38177396838576e+21 2.31937908092944e+16 1.14936072763666e+10 1.48960472424399e+15 7.23803621528407e+17 2.51325092015828e+16 0.00000000000000e+00 0.00000000000000e+00 0.00000000000000e+00 0.00000000000000e+00 0.00000000000000e+00 0.00000000000000e+00 0.00000000000000e+00 
3.47233943813414e-02 3.26386333813846e+02 3.12797249135284e+02 2.43993682226368e+22 1.57053213220092e+21 4.80928188618230e+19 8.66320777049927e+17 3.59312095709367e+15 1.45690689929519e+21 2.39925228295381e+16 1.21463816223966e+10 1.42781281258786e+15 7.17772944058288e+17 2.50303568402083e+16 0.00000000000000e+00 0.00000000000000e+00 0.00000000000000e+00 0.00000000000000e+00 0.00000000000000e+00 0.00000000000000e+00 0.00000000000000e+00 
3.70333557803662e-02 3.26936794155244e+02 3.13110926354432e+02 2.43069486953944e+22 1.62608871316871e+21 4.88176822892256e+19 8.36406145266643e+17 3.71979323275657e+15 1.52925738001318e+21 2.47574584008590e+16 1.27777744488908e+10 1.37358073636418e+15 7.12721036941628e+17 2.49323277595679e+16 0.00000000000000e+00 0.00000000000000e+00 0.00000000000000e+00 0.00000000000000e+00 0.00000000000000e+00 0.00000000000000e+00 0.00000000000000e+00 
4.16976072345222e-02 3.27980134898872e+02 3.13412208317073e+02 2.41364329364235e+22 1.72643842260855e+21 5.01010840854085e+19 7.84348434024697e+17 3.95281980787103e+15 1.66714920778076e+21 2.62052192002828e+16 1.39887339728870e+10 1.28186578150852e+15 7.04823100592717e+17 2.47506055442187e+16 0.00000000000000e+00 0.00000000000000e+00 0.00000000000000e+00 0.00000000000000e+00 0.00000000000000e+00 0.00000000000000e+00 0.00000000000000e+00 
4.63618586886783e-02 3.28937272273350e+02 3.13984222223475e+02 2.39854065171849e+22 1.81273346610317e+21 5.11792617259377e+19 7.41324147646814e+17 4.15892229500674e+15 1.79455739858707e+21 2.75323188862042e+16 1.51164954945987e+10 1.20852103924647e+15 6.99177536074434e+17 2.45921737055350e+16 0.00000000000000e+00 0.00000000000000e+00 0.00000000000000e+00 0.00000000000000e+00 0.00000000000000e+00 0.00000000000000e+00 0.00000000000000e+00 
5.10261101428343e-02 3.29814009991141e+02 3.14510081754159e+02 2.38516690913844e+22 1.88684778138548e+21 5.20870149497407e+19 7.05337724340989e+17 4.34159204389793e+15 1.91207099333927e+21 2.87484121597508e+16 1.61642346581043e+10 1.14872628047739e+15 6.95169337033109e+17 2.44573864373454e+16 0.00000000000000e+00 0.00000000000000e+00 0.00000000000000e+00 0.00000000000000e+00 0.00000000000000e+00 0.00000000000000e+00 0.00000000000000e+00 
5.56903615969903e-02 3.30615907319757e+02 3.14992694118277e+02 2.37332745514885e+22 1.95040556601941e+21 5.28524196920943e+19 6.74946197153835e+17 4.50375790816070e+15 2.02028187246546e+21 2.98618972519301e+16 1.71354504858708e+10 1.09888064613790e+15 6.92353585659831e+17 2.43454681447950e+16 0.00000000000000e+00 0.00000000000000e+00 0.00000000000000e+00 0.00000000000000e+00 0.00000000000000e+00 0.00000000000000e+00 0.00000000000000e+00 
6.03546130511463e-02 3.31348316046281e+02 3.15434880492770e+02 2.36284936972001e+22 2.00482151329392e+21 5.34985904806857e+19 6.49078497139114e+17 4.64792222618797e+15 2.11977591623895e+21 3.08804393346573e+16 1.80338606626965e+10 1.05688900929109e+15 6.90410860719150e+17 2.42545900259509e+16 0.00000000000000e+00 0.00000000000000e+00 0.00000000000000e+00 0.00000000000000e+00 0.00000000000000e+00 0.00000000000000e+00 0.00000000000000e+00 
6.70547949068556e-02 3.32289125780088e+02 3.15839389779727e+02 2.34987289056628e+22 2.06945492789693e+21 5.42558599852479e+19 6.18236408590057e+17 4.82773427933710e+15 2.24858946069938e+21 3.21915876466163e+16 1.92047425136348e+10 1.00739337500924e+15 6.88753564793764e+17 2.41563203712051e+16 0.00000000000000e+00 0.00000000000000e+00 0.00000000000000e+00 0.00000000000000e+00 0.00000000000000e+00 0.00000000000000e+00 0.00000000000000e+00 
7.37549767625650e-02 3.33111598049698e+02 3.16359892064505e+02 2.33899214586754e+22 2.12087093693456e+21 5.48512063022361e+19 5.93207744506781e+17 4.98013694532194e+15 2.36223278739944e+21 3.33410946253021e+16 2.02449545909065e+10 9.67092789228448e+14 6.87985691828279e+17 2.40908214830742e+16 0.00000000000000e+00 0.00000000000000e+00 0.00000000000000e+00 0.00000000000000e+00 0.00000000000000e+00 0.00000000000000e+00 0.00000000000000e+00 
8.04551586182743e-02 3.33829014484613e+02 3.16815742633648e+02 2.32987270289940e+22 2.16160825236604e+21 5.53193906040692e+19 5.72740533493906e+17 5.10951411463920e+15 2.46225096840271e+21 3.43465688909661e+16 2.11660381666877e+10 9.34180012186386e+14 6.87818681260306e+17 2.40518263797711e+16 0.00000000000000e+00 0.00000000000000e+00 0.00000000000000e+00 0.00000000000000e+00 0.00000000000000e+00 0.00000000000000e+00 0.00000000000000e+00 
8.71553404739837e-02 3.34453572714256e+02 3.17213986239076e+02 2.32223171266913e+22 2.19374928614045e+21 5.56876865022009e+19 5.55825271310686e+17 5.21941931383739e+15 2.55008409525183e+21 3.52244725773794e+16 2.19792042284624e+10 9.07122093047127e+14 6.88095932070803e+17 2.40339940785764e+16 0.00000000000000e+00 0.00000000000000e+00 0.00000000000000e+00 0.00000000000000e+00 0.00000000000000e+00 0.00000000000000e+00 0.00000000000000e+00 
9.38555223296930e-02 3.34996353034165e+02 3.17561150834006e+02 2.31583027303574e+22 2.21899769183295e+21 5.59772678540405e+19 5.41783576857598e+17 5.31282215623217e+15 2.62706238188850e+21 3.59894526752345e+16 2.26951642273473e+10 8.84599253578825e+14 6.88659449357879e+17 2.40324954618462e+16 0.00000000000000e+00 0.00000000000000e+00 0.00000000000000e+00 0.00000000000000e+00 0.00000000000000e+00 0.00000000000000e+00 0.00000000000000e+00 
1.00555704185402e-01 3.35467349653872e+02 3.17863209870634e+02 2.31046740782806e+22 2.23873794065184e+21 5.62047138956335e+19 5.30090504820503e+17 5.39231010489614e+15 2.69440477124531e+21 3.66548798467116e+16 2.33240082994711e+10 8.65550388233526e+14 6.89350677838403e+17 2.40432221427109e+16 0.00000000000000e+00 0.00000000000000e+00 0.00000000000000e+00 0.00000000000000e+00 0.00000000000000e+00 0.00000000000000e+00 0.00000000000000e+00 
1.13046944565488e-01 3.36182610490237e+02 3.18125584152363e+02 2.30271009181935e+22 2.26430502697489e+21 5.65042819030045e+19 5.13003698792995e+17 5.51019740067958e+15 2.79784620632027e+21 3.76692084533329e+16 2.42944461285420e+10 8.37601370477673e+14 6.90816073610390e+17 2.40871254183677e+16 0.00000000000000e+00 0.00000000000000e+00 0.00000000000000e+00 0.00000000000000e+00 0.00000000000000e+00 0.00000000000000e+00 0.00000000000000e+00 
1.25538184945574e-01 3.36727812946855e+02 3.18524491754788e+02 2.29713441402564e+22 2.27991674130724e+21 5.66938640036340e+19 5.00552320019653e+17 5.59788410037163e+15 2.87777655162574e+21 3.84455389244526e+16 2.50480140634351e+10 8.16927105925794e+14 6.92287102664565e+17 2.41459035047417e+16 0.00000000000000e+00 0.00000000000000e+00 0.00000000000000e+00 0.00000000000000e+00 0.00000000000000e+00 0.00000000000000e+00 0.00000000000000e+00 
1.38029425325660e-01 3.37142702219921e+02 3.18828928105910e+02 2.29311012166614e+22 2.28926857836519e+21 5.68136042118961e+19 4.91380946981133e+17 5.66329529011026e+15 2.93933262387888e+21 3.90383726194641e+16 2.56305231439053e+10 8.01499122203191e+14 6.93643125781193e+17 2.42081820702053e+16 0.00000000000000e+00 0.00000000000000e+00 0.00000000000000e+00 0.00000000000000e+00 0.00000000000000e+00 0.00000000000000e+00 0.00000000000000e+00 
1.50520665705745e-01 3.37457707221767e+02 3.19060812014687e+02 2.29020171837811e+22 2.29465635188188e+21 5.68884533761599e+19 4.84576617398840e+17 5.71210508232459e+15 2.98658480285969e+21 3.94898970769378e+16 2.60789279384446e+10 7.89909462146980e+14 6.94820521669050e+17 2.42682878798796e+16 0.00000000000000e+00 0.00000000000000e+00 0.00000000000000e+00 0.00000000000000e+00 0.00000000000000e+00 0.00000000000000e+00 0.00000000000000e+00 
1.63011906085831e-01 3.37696232302622e+02 3.19236991393629e+02 2.28810128962230e+22 2.29754050578600e+21 5.69342905287403e+19 4.79508064688314e+17 5.74853797225129e+15 3.02274001019926e+21 3.98328210852678e+16 2.64227399633596e+10 7.81167039101566e+14 6.95803947939334e+17 2.43234306757920e+16 0.00000000000000e+00 0.00000000000000e+00 0.00000000000000e+00 0.00000000000000e+00 0.00000000000000e+00 0.00000000000000e+00 0.00000000000000e+00 
1.84258201181741e-01 3.37972983712715e+02 3.19370464533424e+02 2.28581759394453e+22 2.29907116594544e+21 5.69715733601531e+19 4.73691014341942e+17 5.79020785550878e+15 3.06528519566032e+21 4.02323674105514e+16 2.68280583554037e+10 7.70952374527519e+14 6.97058292260206e+17 2.44035878686145e+16 0.00000000000000e+00 0.00000000000000e+00 0.00000000000000e+00 0.00000000000000e+00 0.00000000000000e+00 0.00000000000000e+00 0.00000000000000e+00 
2.05504496277651e-01 3.38144103585281e+02 3.19525398765017e+02 2.28449683957050e+22 2.29893131003220e+21 5.69853032368802e+19 4.70125139074764e+17 5.81573682887983e+15 3.09195667862572e+21 4.04804316423448e+16 2.70825480908056e+10 7.64581967641865e+14 6.97897350913889e+17 2.44630364979157e+16 0.00000000000000e+00 0.00000000000000e+00 0.00000000000000e+00 0.00000000000000e+00 0.00000000000000e+00 0.00000000000000e+00 0.00000000000000e+00 
2.26750791373562e-01 3.38251017737062e+02 3.19621234208307e+02 2.28370988942342e+22 2.29838948391124e+21 5.69899232714869e+19 4.67918843991210e+17 5.83157221550770e+15 3.10877251197219e+21 4.06357902453197e+16 2.72431507835549e+10 7.60601444722768e+14 6.98459927447109e+17 2.45042045991933e+16 0.00000000000000e+00 0.00000000000000e+00 0.00000000000000e+00 0.00000000000000e+00 0.00000000000000e+00 0.00000000000000e+00 0.00000000000000e+00 
2.47997086469472e-01 3.38317780662449e+02 3.19681125532310e+02 2.28323935461350e+22 2.29780185569823e+21 5.69906640654524e+19 4.66548382332914e+17 5.84136430144310e+15 3.11935841415625e+21 4.07330180617643e+16 2.73443044086786e+10 7.58105210331116e+14 6.98830359668561e+17 2.45322389351920e+16 0.00000000000000e+00 0.00000000000000e+00 0.00000000000000e+00 0.00000000000000e+00 0.00000000000000e+00 0.00000000000000e+00 0.00000000000000e+00 
2.69243381565382e-01 3.38359004366674e+02 3.19718529994659e+02 2.28296384524921e+22 2.29725821519406e+21 5.69896163956582e+19 4.65701549002457e+17 5.84736663877144e+15 3.12595883465801e+21 4.07932311956761e+16 2.74073859535376e+10 7.56543273852609e+14 6.99066598433320e+17 2.45513687256505e+16 0.00000000000000e+00 0.00000000000000e+00 0.00000000000000e+00 0.00000000000000e+00 0.00000000000000e+00 0.00000000000000e+00 0.00000000000000e+00 
3.07226438863106e-01 3.38394529139006e+02 3.19741627353140e+02 2.28274824617602e+22 2.29652607058134e+21 5.69866029757503e+19 4.64953760138270e+17 5.85254297781262e+15 3.13174190418107e+21 4.08454400608577e+16 2.74626545365571e+10 7.55129834664458e+14 6.99267870052893e+17 2.45708841589602e+16 0.00000000000000e+00 0.00000000000000e+00 0.00000000000000e+00 0.00000000000000e+00 0.00000000000000e+00 0.00000000000000e+00 0.00000000000000e+00 
3.45209496160831e-01 3.38409654545375e+02 3.19761531611569e+02 2.28266220518721e+22 2.29614466290226e+21 5.69847689159960e+19 4.64631157639574e+17 5.85477890897046e+15 3.13422954719412e+21 4.08677528976033e+16 2.74864285639591e+10 7.54511176911658e+14 6.99351836032302e+17 2.45799749196612e+16 0.00000000000000e+00 0.00000000000000e+00 0.00000000000000e+00 0.00000000000000e+00 0.00000000000000e+00 0.00000000000000e+00 0.00000000000000e+00 
3.83192553458556e-01 3.38417570909040e+02 3.19770006275062e+02 2.28261398532721e+22 2.29598395078132e+21 5.69840777215690e+19 4.64472993265457e+17 5.85592746817691e+15 3.13551688317386e+21 4.08793546874243e+16 2.74987328904803e+10 7.54217328288192e+14 6.99404492041634e+17 2.45841379756015e+16 0.00000000000000e+00 0.00000000000000e+00 0.00000000000000e+00 0.00000000000000e+00 0.00000000000000e+00 0.00000000000000e+00 0.00000000000000e+00 
4.21175610756280e-01 3.38421657537717e+02 3.19774442101747e+02 2.28258856390751e+22 2.29590758957245e+21 5.69837414638501e+19 4.64397553172802e+17 5.85649250569941e+15 3.13617874558406e+21 4.08853146808111e+16 2.75050566684387e+10 7.54080605871528e+14 6.99437456744692e+17 2.45860944555436e+16 0.00000000000000e+00 0.00000000000000e+00 0.00000000000000e+00 0.00000000000000e+00 0.00000000000000e+00 0.00000000000000e+00 0.00000000000000e+00 
4.59158668054005e-01 3.38423223855257e+02 3.19776732059824e+02 2.28258041356910e+22 2.29585910233407e+21 5.69834457161606e+19 4.64369947693420e+17 5.85670232808902e+15 3.13643932437553e+21 4.08876127745670e+16 2.75075433568418e+10 7.54028945971480e+14 6.99452028778824e+17 2.45870093587252e+16 0.00000000000000e+00 0.00000000000000e+00 0.00000000000000e+00 0.00000000000000e+00 0.00000000000000e+00 0.00000000000000e+00 0.00000000000000e+00 
5.75285008774858e-01 3.38424562070680e+02 3.19777609643897e+02 2.28257452923592e+22 2.29580483483583e+21 5.69830577387885e+19 4.64352499722583e+17 5.85687294239443e+15 3.13666629463351e+21 4.08895671111186e+16 2.75097072682374e+10 7.53998646332752e+14 6.99471258738165e+17 2.45877921155855e+16 0.00000000000000e+00 0.00000000000000e+00 0.00000000000000e+00 0.00000000000000e+00 0.00000000000000e+00 0.00000000000000e+00 0.00000000000000e+00 
6.91411349495710e-01 3.38423794158540e+02 3.19778359356750e+02 2.28257981251163e+22 2.29581303311755e+21 5.69830714567224e+19 4.64366198031948e+17 5.85676481147536e+15 3.13654419799991e+21 4.08884548896174e+16 2.75085397298878e+10 7.54023045750064e+14 6.99465270962809e+17 2.45875004222260e+16 0.00000000000000e+00 0.00000000000000e+00 0.00000000000000e+00 0.00000000000000e+00 0.00000000000000e+00 0.00000000000000e+00 0.00000000000000e+00 
8.07537690216563e-01 3.38423532075637e+02 3.19777929013130e+02 2.28258115615365e+22 2.29582124510269e+21 5.69831435185055e+19 4.64366326808360e+17 5.85673832338536e+15 3.13650077814790e+21 4.08880861633901e+16 2.75081262942356e+10 7.54020793628595e+14 6.99458388938848e+17 2.45874385620429e+16 0.00000000000000e+00 0.00000000000000e+00 0.00000000000000e+00 0.00000000000000e+00 0.00000000000000e+00 0.00000000000000e+00 0.00000000000000e+00 
9.23664030937416e-01 3.38423610972289e+02 3.19777782168877e+02 2.28258055920071e+22 2.29582126735468e+21 5.69831472647979e+19 4.64364526672644e+17 5.85674990653886e+15 3.13651266908384e+21 4.08882031598522e+16 2.75082465296440e+10 7.54017545008819e+14 6.99458236504792e+17 2.45874709552884e+16 0.00000000000000e+00 0.00000000000000e+00 0.00000000000000e+00 0.00000000000000e+00 0.00000000000000e+00 0.00000000000000e+00 0.00000000000000e+00 
2.06635416945704e+00 3.38423691406190e+02 3.19777826393804e+02 2.28258009864223e+22 2.29581897543122e+21 5.69831503122131e+19 4.64360525558637e+17 5.85676747510930e+15 3.13652646979204e+21 4.08883280526708e+16 2.75083725799057e+10 7.54008783851909e+14 6.99456823688562e+17 2.45875688618022e+16 0.00000000000000e+00 0.00000000000000e+00 0.00000000000000e+00 0.00000000000000e+00 0.00000000000000e+00 0.00000000000000e+00 0.00000000000000e+00 
3.20904430797667e+00 3.38423691197806e+02 3.19777871453035e+02 2.28258010707839e+22 2.29581903697403e+21 5.69831433808261e+19 4.64361961734286e+17 5.85676368111403e+15 3.13652618525316e+21 4.08883229345705e+16 2.75083731454034e+10 7.54012156827070e+14 6.99458151022064e+17 2.45875362572749e+16 0.00000000000000e+00 0.00000000000000e+00 0.00000000000000e+00 0.00000000000000e+00 0.00000000000000e+00 0.00000000000000e+00 0.00000000000000e+00 
4.35173444649630e+00 3.38423689963081e+02 3.19777871340317e+02 2.28258011417945e+22 2.29581893878056e+21 5.69831485697909e+19 4.64360803742918e+17 5.85676693341672e+15 3.13652623491876e+21 4.08883250463815e+16 2.75083703336777e+10 7.54009277019168e+14 6.99456993804368e+17 2.45875621813877e+16 0.00000000000000e+00 0.00000000000000e+00 0.00000000000000e+00 0.00000000000000e+00 0.00000000000000e+00 0.00000000000000e+00 0.00000000000000e+00 
1.57786358316926e+01 3.38423690046206e+02 3.19777870644389e+02 2.28258011358582e+22 2.29581894430725e+21 5.69831480783209e+19 4.64360914964457e+17 5.85676684531289e+15 3.13652623590056e+21 4.08883247592945e+16 2.75083703601505e+10 7.54009446315862e+14 6.99457061896393e+17 2.45875591324269e+16 0.00000000000000e+00 0.00000000000000e+00 0.00000000000000e+00 0.00000000000000e+00 0.00000000000000e+00 0.00000000000000e+00 0.00000000000000e+00 
2.72055372168888e+01 3.38423690231712e+02 3.19777870691170e+02 2.28258011122597e+22 2.29581895479785e+21 5.69831472524481e+19 4.64361107953593e+17 5.85676614169888e+15 3.13652626246231e+21 4.08883243918946e+16 2.75083705757568e+10 7.54010170533978e+14 6.99457360505466e+17 2.45875571914663e+16 0.00000000000000e+00 0.00000000000000e+00 0.00000000000000e+00 0.00000000000000e+00 0.00000000000000e+00 0.00000000000000e+00 0.00000000000000e+00 
3.86324386020851e+01 3.38423690192745e+02 3.19777870795165e+02 2.28258011163982e+22 2.29581895397886e+21 5.69831474195825e+19 4.64361075004502e+17 5.85676631460621e+15 3.13652625571991e+21 4.08883244399354e+16 2.75083705233952e+10 7.54009982387740e+14 6.99457283871335e+17 2.45875572033893e+16 0.00000000000000e+00 0.00000000000000e+00 0.00000000000000e+00 0.00000000000000e+00 0.00000000000000e+00 0.00000000000000e+00 0.00000000000000e+00 
1.38632438602085e+02 3.38423690211963e+02 3.19777870773340e+02 2.28258011139021e+22 2.29581895492950e+21 5.69831473318294e+19 4.64361095103225e+17 5.85676623948351e+15 3.13652625860160e+21 4.08883244021608e+16 2.75083705461407e+10 7.54010061256102e+14 6.99457316309288e+17 2.45875570528999e+16 0.00000000000000e+00 0.00000000000000e+00 0.00000000000000e+00 0.00000000000000e+00 0.00000000000000e+00 0.00000000000000e+00 0.00000000000000e+00 
2.38632438602085e+02 3.38423690217435e+02 3.19777870784111e+02 2.28258011134823e+22 2.29581895476159e+21 5.69831473102362e+19 4.64361097510662e+17 5.85676620868153e+15 3.13652625971067e+21 4.08883244034670e+16 2.75083705550461e+10 7.54010093526494e+14 6.99457329210501e+17 2.45875570846313e+16 0.00000000000000e+00 0.00000000000000e+00 0.00000000000000e+00 0.00000000000000e+00 0.00000000000000e+00 0.00000000000000e+00 0.00000000000000e+00 
3.38632438602085e+02 3.38423690218565e+02 3.19777870787173e+02 2.28258011132652e+22 2.29581895491652e+21 5.69831473044736e+19 4.64361099428401e+17 5.85676620674361e+15 3.13652625981654e+21 4.08883243986321e+16 2.75083705558975e+10 7.54010095631229e+14 6.99457330165823e+17 2.45875570651855e+16 0.00000000000000e+00 0.00000000000000e+00 0.00000000000000e+00 0.00000000000000e+00 0.00000000000000e+00 0.00000000000000e+00 0.00000000000000e+00 
4.38632438602085e+02 3.38423690219021e+02 3.19777870787807e+02 2.28258011132646e+22 2.29581895484525e+21 5.69831473029836e+19 4.64361099208897e+17 5.85676620272124e+15 3.13652625994502e+21 4.08883244002324e+16 2.75083705569179e+10 7.54010099768252e+14 6.99457331784571e+17 2.45875570731580e+16 0.00000000000000e+00 0.00000000000000e+00 0.00000000000000e+00 0.00000000000000e+00 0.00000000000000e+00 0.00000000000000e+00 0.00000000000000e+00 
5.38632438602085e+02 3.38423690219034e+02 3.19777870788062e+02 2.28258011132365e+22 2.29581895488499e+21 5.69831473026744e+19 4.64361099515596e+17 5.85676620361265e+15 3.13652625992261e+21 4.08883243991650e+16 2.75083705567385e+10 7.54010098856754e+14 6.99457331445049e+17 2.45875570695287e+16 0.00000000000000e+00 0.00000000000000e+00 0.00000000000000e+00 0.00000000000000e+00 0.00000000000000e+00 0.00000000000000e+00 0.00000000000000e+00 
6.38632438602085e+02 3.38423690219101e+02 3.19777870788070e+02 2.28258011132434e+22 2.29581895486369e+21 5.69831473025208e+19 4.64361099402119e+17 5.85676620275809e+15 3.13652625994808e+21 4.08883243996878e+16 2.75083705569415e+10 7.54010099736234e+14 6.99457331784585e+17 2.45875570712512e+16 0.00000000000000e+00 0.00000000000000e+00 0.00000000000000e+00 0.00000000000000e+00 0.00000000000000e+00 0.00000000000000e+00 0.00000000000000e+00 
7.38632438602085e+02 3.38423690219079e+02 3.19777870788107e+02 2.28258011132379e+22 2.29581895487507e+21 5.69831473025388e+19 4.64361099473243e+17 5.85676620314260e+15 3.13652625993715e+21 4.08883243993978e+16 2.75083705568544e+10 7.54010099341976e+14 6.99457331633757e+17 2.45875570704530e+16 0.00000000000000e+00 0.00000000000000e+00 0.00000000000000e+00 0.00000000000000e+00 0.00000000000000e+00 0.00000000000000e+00 0.00000000000000e+00 
8.38632438602085e+02 3.38423690219099e+02 3.19777870788095e+02 2.28258011132412e+22 2.29581895486897e+21 5.69831473025064e+19 4.64361099438644e+17 5.85676620290331e+15 3.13652625994430e+21 4.08883243995517e+16 2.75083705569105e+10 7.54010099588172e+14 6.99457331728598e+17 2.45875570708497e+16 0.00000000000000e+00 0.00000000000000e+00 0.00000000000000e+00 0.00000000000000e+00 0.00000000000000e+00 0.00000000000000e+00 0.00000000000000e+00 
9.38632438602085e+02 3.38423690219091e+02 3.19777870788106e+02 2.28258011132408e+22 2.29581895487239e+21 5.69831473025265e+19 4.64361099457596e+17 5.85676620303087e+15 3.13652625994069e+21 4.08883243994681e+16 2.75083705568806e+10 7.54010099457303e+14 6.99457331678257e+17 2.45875570706571e+16 0.00000000000000e+00 0.00000000000000e+00 0.00000000000000e+00 0.00000000000000e+00 0.00000000000000e+00 0.00000000000000e+00 0.00000000000000e+00 
1.00000000000000e+03 3.38423690219096e+02 3.19777870788102e+02 2.28258011132419e+22 2.29581895487134e+21 5.69831473025213e+19 4.64361099451527e+17 5.85676620298662e+15 3.13652625994208e+21 4.08883243994957e+16 2.75083705568910e+10 7.54010099502993e+14 6.99457331695886e+17 2.45875570707207e+16 0.00000000000000e+00 0.00000000000000e+00 0.00000000000000e+00 0.00000000000000e+00 0.00000000000000e+00 0.00000000000000e+00 0.00000000000000e+00 
