Time(s)              GasTemp(K)           NearWallTemp(K)      [O2(X)](m^-3)        [O2(a1Dg)](m^-3)     [O2(b1Sg+)](m^-3)    [O2(A3Su+_C3Du_c1Su-)](m^-3) [O2(+,X)](m^-3)      [O(3P)](m^-3)        [O(1D)](m^-3)        [O(+,gnd)](m^-3)     [O(-,gnd)](m^-3)     [O3(X)](m^-3)        [O3(exc)](m^-3)      [CO2(X)](m^-3)       [CO2(e1)](m^-3)      [CO2(+,X)](m^-3)     [CO(X)](m^-3)        [CO(a3P)](m^-3)      [CO(+,X)](m^-3)      [C(X)](m^-3)        
0.00000000000000e+00 4.61411537500000e+02 3.85367691875000e+02 1.00544134470006e+23 1.00544134470006e-02 1.00544134470006e-02 1.00544134470006e-02 0.00000000000000e+00 0.00000000000000e+00 0.00000000000000e+00 0.00000000000000e+00 0.00000000000000e+00 0.00000000000000e+00 0.00000000000000e+00 0.00000000000000e+00 0.00000000000000e+00 0.00000000000000e+00 0.00000000000000e+00 0.00000000000000e+00 0.00000000000000e+00 0.00000000000000e+00 
3.75128894902089e-17 4.61411537499999e+02 4.06758964331456e+02 1.00544134470006e+23 8.90072120416815e+06 2.11350424046972e+06 2.59075076483444e+06 3.65727487879487e+01 5.96178903328238e+06 6.60413055806195e+05 2.64394257813116e-04 3.39316157049577e+05 1.08016877636788e-06 3.44225200757136e-10 0.00000000000000e+00 0.00000000000000e+00 0.00000000000000e+00 0.00000000000000e+00 0.00000000000000e+00 0.00000000000000e+00 0.00000000000000e+00 
7.50257789804178e-17 4.61411537499998e+02 4.06758964331456e+02 1.00544134470006e+23 1.78014423982859e+07 4.22700847095714e+06 5.18150151961223e+06 7.31454975758974e+01 1.19235780666586e+07 1.32082611151852e+06 5.28788515610809e-04 6.78632314097905e+05 3.40914027308963e-06 1.08641540155114e-09 0.00000000000000e+00 0.00000000000000e+00 0.00000000000000e+00 0.00000000000000e+00 0.00000000000000e+00 0.00000000000000e+00 0.00000000000000e+00 
1.12538668470627e-16 4.61411537499997e+02 4.06758964331455e+02 1.00544134470006e+23 2.67021635924078e+07 6.34051270151819e+06 7.77225227438774e+06 1.09718246363846e+02 1.78853671001307e+07 1.98123916713501e+06 7.93182773392753e-04 1.01794847114496e+06 7.01324130842062e-06 2.23496036008101e-09 0.00000000000000e+00 0.00000000000000e+00 0.00000000000000e+00 0.00000000000000e+00 0.00000000000000e+00 0.00000000000000e+00 0.00000000000000e+00 
2.76209054601322e-16 4.61411537499992e+02 4.06758964331454e+02 1.00544134470006e+23 6.55364014899042e+07 1.55618245822046e+07 1.90758117219275e+07 2.69286757276523e+02 4.38969147691541e+07 4.86265036334417e+06 1.94674654423354e-03 2.49839978264011e+06 3.66607335420421e-05 1.16829412588789e-08 0.00000000000000e+00 0.00000000000000e+00 0.00000000000000e+00 0.00000000000000e+00 0.00000000000000e+00 0.00000000000000e+00 0.00000000000000e+00 
4.39879440732017e-16 4.61411537499987e+02 4.06758964331451e+02 1.00544134470006e+23 1.04370639387477e+08 2.47831364642671e+07 3.03793711694247e+07 4.28855268189197e+02 6.99084624399687e+07 7.74406155776205e+06 3.10031031477999e-03 3.97885109411142e+06 9.01394840097704e-05 2.87254016783998e-08 0.00000000000000e+00 0.00000000000000e+00 0.00000000000000e+00 0.00000000000000e+00 0.00000000000000e+00 0.00000000000000e+00 0.00000000000000e+00 
6.03549826862713e-16 4.61411537499982e+02 4.06758964331447e+02 1.00544134470006e+23 1.43204877285128e+08 3.40044483477274e+07 4.16829306168786e+07 5.88423779101871e+02 9.59200101126029e+07 1.06254727503604e+07 4.25387408502747e-03 5.45930240555852e+06 1.67825859016107e-04 5.34822809931664e-08 0.00000000000000e+00 0.00000000000000e+00 0.00000000000000e+00 0.00000000000000e+00 0.00000000000000e+00 0.00000000000000e+00 0.00000000000000e+00 
7.67220212993408e-16 4.61411537499977e+02 4.06758964331444e+02 1.00544134470006e+23 1.82039115182857e+08 4.32257602325931e+07 5.29864900642890e+07 7.47992290014542e+02 1.21931557787067e+08 1.35068839411291e+07 5.40743785497432e-03 6.93975371698127e+06 2.69852685700748e-04 8.59959081896786e-08 0.00000000000000e+00 0.00000000000000e+00 0.00000000000000e+00 0.00000000000000e+00 0.00000000000000e+00 0.00000000000000e+00 0.00000000000000e+00 
1.25296744841450e-15 4.61411537499963e+02 4.06758964331441e+02 1.00544134470006e+23 2.97292852554255e+08 7.05931225409369e+07 8.65336263652397e+07 1.22156582318991e+03 1.99129624415751e+08 2.20584463303350e+07 8.83102855510330e-03 1.13334937739113e+07 7.16143091389920e-04 2.28218501452781e-07 0.00000000000000e+00 0.00000000000000e+00 0.00000000000000e+00 0.00000000000000e+00 0.00000000000000e+00 0.00000000000000e+00 0.00000000000000e+00 
1.73871468383560e-15 4.61411537499948e+02 4.06758964331431e+02 1.00544134470005e+23 4.12546589926343e+08 9.79604848616729e+07 1.20080762665807e+08 1.69513935636526e+03 2.76327691060567e+08 3.06100087034092e+07 1.22546192525816e-02 1.57272338306268e+07 1.37705017464952e-03 4.38834544505391e-07 0.00000000000000e+00 0.00000000000000e+00 0.00000000000000e+00 0.00000000000000e+00 0.00000000000000e+00 0.00000000000000e+00 0.00000000000000e+00 
2.22446191925670e-15 4.61411537499934e+02 4.06758964331422e+02 1.00544134470005e+23 5.27800327299121e+08 1.25327847194801e+08 1.53627898965991e+08 2.16871288954060e+03 3.53525757721515e+08 3.91615710603512e+07 1.56782099474093e-02 2.01209738871275e+07 2.25258060925753e-03 7.17846164145726e-07 0.00000000000000e+00 0.00000000000000e+00 0.00000000000000e+00 0.00000000000000e+00 0.00000000000000e+00 0.00000000000000e+00 0.00000000000000e+00 
2.71020915467779e-15 4.61411537499919e+02 4.06758964331412e+02 1.00544134470005e+23 6.43054064672589e+08 1.52695209540322e+08 1.87175035265791e+08 2.64228642271592e+03 4.30723824398594e+08 4.77131334011611e+07 1.91018006395862e-02 2.45147139434136e+07 3.34273287943839e-03 1.06525287734824e-06 0.00000000000000e+00 0.00000000000000e+00 0.00000000000000e+00 0.00000000000000e+00 0.00000000000000e+00 0.00000000000000e+00 0.00000000000000e+00 
7.56768150888876e-15 4.61411537499775e+02 4.06758964331402e+02 1.00544134470003e+23 1.79559143844520e+09 4.26368833677110e+08 5.22646398242702e+08 7.37802175446833e+03 1.20270449205661e+09 1.33228755922005e+08 5.33377074155684e-02 6.84521144944675e+07 2.60483276497431e-02 8.30100908797596e-06 0.00000000000000e+00 0.00000000000000e+00 0.00000000000000e+00 0.00000000000000e+00 0.00000000000000e+00 0.00000000000000e+00 0.00000000000000e+00 
1.24251538630997e-14 4.61411537499631e+02 4.06758964331306e+02 1.00544134470001e+23 2.94812881228678e+09 7.00042459053131e+08 8.58117761181265e+08 1.21137570862193e+04 1.97468516132778e+09 2.18744376829655e+08 8.75736139264827e-02 1.12389515024055e+08 7.02159141548474e-02 2.23762135454385e-05 0.00000000000000e+00 0.00000000000000e+00 0.00000000000000e+00 0.00000000000000e+00 0.00000000000000e+00 0.00000000000000e+00 0.00000000000000e+00 
1.72826262173107e-14 4.61411537499486e+02 4.06758964331210e+02 1.00544134469998e+23 4.10066618619734e+09 9.73716085668385e+08 1.19358912408148e+09 1.68494924179688e+04 2.74666583221208e+09 3.04259996124112e+08 1.21809520172330e-01 1.56326915532175e+08 1.35845473810070e-01 4.32908603440019e-05 0.00000000000000e+00 0.00000000000000e+00 0.00000000000000e+00 0.00000000000000e+00 0.00000000000000e+00 0.00000000000000e+00 0.00000000000000e+00 
2.21400985715217e-14 4.61411537499342e+02 4.06758964331114e+02 1.00544134469996e+23 5.25320356017686e+09 1.24738971352287e+09 1.52906048694335e+09 2.15852277497168e+04 3.51864650470953e+09 3.89775613805376e+08 1.56045426153109e-01 2.00264316018828e+08 2.22937003610272e-01 7.10449485435731e-05 0.00000000000000e+00 0.00000000000000e+00 0.00000000000000e+00 0.00000000000000e+00 0.00000000000000e+00 0.00000000000000e+00 0.00000000000000e+00 
7.07148221136313e-14 4.61411537497899e+02 4.06758964331017e+02 1.00544134469974e+23 1.67785773037656e+10 3.98412606022553e+09 4.88377411345288e+09 6.89425810671170e+04 1.12384533184068e+10 1.24493170189243e+09 4.98404471382186e-01 6.39638319704686e+08 2.27426071878756e+00 7.24755132820227e-04 0.00000000000000e+00 0.00000000000000e+00 0.00000000000000e+00 0.00000000000000e+00 0.00000000000000e+00 0.00000000000000e+00 0.00000000000000e+00 
1.19289545655741e-13 4.61411537496456e+02 4.06758964330055e+02 1.00544134469952e+23 2.83039510542516e+10 6.72086253085145e+09 8.23848773612761e+09 1.16299934384371e+05 1.89582602934181e+10 2.10008762866026e+09 8.40763490104511e-01 1.07901232124386e+09 6.47178153402498e+00 2.06240950454328e-03 0.00000000000000e+00 0.00000000000000e+00 0.00000000000000e+00 0.00000000000000e+00 0.00000000000000e+00 0.00000000000000e+00 0.00000000000000e+00 
1.67864269197851e-13 4.61411537495013e+02 4.06758964329092e+02 1.00544134469930e+23 3.98293248116348e+10 9.45759912540059e+09 1.15932013549675e+10 1.63657287701480e+05 2.66780674297435e+10 2.95524339410888e+09 1.18312248232009e+00 1.51838632063635e+09 1.28154994503377e+01 4.08400808081751e-03 0.00000000000000e+00 0.00000000000000e+00 0.00000000000000e+00 0.00000000000000e+00 0.00000000000000e+00 0.00000000000000e+00 0.00000000000000e+00 
2.16438992739960e-13 4.61411537493569e+02 4.06758964328129e+02 1.00544134469908e+23 5.13546985759152e+10 1.21943358438729e+10 1.49479149699727e+10 2.11014641018442e+05 3.43978747273830e+10 3.81039899823834e+09 1.52548144802891e+00 1.95776031788216e+09 2.13054144593523e+01 6.78955087655053e-03 0.00000000000000e+00 0.00000000000000e+00 0.00000000000000e+00 0.00000000000000e+00 0.00000000000000e+00 0.00000000000000e+00 0.00000000000000e+00 
7.02186228161057e-13 4.61411537479138e+02 4.06758964327167e+02 1.00544134469686e+23 1.66608436598066e+11 3.95617098443643e+10 4.84950509091097e+10 6.84588174180044e+05 1.11595956576040e+11 1.23619461669894e+10 4.94906964724673e+00 6.35150017227266e+09 2.24245400859857e+02 7.14619160562660e-02 0.00000000000000e+00 0.00000000000000e+00 0.00000000000000e+00 0.00000000000000e+00 0.00000000000000e+00 0.00000000000000e+00 0.00000000000000e+00 
1.18793346358215e-12 4.61411537464706e+02 4.06758964317539e+02 1.00544134469465e+23 2.81862175309939e+11 6.69290962371497e+10 8.20421864647666e+10 1.15816170732706e+06 1.88794054556068e+11 2.09134772038580e+10 8.37265519579206e+00 1.07452398119948e+10 6.41805084611512e+02 2.04528719462421e-01 0.00000000000000e+00 0.00000000000000e+00 0.00000000000000e+00 0.00000000000000e+00 0.00000000000000e+00 0.00000000000000e+00 0.00000000000000e+00 
1.67368069900325e-12 4.61411537450275e+02 4.06758964307912e+02 1.00544134469244e+23 3.97115914711532e+11 9.42964950222068e+10 1.15589321636943e+11 1.63173524045948e+06 2.65992168667439e+11 2.94649921088732e+10 1.17962380936669e+01 1.51389792370487e+10 1.27398445578270e+03 4.05989974711228e-01 0.00000000000000e+00 0.00000000000000e+00 0.00000000000000e+00 0.00000000000000e+00 0.00000000000000e+00 0.00000000000000e+00 0.00000000000000e+00 
2.15942793442435e-12 4.61411537435843e+02 4.06758964298286e+02 1.00544134469023e+23 5.12369654802845e+11 1.21663906199512e+11 1.49136456425640e+11 2.10530877357732e+06 3.43190298910121e+11 3.80164908820653e+10 1.52198183408733e+01 1.95327184474342e+10 2.12078350397565e+03 6.75845696065162e-01 0.00000000000000e+00 0.00000000000000e+00 0.00000000000000e+00 0.00000000000000e+00 0.00000000000000e+00 0.00000000000000e+00 0.00000000000000e+00 
7.01690028863531e-12 4.61411537291526e+02 4.06758964288658e+02 1.00544134466810e+23 1.66490709365031e+12 3.95338699537804e+11 4.84607783221192e+11 6.84104410395324e+06 1.11517248854808e+12 1.23530591374718e+11 4.94554750269316e+01 6.34700987445362e+10 2.23928524603363e+04 7.13610370589189e+00 0.00000000000000e+00 0.00000000000000e+00 0.00000000000000e+00 0.00000000000000e+00 0.00000000000000e+00 0.00000000000000e+00 0.00000000000000e+00 
1.18743726428463e-11 4.61411537147210e+02 4.06758964192388e+02 1.00544134464598e+23 2.81744460146894e+12 6.69014732074324e+11 8.20079071668725e+11 1.15767794328701e+07 1.88715629128248e+12 2.09043078719793e+11 8.36908666485377e+01 1.07407457574819e+11 6.41268772415816e+04 2.04358246197507e+01 0.00000000000000e+00 0.00000000000000e+00 0.00000000000000e+00 0.00000000000000e+00 0.00000000000000e+00 0.00000000000000e+00 0.00000000000000e+00 
1.67318449970572e-11 4.61411537002893e+02 4.06758964096118e+02 1.00544134462385e+23 3.96998217825804e+12 9.42692003786831e+11 1.15555032176824e+12 1.63125147603278e+07 2.65914170708430e+12 2.94553952946314e+11 1.17925993207688e+02 1.51344794938291e+11 1.27322847921087e+05 4.05750220549673e+01 0.00000000000000e+00 0.00000000000000e+00 0.00000000000000e+00 0.00000000000000e+00 0.00000000000000e+00 0.00000000000000e+00 0.00000000000000e+00 
2.15893173512682e-11 4.61411536858577e+02 4.06758963999847e+02 1.00544134460173e+23 5.12251982401687e+12 1.21637051465203e+12 1.49102153351975e+12 2.10482500863261e+07 3.43112873592314e+12 3.80063214084677e+11 1.52160854706472e+02 1.95282110834963e+11 2.11980754102057e+05 6.75537102736113e+01 0.00000000000000e+00 0.00000000000000e+00 0.00000000000000e+00 0.00000000000000e+00 0.00000000000000e+00 0.00000000000000e+00 0.00000000000000e+00 
7.01640408933779e-11 4.61411535415415e+02 4.06758963903577e+02 1.00544134438049e+23 1.66479000746760e+13 3.95322376827358e+12 4.84573154189587e+12 6.84056032659868e+07 1.11510877303505e+13 1.23506711661648e+12 4.94494892130653e+02 6.34654089131256e+11 2.23896250673071e+06 7.13517745224794e+02 0.00000000000000e+00 0.00000000000000e+00 0.00000000000000e+00 0.00000000000000e+00 0.00000000000000e+00 0.00000000000000e+00 0.00000000000000e+00 
1.18738764435488e-10 4.61411533972257e+02 4.06758962940875e+02 1.00544134415925e+23 2.81732872214732e+13 6.69020091055216e+12 8.20043771547595e+12 1.15762956299530e+08 1.88712079937573e+13 2.08990974505441e+12 8.36802425906642e+02 1.07402392075884e+12 6.41212593225677e+06 2.04344714863287e+03 0.00000000000000e+00 0.00000000000000e+00 0.00000000000000e+00 0.00000000000000e+00 0.00000000000000e+00 0.00000000000000e+00 0.00000000000000e+00 
1.67313487977597e-10 4.61411532529103e+02 4.06758961978175e+02 1.00544134393800e+23 3.96986812637104e+13 9.42730191925227e+12 1.15551400542642e+13 1.63120309186805e+08 2.65914894971312e+13 2.94459112841030e+12 1.17908345803031e+03 1.51339160572716e+12 1.27314611041358e+07 4.05735553306869e+03 0.00000000000000e+00 0.00000000000000e+00 0.00000000000000e+00 0.00000000000000e+00 0.00000000000000e+00 0.00000000000000e+00 0.00000000000000e+00 
2.15888211519707e-10 4.61411531085953e+02 4.06758961015478e+02 1.00544134371676e+23 5.12240822006566e+13 1.21645267710894e+13 1.49098385582648e+13 2.10477661927653e+08 3.43119322100911e+13 3.79911129706475e+12 1.52133799059192e+03 1.95275714404613e+12 2.11969576256956e+07 6.75525715347824e+03 0.00000000000000e+00 0.00000000000000e+00 0.00000000000000e+00 0.00000000000000e+00 0.00000000000000e+00 0.00000000000000e+00 0.00000000000000e+00 
7.01635446940803e-10 4.61411516654666e+02 4.06758960052783e+02 1.00544134150423e+23 1.66478470514958e+14 3.95435782472268e+13 4.84566126865329e+13 6.84051181225330e+08 1.11525214887553e+14 1.23354571542205e+13 4.94242659620973e+03 6.34629446510273e+12 2.23887035455085e+08 7.13590527635552e+04 0.00000000000000e+00 0.00000000000000e+00 0.00000000000000e+00 0.00000000000000e+00 0.00000000000000e+00 0.00000000000000e+00 0.00000000000000e+00 
1.18738268236190e-09 4.61411502223770e+02 4.06758950425983e+02 1.00544133929158e+23 2.81733547465919e+14 6.69349874621662e+13 8.20030033410214e+13 1.15762468569934e+09 1.88754583849386e+14 2.08557162149017e+13 8.36086763256712e+03 1.07396171325321e+13 6.41181371591147e+08 2.04378428127726e+05 0.00000000000000e+00 0.00000000000000e+00 0.00000000000000e+00 0.00000000000000e+00 0.00000000000000e+00 0.00000000000000e+00 0.00000000000000e+00 
1.67312991778300e-09 4.61411487793262e+02 4.06758940799442e+02 1.00544133707879e+23 3.96989312358098e+14 9.43387322630131e+13 1.15549010525886e+14 1.63119817519843e+09 2.66000010191070e+14 2.93599173831584e+13 1.17766630924152e+04 1.51327251557849e+13 1.27307004031048e+09 4.05826948371994e+05 0.00000000000000e+00 0.00000000000000e+00 0.00000000000000e+00 0.00000000000000e+00 0.00000000000000e+00 0.00000000000000e+00 0.00000000000000e+00 
2.15887715320409e-09 4.61411473363143e+02 4.06758931173160e+02 1.00544133486588e+23 5.12245764464397e+14 1.21754789488573e+14 1.49094634245480e+14 2.10477164956422e+09 3.43261463692484e+14 3.78480908786214e+13 1.51898150613387e+04 1.95256185447587e+13 2.11954264617073e+09 6.75718797424656e+05 0.00000000000000e+00 0.00000000000000e+00 0.00000000000000e+00 0.00000000000000e+00 0.00000000000000e+00 0.00000000000000e+00 0.00000000000000e+00 
5.71352737204872e-09 4.61411367776725e+02 4.06758921547139e+02 1.00544131866813e+23 1.35570192706777e+15 3.22755344498573e+14 3.94566520028424e+14 5.57033501372986e+09 9.09138095046980e+14 9.94787318993674e+13 4.00866653614884e+04 5.16658464052314e+13 1.48437827051172e+10 4.73514480451590e+06 0.00000000000000e+00 0.00000000000000e+00 0.00000000000000e+00 0.00000000000000e+00 0.00000000000000e+00 0.00000000000000e+00 0.00000000000000e+00 
9.26817759089334e-09 4.61411262210831e+02 4.06758851112716e+02 1.00544130246362e+23 2.19919457030535e+15 5.24405031081243e+14 6.40017872543472e+14 9.03589749691067e+09 1.47585967365281e+15 1.60264397974908e+14 6.48428779681107e+04 8.37945846506820e+13 3.90547196414173e+10 1.24660824368284e+07 0.00000000000000e+00 0.00000000000000e+00 0.00000000000000e+00 0.00000000000000e+00 0.00000000000000e+00 0.00000000000000e+00 0.00000000000000e+00 
1.28228278097380e-08 4.61411156665209e+02 4.06758780691988e+02 1.00544128625243e+23 3.04272341490536e+15 7.26694954216364e+14 8.85448693499768e+14 1.25014590369666e+10 2.04341459352181e+15 2.20216694901480e+14 8.94592642554541e+04 1.15911837165107e+14 7.47482732516681e+10 2.38739770981567e+07 0.00000000000000e+00 0.00000000000000e+00 0.00000000000000e+00 0.00000000000000e+00 0.00000000000000e+00 0.00000000000000e+00 0.00000000000000e+00 
1.63774780285826e-08 4.61411051139616e+02 4.06758710284791e+02 1.00544127003466e+23 3.88628818567156e+15 9.29616349313924e+14 1.13085898460548e+15 1.59670195718272e+10 2.61179141884916e+15 2.79347058292704e+14 1.13936630338334e+05 1.48017607828763e+14 1.21920366706546e+11 3.89641939013906e+07 0.00000000000000e+00 0.00000000000000e+00 0.00000000000000e+00 0.00000000000000e+00 0.00000000000000e+00 0.00000000000000e+00 0.00000000000000e+00 
1.99321282474272e-08 4.61410945633807e+02 4.06758639890958e+02 1.00544125381039e+23 4.72988861140012e+15 1.13316057955685e+15 1.37624874756786e+15 1.94325790394888e+10 3.18097888054620e+15 3.37666757046718e+14 1.38275777159460e+05 1.80111900518330e+14 1.80566926390896e+11 5.77420195683388e+07 0.00000000000000e+00 0.00000000000000e+00 0.00000000000000e+00 0.00000000000000e+00 0.00000000000000e+00 0.00000000000000e+00 0.00000000000000e+00 
5.08488640792959e-08 4.61410028791429e+02 4.06758569510330e+02 1.00544111243811e+23 1.20686069642052e+16 2.92851128867913e+15 3.50967217479741e+15 4.95743895928647e+10 8.16406733140430e+15 8.12349839049727e+14 3.44256171568773e+05 4.58770034500490e+14 1.17394181106843e+12 3.77344380956519e+08 0.00000000000000e+00 0.00000000000000e+00 0.00000000000000e+00 0.00000000000000e+00 0.00000000000000e+00 0.00000000000000e+00 0.00000000000000e+00 
8.17655999111647e-08 4.61409113281731e+02 4.06757957904977e+02 1.00544097063489e+23 1.94098388082994e+16 4.76512978016144e+15 5.64154395492364e+15 7.97160740936882e+10 1.32008479068765e+16 1.23333852074844e+15 5.40348421500429e+05 7.36562726976182e+14 3.03234668781572e+12 9.79482320390334e+08 0.00000000000000e+00 0.00000000000000e+00 0.00000000000000e+00 0.00000000000000e+00 0.00000000000000e+00 0.00000000000000e+00 0.00000000000000e+00 
1.12682335743033e-07 4.61408198974196e+02 4.06757347189066e+02 1.00544082844875e+23 2.67534378789104e+16 6.63836328474101e+15 7.77186520955807e+15 1.09857592117751e+11 1.82852498097200e+16 1.60670347926012e+15 7.27036768500387e+05 1.01349251158822e+15 5.75311493808088e+12 1.86700237760774e+09 0.00000000000000e+00 0.00000000000000e+00 0.00000000000000e+00 0.00000000000000e+00 0.00000000000000e+00 0.00000000000000e+00 0.00000000000000e+00 
1.43599071574902e-07 4.61407285753103e+02 4.06756737275545e+02 1.00544068592223e+23 3.40992744068926e+16 8.54408703834288e+15 9.90063705984153e+15 1.39998903440422e+11 2.34118911760294e+16 1.93782646111608e+15 9.04781759845481e+05 1.28956191353954e+15 9.33358679197358e+12 3.04242940415047e+09 0.00000000000000e+00 0.00000000000000e+00 0.00000000000000e+00 0.00000000000000e+00 0.00000000000000e+00 0.00000000000000e+00 0.00000000000000e+00 
1.74515807406771e-07 4.61406373515736e+02 4.06756128087232e+02 1.00544054309312e+23 4.14472331190427e+16 1.04786402680533e+16 1.20278606262612e+16 1.70139968041556e+11 2.85759955507089e+16 2.23148380656015e+15 1.07402142801101e+06 1.56477344954119e+15 1.37711097705492e+13 4.50800463229528e+09 0.00000000000000e+00 0.00000000000000e+00 0.00000000000000e+00 0.00000000000000e+00 0.00000000000000e+00 0.00000000000000e+00 0.00000000000000e+00 
2.05432543238640e-07 4.61405462170916e+02 4.06755519555616e+02 1.00544039999495e+23 4.87972116048708e+16 1.24387739071397e+16 1.41535370284273e+16 2.00280746112077e+11 3.37733236668214e+16 2.49191467001272e+15 1.23517229217690e+06 1.83912962758641e+15 1.90630392210030e+13 6.26571615450644e+09 0.00000000000000e+00 0.00000000000000e+00 0.00000000000000e+00 0.00000000000000e+00 0.00000000000000e+00 0.00000000000000e+00 0.00000000000000e+00 
2.87185347320432e-07 4.61403056030240e+02 4.06754911619883e+02 1.00544002051940e+23 6.82417613249282e+16 1.77244696193151e+16 1.97669947783513e+16 2.79980017771578e+11 4.76496125728872e+16 3.04750723660169e+15 1.62522829346115e+06 2.56050409389528e+15 3.71535559079726e+13 1.23338917643943e+10 0.00000000000000e+00 0.00000000000000e+00 0.00000000000000e+00 0.00000000000000e+00 0.00000000000000e+00 0.00000000000000e+00 0.00000000000000e+00 
3.68938151402225e-07 4.61400654378391e+02 4.06753306544974e+02 1.00543963980672e+23 8.76984610940293e+16 2.31266223671472e+16 2.53696628201853e+16 3.59676284384513e+11 6.16767834117684e+16 3.45219596499257e+15 1.96812578737417e+06 3.27596106874536e+15 6.11514004399907e+13 2.04829512149402e+10 0.00000000000000e+00 0.00000000000000e+00 0.00000000000000e+00 0.00000000000000e+00 0.00000000000000e+00 0.00000000000000e+00 0.00000000000000e+00 
4.50690955484017e-07 4.61398256339660e+02 4.06751704468027e+02 1.00543925817880e+23 1.07166320523690e+17 2.86140651111776e+16 3.09615617740886e+16 4.39368830391582e+11 7.58141711450185e+16 3.74664399653698e+15 2.26971707179050e+06 3.98554612730621e+15 9.10084422734101e+13 3.07319266329387e+10 0.00000000000000e+00 0.00000000000000e+00 0.00000000000000e+00 0.00000000000000e+00 0.00000000000000e+00 0.00000000000000e+00 0.00000000000000e+00 
5.32443759565810e-07 4.61395861270528e+02 4.06750104804966e+02 1.00543887587206e+23 1.26644608082588e+17 3.41639156496305e+16 3.65427122221423e+16 5.19056949805113e+11 9.00319206753162e+16 3.96070459505907e+15 2.53512872509414e+06 4.68930448939136e+15 1.26676916688558e+14 4.30947274628662e+10 0.00000000000000e+00 0.00000000000000e+00 0.00000000000000e+00 0.00000000000000e+00 0.00000000000000e+00 0.00000000000000e+00 0.00000000000000e+00 
6.14196563647602e-07 4.61393468695136e+02 4.06748507126577e+02 1.00543849306125e+23 1.46132779164033e+17 3.97592740758183e+16 4.21131347079920e+16 5.98739946042433e+11 1.04307982523922e+17 4.11642545894115e+15 2.76885502259089e+06 5.38728103006868e+15 1.68109423379501e+14 5.75815839038484e+10 0.00000000000000e+00 0.00000000000000e+00 0.00000000000000e+00 0.00000000000000e+00 0.00000000000000e+00 0.00000000000000e+00 0.00000000000000e+00 
6.95949367729394e-07 4.61391078266645e+02 4.06746911115471e+02 1.00543810987360e+23 1.65630433014350e+17 4.53878440672311e+16 4.76728497366005e+16 6.78417131779631e+11 1.18626313909544e+17 4.22984763561564e+15 2.97483298532337e+06 6.07952028609346e+15 2.15258924744936e+14 7.41999390645722e+10 0.00000000000000e+00 0.00000000000000e+00 0.00000000000000e+00 0.00000000000000e+00 0.00000000000000e+00 0.00000000000000e+00 0.00000000000000e+00 
8.20836085332172e-07 4.61387430205132e+02 4.06745316540315e+02 1.00543752398659e+23 1.95432976789642e+17 5.40306343966775e+16 5.61453220761406e+16 8.00120351174079e+11 1.40555217836321e+17 4.34703053781553e+15 3.24364098175191e+06 7.12601837678858e+15 2.98216579843402e+14 1.03713454875168e+11 0.00000000000000e+00 0.00000000000000e+00 0.00000000000000e+00 0.00000000000000e+00 0.00000000000000e+00 0.00000000000000e+00 0.00000000000000e+00 
9.45722802934949e-07 4.61383785992426e+02 4.06742883047523e+02 1.00543693764532e+23 2.25256272154411e+17 6.27099603112885e+16 6.45929279846665e+16 9.21806053288866e+11 1.62529316553638e+17 4.41894080071966e+15 3.46605196543500e+06 8.15938708974018e+15 3.94241813522710e+14 1.38226053848562e+11 0.00000000000000e+00 0.00000000000000e+00 0.00000000000000e+00 0.00000000000000e+00 0.00000000000000e+00 0.00000000000000e+00 0.00000000000000e+00 
1.07060952053773e-06 4.61380145257610e+02 4.06740452131152e+02 1.00543635098493e+23 2.55099855679321e+17 7.14128680659649e+16 7.30157400371079e+16 1.04347190845374e+12 1.84531712888270e+17 4.46246987442344e+15 3.65054519331809e+06 9.17978075996743e+15 5.03171764404749e+14 1.77745345072732e+11 0.00000000000000e+00 0.00000000000000e+00 0.00000000000000e+00 0.00000000000000e+00 0.00000000000000e+00 0.00000000000000e+00 0.00000000000000e+00 
1.19549623814050e-06 4.61376507746984e+02 4.06738023543797e+02 1.00543576409743e+23 2.84963394759987e+17 8.01305856173793e+16 8.14138305981963e+16 1.16511563370674e+12 2.06550965939061e+17 4.48905307266546e+15 3.80406999046371e+06 1.01873519810971e+16 6.24845476607325e+14 2.22276133796093e+11 0.00000000000000e+00 0.00000000000000e+00 0.00000000000000e+00 0.00000000000000e+00 0.00000000000000e+00 0.00000000000000e+00 0.00000000000000e+00 
1.32038295574328e-06 4.61372873298735e+02 4.06735597116234e+02 1.00543517704100e+23 3.14846659380434e+17 8.88576188143382e+16 8.97872718228681e+16 1.28673499189430e+12 2.28579911798865e+17 4.50584884498354e+15 3.93231710732977e+06 1.11822516276415e+16 7.59103879009766e+14 2.71821316969108e+11 0.00000000000000e+00 0.00000000000000e+00 0.00000000000000e+00 0.00000000000000e+00 0.00000000000000e+00 0.00000000000000e+00 0.00000000000000e+00 
1.44526967334606e-06 4.61369241824584e+02 4.06733172740523e+02 1.00543458984674e+23 3.44749501654898e+17 9.75910965646100e+16 9.81361356566825e+16 1.40832779085021e+12 2.50614809136869e+17 4.51659318874243e+15 4.03992983566639e+06 1.21646288733481e+16 9.05789764979527e+14 3.26382459847364e+11 0.00000000000000e+00 0.00000000000000e+00 0.00000000000000e+00 0.00000000000000e+00 0.00000000000000e+00 0.00000000000000e+00 0.00000000000000e+00 
1.66961459530336e-06 4.61362725568479e+02 4.06730750357767e+02 1.00543353473841e+23 3.98515392410430e+17 1.13290030123197e+17 1.13072426095934e+17 1.62668204948918e+12 2.90205204657610e+17 4.52844232613636e+15 4.19318740229098e+06 1.38983742066997e+16 1.20001583269346e+15 4.36996542166384e+11 0.00000000000000e+00 0.00000000000000e+00 0.00000000000000e+00 0.00000000000000e+00 0.00000000000000e+00 0.00000000000000e+00 0.00000000000000e+00 
1.89395951726067e-06 4.61356218550653e+02 4.06726403697673e+02 1.00543247930488e+23 4.52343616352202e+17 1.28999447052943e+17 1.27930050642508e+17 1.84493159264225e+12 3.29801393434169e+17 4.53412946672240e+15 4.30842409673723e+06 1.55930261134120e+16 1.53295927936629e+15 5.63801013786616e+11 0.00000000000000e+00 0.00000000000000e+00 0.00000000000000e+00 0.00000000000000e+00 0.00000000000000e+00 0.00000000000000e+00 0.00000000000000e+00 
2.11830443921797e-06 4.61349720680005e+02 4.06722063229156e+02 1.00543142357144e+23 5.06233788943926e+17 1.44717693943514e+17 1.42709421297851e+17 2.06306475711293e+12 3.69401247183463e+17 4.53575454202296e+15 4.39706426520960e+06 1.72494090209142e+16 1.90375280925575e+15 7.06795651311927e+11 0.00000000000000e+00 0.00000000000000e+00 0.00000000000000e+00 0.00000000000000e+00 0.00000000000000e+00 0.00000000000000e+00 0.00000000000000e+00 
2.34264936117527e-06 4.61343231882163e+02 4.06717728891350e+02 1.00543036755712e+23 5.60185545927970e+17 1.60443706237662e+17 1.57410947912243e+17 2.28107030494730e+12 4.09003406376388e+17 4.53464973892180e+15 4.46712282435102e+06 1.88683306410815e+16 2.31154734418121e+15 8.65980252612217e+11 0.00000000000000e+00 0.00000000000000e+00 0.00000000000000e+00 0.00000000000000e+00 0.00000000000000e+00 0.00000000000000e+00 0.00000000000000e+00 
2.56699428313258e-06 4.61336752058970e+02 4.06713400634546e+02 1.00542931128958e+23 6.14198498150914e+17 1.76175562582052e+17 1.72035038195343e+17 2.49893741126159e+12 4.48605393954778e+17 4.53326573745703e+15 4.52435947708646e+06 2.04505822759488e+16 2.75551165353704e+15 1.04135407756201e+12 0.00000000000000e+00 0.00000000000000e+00 0.00000000000000e+00 0.00000000000000e+00 0.00000000000000e+00 0.00000000000000e+00 0.00000000000000e+00 
2.79133920508988e-06 4.61330281122542e+02 4.06709078393177e+02 1.00542825479262e+23 6.68272269511795e+17 1.91911699967448e+17 1.86582097727547e+17 2.71665565323183e+12 4.88205200812788e+17 4.53358621333492e+15 4.57281623945688e+06 2.19969391372868e+16 3.23483200297584e+15 1.23291525876818e+12 0.00000000000000e+00 0.00000000000000e+00 0.00000000000000e+00 0.00000000000000e+00 0.00000000000000e+00 0.00000000000000e+00 0.00000000000000e+00 
3.18419520787954e-06 4.61318971058601e+02 4.06704762108526e+02 1.00542640417457e+23 7.63107814569515e+17 2.19480815483721e+17 2.11871479302374e+17 3.09751926771813e+12 5.57547984188282e+17 4.53435643707375e+15 4.64352857105876e+06 2.46206058799830e+16 4.15697170483704e+15 1.60734799987154e+12 0.00000000000000e+00 0.00000000000000e+00 0.00000000000000e+00 0.00000000000000e+00 0.00000000000000e+00 0.00000000000000e+00 0.00000000000000e+00 
3.57705121066920e-06 4.61307687983096e+02 4.06697218068228e+02 1.00542455287585e+23 8.58127245441975e+17 2.47066836470570e+17 2.36928037181652e+17 3.47784485653217e+12 6.26889271440075e+17 4.53496305497681e+15 4.70453350891235e+06 2.71404848991657e+16 5.18094469111608e+15 2.03140114484841e+12 0.00000000000000e+00 0.00000000000000e+00 0.00000000000000e+00 0.00000000000000e+00 0.00000000000000e+00 0.00000000000000e+00 0.00000000000000e+00 
3.96990721345886e-06 4.61296431666209e+02 4.06689692118039e+02 1.00542270093313e+23 9.53328846661108e+17 2.74669836226453e+17 2.61753903566860e+17 3.85758457218592e+12 6.96229328373637e+17 4.53502283447213e+15 4.76066468303852e+06 2.95604070585399e+16 6.30274170230287e+15 2.50506499553577e+12 0.00000000000000e+00 0.00000000000000e+00 0.00000000000000e+00 0.00000000000000e+00 0.00000000000000e+00 0.00000000000000e+00 0.00000000000000e+00 
4.36276321624852e-06 4.61285201862384e+02 4.06682184104133e+02 1.00542084838804e+23 1.04871090031182e+18 3.02289249676733e+17 2.86351190396354e+17 4.23669396113487e+12 7.65567590843924e+17 4.53499042020844e+15 4.81406162051537e+06 3.18840612631781e+16 7.51850725555867e+15 3.02832981698633e+12 0.00000000000000e+00 0.00000000000000e+00 0.00000000000000e+00 0.00000000000000e+00 0.00000000000000e+00 0.00000000000000e+00 0.00000000000000e+00 
4.75561921903818e-06 4.61273998332252e+02 4.06674693862200e+02 1.00541899527923e+23 1.14427170988717e+18 3.29924658162714e+17 3.10721990047616e+17 4.61513170555191e+12 8.34903688399424e+17 4.53513407619463e+15 4.86584637699201e+06 3.41150032508927e+16 8.82452993723038e+15 3.60118543161285e+12 0.00000000000000e+00 0.00000000000000e+00 0.00000000000000e+00 0.00000000000000e+00 0.00000000000000e+00 0.00000000000000e+00 0.00000000000000e+00 
5.61849289287834e-06 4.61249481873261e+02 4.06667221232056e+02 1.00541492327335e+23 1.35478196688471e+18 3.90678905528618e+17 3.63465382812276e+17 5.44380034941242e+12 9.87186771789132e+17 4.53558157319614e+15 4.97677439944095e+06 3.87060527387151e+16 1.19928129204739e+16 5.03343960890993e+12 0.00000000000000e+00 0.00000000000000e+00 0.00000000000000e+00 0.00000000000000e+00 0.00000000000000e+00 0.00000000000000e+00 0.00000000000000e+00 
6.48136656671850e-06 4.61225088650787e+02 4.06650869330939e+02 1.00541084905669e+23 1.56612910252193e+18 4.51507700713195e+17 4.15147760319683e+17 6.26868822759076e+12 1.13945878375334e+18 4.53615408440273e+15 5.08709722504226e+06 4.29004524853805e+16 1.55438351195807e+16 6.70476579644908e+12 0.00000000000000e+00 0.00000000000000e+00 0.00000000000000e+00 0.00000000000000e+00 0.00000000000000e+00 0.00000000000000e+00 0.00000000000000e+00 
7.34424024055865e-06 4.61200816297606e+02 4.06634600041518e+02 1.00540677294746e+23 1.77829601153278e+18 5.12409103592890e+17 4.65790363824951e+17 7.08948863603168e+12 1.29171915226013e+18 4.53664467907030e+15 5.19763976046077e+06 4.67300325800422e+16 1.94445699366507e+16 8.61504646513645e+12 0.00000000000000e+00 0.00000000000000e+00 0.00000000000000e+00 0.00000000000000e+00 0.00000000000000e+00 0.00000000000000e+00 0.00000000000000e+00 
8.20711391439881e-06 4.61176662490097e+02 4.06618411779570e+02 1.00540269523663e+23 1.99126595882596e+18 5.73381041342124e+17 5.15413992361335e+17 7.90594965286986e+12 1.44396716600766e+18 4.53711237844771e+15 5.30815465391995e+06 5.02240447210897e+16 2.36647581811145e+16 1.07641603367643e+13 0.00000000000000e+00 0.00000000000000e+00 0.00000000000000e+00 0.00000000000000e+00 0.00000000000000e+00 0.00000000000000e+00 0.00000000000000e+00 
9.06998758823896e-06 4.61152624951571e+02 4.06602302990072e+02 1.00539861618919e+23 2.20502256641136e+18 6.34421500754549e+17 5.64039022818929e+17 8.71786620745931e+12 1.59620221526689e+18 4.53762287032101e+15 5.41859751426349e+06 5.34094316554144e+16 2.81766111785489e+16 1.31519825108720e+13 0.00000000000000e+00 0.00000000000000e+00 0.00000000000000e+00 0.00000000000000e+00 0.00000000000000e+00 0.00000000000000e+00 0.00000000000000e+00 
1.14250100100228e-05 4.61087593983524e+02 4.06586272149421e+02 1.00538747830417e+23 2.79230121786969e+18 8.01351895648213e+17 6.91825397753597e+17 1.09096494614725e+13 2.01162524260113e+18 4.53909957690932e+15 5.72066152459088e+06 6.07177755284264e+16 4.17851904542028e+16 2.08827744529649e+13 0.00000000000000e+00 0.00000000000000e+00 0.00000000000000e+00 0.00000000000000e+00 0.00000000000000e+00 0.00000000000000e+00 0.00000000000000e+00 
1.37800324318066e-05 4.61023369065607e+02 4.06542904474613e+02 1.00537633630815e+23 3.38500851060224e+18 9.68742274480536e+17 8.12710898647271e+17 1.30643297973360e+13 2.42694243638375e+18 4.54070211289738e+15 6.02366261802570e+06 6.63404616832270e+16 5.69380404239443e+16 3.03879933015516e+13 0.00000000000000e+00 0.00000000000000e+00 0.00000000000000e+00 0.00000000000000e+00 0.00000000000000e+00 0.00000000000000e+00 0.00000000000000e+00 
1.61350548535904e-05 4.60959908707904e+02 4.06500077263579e+02 1.00536519346361e+23 3.98284709107973e+18 1.13655850072442e+18 9.27067063203751e+17 1.51810125654586e+13 2.84215043723454e+18 4.54236610796916e+15 6.32751279640386e+06 7.06333827530154e+16 7.32734792179799e+16 4.16647557313225e+13 0.00000000000000e+00 0.00000000000000e+00 0.00000000000000e+00 0.00000000000000e+00 0.00000000000000e+00 0.00000000000000e+00 0.00000000000000e+00 
1.84900772753742e-05 4.60897173746309e+02 4.06457762753333e+02 1.00535405220522e+23 4.58553678972886e+18 1.30476890047820e+18 1.03524456410179e+18 1.72599054033038e+13 3.25724846074891e+18 4.54410773759397e+15 6.63200346447679e+06 7.38757261182893e+16 9.05105052206840e+16 5.47100159422516e+13 0.00000000000000e+00 0.00000000000000e+00 0.00000000000000e+00 0.00000000000000e+00 0.00000000000000e+00 0.00000000000000e+00 0.00000000000000e+00 
2.08450996971580e-05 4.60835127161451e+02 4.06415934738142e+02 1.00534291434972e+23 5.19281312022544e+18 1.47334392679215e+18 1.13757485146831e+18 1.93018659664989e+13 3.67223735774181e+18 4.54592963595546e+15 6.93702935135066e+06 7.62879281543724e+16 1.08429297325076e+17 6.95205796860202e+13 0.00000000000000e+00 0.00000000000000e+00 0.00000000000000e+00 0.00000000000000e+00 0.00000000000000e+00 0.00000000000000e+00 0.00000000000000e+00 
2.45794997520708e-05 4.60738065785978e+02 4.06374568448622e+02 1.00532526286943e+23 6.16458352859391e+18 1.74133733586134e+18 1.28860882106435e+18 2.24673676155694e+13 4.33007396579188e+18 4.54895335761147e+15 7.42167722440061e+06 7.88130855171892e+16 1.37845322597798e+17 9.66167304487425e+13 0.00000000000000e+00 0.00000000000000e+00 0.00000000000000e+00 0.00000000000000e+00 0.00000000000000e+00 0.00000000000000e+00 0.00000000000000e+00 
2.83138998069835e-05 4.60642517612892e+02 4.06309863405962e+02 1.00530762706969e+23 7.14633336130933e+18 2.01007550178950e+18 1.42688911328522e+18 2.55479263704204e+13 4.98764852302052e+18 4.55212243073922e+15 7.90710754397431e+06 8.02138874088997e+16 1.68026702235218e+17 1.28129315115580e+14 0.00000000000000e+00 0.00000000000000e+00 0.00000000000000e+00 0.00000000000000e+00 0.00000000000000e+00 0.00000000000000e+00 0.00000000000000e+00 
3.20482998618962e-05 4.60548362782582e+02 4.06246173714289e+02 1.00529000918422e+23 8.13720829606237e+18 2.27946447240240e+18 1.55348864061671e+18 2.85492377068748e+13 5.64497147047826e+18 4.55541653036172e+15 8.39318651552923e+06 8.08630516948329e+16 1.98613728046231e+17 1.64043530330221e+14 0.00000000000000e+00 0.00000000000000e+00 0.00000000000000e+00 0.00000000000000e+00 0.00000000000000e+00 0.00000000000000e+00 0.00000000000000e+00 
3.57826999168090e-05 4.60455491888404e+02 4.06183419198666e+02 1.00527241025607e+23 9.13642918362133e+18 2.54941894972084e+18 1.66938664864884e+18 3.14772138233826e+13 6.30205457105055e+18 4.55881800057143e+15 8.87974542594106e+06 8.10081231474563e+16 2.29373913179874e+17 2.04343707803012e+14 0.00000000000000e+00 0.00000000000000e+00 0.00000000000000e+00 0.00000000000000e+00 0.00000000000000e+00 0.00000000000000e+00 0.00000000000000e+00 
3.95170999717217e-05 4.60363804783248e+02 4.06121526682970e+02 1.00525483064258e+23 1.01432830479915e+19 2.81986077636274e+18 1.77547941345838e+18 3.43371720442272e+13 6.95890872101889e+18 4.56231079610622e+15 9.36659943353402e+06 8.08160881895482e+16 2.60154063685305e+17 2.49013344890308e+14 0.00000000000000e+00 0.00000000000000e+00 0.00000000000000e+00 0.00000000000000e+00 0.00000000000000e+00 0.00000000000000e+00 0.00000000000000e+00 
4.50711197894549e-05 4.60229439197562e+02 4.06060429191465e+02 1.00522872069739e+23 1.16534822220053e+19 3.22282840777573e+18 1.91685500736091e+18 3.84745747262624e+13 7.93541782207811e+18 4.56764401420601e+15 1.00910192013376e+07 8.01336330723427e+16 3.05767579350888e+17 3.23492635943148e+14 0.00000000000000e+00 0.00000000000000e+00 0.00000000000000e+00 0.00000000000000e+00 0.00000000000000e+00 0.00000000000000e+00 0.00000000000000e+00 
5.06251396071881e-05 4.60097219067699e+02 4.05970903044118e+02 1.00520265239818e+23 1.31771983517237e+19 3.62650279359277e+18 2.04077448990814e+18 4.24840672475105e+13 8.91146761330050e+18 4.57310945116493e+15 1.08155315408712e+07 7.92012864119622e+16 3.50986506038857e+17 4.07537960785846e+14 0.00000000000000e+00 0.00000000000000e+00 0.00000000000000e+00 0.00000000000000e+00 0.00000000000000e+00 0.00000000000000e+00 0.00000000000000e+00 
5.61791594249213e-05 4.59966904632709e+02 4.05882819165183e+02 1.00517662413029e+23 1.47127253060625e+19 4.03069457117203e+18 2.14938275277638e+18 4.63757074549815e+13 9.88707946097073e+18 4.57867464154269e+15 1.15399978515905e+07 7.81537734036442e+16 3.95700261064486e+17 5.01085035474624e+14 0.00000000000000e+00 0.00000000000000e+00 0.00000000000000e+00 0.00000000000000e+00 0.00000000000000e+00 0.00000000000000e+00 0.00000000000000e+00 
6.17331792426545e-05 4.59838286696441e+02 4.05796017277477e+02 1.00515063401555e+23 1.62585746795952e+19 4.43523761321696e+18 2.24455088244344e+18 5.01573210170941e+13 1.08622700096630e+19 4.58431562371586e+15 1.22642787147822e+07 7.70539755658405e+16 4.39863248074818e+17 6.04065423868069e+14 0.00000000000000e+00 0.00000000000000e+00 0.00000000000000e+00 0.00000000000000e+00 0.00000000000000e+00 0.00000000000000e+00 0.00000000000000e+00 
6.72871990603877e-05 4.59711181854018e+02 4.05710357553223e+02 1.00512468011182e+23 1.78134431230537e+19 4.83998710708421e+18 2.32791892893420e+18 5.38372443490519e+13 1.18370583235837e+19 4.59000557684870e+15 1.29885105101134e+07 7.59410398919831e+16 4.83457690706801e+17 7.16406677914907e+14 0.00000000000000e+00 0.00000000000000e+00 0.00000000000000e+00 0.00000000000000e+00 0.00000000000000e+00 0.00000000000000e+00 0.00000000000000e+00 
7.83596339072008e-05 4.59461704652336e+02 4.05625717419435e+02 1.00507303985314e+23 2.09358833611809e+19 5.64703426343531e+18 2.46424930981293e+18 6.08968205423991e+13 1.37792493183922e+19 4.60143108532189e+15 1.44317507715755e+07 7.37535112037772e+16 5.68668499300496e+17 9.67989642567781e+14 0.00000000000000e+00 0.00000000000000e+00 0.00000000000000e+00 0.00000000000000e+00 0.00000000000000e+00 0.00000000000000e+00 0.00000000000000e+00 
8.94320687540139e-05 4.59216557644021e+02 4.05459622943237e+02 1.00502152386780e+23 2.40822175527095e+19 6.45356701358846e+18 2.56872774269109e+18 6.76264475120329e+13 1.57200191775157e+19 4.61289624548567e+15 1.58740300609440e+07 7.16760887386335e+16 6.51643656992447e+17 1.25581798396322e+15 0.00000000000000e+00 0.00000000000000e+00 0.00000000000000e+00 0.00000000000000e+00 0.00000000000000e+00 0.00000000000000e+00 0.00000000000000e+00 
1.00504503600827e-04 4.58974908711631e+02 4.05296455913535e+02 1.00497012165992e+23 2.72465462830860e+19 7.25892370944036e+18 2.64878615612773e+18 7.40631804092164e+13 1.76594619125737e+19 4.62433997895685e+15 1.73153106554607e+07 6.97135244704593e+16 7.32470090896410e+17 1.57918696940806e+15 0.00000000000000e+00 0.00000000000000e+00 0.00000000000000e+00 0.00000000000000e+00 0.00000000000000e+00 0.00000000000000e+00 0.00000000000000e+00 
1.11576938447640e-04 4.58736130839725e+02 4.05135660511495e+02 1.00491882486040e+23 3.04244329322226e+19 8.06260661017796e+18 2.71001959140748e+18 8.02380341974220e+13 1.95976616899708e+19 4.63572523626100e+15 1.87556530065191e+07 6.78510611140637e+16 8.11242904907813e+17 1.93733392078526e+15 0.00000000000000e+00 0.00000000000000e+00 0.00000000000000e+00 0.00000000000000e+00 0.00000000000000e+00 0.00000000000000e+00 0.00000000000000e+00 
1.22649373294453e-04 4.58499744513597e+02 4.04976817933632e+02 1.00486762676748e+23 3.36124928362769e+19 8.86423713883943e+18 2.75670214950551e+18 8.61785791718656e+13 2.15346981303729e+19 4.64703227199712e+15 2.01950809969600e+07 6.60827873972387e+16 8.88044545857499e+17 2.32944275075863e+15 0.00000000000000e+00 0.00000000000000e+00 0.00000000000000e+00 0.00000000000000e+00 0.00000000000000e+00 0.00000000000000e+00 0.00000000000000e+00 
1.42416970883662e-04 4.58082615562241e+02 4.04819607900102e+02 1.00477645249482e+23 3.93220069022001e+19 1.02894587568478e+19 2.81325124123470e+18 9.62737959694839e+13 2.49902195295545e+19 4.66698911304813e+15 2.27625919181341e+07 6.31523010472852e+16 1.02048083176251e+18 3.11112983203698e+15 0.00000000000000e+00 0.00000000000000e+00 0.00000000000000e+00 0.00000000000000e+00 0.00000000000000e+00 0.00000000000000e+00 0.00000000000000e+00 
1.62184568472871e-04 4.57670425178923e+02 4.04542295233750e+02 1.00468555157571e+23 4.50450982949539e+19 1.17060482587249e+19 2.84728059064131e+18 1.05813405422397e+14 2.84426478584392e+19 4.68668019684304e+15 2.53272056089395e+07 6.04835783923183e+16 1.14725395611261e+18 3.99299164673701e+15 0.00000000000000e+00 0.00000000000000e+00 0.00000000000000e+00 0.00000000000000e+00 0.00000000000000e+00 0.00000000000000e+00 0.00000000000000e+00 
1.81952166062080e-04 4.57262188949974e+02 4.04268393115797e+02 1.00459490641396e+23 5.07749165252481e+19 1.31132620300457e+19 2.86749284067897e+18 1.14888846659607e+14 3.18923165309823e+19 4.70615124655944e+15 2.78889666245291e+07 5.80399211580966e+16 1.26870465887750e+18 4.96935829629336e+15 0.00000000000000e+00 0.00000000000000e+00 0.00000000000000e+00 0.00000000000000e+00 0.00000000000000e+00 0.00000000000000e+00 0.00000000000000e+00 
2.01719763651289e-04 4.56857329893995e+02 4.03997243634409e+02 1.00450450457257e+23 5.65074977358894e+19 1.45106935503741e+19 2.87894321612037e+18 1.23571583965639e+14 3.53395191725342e+19 4.72556814550304e+15 3.04479848147165e+07 5.57932915209090e+16 1.38512292183753e+18 6.03418568343952e+15 0.00000000000000e+00 0.00000000000000e+00 0.00000000000000e+00 0.00000000000000e+00 0.00000000000000e+00 0.00000000000000e+00 0.00000000000000e+00 
2.21487361240498e-04 4.56455487765185e+02 4.03728460475172e+02 1.00441433670666e+23 6.22404216181105e+19 1.58981059222317e+19 2.88474529563628e+18 1.31919007055668e+14 3.87845138337305e+19 4.74465442584423e+15 3.30042974621131e+07 5.37182188974810e+16 1.49675636058391e+18 7.18112874166521e+15 0.00000000000000e+00 0.00000000000000e+00 0.00000000000000e+00 0.00000000000000e+00 0.00000000000000e+00 0.00000000000000e+00 0.00000000000000e+00 
2.53905895601493e-04 4.55802441263644e+02 4.03461801800552e+02 1.00426695113521e+23 7.16394125195096e+19 1.81514427117108e+19 2.88677935632656e+18 1.44997721949596e+14 4.44300467515217e+19 4.77568276578243e+15 3.71909623546857e+07 5.06362081423400e+16 1.67000931736113e+18 9.22240317530709e+15 0.00000000000000e+00 0.00000000000000e+00 0.00000000000000e+00 0.00000000000000e+00 0.00000000000000e+00 0.00000000000000e+00 0.00000000000000e+00 
2.86324429962488e-04 4.55156205812220e+02 4.03028705150614e+02 1.00412014842641e+23 8.10309823521874e+19 2.03772106483109e+19 2.88449515179571e+18 1.57468743497087e+14 5.00711656470667e+19 4.80657492407823e+15 4.13711647301269e+07 4.79153728178710e+16 1.83178837381864e+18 1.14369252446289e+16 0.00000000000000e+00 0.00000000000000e+00 0.00000000000000e+00 0.00000000000000e+00 0.00000000000000e+00 0.00000000000000e+00 0.00000000000000e+00 
3.18742964323483e-04 4.54516445487490e+02 4.02600441852749e+02 1.00397390855895e+23 9.04132583791660e+19 2.25754319301396e+19 2.88040831474288e+18 1.69453633497545e+14 5.57086258086106e+19 4.83732551955615e+15 4.55448312863559e+07 4.54787071780885e+16 1.98278910736399e+18 1.37943025242085e+16 0.00000000000000e+00 0.00000000000000e+00 0.00000000000000e+00 0.00000000000000e+00 0.00000000000000e+00 0.00000000000000e+00 0.00000000000000e+00 
3.51161498684478e-04 4.53883008858325e+02 4.02176780383085e+02 1.00382821619940e+23 9.97856533115612e+19 2.47462892389195e+19 2.87538212743299e+18 1.81039450376401e+14 6.13430527826050e+19 4.86795509707922e+15 4.97124538940130e+07 4.32770856328281e+16 2.12356614827055e+18 1.62641443566741e+16 0.00000000000000e+00 0.00000000000000e+00 0.00000000000000e+00 0.00000000000000e+00 0.00000000000000e+00 0.00000000000000e+00 0.00000000000000e+00 
3.83580033045473e-04 4.53255797825185e+02 4.01757611939001e+02 1.00368305791328e+23 1.09147947431012e+20 2.68900238264869e+19 2.86980164305933e+18 1.92295870356058e+14 6.69749909070577e+19 4.89848432222816e+15 5.38744019221951e+07 4.12914341974334e+16 2.25459865166529e+18 1.88167288156849e+16 0.00000000000000e+00 0.00000000000000e+00 0.00000000000000e+00 0.00000000000000e+00 0.00000000000000e+00 0.00000000000000e+00 0.00000000000000e+00 
4.36324030330143e-04 4.52248432129621e+02 4.01342863306362e+02 1.00344800090903e+23 1.24358194023294e+20 3.03205439550436e+19 2.86019588540572e+18 2.10034187586233e+14 7.61337719765198e+19 4.94794335815171e+15 6.06339452463625e+07 3.84372839843636e+16 2.44803003647172e+18 2.30743673765350e+16 0.00000000000000e+00 0.00000000000000e+00 0.00000000000000e+00 0.00000000000000e+00 0.00000000000000e+00 0.00000000000000e+00 0.00000000000000e+00 
4.89068027614813e-04 4.51257007951250e+02 4.00677360966162e+02 1.00321427985698e+23 1.39541055240183e+20 3.36812053956177e+19 2.85050617076635e+18 2.27215111856415e+14 8.52887142393397e+19 4.99720291846326e+15 6.73798133619810e+07 3.59638398600795e+16 2.61840438784024e+18 2.73640437946513e+16 0.00000000000000e+00 0.00000000000000e+00 0.00000000000000e+00 0.00000000000000e+00 0.00000000000000e+00 0.00000000000000e+00 0.00000000000000e+00 
5.41812024899483e-04 4.50281270013523e+02 4.00023147062225e+02 1.00298185349254e+23 1.54696613949162e+20 3.69733760303295e+19 2.84089612460493e+18 2.43962050472844e+14 9.44409981270860e+19 5.04627566789735e+15 7.41127809058638e+07 3.37988849449292e+16 2.76712457679869e+18 3.15881190587825e+16 0.00000000000000e+00 0.00000000000000e+00 0.00000000000000e+00 0.00000000000000e+00 0.00000000000000e+00 0.00000000000000e+00 0.00000000000000e+00 
5.94556022184152e-04 4.49320985739557e+02 3.99380020037812e+02 1.00275068384130e+23 1.69825077021779e+20 4.01985250457908e+19 2.83133205204467e+18 2.60359280110906e+14 1.03591445842480e+20 5.09516213150320e+15 8.08334612418432e+07 3.18912187844783e+16 2.89544987480737e+18 3.56669833498889e+16 0.00000000000000e+00 0.00000000000000e+00 0.00000000000000e+00 0.00000000000000e+00 0.00000000000000e+00 0.00000000000000e+00 0.00000000000000e+00 
6.47300019468822e-04 4.48375921793791e+02 3.98747794356595e+02 1.00252073463617e+23 1.84926621578084e+20 4.33581913119779e+19 2.82179592959861e+18 2.76467407928347e+14 1.12740592190844e+20 5.14386252407956e+15 8.75423001839480e+07 3.01975006857194e+16 3.00456300310805e+18 3.95398813743315e+16 0.00000000000000e+00 0.00000000000000e+00 0.00000000000000e+00 0.00000000000000e+00 0.00000000000000e+00 0.00000000000000e+00 0.00000000000000e+00 
7.41555861182604e-04 4.46724213550357e+02 3.98126284986327e+02 1.00211273549163e+23 2.11847126195681e+20 4.88466659880342e+19 2.80488769094548e+18 3.04660320866190e+14 1.29087894225717e+20 5.23043821764796e+15 9.95025527401221e+07 2.75929868001065e+16 3.15521392474245e+18 4.58377319591466e+16 0.00000000000000e+00 0.00000000000000e+00 0.00000000000000e+00 0.00000000000000e+00 0.00000000000000e+00 0.00000000000000e+00 0.00000000000000e+00 
8.35811702896386e-04 4.45119033646258e+02 3.97041724636181e+02 1.00170832636955e+23 2.38682899517981e+20 5.41405896979048e+19 2.78817132378469e+18 3.32258343769432e+14 1.45432088572475e+20 5.31643801694592e+15 1.11426980739769e+08 2.54218405343793e+16 3.25438353292540e+18 5.12343534666242e+16 0.00000000000000e+00 0.00000000000000e+00 0.00000000000000e+00 0.00000000000000e+00 0.00000000000000e+00 0.00000000000000e+00 0.00000000000000e+00 
9.30067544610168e-04 4.43559082221565e+02 3.95989756435819e+02 1.00130731653574e+23 2.65434738395789e+20 5.92496742073041e+19 2.77165167815296e+18 3.59383326428044e+14 1.61772015645420e+20 5.40186155866076e+15 1.23315651418291e+08 2.35796717286710e+16 3.30819352826106e+18 5.57359251076008e+16 0.00000000000000e+00 0.00000000000000e+00 0.00000000000000e+00 0.00000000000000e+00 0.00000000000000e+00 0.00000000000000e+00 0.00000000000000e+00 
1.02432338632395e-03 4.42043089044134e+02 3.94969368229755e+02 1.00090952079637e+23 2.92103420743732e+20 6.41837319358511e+19 2.75531758128000e+18 3.86110465529621e+14 1.78105396457614e+20 5.48670187914485e+15 1.35168052513595e+08 2.19966581648394e+16 3.32262129132163e+18 5.94414360682666e+16 0.00000000000000e+00 0.00000000000000e+00 0.00000000000000e+00 0.00000000000000e+00 0.00000000000000e+00 0.00000000000000e+00 0.00000000000000e+00 
1.11857922803773e-03 4.40569814934471e+02 3.93979576471714e+02 1.00051476018174e+23 3.18689683536983e+20 6.89524582281446e+19 2.73916505775403e+18 4.12490945801705e+14 1.94429305643436e+20 5.57095085181073e+15 1.46983221038104e+08 2.06235952857705e+16 3.30349733540071e+18 6.24909481772199e+16 0.00000000000000e+00 0.00000000000000e+00 0.00000000000000e+00 0.00000000000000e+00 0.00000000000000e+00 0.00000000000000e+00 0.00000000000000e+00 
1.26085130959646e-03 4.38424279234078e+02 3.93019426732852e+02 9.99924274422884e+22 3.58665032733016e+20 7.58579311017702e+19 2.71513399273968e+18 4.51731659193588e+14 2.19043834900135e+20 5.69698209294610e+15 1.64744192344128e+08 1.88684954427914e+16 3.22335670478620e+18 6.61619431343836e+16 0.00000000000000e+00 0.00000000000000e+00 0.00000000000000e+00 0.00000000000000e+00 0.00000000000000e+00 0.00000000000000e+00 0.00000000000000e+00 
1.40312339115518e-03 4.36369359006187e+02 3.91624263889360e+02 9.99339776915998e+22 3.98456260460815e+20 8.24382872041469e+19 2.69152579711134e+18 4.90361250415230e+14 2.43618183369926e+20 5.82162723791655e+15 1.82413530975763e+08 1.73980014156178e+16 3.09727147751440e+18 6.90705797104197e+16 0.00000000000000e+00 0.00000000000000e+00 0.00000000000000e+00 0.00000000000000e+00 0.00000000000000e+00 0.00000000000000e+00 0.00000000000000e+00 
1.54539547271390e-03 4.34401267988288e+02 3.90291505579949e+02 9.98760787206877e+22 4.38065215186736e+20 8.87210467788911e+19 2.66834005079404e+18 5.28444062773597e+14 2.68141755037452e+20 5.94487033253526e+15 1.99987681619204e+08 1.61533691675677e+16 2.94094659020904e+18 7.15148907213102e+16 0.00000000000000e+00 0.00000000000000e+00 0.00000000000000e+00 0.00000000000000e+00 0.00000000000000e+00 0.00000000000000e+00 0.00000000000000e+00 
1.68766755427263e-03 4.32516428131876e+02 3.89018280902583e+02 9.98186892433445e+22 4.77493493054846e+20 9.47304269379460e+19 2.64557413352104e+18 5.66022531748254e+14 2.92605353058014e+20 6.06670442434897e+15 2.17463939260494e+08 1.50878564149964e+16 2.76759801944314e+18 7.36771172676152e+16 0.00000000000000e+00 0.00000000000000e+00 0.00000000000000e+00 0.00000000000000e+00 0.00000000000000e+00 0.00000000000000e+00 0.00000000000000e+00 
1.82993963583135e-03 4.30711459420996e+02 3.87801889765199e+02 9.97617746584115e+22 5.16742486456923e+20 1.00487294033511e+20 2.62322439005507e+18 6.03127513777976e+14 3.17001602093538e+20 6.18713285304779e+15 2.34840826902528e+08 1.41629577607237e+16 2.58782895517840e+18 7.56560422672252e+16 0.00000000000000e+00 0.00000000000000e+00 0.00000000000000e+00 0.00000000000000e+00 0.00000000000000e+00 0.00000000000000e+00 0.00000000000000e+00 
2.03617595348828e-03 4.28230372021248e+02 3.86639793221671e+02 9.96800598634711e+22 5.73321612455650e+20 1.08418742678324e+20 2.59155371036258e+18 6.56122284575052e+14 3.52236367373667e+20 6.35923992178607e+15 2.59854058937992e+08 1.30210281028856e+16 2.33115032663748e+18 7.82948393049243e+16 0.00000000000000e+00 0.00000000000000e+00 0.00000000000000e+00 0.00000000000000e+00 0.00000000000000e+00 0.00000000000000e+00 0.00000000000000e+00 
2.24241227114520e-03 4.25901333701087e+02 3.85046815789103e+02 9.95992171171372e+22 6.29529900290869e+20 1.15900280255243e+20 2.56072404528868e+18 7.08235558830993e+14 3.87308145894668e+20 6.52849100149996e+15 2.84661846401549e+08 1.20643237649863e+16 2.09416499978178e+18 8.07487925881586e+16 0.00000000000000e+00 0.00000000000000e+00 0.00000000000000e+00 0.00000000000000e+00 0.00000000000000e+00 0.00000000000000e+00 0.00000000000000e+00 
2.44864858880213e-03 4.23715888783664e+02 3.83556164867307e+02 9.95191980229222e+22 6.85370224599278e+20 1.22966249385421e+20 2.53070821330474e+18 7.59516242491952e+14 4.22212809463676e+20 6.69498063018015e+15 3.09271554690456e+08 1.12492602380606e+16 1.88569616281070e+18 8.30561828955847e+16 0.00000000000000e+00 0.00000000000000e+00 0.00000000000000e+00 0.00000000000000e+00 0.00000000000000e+00 0.00000000000000e+00 0.00000000000000e+00 
2.65488490645906e-03 4.21666196269727e+02 3.82161598635450e+02 9.94399692662168e+22 7.40845057006774e+20 1.29643204838416e+20 2.50147589341772e+18 8.10004671035108e+14 4.56951095509882e+20 6.85882100753910e+15 3.33693491491644e+08 1.05466760283852e+16 1.70836972196361e+18 8.52339738076634e+16 0.00000000000000e+00 0.00000000000000e+00 0.00000000000000e+00 0.00000000000000e+00 0.00000000000000e+00 0.00000000000000e+00 0.00000000000000e+00 
2.86112122411599e-03 4.19744929076598e+02 3.80857368419450e+02 9.93615070129350e+22 7.95956542019669e+20 1.35952743342296e+20 2.47299572597462e+18 8.59736346880434e+14 4.91526572864713e+20 7.02013178775650e+15 3.57939372368210e+08 9.93544569387837e+15 1.56107200614282e+18 8.72960115911264e+16 0.00000000000000e+00 0.00000000000000e+00 0.00000000000000e+00 0.00000000000000e+00 0.00000000000000e+00 0.00000000000000e+00 0.00000000000000e+00 
3.11293939457416e-03 4.17563219887710e+02 3.79638143011636e+02 9.92667164753269e+22 8.62758616761151e+20 1.43185410317858e+20 2.43919586429205e+18 9.19480083541507e+14 5.33530201310624e+20 7.21383931676921e+15 3.87322780113867e+08 9.28808990207507e+15 1.41732713764331e+18 8.96732867467537e+16 0.00000000000000e+00 0.00000000000000e+00 0.00000000000000e+00 0.00000000000000e+00 0.00000000000000e+00 0.00000000000000e+00 0.00000000000000e+00 
3.36475756503234e-03 4.15550984134723e+02 3.78257529858479e+02 9.91730134668139e+22 9.29024661704771e+20 1.49928829028974e+20 2.40641763865217e+18 9.78198011704291e+14 5.75307499706716e+20 7.40416225021170e+15 4.16482419624138e+08 8.72946272965392e+15 1.30695887085960e+18 9.19077668114172e+16 0.00000000000000e+00 0.00000000000000e+00 0.00000000000000e+00 0.00000000000000e+00 0.00000000000000e+00 0.00000000000000e+00 0.00000000000000e+00 
3.61657573549052e-03 4.13697247164221e+02 3.76987854620743e+02 9.90803732186432e+22 9.94757154155836e+20 1.56211558336760e+20 2.37461111103072e+18 1.03593972127432e+15 6.16867100304056e+20 7.59129478788920e+15 4.45437456536243e+08 8.24325644784032e+15 1.22294271728698e+18 9.40068776952563e+16 0.00000000000000e+00 0.00000000000000e+00 0.00000000000000e+00 0.00000000000000e+00 0.00000000000000e+00 0.00000000000000e+00 0.00000000000000e+00 
3.86839390594869e-03 4.11991774435961e+02 3.75821347573515e+02 9.89887722120294e+22 1.05995818347441e+21 1.62060875304915e+20 2.34373030330040e+18 1.09275050679779e+15 6.58216208141747e+20 7.77541415763963e+15 4.74204788745284e+08 7.81279283309512e+15 1.15900845121300e+18 9.59768619782157e+16 0.00000000000000e+00 0.00000000000000e+00 0.00000000000000e+00 0.00000000000000e+00 0.00000000000000e+00 0.00000000000000e+00 0.00000000000000e+00 
4.12021207640687e-03 4.10424997288348e+02 3.74750832102145e+02 9.88981868874870e+22 1.12462953746321e+21 1.67503312129430e+20 2.31373324786052e+18 1.14867268291043e+15 6.99360356255554e+20 7.95667968840644e+15 5.02799029518791e+08 7.43091030759252e+15 1.11016320628120e+18 9.78228495574036e+16 0.00000000000000e+00 0.00000000000000e+00 0.00000000000000e+00 0.00000000000000e+00 0.00000000000000e+00 0.00000000000000e+00 0.00000000000000e+00 
4.47621187146816e-03 4.08429555928143e+02 3.73769661749049e+02 9.87718120388502e+22 1.21515576459363e+21 1.74552668909588e+20 2.27275957579225e+18 1.22628900778324e+15 7.57184224751094e+20 8.20834562883986e+15 5.42951690574455e+08 6.95921982254904e+15 1.05998134488438e+18 1.00229075168105e+17 0.00000000000000e+00 0.00000000000000e+00 0.00000000000000e+00 0.00000000000000e+00 0.00000000000000e+00 0.00000000000000e+00 0.00000000000000e+00 
4.83221166652944e-03 4.06670177217894e+02 3.72523232429277e+02 9.86473545369614e+22 1.30463018334041e+21 1.80909333011272e+20 2.23337592218385e+18 1.30230755085946e+15 8.14614187613689e+20 8.45495570080861e+15 5.82812588223696e+08 6.55171808227078e+15 1.02502071099118e+18 1.02406835615848e+17 0.00000000000000e+00 0.00000000000000e+00 0.00000000000000e+00 0.00000000000000e+00 0.00000000000000e+00 0.00000000000000e+00 0.00000000000000e+00 
5.18821146159072e-03 4.05125569223649e+02 3.71427227880230e+02 9.85247513168865e+22 1.39305598268184e+21 1.86638205368371e+20 2.19549284203506e+18 1.37681953410996e+15 8.71654729685712e+20 8.69682614007086e+15 6.22405390635212e+08 6.19598740497788e+15 1.00048968414025e+18 1.04366421332199e+17 0.00000000000000e+00 0.00000000000000e+00 0.00000000000000e+00 0.00000000000000e+00 0.00000000000000e+00 0.00000000000000e+00 0.00000000000000e+00 
5.54421125665201e-03 4.03776459725146e+02 3.70467312830793e+02 9.84039432625911e+22 1.48043591833635e+21 1.91798969401840e+20 2.15902866432299e+18 1.44990674337053e+15 9.28308081617629e+20 8.93423566624653e+15 6.61749241630324e+08 5.88304019319485e+15 9.83476345306981e+17 1.06118093733328e+17 0.00000000000000e+00 0.00000000000000e+00 0.00000000000000e+00 0.00000000000000e+00 0.00000000000000e+00 0.00000000000000e+00 0.00000000000000e+00 
5.90021105171329e-03 4.02605356182543e+02 3.69630646488877e+02 9.82848759568250e+22 1.56677247121985e+21 1.96445997165611e+20 2.12390812831849e+18 1.52164289174058e+15 9.84575263288963e+20 9.16743258350640e+15 7.00859819838531e+08 5.60549413902951e+15 9.72058984818062e+17 1.07672292372860e+17 0.00000000000000e+00 0.00000000000000e+00 0.00000000000000e+00 0.00000000000000e+00 0.00000000000000e+00 0.00000000000000e+00 0.00000000000000e+00 
6.42803738537412e-03 4.01163527879260e+02 3.68905688642418e+02 9.81114402003954e+22 1.69286469476428e+21 2.02492960420353e+20 2.07416197200019e+18 1.62565659642531e+15 1.06728997501645e+21 9.50590209490796e+15 7.58445390087587e+08 5.24606865925731e+15 9.62674093832609e+17 1.09634774423132e+17 0.00000000000000e+00 0.00000000000000e+00 0.00000000000000e+00 0.00000000000000e+00 0.00000000000000e+00 0.00000000000000e+00 0.00000000000000e+00 
6.95586371903494e-03 4.00032171381008e+02 3.68014789923764e+02 9.79415780825275e+22 1.81667566402719e+21 2.07660440481543e+20 2.02701003605328e+18 1.72704049548974e+15 1.14915580707207e+21 9.83623332663230e+15 8.15578860679937e+08 4.93948169570919e+15 9.59613126382141e+17 1.11223205538282e+17 0.00000000000000e+00 0.00000000000000e+00 0.00000000000000e+00 0.00000000000000e+00 0.00000000000000e+00 0.00000000000000e+00 0.00000000000000e+00 
7.48369005269576e-03 3.99170940166120e+02 3.67316947693940e+02 9.77751627081484e+22 1.93821281352347e+21 2.12071704357928e+20 1.98226543606636e+18 1.82596400289610e+15 1.23017085912404e+21 1.01589768117986e+16 8.72283794228928e+08 4.67274168311294e+15 9.61066658258782e+17 1.12471443799552e+17 0.00000000000000e+00 0.00000000000000e+00 0.00000000000000e+00 0.00000000000000e+00 0.00000000000000e+00 0.00000000000000e+00 0.00000000000000e+00 
8.01151638635659e-03 3.98545000114641e+02 3.66786360407132e+02 9.76120843865512e+22 2.05748399735916e+21 2.15831706173164e+20 1.93975912670029e+18 1.92257515144017e+15 1.31033258367119e+21 1.04746079636042e+16 9.28576888444888e+08 4.43875154837446e+15 9.65885701163578e+17 1.13414101202334e+17 0.00000000000000e+00 0.00000000000000e+00 0.00000000000000e+00 0.00000000000000e+00 0.00000000000000e+00 0.00000000000000e+00 0.00000000000000e+00 
8.53934272001741e-03 3.98124082653025e+02 3.66400967827184e+02 9.74522474815969e+22 2.17449775930595e+21 2.19030192222126e+20 1.89933746711585e+18 2.01700224289127e+15 1.38963838914288e+21 1.07835426219065e+16 9.84469445389357e+08 4.23239048611983e+15 9.73234710145014e+17 1.14085204492796e+17 0.00000000000000e+00 0.00000000000000e+00 0.00000000000000e+00 0.00000000000000e+00 0.00000000000000e+00 0.00000000000000e+00 0.00000000000000e+00 
9.49902372874249e-03 3.97802987798660e+02 3.66141767314350e+02 9.71696803459449e+22 2.38149770071654e+21 2.23642243248328e+20 1.83073643389082e+18 2.18344012262486e+15 1.53162964353813e+21 1.13292585265223e+16 1.08508971259702e+09 3.91258094537041e+15 9.91172024015156e+17 1.14706330545782e+17 0.00000000000000e+00 0.00000000000000e+00 0.00000000000000e+00 0.00000000000000e+00 0.00000000000000e+00 0.00000000000000e+00 0.00000000000000e+00 
1.04587047374676e-02 3.97942139970209e+02 3.65943332268160e+02 9.68971242694158e+22 2.58113171974689e+21 2.27024152008601e+20 1.76782961006461e+18 2.34359849085389e+15 1.67077027597567e+21 1.18558579168542e+16 1.18442063415701e+09 3.64818129853719e+15 1.01280445068573e+18 1.14705960782269e+17 0.00000000000000e+00 0.00000000000000e+00 0.00000000000000e+00 0.00000000000000e+00 0.00000000000000e+00 0.00000000000000e+00 0.00000000000000e+00 
1.14183857461927e-02 3.98436841910774e+02 3.66027279850885e+02 9.66342219669228e+22 2.77347637680437e+21 2.29464355177234e+20 1.70998317073848e+18 2.49793891981269e+15 1.80705025407448e+21 1.23648294991919e+16 1.28244883186406e+09 3.42690767926561e+15 1.03661244300748e+18 1.14232279682919e+17 0.00000000000000e+00 0.00000000000000e+00 0.00000000000000e+00 0.00000000000000e+00 0.00000000000000e+00 0.00000000000000e+00 0.00000000000000e+00 
1.23780667549177e-02 3.99206777998044e+02 3.66329489118065e+02 9.63806778035104e+22 2.95862109999796e+21 2.31173984423549e+20 1.65665907114107e+18 2.64683064616926e+15 1.94046333351947e+21 1.28573606085494e+16 1.37914303460641e+09 3.23813709537120e+15 1.06163838793098e+18 1.13402720832799e+17 0.00000000000000e+00 0.00000000000000e+00 0.00000000000000e+00 0.00000000000000e+00 0.00000000000000e+00 0.00000000000000e+00 0.00000000000000e+00 
1.33377477636428e-02 4.00189182629173e+02 3.66801078153459e+02 9.61362347734467e+22 3.13666576002551e+21 2.32312903202951e+20 1.60737277840204e+18 2.79058458886114e+15 2.07100689688995e+21 1.33345548116726e+16 1.47448598947081e+09 3.07471740157930e+15 1.08716225145194e+18 1.12315673150874e+17 0.00000000000000e+00 0.00000000000000e+00 0.00000000000000e+00 0.00000000000000e+00 0.00000000000000e+00 0.00000000000000e+00 0.00000000000000e+00 
1.47385406442972e-02 4.01907196687775e+02 3.67404000635545e+02 9.57953006288168e+22 3.38403641365484e+21 2.33188209074998e+20 1.54187308811926e+18 2.99171598893006e+15 2.25640722518142e+21 1.40051675396973e+16 1.61112653936934e+09 2.87283628027881e+15 1.12444865058856e+18 1.10419389547054e+17 0.00000000000000e+00 0.00000000000000e+00 0.00000000000000e+00 0.00000000000000e+00 0.00000000000000e+00 0.00000000000000e+00 0.00000000000000e+00 
1.61393335249516e-02 4.03854902927722e+02 3.68460958589863e+02 9.54725983105274e+22 3.61689720339717e+21 2.33382692396474e+20 1.48307438370602e+18 3.18311307301219e+15 2.43571471460316e+21 1.46469210125329e+16 1.74465790694905e+09 2.70622002286544e+15 1.16100635628744e+18 1.08308518701183e+17 0.00000000000000e+00 0.00000000000000e+00 0.00000000000000e+00 0.00000000000000e+00 0.00000000000000e+00 0.00000000000000e+00 0.00000000000000e+00 
1.75401264056059e-02 4.05947137944925e+02 3.69662827127426e+02 9.51675072370058e+22 3.83566424758842e+21 2.33086054638657e+20 1.43007279697036e+18 3.36533527400861e+15 2.60896185960789e+21 1.52616113102564e+16 1.87495896564498e+09 2.56432583637660e+15 1.19631012856130e+18 1.06123115386314e+17 0.00000000000000e+00 0.00000000000000e+00 0.00000000000000e+00 0.00000000000000e+00 0.00000000000000e+00 0.00000000000000e+00 0.00000000000000e+00 
1.89409192862603e-02 4.08124765408472e+02 3.70957943387737e+02 9.48794312105256e+22 4.04078594135865e+21 2.32423518554154e+20 1.38215501046575e+18 3.53886392953494e+15 2.77619584350121e+21 1.58506228797987e+16 2.00192839503890e+09 2.44254096315886e+15 1.23009363309500e+18 1.03931273050752e+17 0.00000000000000e+00 0.00000000000000e+00 0.00000000000000e+00 0.00000000000000e+00 0.00000000000000e+00 0.00000000000000e+00 0.00000000000000e+00 
2.03417121669147e-02 4.10345324370013e+02 3.72310273450731e+02 9.46077790291130e+22 4.23273503623505e+21 2.31483830358745e+20 1.33868631129888e+18 3.70410731576669e+15 2.93747742426921e+21 1.64152158891345e+16 2.12547513338861e+09 2.33762141599972e+15 1.26227581145951e+18 1.01787739732271e+17 0.00000000000000e+00 0.00000000000000e+00 0.00000000000000e+00 0.00000000000000e+00 0.00000000000000e+00 0.00000000000000e+00 0.00000000000000e+00 
2.27462621949918e-02 4.14175671132559e+02 3.73693756254276e+02 9.41780432423454e+22 4.53294656660859e+21 2.29403874010540e+20 1.27295388223963e+18 3.96948735671602e+15 3.20067225465519e+21 1.73305838967377e+16 2.32941631736118e+09 2.18680968010302e+15 1.31367352211689e+18 9.83115764803574e+16 0.00000000000000e+00 0.00000000000000e+00 0.00000000000000e+00 0.00000000000000e+00 0.00000000000000e+00 0.00000000000000e+00 0.00000000000000e+00 
2.51508122230690e-02 4.17933348509260e+02 3.76090666893758e+02 9.37919260549210e+22 4.79835555964024e+21 2.26944869995683e+20 1.21666842886010e+18 4.21326907856306e+15 3.44698771733951e+21 1.81815075418085e+16 2.52282366453892e+09 2.06411974147721e+15 1.36024574377610e+18 9.51691000545626e+16 0.00000000000000e+00 0.00000000000000e+00 0.00000000000000e+00 0.00000000000000e+00 0.00000000000000e+00 0.00000000000000e+00 0.00000000000000e+00 
2.75553622511461e-02 4.21553946035690e+02 3.78454755708768e+02 9.34463939475838e+22 5.03158655366657e+21 2.24257852994255e+20 1.16821254048904e+18 4.43692414396979e+15 3.67694186309388e+21 1.89716290753083e+16 2.70557620482681e+09 1.96414988269966e+15 1.40236053866026e+18 9.23506995279019e+16 0.00000000000000e+00 0.00000000000000e+00 0.00000000000000e+00 0.00000000000000e+00 0.00000000000000e+00 0.00000000000000e+00 0.00000000000000e+00 
2.99599122792233e-02 4.25003595524394e+02 3.80744239009277e+02 9.31384157101123e+22 5.23527923600117e+21 2.21441701109043e+20 1.12622793792293e+18 4.64186353944536e+15 3.89112155411556e+21 1.97044007188378e+16 2.87767857130647e+09 1.87929148945657e+15 1.44034256236831e+18 8.99134873578448e+16 0.00000000000000e+00 0.00000000000000e+00 0.00000000000000e+00 0.00000000000000e+00 0.00000000000000e+00 0.00000000000000e+00 0.00000000000000e+00 
3.23644623073004e-02 4.28263471962450e+02 3.82936073114663e+02 9.28649953117790e+22 5.41203600977577e+21 2.18570891780707e+20 1.08969444244878e+18 4.82939258829274e+15 4.09016615371354e+21 2.03828107973056e+16 3.03923723271431e+09 1.80792018832346e+15 1.47460716368467e+18 8.77665759689282e+16 0.00000000000000e+00 0.00000000000000e+00 0.00000000000000e+00 0.00000000000000e+00 0.00000000000000e+00 0.00000000000000e+00 0.00000000000000e+00 
3.57134559500053e-02 4.32469786381768e+02 3.85016558364263e+02 9.25353159335547e+22 5.61890413636863e+21 2.14596622194606e+20 1.04632555014427e+18 5.06424540500417e+15 4.34370348163143e+21 2.12434487332074e+16 3.24723994558704e+09 1.72502288854447e+15 1.51684590697505e+18 8.52627843195636e+16 0.00000000000000e+00 0.00000000000000e+00 0.00000000000000e+00 0.00000000000000e+00 0.00000000000000e+00 0.00000000000000e+00 0.00000000000000e+00 
3.90624495927102e-02 4.36283297761902e+02 3.87714108230318e+02 9.22594422308997e+22 5.78490397987835e+21 2.10728806877213e+20 1.01017307758223e+18 5.27081218021049e+15 4.57115403091327e+21 2.20117052968379e+16 3.43592997798058e+09 1.65718865807314e+15 1.55352011149157e+18 8.32522571238309e+16 0.00000000000000e+00 0.00000000000000e+00 0.00000000000000e+00 0.00000000000000e+00 0.00000000000000e+00 0.00000000000000e+00 0.00000000000000e+00 
4.24114432354150e-02 4.39708812896440e+02 3.90172245259398e+02 9.20305494743299e+22 5.91584203676118e+21 2.07040522810673e+20 9.79874063945836e+17 5.45191565103256e+15 4.77440845293322e+21 2.26944672825024e+16 3.60617377545687e+09 1.60095520698523e+15 1.58549661329937e+18 8.16606811738024e+16 0.00000000000000e+00 0.00000000000000e+00 0.00000000000000e+00 0.00000000000000e+00 0.00000000000000e+00 0.00000000000000e+00 0.00000000000000e+00 
4.57604368781199e-02 4.42761378765645e+02 3.92390249387267e+02 9.18421799984633e+22 6.01716089833800e+21 2.03578863435490e+20 9.54375672138367e+17 5.61023252821083e+15 4.95540278127361e+21 2.32986675689353e+16 3.75901895929235e+09 1.55388752120711e+15 1.61351482618300e+18 8.04231367808196e+16 0.00000000000000e+00 0.00000000000000e+00 0.00000000000000e+00 0.00000000000000e+00 0.00000000000000e+00 0.00000000000000e+00 0.00000000000000e+00 
5.05238981755918e-02 4.46501917842561e+02 3.94374597155576e+02 9.16333149257459e+22 6.11918351204815e+21 1.99093147199636e+20 9.24743441236916e+17 5.80073981005376e+15 5.17801852474101e+21 2.40353874491839e+16 3.94854906893751e+09 1.49898430998037e+15 1.64771184969946e+18 7.91623294424672e+16 0.00000000000000e+00 0.00000000000000e+00 0.00000000000000e+00 0.00000000000000e+00 0.00000000000000e+00 0.00000000000000e+00 0.00000000000000e+00 
5.52873594730637e-02 4.49605095568087e+02 3.96816072532910e+02 9.14800646729402e+22 6.18307367980360e+21 1.95145976392982e+20 9.01360913384642e+17 5.95645926076863e+15 5.36459474754972e+21 2.46454031631095e+16 4.10859643157052e+09 1.45542142279424e+15 1.67656749483247e+18 7.83653742118583e+16 0.00000000000000e+00 0.00000000000000e+00 0.00000000000000e+00 0.00000000000000e+00 0.00000000000000e+00 0.00000000000000e+00 0.00000000000000e+00 
6.00508207705355e-02 4.52156174522653e+02 3.98849687788927e+02 9.13695743733817e+22 6.21916482022950e+21 1.91721580901376e+20 8.82841891737804e+17 6.08314421586452e+15 5.52020566822587e+21 2.51473784003241e+16 4.24284039442742e+09 1.42086443729542e+15 1.70118513370385e+18 7.79163448687772e+16 0.00000000000000e+00 0.00000000000000e+00 0.00000000000000e+00 0.00000000000000e+00 0.00000000000000e+00 0.00000000000000e+00 0.00000000000000e+00 
6.48142820680074e-02 4.54238266152663e+02 4.00526945110304e+02 9.12916325637215e+22 6.23542799786471e+21 1.88783352999223e+20 8.68083396494232e+17 6.18572962562401e+15 5.64940560808513e+21 2.55582293243052e+16 4.35476269204917e+09 1.39300229210227e+15 1.72228960500733e+18 7.77148157428253e+16 0.00000000000000e+00 0.00000000000000e+00 0.00000000000000e+00 0.00000000000000e+00 0.00000000000000e+00 0.00000000000000e+00 0.00000000000000e+00 
6.95777433654793e-02 4.55926175220750e+02 4.01899453219626e+02 9.12382637857173e+22 6.23788262162661e+21 1.86285661377458e+20 8.56300767703122e+17 6.26846874364011e+15 5.75619813663114e+21 2.58926321178100e+16 4.44754071034844e+09 1.37018735059845e+15 1.74040372837957e+18 7.76844838512756e+16 0.00000000000000e+00 0.00000000000000e+00 0.00000000000000e+00 0.00000000000000e+00 0.00000000000000e+00 0.00000000000000e+00 0.00000000000000e+00 
7.80939219648101e-02 4.58154996734646e+02 4.03014459172082e+02 9.11863129246078e+22 6.22060105858924e+21 1.82756932818997e+20 8.40917683959395e+17 6.37731395410032e+15 5.90167051437499e+21 2.63374142770904e+16 4.57417987624747e+09 1.33995746193858e+15 1.76684888415607e+18 7.79265243409708e+16 0.00000000000000e+00 0.00000000000000e+00 0.00000000000000e+00 0.00000000000000e+00 0.00000000000000e+00 0.00000000000000e+00 0.00000000000000e+00 
8.66101005641408e-02 4.59638803865321e+02 4.04489942587206e+02 9.11677136355295e+22 6.19106510206195e+21 1.80199330718370e+20 8.30651001407149e+17 6.44988743187770e+15 6.00301468608670e+21 2.66377565153485e+16 4.66248947525870e+09 1.31903471088725e+15 1.78698292160279e+18 7.83366485856391e+16 0.00000000000000e+00 0.00000000000000e+00 0.00000000000000e+00 0.00000000000000e+00 0.00000000000000e+00 0.00000000000000e+00 0.00000000000000e+00 
9.51262791634716e-02 4.60615276203390e+02 4.05474176193666e+02 9.11661100461928e+22 6.15947959517993e+21 1.78371835075659e+20 8.23750818125998e+17 6.49793163977238e+15 6.07301430058688e+21 2.68386868380902e+16 4.72342161955996e+09 1.30454052998599e+15 1.80222739327203e+18 7.87878685051122e+16 0.00000000000000e+00 0.00000000000000e+00 0.00000000000000e+00 0.00000000000000e+00 0.00000000000000e+00 0.00000000000000e+00 0.00000000000000e+00 
1.03642457762802e-01 4.61250604231841e+02 4.06122709231663e+02 9.11724957773239e+22 6.13041013072881e+21 1.77078230947727e+20 8.19133882827144e+17 6.52946008016570e+15 6.12094249874071e+21 2.69717649620188e+16 4.76504217935851e+09 1.29446373782580e+15 1.81364551099561e+18 7.92112684787149e+16 0.00000000000000e+00 0.00000000000000e+00 0.00000000000000e+00 0.00000000000000e+00 0.00000000000000e+00 0.00000000000000e+00 0.00000000000000e+00 
1.12158636362133e-01 4.61657858870995e+02 4.06545001283600e+02 9.11820200004814e+22 6.10553369852747e+21 1.76169722805104e+20 8.16054132230244e+17 6.54990165202213e+15 6.15344345176672e+21 2.70588739387530e+16 4.79317137481526e+09 1.28755116094083e+15 1.82211482866745e+18 7.95818739157418e+16 0.00000000000000e+00 0.00000000000000e+00 0.00000000000000e+00 0.00000000000000e+00 0.00000000000000e+00 0.00000000000000e+00 0.00000000000000e+00 
1.26617390597010e-01 4.62018042814957e+02 4.06815821466599e+02 9.11993279477461e+22 6.07328707519512e+21 1.75229006739056e+20 8.13104583493908e+17 6.56845441801400e+15 6.18517831352701e+21 2.71390554168962e+16 4.82043799715982e+09 1.28052637146611e+15 1.83152667846157e+18 8.00738027899425e+16 0.00000000000000e+00 0.00000000000000e+00 0.00000000000000e+00 0.00000000000000e+00 0.00000000000000e+00 0.00000000000000e+00 0.00000000000000e+00 
1.41076144831888e-01 4.62175512834896e+02 4.07055391233353e+02 9.12124379142681e+22 6.05278035986245e+21 1.74732034681327e+20 8.11689818571239e+17 6.57690236988929e+15 6.20095169301232e+21 2.71762025952242e+16 4.83390368034555e+09 1.27694592577224e+15 1.83682360522227e+18 8.03906436565771e+16 0.00000000000000e+00 0.00000000000000e+00 0.00000000000000e+00 0.00000000000000e+00 0.00000000000000e+00 0.00000000000000e+00 0.00000000000000e+00 
1.55534899066765e-01 4.62248580433488e+02 4.07160127973078e+02 9.12208011175757e+22 6.04063507546549e+21 1.74467218382371e+20 8.10980121205466e+17 6.58094670517228e+15 6.20903747468834e+21 2.71942448160858e+16 4.84076758056622e+09 1.27507127641566e+15 1.83977036159784e+18 8.05799603879491e+16 0.00000000000000e+00 0.00000000000000e+00 0.00000000000000e+00 0.00000000000000e+00 0.00000000000000e+00 0.00000000000000e+00 0.00000000000000e+00 
1.69993653301643e-01 4.62281514580481e+02 4.07208720389267e+02 9.12259904362593e+22 6.03352844109216e+21 1.74326269239203e+20 8.10627168000027e+17 6.58283363531978e+15 6.21314946535550e+21 2.72028539302270e+16 4.84423574893931e+09 1.27409263164650e+15 1.84140342039085e+18 8.06913963902338e+16 0.00000000000000e+00 0.00000000000000e+00 0.00000000000000e+00 0.00000000000000e+00 0.00000000000000e+00 0.00000000000000e+00 0.00000000000000e+00 
1.84452407536520e-01 4.62292754622985e+02 4.07230616349897e+02 9.12293050841877e+22 6.02932259651963e+21 1.74254196749678e+20 8.10468849950653e+17 6.58356088712245e+15 6.21507344487937e+21 2.72063447169074e+16 4.84583614750344e+09 1.27360930834601e+15 1.84229384704577e+18 8.07579392144030e+16 0.00000000000000e+00 0.00000000000000e+00 0.00000000000000e+00 0.00000000000000e+00 0.00000000000000e+00 0.00000000000000e+00 0.00000000000000e+00 
2.12447955875011e-01 4.62288696140170e+02 4.07238080893173e+02 9.12322101685508e+22 6.02611006294519e+21 1.74215960423904e+20 8.10421394256827e+17 6.58353038659696e+15 6.21576308121843e+21 2.72065749356687e+16 4.84636636544753e+09 1.27337600349101e+15 1.84285210203174e+18 8.08095827996762e+16 0.00000000000000e+00 0.00000000000000e+00 0.00000000000000e+00 0.00000000000000e+00 0.00000000000000e+00 0.00000000000000e+00 0.00000000000000e+00 
2.40443504213502e-01 4.62285343194516e+02 4.07235363107984e+02 9.12332365834720e+22 6.02503851557984e+21 1.74205717683575e+20 8.10416399050415e+17 6.58343692495860e+15 6.21587328636654e+21 2.72062767106329e+16 4.84643665590851e+09 1.27331786042566e+15 1.84301992782998e+18 8.08270023840718e+16 0.00000000000000e+00 0.00000000000000e+00 0.00000000000000e+00 0.00000000000000e+00 0.00000000000000e+00 0.00000000000000e+00 0.00000000000000e+00 
2.68439052551992e-01 4.62287239798565e+02 4.07233125276492e+02 9.12336870041312e+22 6.02445347677352e+21 1.74195490685115e+20 8.10393111760616e+17 6.58355555689499e+15 6.21616261025826e+21 2.72068249052393e+16 4.84667849822811e+09 1.27324905560079e+15 1.84314804539432e+18 8.08362972753862e+16 0.00000000000000e+00 0.00000000000000e+00 0.00000000000000e+00 0.00000000000000e+00 0.00000000000000e+00 0.00000000000000e+00 0.00000000000000e+00 
2.96434600890483e-01 4.62288340591410e+02 4.07234385389888e+02 9.12338878429375e+22 6.02417882846348e+21 1.74193373633043e+20 8.10394213770217e+17 6.58360180405720e+15 6.21631421420448e+21 2.72070872825517e+16 4.84681953344594e+09 1.27324799393959e+15 1.84322543800299e+18 8.08411097111411e+16 0.00000000000000e+00 0.00000000000000e+00 0.00000000000000e+00 0.00000000000000e+00 0.00000000000000e+00 0.00000000000000e+00 0.00000000000000e+00 
3.24430149228974e-01 4.62287569970921e+02 4.07235117028439e+02 9.12339563849496e+22 6.02413051388158e+21 1.74190632167152e+20 8.10380782258563e+17 6.58357822853936e+15 6.21627929648138e+21 2.72069945908242e+16 4.84676995163537e+09 1.27320976602600e+15 1.84321575650267e+18 8.08417375266108e+16 0.00000000000000e+00 0.00000000000000e+00 0.00000000000000e+00 0.00000000000000e+00 0.00000000000000e+00 0.00000000000000e+00 0.00000000000000e+00 
4.14361692887617e-01 4.62286655845356e+02 4.07234603679138e+02 9.12339798132107e+22 6.02413393919922e+21 1.74192635356956e+20 8.10392391022278e+17 6.58353868711332e+15 6.21622159138479e+21 2.72068011846959e+16 4.84672268041503e+09 1.27323555971523e+15 1.84320548847514e+18 8.08415363682400e+16 0.00000000000000e+00 0.00000000000000e+00 0.00000000000000e+00 0.00000000000000e+00 0.00000000000000e+00 0.00000000000000e+00 0.00000000000000e+00 
5.04293236546260e-01 4.62286389350042e+02 4.07233994998916e+02 9.12339454786638e+22 6.02418366921154e+21 1.74192816929033e+20 8.10390482009223e+17 6.58353463328908e+15 6.21619050333052e+21 2.72067409518482e+16 4.84668792620677e+09 1.27323262672715e+15 1.84318581701231e+18 8.08404939977188e+16 0.00000000000000e+00 0.00000000000000e+00 0.00000000000000e+00 0.00000000000000e+00 0.00000000000000e+00 0.00000000000000e+00 0.00000000000000e+00 
5.94224780204904e-01 4.62286493574033e+02 4.07233817782710e+02 9.12339252442737e+22 6.02420249402131e+21 1.74193928134998e+20 8.10395731286500e+17 6.58352851523343e+15 6.21619107860376e+21 2.72067447560540e+16 4.84669707913916e+09 1.27324584498388e+15 1.84318959846411e+18 8.08403712924892e+16 0.00000000000000e+00 0.00000000000000e+00 0.00000000000000e+00 0.00000000000000e+00 0.00000000000000e+00 0.00000000000000e+00 0.00000000000000e+00 
6.84156323863547e-01 4.62286562090597e+02 4.07233887278740e+02 9.12339228798261e+22 6.02420374225445e+21 1.74193588425287e+20 8.10393758402628e+17 6.58353023884567e+15 6.21619399425082e+21 2.72067633657786e+16 4.84670063389562e+09 1.27324091715288e+15 1.84318964698958e+18 8.08403637851471e+16 0.00000000000000e+00 0.00000000000000e+00 0.00000000000000e+00 0.00000000000000e+00 0.00000000000000e+00 0.00000000000000e+00 0.00000000000000e+00 
1.58347176044998e+00 4.62286551687842e+02 4.07233932924118e+02 9.12339245676039e+22 6.02420153233907e+21 1.74193682842660e+20 8.10394222710953e+17 6.58353063760057e+15 6.21619484503767e+21 2.72067599853698e+16 4.84670061774398e+09 1.27324211985477e+15 1.84319081373045e+18 8.08404291362641e+16 0.00000000000000e+00 0.00000000000000e+00 0.00000000000000e+00 0.00000000000000e+00 0.00000000000000e+00 0.00000000000000e+00 0.00000000000000e+00 
2.48278719703641e+00 4.62286549254215e+02 4.07233925972797e+02 9.12339245727396e+22 6.02420157873866e+21 1.74193700302827e+20 8.10394299991994e+17 6.58353052560879e+15 6.21619470670291e+21 2.72067592657104e+16 4.84670049545644e+09 1.27324234778290e+15 1.84319087479396e+18 8.08404286838588e+16 0.00000000000000e+00 0.00000000000000e+00 0.00000000000000e+00 0.00000000000000e+00 0.00000000000000e+00 0.00000000000000e+00 0.00000000000000e+00 
3.38210263362284e+00 4.62286549114542e+02 4.07233924352090e+02 9.12339246503207e+22 6.02420148634203e+21 1.74193702161922e+20 8.10394308712051e+17 6.58353049033173e+15 6.21619473262248e+21 2.72067592378237e+16 4.84670051281221e+09 1.27324237424708e+15 1.84319086517420e+18 8.08404294930634e+16 0.00000000000000e+00 0.00000000000000e+00 0.00000000000000e+00 0.00000000000000e+00 0.00000000000000e+00 0.00000000000000e+00 0.00000000000000e+00 
1.23752569994872e+01 4.62286549090658e+02 4.07233924258523e+02 9.12339246470346e+22 6.02420148909283e+21 1.74193703278521e+20 8.10394313489768e+17 6.58353047569178e+15 6.21619473144319e+21 2.72067592181369e+16 4.84670051405084e+09 1.27324238941583e+15 1.84319086621166e+18 8.08404294277392e+16 0.00000000000000e+00 0.00000000000000e+00 0.00000000000000e+00 0.00000000000000e+00 0.00000000000000e+00 0.00000000000000e+00 0.00000000000000e+00 
2.13684113653515e+01 4.62286549093934e+02 4.07233924242614e+02 9.12339246455150e+22 6.02420149081467e+21 1.74193703177236e+20 8.10394313089801e+17 6.58353047686805e+15 6.21619473124024e+21 2.72067592203592e+16 4.84670051392639e+09 1.27324238776315e+15 1.84319086595005e+18 8.08404294398311e+16 0.00000000000000e+00 0.00000000000000e+00 0.00000000000000e+00 0.00000000000000e+00 0.00000000000000e+00 0.00000000000000e+00 0.00000000000000e+00 
3.03615657312158e+01 4.62286549092479e+02 4.07233924244803e+02 9.12339246453949e+22 6.02420149079166e+21 1.74193703269010e+20 8.10394313398420e+17 6.58353047661670e+15 6.21619473134199e+21 2.72067592188338e+16 4.84670051399719e+09 1.27324238893429e+15 1.84319086626052e+18 8.08404294391281e+16 0.00000000000000e+00 0.00000000000000e+00 0.00000000000000e+00 0.00000000000000e+00 0.00000000000000e+00 0.00000000000000e+00 0.00000000000000e+00 
1.20293109389859e+02 4.62286549092617e+02 4.07233924243830e+02 9.12339246453416e+22 6.02420149085095e+21 1.74193703261609e+20 8.10394313371198e+17 6.58353047668612e+15 6.21619473133041e+21 2.72067592189733e+16 4.84670051398915e+09 1.27324238881367e+15 1.84319086624005e+18 8.08404294399733e+16 0.00000000000000e+00 0.00000000000000e+00 0.00000000000000e+00 0.00000000000000e+00 0.00000000000000e+00 0.00000000000000e+00 0.00000000000000e+00 
2.10224653048502e+02 4.62286549092688e+02 4.07233924243922e+02 9.12339246453386e+22 6.02420149085592e+21 1.74193703257564e+20 8.10394313364933e+17 6.58353047669537e+15 6.21619473132163e+21 2.72067592190182e+16 4.84670051398357e+09 1.27324238877684e+15 1.84319086622944e+18 8.08404294396715e+16 0.00000000000000e+00 0.00000000000000e+00 0.00000000000000e+00 0.00000000000000e+00 0.00000000000000e+00 0.00000000000000e+00 0.00000000000000e+00 
3.00156196707146e+02 4.62286549092688e+02 4.07233924243970e+02 9.12339246453393e+22 6.02420149085745e+21 1.74193703257636e+20 8.10394313364049e+17 6.58353047669669e+15 6.21619473132192e+21 2.72067592190204e+16 4.84670051398367e+09 1.27324238877362e+15 1.84319086622881e+18 8.08404294397347e+16 0.00000000000000e+00 0.00000000000000e+00 0.00000000000000e+00 0.00000000000000e+00 0.00000000000000e+00 0.00000000000000e+00 0.00000000000000e+00 
4.00156196707146e+02 4.62286549092685e+02 4.07233924243970e+02 9.12339246453335e+22 6.02420149085773e+21 1.74193703257373e+20 8.10394313363837e+17 6.58353047669724e+15 6.21619473132119e+21 2.72067592190230e+16 4.84670051398338e+09 1.27324238877182e+15 1.84319086622825e+18 8.08404294397101e+16 0.00000000000000e+00 0.00000000000000e+00 0.00000000000000e+00 0.00000000000000e+00 0.00000000000000e+00 0.00000000000000e+00 0.00000000000000e+00 
5.00156196707146e+02 4.62286549092672e+02 4.07233924243968e+02 9.12339246453249e+22 6.02420149085750e+21 1.74193703257386e+20 8.10394313363814e+17 6.58353047669677e+15 6.21619473132096e+21 2.72067592190234e+16 4.84670051398357e+09 1.27324238877188e+15 1.84319086622811e+18 8.08404294397037e+16 0.00000000000000e+00 0.00000000000000e+00 0.00000000000000e+00 0.00000000000000e+00 0.00000000000000e+00 0.00000000000000e+00 0.00000000000000e+00 
6.00156196707146e+02 4.62286549092663e+02 4.07233924243960e+02 9.12339246453176e+22 6.02420149085738e+21 1.74193703257364e+20 8.10394313363781e+17 6.58353047669643e+15 6.21619473132071e+21 2.72067592190241e+16 4.84670051398371e+09 1.27324238877173e+15 1.84319086622795e+18 8.08404294396960e+16 0.00000000000000e+00 0.00000000000000e+00 0.00000000000000e+00 0.00000000000000e+00 0.00000000000000e+00 0.00000000000000e+00 0.00000000000000e+00 
7.00156196707146e+02 4.62286549092649e+02 4.07233924243953e+02 9.12339246453082e+22 6.02420149085716e+21 1.74193703257365e+20 8.10394313363749e+17 6.58353047669594e+15 6.21619473132042e+21 2.72067592190247e+16 4.84670051398388e+09 1.27324238877170e+15 1.84319086622776e+18 8.08404294396878e+16 0.00000000000000e+00 0.00000000000000e+00 0.00000000000000e+00 0.00000000000000e+00 0.00000000000000e+00 0.00000000000000e+00 0.00000000000000e+00 
8.00156196707146e+02 4.62286549092653e+02 4.07233924243944e+02 9.12339246453107e+22 6.02420149085723e+21 1.74193703257365e+20 8.10394313363751e+17 6.58353047669608e+15 6.21619473132054e+21 2.72067592190248e+16 4.84670051398391e+09 1.27324238877170e+15 1.84319086622781e+18 8.08404294396899e+16 0.00000000000000e+00 0.00000000000000e+00 0.00000000000000e+00 0.00000000000000e+00 0.00000000000000e+00 0.00000000000000e+00 0.00000000000000e+00 
9.00156196707146e+02 4.62286549092660e+02 4.07233924243947e+02 9.12339246453159e+22 6.02420149085734e+21 1.74193703257366e+20 8.10394313363776e+17 6.58353047669633e+15 6.21619473132066e+21 2.72067592190243e+16 4.84670051398376e+09 1.27324238877174e+15 1.84319086622791e+18 8.08404294396945e+16 0.00000000000000e+00 0.00000000000000e+00 0.00000000000000e+00 0.00000000000000e+00 0.00000000000000e+00 0.00000000000000e+00 0.00000000000000e+00 
1.00000000000000e+03 4.62286549092669e+02 4.07233924243952e+02 9.12339246453217e+22 6.02420149085747e+21 1.74193703257368e+20 8.10394313363796e+17 6.58353047669664e+15 6.21619473132084e+21 2.72067592190239e+16 4.84670051398363e+09 1.27324238877176e+15 1.84319086622802e+18 8.08404294396996e+16 0.00000000000000e+00 0.00000000000000e+00 0.00000000000000e+00 0.00000000000000e+00 0.00000000000000e+00 0.00000000000000e+00 0.00000000000000e+00 
