Time(s)              GasTemp(K)           NearWallTemp(K)      [O2(X)](m^-3)        [O2(a1Dg)](m^-3)     [O2(b1Sg+)](m^-3)    [O2(A3Su+_C3Du_c1Su-)](m^-3) [O2(+,X)](m^-3)      [O(3P)](m^-3)        [O(1D)](m^-3)        [O(+,gnd)](m^-3)     [O(-,gnd)](m^-3)     [O3(X)](m^-3)        [O3(exc)](m^-3)      [CO2(X)](m^-3)       [CO2(e1)](m^-3)      [CO2(+,X)](m^-3)     [CO(X)](m^-3)        [CO(a3P)](m^-3)      [CO(+,X)](m^-3)      [C(X)](m^-3)        
0.00000000000000e+00 3.71202738725000e+02 3.31023732426250e+02 3.90077962819521e+22 3.90077962819521e-03 3.90077962819521e-03 3.90077962819521e-03 0.00000000000000e+00 0.00000000000000e+00 0.00000000000000e+00 0.00000000000000e+00 0.00000000000000e+00 0.00000000000000e+00 0.00000000000000e+00 0.00000000000000e+00 0.00000000000000e+00 0.00000000000000e+00 0.00000000000000e+00 0.00000000000000e+00 0.00000000000000e+00 0.00000000000000e+00 
9.57494327775785e-17 3.71202738724996e+02 3.38955484350518e+02 3.90077962819521e+22 8.70759972520134e+06 2.06544178405303e+06 2.63557126510586e+06 7.37257029159857e+01 6.44928230229077e+06 8.26837862515790e+05 8.99191761629679e-04 3.42674802930558e+05 1.08016877636794e-06 2.02849589032293e-10 0.00000000000000e+00 0.00000000000000e+00 0.00000000000000e+00 0.00000000000000e+00 0.00000000000000e+00 0.00000000000000e+00 0.00000000000000e+00 
1.91498865555157e-16 3.71202738724993e+02 3.38955484350516e+02 3.90077962819521e+22 1.74151994465066e+07 4.13088356429773e+06 5.27114252630851e+06 1.47451405831971e+02 1.28985646047022e+07 1.65367572491094e+06 1.79838352320223e-03 6.85349605859865e+05 3.40914027308987e-06 6.40217268341999e-10 0.00000000000000e+00 0.00000000000000e+00 0.00000000000000e+00 0.00000000000000e+00 0.00000000000000e+00 0.00000000000000e+00 0.00000000000000e+00 
2.87248298332735e-16 3.71202738724989e+02 3.38955484350514e+02 3.90077962819521e+22 2.61227991678165e+07 6.19632534463683e+06 7.90671378750869e+06 2.21177108747956e+02 1.93478469072368e+07 2.48051358718290e+06 2.69757528471646e-03 1.02802440878790e+06 7.01324130842127e-06 1.31704706555353e-09 0.00000000000000e+00 0.00000000000000e+00 0.00000000000000e+00 0.00000000000000e+00 0.00000000000000e+00 0.00000000000000e+00 0.00000000000000e+00 
7.05007283243084e-16 3.71202738724973e+02 3.38955484350511e+02 3.90077962819520e+22 6.41144395886555e+07 1.52079386421167e+07 1.94058270751345e+07 5.42845591980950e+02 4.74863491424877e+07 6.08804353153032e+06 6.62078847326411e-03 2.52312963992569e+06 3.66607335420029e-05 6.88467848330859e-09 0.00000000000000e+00 0.00000000000000e+00 0.00000000000000e+00 0.00000000000000e+00 0.00000000000000e+00 0.00000000000000e+00 0.00000000000000e+00 
1.12276626815343e-15 3.71202738724956e+02 3.38955484350502e+02 3.90077962819519e+22 1.02106080009583e+08 2.42195519413609e+07 3.09049403627140e+07 8.64514075213936e+02 7.56248513800407e+07 9.69557347357550e+06 1.05440016607217e-02 4.01823487103962e+06 9.01394840096504e-05 1.69276854584978e-08 0.00000000000000e+00 0.00000000000000e+00 0.00000000000000e+00 0.00000000000000e+00 0.00000000000000e+00 0.00000000000000e+00 0.00000000000000e+00 
1.54052525306378e-15 3.71202738724940e+02 3.38955484350492e+02 3.90077962819519e+22 1.40097720430601e+08 3.32311652423973e+07 4.24040536502465e+07 1.18618255844691e+03 1.03763353619932e+08 1.33031034132821e+07 1.44672148470719e-02 5.51334010212933e+06 1.67825859015872e-04 3.15167474556026e-08 0.00000000000000e+00 0.00000000000000e+00 0.00000000000000e+00 0.00000000000000e+00 0.00000000000000e+00 0.00000000000000e+00 0.00000000000000e+00 
1.95828423797413e-15 3.71202738724924e+02 3.38955484350482e+02 3.90077962819518e+22 1.78089360851710e+08 4.22427785452358e+07 5.39031669377317e+07 1.50785104167988e+03 1.31901855862175e+08 1.69106333506373e+07 1.83904280323087e-02 7.00844533319467e+06 2.69852685700371e-04 5.06768086609215e-08 0.00000000000000e+00 0.00000000000000e+00 0.00000000000000e+00 0.00000000000000e+00 0.00000000000000e+00 0.00000000000000e+00 0.00000000000000e+00 
3.19812534048563e-15 3.71202738724876e+02 3.38955484350472e+02 3.90077962819516e+22 2.90842405184819e+08 6.89877893787771e+07 8.80306754082042e+07 2.46251107605432e+03 2.15412379654553e+08 2.76171987403500e+07 3.00338902531714e-02 1.14456758535450e+07 7.16143091378803e-04 1.34487623591274e-07 0.00000000000000e+00 0.00000000000000e+00 0.00000000000000e+00 0.00000000000000e+00 0.00000000000000e+00 0.00000000000000e+00 0.00000000000000e+00 
4.43796644299713e-15 3.71202738724827e+02 3.38955484350443e+02 3.90077962819513e+22 4.03595449518728e+08 9.57328002282074e+07 1.22158183878260e+08 3.41717111042868e+03 2.98922903467663e+08 3.83237641093295e+07 4.16773524642170e-02 1.58829063736805e+07 1.37705017461974e-03 2.58602237176171e-07 0.00000000000000e+00 0.00000000000000e+00 0.00000000000000e+00 0.00000000000000e+00 0.00000000000000e+00 0.00000000000000e+00 0.00000000000000e+00 
5.67780754550863e-15 3.71202738724779e+02 3.38955484350414e+02 3.90077962819511e+22 5.16348493853437e+08 1.22477811093527e+08 1.56285692347899e+08 4.37183114480296e+03 3.82433427301506e+08 4.90303294575752e+07 5.33208146654452e-02 2.03201368936012e+07 2.25258060920135e-03 4.23021902724992e-07 0.00000000000000e+00 0.00000000000000e+00 0.00000000000000e+00 0.00000000000000e+00 0.00000000000000e+00 0.00000000000000e+00 0.00000000000000e+00 
6.91764864802013e-15 3.71202738724731e+02 3.38955484350385e+02 3.90077962819509e+22 6.29101538188946e+08 1.49222821974737e+08 1.90413200817121e+08 5.32649117917716e+03 4.65943951156081e+08 5.97368947850873e+07 6.49642768568559e-02 2.47573674133070e+07 3.34273287934828e-03 6.27746335595622e-07 0.00000000000000e+00 0.00000000000000e+00 0.00000000000000e+00 0.00000000000000e+00 0.00000000000000e+00 0.00000000000000e+00 0.00000000000000e+00 
1.93160596731351e-14 3.71202738724249e+02 3.38955484350356e+02 3.90077962819486e+22 1.75663198158803e+09 4.16672931660738e+08 5.31688285486420e+08 1.48730915229149e+04 1.30104919084212e+09 1.66802546919867e+08 1.81398898231011e-01 6.91296725985507e+07 2.60483276489704e-02 4.89172866687896e-06 0.00000000000000e+00 0.00000000000000e+00 0.00000000000000e+00 0.00000000000000e+00 0.00000000000000e+00 0.00000000000000e+00 0.00000000000000e+00 
3.17144706982501e-14 3.71202738723767e+02 3.38955484350067e+02 3.90077962819464e+22 2.88416242506710e+09 6.84123042935666e+08 8.72963370114042e+08 2.44196918666449e+04 2.13615443260140e+09 2.73868196981297e+08 2.97833518623435e-01 1.13501977762313e+08 7.02159141528636e-02 1.31861517207979e-05 0.00000000000000e+00 0.00000000000000e+00 0.00000000000000e+00 0.00000000000000e+00 0.00000000000000e+00 0.00000000000000e+00 0.00000000000000e+00 
4.41128817233651e-14 3.71202738723286e+02 3.38955484349777e+02 3.90077962819442e+22 4.01169286862615e+09 9.51573155799521e+08 1.21423845469999e+09 3.39662922103672e+04 2.97125967643392e+09 3.80933844969380e+08 4.14268138034128e-01 1.57874282904593e+08 1.35845473806534e-01 2.55110120186494e-05 0.00000000000000e+00 0.00000000000000e+00 0.00000000000000e+00 0.00000000000000e+00 0.00000000000000e+00 0.00000000000000e+00 0.00000000000000e+00 
5.65112927484801e-14 3.71202738722804e+02 3.38955484349488e+02 3.90077962819419e+22 5.13922331226520e+09 1.21902327025230e+09 1.55551353924425e+09 4.35128925540816e+04 3.80636492233968e+09 4.87999490884114e+08 5.30702756463090e-01 2.02246588025391e+08 2.22937003605041e-01 4.18663090080206e-05 0.00000000000000e+00 0.00000000000000e+00 0.00000000000000e+00 0.00000000000000e+00 0.00000000000000e+00 0.00000000000000e+00 0.00000000000000e+00 
1.80495402999630e-13 3.71202738717986e+02 3.38955484349198e+02 3.90077962819197e+22 1.64145277530549e+10 3.89352450217101e+09 4.96826438239468e+09 1.38978895990799e+05 1.21574174954256e+10 1.55865583599734e+09 1.69504888675751e+00 6.45969638051884e+08 2.27426071882874e+00 4.27093312371338e-04 0.00000000000000e+00 0.00000000000000e+00 0.00000000000000e+00 0.00000000000000e+00 0.00000000000000e+00 0.00000000000000e+00 0.00000000000000e+00 
3.04479513250780e-13 3.71202738713168e+02 3.38955484346302e+02 3.90077962818974e+22 2.76898322018433e+10 6.56802589298228e+09 8.38101522137737e+09 2.34444899426740e+05 2.05084702758357e+10 2.62931197377583e+09 2.85939491887885e+00 1.08969268593021e+09 6.47178153432322e+00 1.21536401458930e-03 0.00000000000000e+00 0.00000000000000e+00 0.00000000000000e+00 0.00000000000000e+00 0.00000000000000e+00 0.00000000000000e+00 0.00000000000000e+00 
4.28463623501930e-13 3.71202738708350e+02 3.38955484343405e+02 3.90077962818751e+22 3.89651366586304e+10 9.24252744268607e+09 1.17937660561923e+10 3.29910902861904e+05 2.88595232635698e+10 3.69996790421961e+09 4.02374085282711e+00 1.53341573166036e+09 1.28154994512917e+01 2.40667842724786e-03 0.00000000000000e+00 0.00000000000000e+00 0.00000000000000e+00 0.00000000000000e+00 0.00000000000000e+00 0.00000000000000e+00 0.00000000000000e+00 
5.52447733753080e-13 3.71202738703531e+02 3.38955484340509e+02 3.90077962818528e+22 5.02404411234162e+10 1.19170291512823e+10 1.52065168868396e+10 4.25376906296291e+05 3.72105764586280e+10 4.77062362732874e+09 5.18808668860231e+00 1.97713877524234e+09 2.13054144615578e+01 4.00103656070957e-03 0.00000000000000e+00 0.00000000000000e+00 0.00000000000000e+00 0.00000000000000e+00 0.00000000000000e+00 0.00000000000000e+00 0.00000000000000e+00 
1.79228883626458e-12 3.71202738655350e+02 3.38955484337613e+02 3.90077962816298e+22 1.62993486211202e+11 3.86620549763210e+10 4.93340249640870e+10 1.38003694059744e+06 1.20721119812018e+11 1.54771694550282e+10 1.68315396468388e+01 6.41436909291284e+09 2.24245400978603e+02 4.21120261464252e-02 0.00000000000000e+00 0.00000000000000e+00 0.00000000000000e+00 0.00000000000000e+00 0.00000000000000e+00 0.00000000000000e+00 0.00000000000000e+00 
3.03212993877608e-12 3.71202738607169e+02 3.38955484308651e+02 3.90077962814069e+22 2.75746532098856e+11 6.54070966905738e+10 8.34615326245618e+10 2.33469697482091e+06 2.04231683897768e+11 2.61836945493074e+10 2.84749827877785e+01 1.08515991957664e+10 6.41805085131373e+02 1.20527399208696e-01 0.00000000000000e+00 0.00000000000000e+00 0.00000000000000e+00 0.00000000000000e+00 0.00000000000000e+00 0.00000000000000e+00 0.00000000000000e+00 
4.27197104128758e-12 3.71202738558988e+02 3.38955484279689e+02 3.90077962811839e+22 3.88499578786377e+11 9.21521542940112e+10 1.17589039868264e+11 3.28935700896670e+06 2.87742268715838e+11 3.68901989102047e+10 4.01184161114296e+01 1.52888290838030e+10 1.27398445717631e+03 2.39247165277691e-01 0.00000000000000e+00 0.00000000000000e+00 0.00000000000000e+00 0.00000000000000e+00 0.00000000000000e+00 0.00000000000000e+00 0.00000000000000e+00 
5.51181214379908e-12 3.71202738510807e+02 3.38955484250726e+02 3.90077962809610e+22 5.01252626273765e+11 1.18897227786603e+11 1.51716546695193e+11 4.24401704303482e+06 3.71252874266189e+11 4.75966825377602e+10 5.17618396178006e+01 1.97260587570226e+10 2.12078350691259e+03 3.98271334335755e-01 0.00000000000000e+00 0.00000000000000e+00 0.00000000000000e+00 0.00000000000000e+00 0.00000000000000e+00 0.00000000000000e+00 0.00000000000000e+00 
1.79102231689141e-11 3.71202738028997e+02 3.38955484221764e+02 3.90077962787314e+22 1.62878314513994e+12 3.86348836604867e+11 4.92991592041991e+11 1.37906173794432e+07 1.20636007003063e+12 1.54660378494026e+11 1.68195534734208e+02 6.40983436742900e+10 2.23928525867983e+04 4.20525880115332e+00 0.00000000000000e+00 0.00000000000000e+00 0.00000000000000e+00 0.00000000000000e+00 0.00000000000000e+00 0.00000000000000e+00 0.00000000000000e+00 
3.03086341940291e-11 3.71202737547186e+02 3.38955483932142e+02 3.90077962765019e+22 2.75631374399166e+12 6.53802034303426e+11 8.34266595711525e+11 2.33372177080826e+07 2.04146933897734e+12 2.61722001161927e+11 2.84628248132398e+02 1.08470607109873e+11 6.41268777835349e+04 1.20426979707121e+01 0.00000000000000e+00 0.00000000000000e+00 0.00000000000000e+00 0.00000000000000e+00 0.00000000000000e+00 0.00000000000000e+00 0.00000000000000e+00 
4.27070452191440e-11 3.71202737065376e+02 3.38955483642520e+02 3.90077962742723e+22 3.88384442282799e+12 9.21256820852940e+11 1.17554155770380e+12 3.28838180289522e+07 2.87658068106803e+12 3.68781550579755e+11 4.01059979820550e+02 1.52842849063780e+11 1.27322849358551e+05 2.39105983737750e+01 0.00000000000000e+00 0.00000000000000e+00 0.00000000000000e+00 0.00000000000000e+00 0.00000000000000e+00 0.00000000000000e+00 0.00000000000000e+00 
5.51054562442590e-11 3.71202736583566e+02 3.38955483352897e+02 3.90077962720428e+22 5.01137518164798e+12 1.18871319622268e+12 1.51681647801882e+12 4.24304183420509e+07 3.71169409626257e+12 4.75839026787616e+11 5.17490729807228e+02 1.97215069536019e+11 2.11980757112010e+05 3.98089699923563e+01 0.00000000000000e+00 0.00000000000000e+00 0.00000000000000e+00 0.00000000000000e+00 0.00000000000000e+00 0.00000000000000e+00 0.00000000000000e+00 
1.79089566495409e-10 3.71202731765472e+02 3.38955483063275e+02 3.90077962497473e+22 1.62866871686003e+13 3.86336432391659e+12 4.92956338892194e+12 1.37896421045314e+08 1.20629422544110e+13 1.54629977682707e+12 1.68174423919226e+03 6.40936092769899e+11 2.23896263396183e+06 4.20472214274225e+02 0.00000000000000e+00 0.00000000000000e+00 0.00000000000000e+00 0.00000000000000e+00 0.00000000000000e+00 0.00000000000000e+00 0.00000000000000e+00 
3.03073676746559e-10 3.71202726947392e+02 3.38955480167059e+02 3.90077962274516e+22 2.75620071528179e+13 6.53817429853480e+12 8.34230613210546e+12 2.33362422970453e+08 2.04143976771329e+13 2.61655325168129e+12 2.84589958821558e+03 1.08465496784712e+12 6.41212647640666e+06 1.20419398149539e+03 0.00000000000000e+00 0.00000000000000e+00 0.00000000000000e+00 0.00000000000000e+00 0.00000000000000e+00 0.00000000000000e+00 0.00000000000000e+00 
4.27057786997709e-10 3.71202722129325e+02 3.38955477270851e+02 3.90077962051557e+22 3.88373351333813e+13 9.21314309075095e+12 1.17550447075742e+13 3.28828424116595e+08 2.87660603261493e+13 3.68659948962774e+12 4.00995678505461e+03 1.52837169477610e+12 1.27314625459439e+07 2.39098379900117e+03 0.00000000000000e+00 0.00000000000000e+00 0.00000000000000e+00 0.00000000000000e+00 0.00000000000000e+00 0.00000000000000e+00 0.00000000000000e+00 
5.51041897248859e-10 3.71202717311272e+02 3.38955474374652e+02 3.90077961828597e+22 5.01126711093280e+13 1.18882706698552e+13 1.51677791153331e+13 4.24294424482827e+08 3.71179301613759e+13 4.75643853074960e+12 5.17391583827340e+03 1.97208627356565e+12 2.11969606428443e+07 3.98085164368598e+03 0.00000000000000e+00 0.00000000000000e+00 0.00000000000000e+00 0.00000000000000e+00 0.00000000000000e+00 0.00000000000000e+00 0.00000000000000e+00 
1.79088299976036e-09 3.71202669131471e+02 3.38955471478460e+02 3.90077959598905e+22 1.62866470266990e+14 3.86482686419149e+13 4.92948939706982e+13 1.37895438491922e+09 1.20648009269581e+14 1.54434476017490e+13 1.68081115682609e+04 6.40911391698336e+12 2.23887162742465e+08 4.20524268989734e+04 0.00000000000000e+00 0.00000000000000e+00 0.00000000000000e+00 0.00000000000000e+00 0.00000000000000e+00 0.00000000000000e+00 0.00000000000000e+00 
3.03072410227186e-09 3.71202620953004e+02 3.38955442516984e+02 3.90077957369048e+22 2.75621067864316e+14 6.54241102542188e+13 8.34215920608133e+13 2.33361426632003e+09 2.04198761251094e+14 2.61097827364624e+13 2.84325027154392e+04 1.08459267565319e+13 6.41181915840418e+08 1.20443181853073e+05 0.00000000000000e+00 0.00000000000000e+00 0.00000000000000e+00 0.00000000000000e+00 0.00000000000000e+00 0.00000000000000e+00 0.00000000000000e+00 
4.27056520478336e-09 3.71202572775869e+02 3.38955413556313e+02 3.90077955139027e+22 3.88376462985510e+14 9.22157662922162e+13 1.17547873390467e+14 3.28827406781240e+09 2.87770147973153e+14 3.67554820663753e+13 4.00470974430340e+04 1.52825248006292e+13 1.27307148214697e+09 2.39162609752458e+05 0.00000000000000e+00 0.00000000000000e+00 0.00000000000000e+00 0.00000000000000e+00 0.00000000000000e+00 0.00000000000000e+00 0.00000000000000e+00 
5.51040630729486e-09 3.71202524600064e+02 3.38955384596445e+02 3.90077952908843e+22 5.01132654673138e+14 1.19023206213073e+14 1.51673737964673e+14 4.24293378848221e+09 3.71362129569228e+14 4.73805854566766e+13 5.16519042938610e+04 1.97189080580907e+13 2.11954566300039e+09 3.98220636452316e+05 0.00000000000000e+00 0.00000000000000e+00 0.00000000000000e+00 0.00000000000000e+00 0.00000000000000e+00 0.00000000000000e+00 0.00000000000000e+00 
1.42041281474426e-08 3.71202186830192e+02 3.38955355637379e+02 3.90077937266294e+22 1.29179736741755e+15 3.07436841814861e+14 3.90951383935736e+14 1.09369715459104e+10 9.58081319351011e+14 1.21308224168615e+14 1.32750174658861e+05 5.08206375503040e+13 1.40817752402535e+10 2.64746124759138e+06 0.00000000000000e+00 0.00000000000000e+00 0.00000000000000e+00 0.00000000000000e+00 0.00000000000000e+00 0.00000000000000e+00 0.00000000000000e+00 
2.28978499875903e-08 3.71201849124814e+02 3.38955152599837e+02 3.90077921615815e+22 2.08250087182355e+15 4.96614615088123e+14 6.30208540998950e+14 1.76310049693031e+10 1.54579755353967e+15 1.94238765554146e+14 2.13370550190523e+05 8.19118099621470e+13 3.65906060357293e+10 6.88392807275207e+06 0.00000000000000e+00 0.00000000000000e+00 0.00000000000000e+00 0.00000000000000e+00 0.00000000000000e+00 0.00000000000000e+00 0.00000000000000e+00 
3.15915718277380e-08 3.71201511483164e+02 3.38954949601178e+02 3.90077905957513e+22 2.87324284426445e+15 6.86546203074360e+14 8.69445210886844e+14 2.43250337431077e+10 2.13449735792505e+15 2.66185683362698e+14 2.93515953097551e+05 1.12992428335902e+14 6.96425158649575e+10 1.31109746420420e+07 0.00000000000000e+00 0.00000000000000e+00 0.00000000000000e+00 0.00000000000000e+00 0.00000000000000e+00 0.00000000000000e+00 0.00000000000000e+00 
4.02852936678857e-08 3.71201173904484e+02 3.38954746640941e+02 3.90077890291493e+22 3.66402296578129e+15 8.77221432299038e+14 1.10866139533089e+15 3.10190575521239e+10 2.72416745341229e+15 3.37162256229803e+14 3.73189285411612e+05 1.44062495709963e+14 1.13233985421437e+11 2.13319056389547e+07 0.00000000000000e+00 0.00000000000000e+00 0.00000000000000e+00 0.00000000000000e+00 0.00000000000000e+00 0.00000000000000e+00 0.00000000000000e+00 
4.89790155080334e-08 3.71200836388030e+02 3.38954543718670e+02 3.90077874617859e+22 4.45484092198433e+15 1.06863027561719e+15 1.34785709606157e+15 3.77130760814887e+10 3.31479475190449e+15 4.07181571794385e+14 4.52393429347907e+05 1.75122015119007e+14 1.67361498120891e+11 3.15499780900183e+07 0.00000000000000e+00 0.00000000000000e+00 0.00000000000000e+00 0.00000000000000e+00 0.00000000000000e+00 0.00000000000000e+00 0.00000000000000e+00 
1.22559536051107e-07 3.71197982162272e+02 3.38954340833918e+02 3.90077741670858e+22 1.11495112250948e+16 2.71667456606686e+15 3.37150298541357e+15 9.43685749259189e+10 8.35022174662728e+15 9.63226583359564e+14 1.10435452299341e+06 4.37576559525220e+14 1.04693779390209e+12 1.98453267426663e+08 0.00000000000000e+00 0.00000000000000e+00 0.00000000000000e+00 0.00000000000000e+00 0.00000000000000e+00 0.00000000000000e+00 0.00000000000000e+00 
1.96140056594181e-07 3.71195131925972e+02 3.38952625132841e+02 3.90077608243310e+22 1.78466943728830e+16 4.41097705263201e+15 5.39368273384616e+15 1.51023482822074e+11 1.34460023020835e+16 1.45891383838719e+15 1.72459173315483e+06 6.99277568891244e+14 2.67886424956877e+12 5.10461217258054e+08 0.00000000000000e+00 0.00000000000000e+00 0.00000000000000e+00 0.00000000000000e+00 0.00000000000000e+00 0.00000000000000e+00 0.00000000000000e+00 
2.69720577137255e-07 3.71192285306022e+02 3.38950911838032e+02 3.90077474386974e+22 2.45462329186034e+16 6.14652061873825e+15 7.41439738901674e+15 2.07677610462214e+11 1.85955877356780e+16 1.90079175078808e+15 2.31470572088264e+06 9.60226865551625e+14 5.06101791346386e+12 9.69202586933288e+08 0.00000000000000e+00 0.00000000000000e+00 0.00000000000000e+00 0.00000000000000e+00 0.00000000000000e+00 0.00000000000000e+00 0.00000000000000e+00 
3.43301097680329e-07 3.71189441969881e+02 3.38949200725202e+02 3.90077340147978e+22 3.12479864604648e+16 7.91883409646630e+15 9.43364799820946e+15 2.64330769380001e+11 2.37931419692085e+16 2.29469613484523e+15 2.87621624161651e+06 1.22042626351845e+15 8.19128016350525e+12 1.57612950174614e+09 0.00000000000000e+00 0.00000000000000e+00 0.00000000000000e+00 0.00000000000000e+00 0.00000000000000e+00 0.00000000000000e+00 0.00000000000000e+00 
4.16881618223403e-07 3.71186601620869e+02 3.38947491594447e+02 3.90077205567475e+22 3.79518296639252e+16 9.72392891459912e+15 1.14514356081541e+16 3.20982771978391e+11 2.90334588382512e+16 2.64583289551023e+15 3.41056633895445e+06 1.47987756900922e+15 1.20675370735378e+13 2.33253742637287e+09 0.00000000000000e+00 0.00000000000000e+00 0.00000000000000e+00 0.00000000000000e+00 0.00000000000000e+00 0.00000000000000e+00 0.00000000000000e+00 
4.90462138766477e-07 3.71183763994304e+02 3.38945784267421e+02 3.90077070682177e+22 4.46576506402708e+16 1.15582471577928e+16 1.34677612648070e+16 3.77633431564944e+11 3.43118942960037e+16 2.95884582430093e+15 3.91912590022769e+06 1.73858258072437e+15 1.66876798546222e+13 3.23958126109688e+09 0.00000000000000e+00 0.00000000000000e+00 0.00000000000000e+00 0.00000000000000e+00 0.00000000000000e+00 0.00000000000000e+00 0.00000000000000e+00 
6.92081554031501e-07 3.71176000668694e+02 3.38944078585015e+02 3.90076699773731e+22 6.30417569105537e+16 1.67095129955703e+16 1.89852515462337e+16 5.32854622486218e+11 4.89384832784538e+16 3.65346441247881e+15 5.19080546920899e+06 2.44365555465940e+15 3.31422178786612e+13 6.50490655235800e+09 0.00000000000000e+00 0.00000000000000e+00 0.00000000000000e+00 0.00000000000000e+00 0.00000000000000e+00 0.00000000000000e+00 0.00000000000000e+00 
8.93700969296525e-07 3.71168252145191e+02 3.38939412132612e+02 3.90076327358745e+22 8.14383245989428e+16 2.20044273115021e+16 2.44917944319839e+16 6.88060549364983e+11 6.37523776292660e+16 4.16073135382852e+15 6.30269132196896e+06 3.14317523164310e+15 5.51231743487110e+13 1.09258352322696e+10 0.00000000000000e+00 0.00000000000000e+00 0.00000000000000e+00 0.00000000000000e+00 0.00000000000000e+00 0.00000000000000e+00 0.00000000000000e+00 
1.09532038456155e-06 3.71160515562244e+02 3.38934754638801e+02 3.90075953833897e+22 9.98461374885117e+16 2.74045653966518e+16 2.99874113600980e+16 8.43247472056765e+11 7.87034222468287e+16 4.53079688577521e+15 7.27585529366668e+06 3.83717794392791e+15 8.25877348821963e+13 1.65148089619056e+10 0.00000000000000e+00 0.00000000000000e+00 0.00000000000000e+00 0.00000000000000e+00 0.00000000000000e+00 0.00000000000000e+00 0.00000000000000e+00 
1.29693979982657e-06 3.71152788813243e+02 3.38930104383399e+02 3.90075579491094e+22 1.18264296591680e+17 3.28816624263700e+16 3.54721237298810e+16 9.98411698315876e+11 9.37547233355088e+16 4.80055008155930e+15 8.12858986126081e+06 4.52569976827916e+15 1.15493358973115e+14 2.32809349563935e+10 0.00000000000000e+00 0.00000000000000e+00 0.00000000000000e+00 0.00000000000000e+00 0.00000000000000e+00 0.00000000000000e+00 0.00000000000000e+00 
1.49855921509160e-06 3.71145070337041e+02 3.38925460100038e+02 3.90075204546538e+22 1.36692132137718e+17 3.84147943498812e+16 4.09459529012708e+16 1.15354958322417e+12 1.08878968739279e+17 4.99729849600252e+15 8.87679068232433e+06 5.20877655307201e+15 1.53797779301776e+14 3.12309223720982e+10 0.00000000000000e+00 0.00000000000000e+00 0.00000000000000e+00 0.00000000000000e+00 0.00000000000000e+00 0.00000000000000e+00 0.00000000000000e+00 
1.70017863035662e-06 3.71137358992439e+02 3.38920820850242e+02 3.90074829158147e+22 1.55129150835256e+17 4.39886886687939e+16 4.64089201943558e+16 1.30865752869727e+12 1.24056223071613e+17 5.14097302222137e+15 9.53425890650438e+06 5.88644393273185e+15 1.97459000944555e+14 4.03696619386859e+10 0.00000000000000e+00 0.00000000000000e+00 0.00000000000000e+00 0.00000000000000e+00 0.00000000000000e+00 0.00000000000000e+00 0.00000000000000e+00 
2.00765785877151e-06 3.71125610731098e+02 3.38916185947965e+02 3.90074256070488e+22 1.83263367814558e+17 5.25432724799303e+16 5.47193405503570e+16 1.54513887865387e+12 1.47272532265855e+17 5.28967636457234e+15 1.03889601808237e+07 6.90958380728383e+15 2.74264164908215e+14 5.66033752510968e+10 0.00000000000000e+00 0.00000000000000e+00 0.00000000000000e+00 0.00000000000000e+00 0.00000000000000e+00 0.00000000000000e+00 0.00000000000000e+00 
2.31513708718640e-06 3.71113875233379e+02 3.38909124774960e+02 3.90073682478393e+22 2.11417255782861e+17 6.11417150515763e+16 6.30046234504473e+16 1.78152995423685e+12 1.70545626868949e+17 5.38141778117662e+15 1.10957235164083e+07 7.92034978851625e+15 3.63284261585386e+14 7.56182502459893e+10 0.00000000000000e+00 0.00000000000000e+00 0.00000000000000e+00 0.00000000000000e+00 0.00000000000000e+00 0.00000000000000e+00 0.00000000000000e+00 
2.62261631560130e-06 3.71102151274743e+02 3.38902071414958e+02 3.90073108550152e+22 2.39590251719926e+17 6.97678388669682e+16 7.12648439739133e+16 2.01781860659167e+12 1.93854388535600e+17 5.43730077149711e+15 1.16831485925939e+07 8.91886561172798e+15 4.64373951122190e+14 9.74192726443425e+10 0.00000000000000e+00 0.00000000000000e+00 0.00000000000000e+00 0.00000000000000e+00 0.00000000000000e+00 0.00000000000000e+00 0.00000000000000e+00 
2.93009554401619e-06 3.71090438018457e+02 3.38895025131617e+02 3.90072534400229e+22 2.67781955719816e+17 7.84106845119373e+16 7.95000769801730e+16 2.25399292744123e+12 2.17184510061914e+17 5.47161802841990e+15 1.21743872334795e+07 9.90525398544527e+15 5.77389327851601e+14 1.22009577914613e+11 0.00000000000000e+00 0.00000000000000e+00 0.00000000000000e+00 0.00000000000000e+00 0.00000000000000e+00 0.00000000000000e+00 0.00000000000000e+00 
3.23757477243108e-06 3.71078734929270e+02 3.38887985421704e+02 3.90071960101235e+22 2.95992094724736e+17 8.70633491028868e+16 8.77103971089202e+16 2.49004124605166e+12 2.40526979231891e+17 5.49336757892716e+15 1.25881598191772e+07 1.08796366084181e+16 7.02187909042337e+14 1.49391041692047e+11 0.00000000000000e+00 0.00000000000000e+00 0.00000000000000e+00 0.00000000000000e+00 0.00000000000000e+00 0.00000000000000e+00 0.00000000000000e+00 
3.54505400084597e-06 3.71067041712342e+02 3.38880951963194e+02 3.90071385692407e+22 3.24220496871493e+17 9.57221646271251e+16 9.58958787802450e+16 2.72595212643906e+12 2.63877006336352e+17 5.50732525242116e+15 1.29395348984898e+07 1.18421341765180e+16 8.38628623876162e+14 1.79564657288045e+11 0.00000000000000e+00 0.00000000000000e+00 0.00000000000000e+00 0.00000000000000e+00 0.00000000000000e+00 0.00000000000000e+00 0.00000000000000e+00 
4.09421263708785e-06 3.71046181535260e+02 3.38873924578557e+02 3.90070359605038e+22 3.74681514865378e+17 1.11194660322646e+17 1.10453605742240e+17 3.14691254992490e+12 3.05589254753654e+17 5.52258486890312e+15 1.34490854053570e+07 1.35319634206970e+16 1.11083888777402e+15 2.40402928864724e+11 0.00000000000000e+00 0.00000000000000e+00 0.00000000000000e+00 0.00000000000000e+00 0.00000000000000e+00 0.00000000000000e+00 0.00000000000000e+00 
4.64337127332973e-06 3.71025351679170e+02 3.38861388387407e+02 3.90069333314553e+22 4.25199873919161e+17 1.26673686397417e+17 1.24932760412637e+17 3.56733694670054e+12 3.47308510721993e+17 5.52997212784642e+15 1.38487975813814e+07 1.51849367361884e+16 1.41895584687140e+15 3.10149657297047e+11 0.00000000000000e+00 0.00000000000000e+00 0.00000000000000e+00 0.00000000000000e+00 0.00000000000000e+00 0.00000000000000e+00 0.00000000000000e+00 
5.19252990957161e-06 3.71004551856120e+02 3.38848870864912e+02 3.90068306851135e+22 4.75775183850745e+17 1.42157056569544e+17 1.39333761539746e+17 3.98716558692929e+12 3.89031912830178e+17 5.53227571620842e+15 1.41731900377948e+07 1.68017178587695e+16 1.76220872543413e+15 3.88804321104507e+11 0.00000000000000e+00 0.00000000000000e+00 0.00000000000000e+00 0.00000000000000e+00 0.00000000000000e+00 0.00000000000000e+00 0.00000000000000e+00 
5.74168854581349e-06 3.70983781839397e+02 3.38836371836168e+02 3.90067280236387e+22 5.26407081974786e+17 1.57643400729765e+17 1.53657025654895e+17 4.40634097995628e+12 4.30757666472587e+17 5.53122003060981e+15 1.44459966024526e+07 1.83829604919448e+16 2.13984046145717e+15 4.76366364965809e+11 0.00000000000000e+00 0.00000000000000e+00 0.00000000000000e+00 0.00000000000000e+00 0.00000000000000e+00 0.00000000000000e+00 0.00000000000000e+00 
6.29084718205536e-06 3.70963041332710e+02 3.38823891163088e+02 3.90066253501495e+22 5.77095178098375e+17 1.73130403479534e+17 1.67902967082135e+17 4.82480782974999e+12 4.72482744635209e+17 5.52976428850128e+15 1.46840615401250e+07 1.99293083607570e+16 2.55110750146519e+15 5.72834874053296e+11 0.00000000000000e+00 0.00000000000000e+00 0.00000000000000e+00 0.00000000000000e+00 0.00000000000000e+00 0.00000000000000e+00 0.00000000000000e+00 
6.84000581829724e-06 3.70942330075011e+02 3.38811428665810e+02 3.90065226672687e+22 6.27839098545910e+17 1.88616214847866e+17 1.82071997951067e+17 5.24251299317000e+12 5.14204729211878e+17 5.53026117962461e+15 1.48989929171988e+07 2.14413953493459e+16 2.99527960242913e+15 6.78208217215495e+11 0.00000000000000e+00 0.00000000000000e+00 0.00000000000000e+00 0.00000000000000e+00 0.00000000000000e+00 0.00000000000000e+00 0.00000000000000e+00 
7.81778536770851e-06 3.70905525852718e+02 3.38798984185668e+02 3.90063398153345e+22 7.18326203004833e+17 2.16189209140737e+17 2.07110919238954e+17 5.98419759150683e+12 5.88487673780982e+17 5.53137483955838e+15 1.52441906904388e+07 2.40507982077274e+16 3.86536457391962e+15 8.87862720842843e+11 0.00000000000000e+00 0.00000000000000e+00 0.00000000000000e+00 0.00000000000000e+00 0.00000000000000e+00 0.00000000000000e+00 0.00000000000000e+00 
8.79556491711977e-06 3.70868813606243e+02 3.38776871243992e+02 3.90061569350758e+22 8.08987669790357e+17 2.43762867802384e+17 2.31909613523517e+17 6.72303557017452e+12 6.62766601587431e+17 5.53235200993075e+15 1.55649192312284e+07 2.65570064327761e+16 4.83355567921082e+15 1.12573174668524e+12 0.00000000000000e+00 0.00000000000000e+00 0.00000000000000e+00 0.00000000000000e+00 0.00000000000000e+00 0.00000000000000e+00 0.00000000000000e+00 
9.77334446653103e-06 3.70832192662135e+02 3.38754814954165e+02 3.90059740300284e+22 8.99821764878253e+17 2.71337333163299e+17 2.56470357133890e+17 7.45877399329537e+12 7.37041709222102e+17 5.53267835223309e+15 1.58740349440646e+07 2.89633783372766e+16 5.89602604383428e+15 1.39180596758666e+12 0.00000000000000e+00 0.00000000000000e+00 0.00000000000000e+00 0.00000000000000e+00 0.00000000000000e+00 0.00000000000000e+00 0.00000000000000e+00 
1.07511240159423e-05 3.70795662294848e+02 3.38732814901551e+02 3.90057911043848e+22 9.90826749571596e+17 2.98911962469907e+17 2.80795404080473e+17 8.19118002890498e+12 8.11312181134289e+17 5.53287337017830e+15 1.61767240157174e+07 3.12731756181571e+16 7.04907718740197e+15 1.68607594499405e+12 0.00000000000000e+00 0.00000000000000e+00 0.00000000000000e+00 0.00000000000000e+00 0.00000000000000e+00 0.00000000000000e+00 0.00000000000000e+00 
1.17289035653536e-05 3.70759221795776e+02 3.38710870640346e+02 3.90056081620426e+22 1.08200090878391e+18 3.26486259680698e+17 3.04886986837523e+17 8.92003960332337e+12 8.85577404871481e+17 5.53327362029534e+15 1.64756243361053e+07 3.34895680624712e+16 8.28913204705410e+15 2.00853187537820e+12 0.00000000000000e+00 0.00000000000000e+00 0.00000000000000e+00 0.00000000000000e+00 0.00000000000000e+00 0.00000000000000e+00 0.00000000000000e+00 
1.40446328578630e-05 3.70673272307482e+02 3.38688981735042e+02 3.90051748421158e+22 1.29859878860915e+18 3.91789834063967e+17 3.61025935995732e+17 1.06310291604568e+13 1.06144212891511e+18 5.53440266394508e+15 1.71764591108278e+07 3.83837152416389e+16 1.15534642248760e+16 2.88458861375395e+12 0.00000000000000e+00 0.00000000000000e+00 0.00000000000000e+00 0.00000000000000e+00 0.00000000000000e+00 0.00000000000000e+00 0.00000000000000e+00 
1.63603621503724e-05 3.70587814205227e+02 3.38637359431363e+02 3.90047414902733e+22 1.51611417302018e+18 4.57088011271237e+17 4.15896613594804e+17 1.23188321650572e+13 1.23727391634113e+18 5.53576871839299e+15 1.78763710041966e+07 4.28100027972714e+16 1.52432269249360e+16 3.91854793414421e+12 0.00000000000000e+00 0.00000000000000e+00 0.00000000000000e+00 0.00000000000000e+00 0.00000000000000e+00 0.00000000000000e+00 0.00000000000000e+00 
1.86760914428819e-05 3.70502838755872e+02 3.38586039818439e+02 3.90043081457695e+22 1.73452557457694e+18 5.22378252104217e+17 4.69527329731391e+17 1.39816522008600e+13 1.41307054354297e+18 5.53704533785290e+15 1.85771962459449e+07 4.68050245122854e+16 1.93180482911200e+16 5.11026659199903e+12 0.00000000000000e+00 0.00000000000000e+00 0.00000000000000e+00 0.00000000000000e+00 0.00000000000000e+00 0.00000000000000e+00 0.00000000000000e+00 
2.09918207353913e-05 3.70418337401845e+02 3.38535017527292e+02 3.90038748442269e+22 1.95381206199952e+18 5.87657879326332e+17 5.21945739030511e+17 1.56181419713401e+13 1.58882986778360e+18 5.53830484461268e+15 1.92779842062351e+07 5.04027982201581e+16 2.37408346174372e+16 6.45959607172192e+12 0.00000000000000e+00 0.00000000000000e+00 0.00000000000000e+00 0.00000000000000e+00 0.00000000000000e+00 0.00000000000000e+00 0.00000000000000e+00 
2.33075500279008e-05 3.70334301773061e+02 3.38484287297905e+02 3.90034416177596e+22 2.17395323557019e+18 6.52924343131395e+17 5.73178871425875e+17 1.72273367000048e+13 1.76455012973340e+18 5.53964723075356e+15 1.99787135627427e+07 5.36349767216433e+16 2.84774590753526e+16 7.96638305113150e+12 0.00000000000000e+00 0.00000000000000e+00 0.00000000000000e+00 0.00000000000000e+00 0.00000000000000e+00 0.00000000000000e+00 0.00000000000000e+00 
2.93610837489084e-05 3.70116766467790e+02 3.38433843986264e+02 3.90023096684839e+22 2.75331899026458e+18 8.23458772730558e+17 7.01696252625217e+17 2.13022342567537e+13 2.22370768235546e+18 5.54337569464509e+15 2.18134942873876e+07 6.05584317999371e+16 4.21296224046110e+16 1.26478909996465e+13 0.00000000000000e+00 0.00000000000000e+00 0.00000000000000e+00 0.00000000000000e+00 0.00000000000000e+00 0.00000000000000e+00 0.00000000000000e+00 
3.54146174699160e-05 3.69902218064573e+02 3.38303299958765e+02 3.90011788461287e+22 3.33805146961462e+18 9.93849741300289e+17 8.22745504638463e+17 2.51836481066004e+13 2.68257622949246e+18 5.54740539620724e+15 2.36531713314756e+07 6.56397598064264e+16 5.72364165293043e+16 1.84013518008309e+13 0.00000000000000e+00 0.00000000000000e+00 0.00000000000000e+00 0.00000000000000e+00 0.00000000000000e+00 0.00000000000000e+00 0.00000000000000e+00 
4.14681511909237e-05 3.69690523359305e+02 3.38174596391466e+02 3.90000494762961e+22 3.92783028974173e+18 1.16406336910649e+18 9.36755967091667e+17 2.88759624051723e+13 3.14115093996119e+18 5.55163890747873e+15 2.54980493576763e+07 6.92651275968996e+16 7.34036435862978e+16 2.52236808292648e+13 0.00000000000000e+00 0.00000000000000e+00 0.00000000000000e+00 0.00000000000000e+00 0.00000000000000e+00 0.00000000000000e+00 0.00000000000000e+00 
4.75216849119313e-05 3.69481556923883e+02 3.38047651490736e+02 3.89989217885005e+22 4.52235560564366e+18 1.33406974056411e+18 1.04413130975719e+18 3.23898347487525e+13 3.59943513625853e+18 5.55608626065922e+15 2.73478789652929e+07 7.17457074914588e+16 9.03241823099730e+16 3.31116491912578e+13 0.00000000000000e+00 0.00000000000000e+00 0.00000000000000e+00 0.00000000000000e+00 0.00000000000000e+00 0.00000000000000e+00 0.00000000000000e+00 
5.35752186329389e-05 3.69275200472753e+02 3.37922388259390e+02 3.89977959403861e+22 5.12134598348354e+18 1.50384202691346e+18 1.14525166079048e+18 3.57389940561730e+13 4.05743706486188e+18 5.56073876796286e+15 2.92023315237780e+07 7.33319610085323e+16 1.07758787149828e+17 4.20619079114466e+13 0.00000000000000e+00 0.00000000000000e+00 0.00000000000000e+00 0.00000000000000e+00 0.00000000000000e+00 0.00000000000000e+00 0.00000000000000e+00 
6.30025273787735e-05 3.68958775056694e+02 3.37798734106241e+02 3.89960465087238e+22 6.06244584417623e+18 1.76771031781106e+18 1.29110378257839e+18 4.06621922661474e+13 4.77015995419641e+18 5.56833093854481e+15 3.20988625470183e+07 7.44695651173902e+16 1.35524356904901e+17 5.81074542525524e+13 0.00000000000000e+00 0.00000000000000e+00 0.00000000000000e+00 0.00000000000000e+00 0.00000000000000e+00 0.00000000000000e+00 0.00000000000000e+00 
7.24298361246080e-05 3.68648017875230e+02 3.37609209855488e+02 3.89943020015911e+22 7.01280993507922e+18 2.03086877628734e+18 1.42390648050521e+18 4.52750187325665e+13 5.48227078076960e+18 5.57629017445580e+15 3.50034496636901e+07 7.45018328162635e+16 1.63573587469711e+17 7.67074233533606e+13 0.00000000000000e+00 0.00000000000000e+00 0.00000000000000e+00 0.00000000000000e+00 0.00000000000000e+00 0.00000000000000e+00 0.00000000000000e+00 
8.18571448704425e-05 3.68342568282652e+02 3.37423182197370e+02 3.89925624819959e+22 7.97158956520582e+18 2.29324234300365e+18 1.54481191397267e+18 4.96248514344926e+13 6.19381468307832e+18 5.58456183963438e+15 3.79139411870309e+07 7.38366110382133e+16 1.91561206432775e+17 9.78477940289293e+13 0.00000000000000e+00 0.00000000000000e+00 0.00000000000000e+00 0.00000000000000e+00 0.00000000000000e+00 0.00000000000000e+00 0.00000000000000e+00 
9.12844536162771e-05 3.68042097603702e+02 3.37240430062182e+02 3.89908278982343e+22 8.93801424988583e+18 2.55476397582491e+18 1.65486703991699e+18 5.37521602815995e+13 6.90483467411948e+18 5.59309745365407e+15 4.08287409016767e+07 7.27422706470491e+16 2.19278272016107e+17 1.21513996936588e+14 0.00000000000000e+00 0.00000000000000e+00 0.00000000000000e+00 0.00000000000000e+00 0.00000000000000e+00 0.00000000000000e+00 0.00000000000000e+00 
1.00711762362112e-04 3.67746305375764e+02 3.37060752026256e+02 3.89890981371308e+22 9.91138207695121e+18 2.81537320105269e+18 1.75502601993482e+18 5.76904628395711e+13 7.61536971103485e+18 5.60185395940084e+15 4.37464907468731e+07 7.13971504774326e+16 2.46599959289002e+17 1.47690940713447e+14 0.00000000000000e+00 0.00000000000000e+00 0.00000000000000e+00 0.00000000000000e+00 0.00000000000000e+00 0.00000000000000e+00 0.00000000000000e+00 
1.13986234680738e-04 3.67337216853658e+02 3.36883964001786e+02 3.89866703758707e+22 1.12925326371160e+19 3.18068381044663e+18 1.88092256534247e+18 6.29661345825912e+13 8.61510745619480e+18 5.61448715836654e+15 4.78579721978203e+07 6.92904959251907e+16 2.84276478496672e+17 1.88776773801125e+14 0.00000000000000e+00 0.00000000000000e+00 0.00000000000000e+00 0.00000000000000e+00 0.00000000000000e+00 0.00000000000000e+00 0.00000000000000e+00 
1.27260706999365e-04 3.66936169937755e+02 3.36639612700353e+02 3.89842514555107e+22 1.26845824522644e+19 3.54394140849836e+18 1.99109562293872e+18 6.79805588647445e+13 9.61403242437430e+18 5.62739646882293e+15 5.19704264052923e+07 6.71290301837666e+16 3.20928270118242e+17 2.34764387618470e+14 0.00000000000000e+00 0.00000000000000e+00 0.00000000000000e+00 0.00000000000000e+00 0.00000000000000e+00 0.00000000000000e+00 0.00000000000000e+00 
1.40535179317991e-04 3.66542550143770e+02 3.36400235421134e+02 3.89818409277645e+22 1.40861139932856e+19 3.90502701706127e+18 2.08747173984634e+18 7.27775873014009e+13 1.06122096580058e+19 5.64050999915990e+15 5.60819691575452e+07 6.50163563876724e+16 3.56537991879521e+17 2.85606627398195e+14 0.00000000000000e+00 0.00000000000000e+00 0.00000000000000e+00 0.00000000000000e+00 0.00000000000000e+00 0.00000000000000e+00 0.00000000000000e+00 
1.53809651636618e-04 3.66155817206725e+02 3.36165455929135e+02 3.89794383605982e+22 1.54958890095547e+19 4.26383877263416e+18 2.17173376600334e+18 7.73893492543065e+13 1.16096917611586e+19 5.65376857140530e+15 6.01916781471692e+07 6.29922335982889e+16 3.91134435534417e+17 3.41254347639994e+14 0.00000000000000e+00 0.00000000000000e+00 0.00000000000000e+00 0.00000000000000e+00 0.00000000000000e+00 0.00000000000000e+00 0.00000000000000e+00 
1.67084123955245e-04 3.65775493778535e+02 3.35934943378526e+02 3.89770433555008e+22 1.69128215001133e+19 4.62029002751356e+18 2.24535810180450e+18 8.18410242042867e+13 1.26065235214044e+19 5.66712410246810e+15 6.42990872184510e+07 6.10707101050036e+16 4.24761212265815e+17 4.01656509410098e+14 0.00000000000000e+00 0.00000000000000e+00 0.00000000000000e+00 0.00000000000000e+00 0.00000000000000e+00 0.00000000000000e+00 0.00000000000000e+00 
1.91749760108802e-04 3.65084459690633e+02 3.35708405394338e+02 3.89726120368225e+22 1.95615990495394e+19 5.27612348742299e+18 2.35808728380095e+18 8.97532071447146e+13 1.44571639052985e+19 5.69206690271392e+15 7.19241378565895e+07 5.77810156782293e+16 4.84825041919815e+17 5.26332640250726e+14 0.00000000000000e+00 0.00000000000000e+00 0.00000000000000e+00 0.00000000000000e+00 0.00000000000000e+00 0.00000000000000e+00 0.00000000000000e+00 
2.16415396262359e-04 3.64411826629900e+02 3.35297186140837e+02 3.89682035852420e+22 2.22267478828454e+19 5.92319707050974e+18 2.44544003012836e+18 9.72854847257375e+13 1.63059083452891e+19 5.71703336298741e+15 7.95383640054561e+07 5.48440717942243e+16 5.41986258651443e+17 6.66885415150706e+14 0.00000000000000e+00 0.00000000000000e+00 0.00000000000000e+00 0.00000000000000e+00 0.00000000000000e+00 0.00000000000000e+00 0.00000000000000e+00 
2.41081032415916e-04 3.63755728377497e+02 3.34897404188156e+02 3.89638163185907e+22 2.49041915314625e+19 6.56125406056597e+18 2.51297056850610e+18 1.04510844022897e+14 1.81529303077935e+19 5.74191396918527e+15 8.71408605770602e+07 5.22090220947057e+16 5.96511769905929e+17 8.22942297211024e+14 0.00000000000000e+00 0.00000000000000e+00 0.00000000000000e+00 0.00000000000000e+00 0.00000000000000e+00 0.00000000000000e+00 0.00000000000000e+00 
2.65746668569473e-04 3.63114690699917e+02 3.34507914362082e+02 3.89594488671705e+22 2.75907979821800e+19 7.19013750058682e+18 2.56495257075349e+18 1.11481143567364e+14 1.99983718952320e+19 5.76664007449338e+15 9.47316798719455e+07 4.98238154700695e+16 6.48628601872231e+17 9.94112609038401e+14 0.00000000000000e+00 0.00000000000000e+00 0.00000000000000e+00 0.00000000000000e+00 0.00000000000000e+00 0.00000000000000e+00 0.00000000000000e+00 
2.90412304723030e-04 3.62487528644670e+02 3.34127809717567e+02 3.89551000916137e+22 3.02841307556114e+19 7.80976520853533e+18 2.60471718832533e+18 1.18237907471874e+14 2.18423580714404e+19 5.79117302195245e+15 1.02311169498476e+08 4.76544704719036e+16 6.98524737377858e+17 1.17998982908672e+15 0.00000000000000e+00 0.00000000000000e+00 0.00000000000000e+00 0.00000000000000e+00 0.00000000000000e+00 0.00000000000000e+00 0.00000000000000e+00 
3.37618189935620e-04 3.61322723904823e+02 3.33756359167362e+02 3.89468260547429e+22 3.54512372177911e+19 8.96980089855788e+18 2.65530735166672e+18 1.30690429147660e+14 2.53677674662861e+19 5.83750471291254e+15 1.16785757588287e+08 4.40307788371785e+16 7.88380269472295e+17 1.57518121618209e+15 0.00000000000000e+00 0.00000000000000e+00 0.00000000000000e+00 0.00000000000000e+00 0.00000000000000e+00 0.00000000000000e+00 0.00000000000000e+00 
3.84824075148209e-04 3.60200073878302e+02 3.33067601496416e+02 3.89386114998807e+22 4.06264569572988e+19 1.00960516961617e+19 2.68381692882222e+18 1.42653454953989e+14 2.88888730975824e+19 5.88308736797524e+15 1.31216946568786e+08 4.09391770738360e+16 8.71624477552751e+17 2.01962573178153e+15 0.00000000000000e+00 0.00000000000000e+00 0.00000000000000e+00 0.00000000000000e+00 0.00000000000000e+00 0.00000000000000e+00 0.00000000000000e+00 
4.32029960360799e-04 3.59115843416335e+02 3.32405158979082e+02 3.89304522124764e+22 4.58035589719774e+19 1.11890727888267e+19 2.69883627465174e+18 1.54246657377760e+14 3.24061848725169e+19 5.92804588896115e+15 1.45608449595955e+08 3.82740963647378e+16 9.48992314621430e+17 2.51014301588554e+15 0.00000000000000e+00 0.00000000000000e+00 0.00000000000000e+00 0.00000000000000e+00 0.00000000000000e+00 0.00000000000000e+00 0.00000000000000e+00 
4.79235845573389e-04 3.58067432159972e+02 3.31766687555594e+02 3.89223449735589e+22 5.09789514326144e+19 1.22496773418918e+19 2.70534969660550e+18 1.65547683705996e+14 3.59200989938391e+19 5.97246489973080e+15 1.59960134854510e+08 3.59553440146857e+16 1.02105719392588e+18 3.04345493790691e+15 0.00000000000000e+00 0.00000000000000e+00 0.00000000000000e+00 0.00000000000000e+00 0.00000000000000e+00 0.00000000000000e+00 0.00000000000000e+00 
5.26441730785978e-04 3.57052868043177e+02 3.31150530754162e+02 3.89142871667916e+22 5.61504593705952e+19 1.32787997122753e+19 2.70639553869535e+18 1.76610337953145e+14 3.94309319523764e+19 6.01647737295175e+15 1.74273521708052e+08 3.39186740695993e+16 1.08828402544230e+18 3.61622584800710e+15 0.00000000000000e+00 0.00000000000000e+00 0.00000000000000e+00 0.00000000000000e+00 0.00000000000000e+00 0.00000000000000e+00 0.00000000000000e+00 
6.02591819754056e-04 3.55483656289006e+02 3.30555415390357e+02 3.89013875378810e+22 6.44814922287937e+19 1.48750535914776e+19 2.70105895655926e+18 1.94041852082848e+14 4.50885232814053e+19 6.08652984690394e+15 1.97285587664096e+08 3.10972113234616e+16 1.18744633810920e+18 4.61482276859912e+15 0.00000000000000e+00 0.00000000000000e+00 0.00000000000000e+00 0.00000000000000e+00 0.00000000000000e+00 0.00000000000000e+00 0.00000000000000e+00 
6.78741908722133e-04 3.53992723812935e+02 3.29637197966978e+02 3.88886028552872e+22 7.27951977725878e+19 1.63960650675568e+19 2.69171305467423e+18 2.11074105612287e+14 5.07395888969762e+19 6.15591276588197e+15 2.20208552836903e+08 2.87358801001868e+16 1.27630622802690e+18 5.69333946344494e+15 0.00000000000000e+00 0.00000000000000e+00 0.00000000000000e+00 0.00000000000000e+00 0.00000000000000e+00 0.00000000000000e+00 0.00000000000000e+00 
7.54891997690210e-04 3.52575487857775e+02 3.28767320833442e+02 3.88759264616423e+22 8.10899462443277e+19 1.78459678121606e+19 2.68072904107356e+18 2.27786113319601e+14 5.63847375651038e+19 6.22476114981296e+15 2.43046439403135e+08 2.67181332788535e+16 1.35590143269482e+18 6.83803164312925e+15 0.00000000000000e+00 0.00000000000000e+00 0.00000000000000e+00 0.00000000000000e+00 0.00000000000000e+00 0.00000000000000e+00 0.00000000000000e+00 
8.31042086658287e-04 3.51228049934630e+02 3.27942748057669e+02 3.88633526328040e+22 8.93652129459671e+19 1.92287642542988e+19 2.66893258300305e+18 2.44231815023276e+14 6.20244135483040e+19 6.29314497655425e+15 2.65806477029101e+08 2.49833548957322e+16 1.42706441650897e+18 8.03565625832382e+15 0.00000000000000e+00 0.00000000000000e+00 0.00000000000000e+00 0.00000000000000e+00 0.00000000000000e+00 0.00000000000000e+00 0.00000000000000e+00 
9.07192175626365e-04 3.49946847292407e+02 3.27160883537681e+02 3.88508762456110e+22 9.76207899992170e+19 2.05482469957843e+19 2.65669065422978e+18 2.60447627016775e+14 6.76589283659604e+19 6.36109649376754e+15 2.88492874387602e+08 2.34754473209486e+16 1.49050353073118e+18 9.27366230837963e+15 0.00000000000000e+00 0.00000000000000e+00 0.00000000000000e+00 0.00000000000000e+00 0.00000000000000e+00 0.00000000000000e+00 0.00000000000000e+00 
1.08062073118055e-03 3.47259082611541e+02 3.26419361886415e+02 3.88228020452684e+22 1.16348419214839e+20 2.33352307063877e+19 2.62827855903338e+18 2.96639910861134e+14 8.04728428056100e+19 6.51440976907374e+15 3.39909985880754e+08 2.06705987571098e+16 1.60914685726270e+18 1.21849137919709e+16 0.00000000000000e+00 0.00000000000000e+00 0.00000000000000e+00 0.00000000000000e+00 0.00000000000000e+00 0.00000000000000e+00 0.00000000000000e+00 
1.21891432853350e-03 3.45325554261161e+02 3.24869861921258e+02 3.88007275792729e+22 1.31207837052016e+20 2.53612642268878e+19 2.60596134252190e+18 3.24905222219800e+14 9.06732679489828e+19 6.63541591573655e+15 3.80688827665358e+08 1.88967867557168e+16 1.68141085586642e+18 1.45325286601906e+16 0.00000000000000e+00 0.00000000000000e+00 0.00000000000000e+00 0.00000000000000e+00 0.00000000000000e+00 0.00000000000000e+00 0.00000000000000e+00 
1.35720792588646e-03 3.43560568409174e+02 3.23760334794711e+02 3.87789071198736e+22 1.46001598826432e+20 2.72318890270195e+19 2.58397157666069e+18 3.52718614932081e+14 1.00858216254362e+20 6.75536584407999e+15 4.21292494458605e+08 1.74158717264455e+16 1.73658732372095e+18 1.68501321723618e+16 0.00000000000000e+00 0.00000000000000e+00 0.00000000000000e+00 0.00000000000000e+00 0.00000000000000e+00 0.00000000000000e+00 0.00000000000000e+00 
1.49550152323941e-03 3.41949607501498e+02 3.22751326497890e+02 3.87573221471625e+22 1.60729909041428e+20 2.89624666644052e+19 2.56223422005554e+18 3.80127816020919e+14 1.11027401998923e+20 6.87427412195614e+15 4.61739822392620e+08 1.61675175075449e+16 1.77684814725563e+18 1.91004131061325e+16 0.00000000000000e+00 0.00000000000000e+00 0.00000000000000e+00 0.00000000000000e+00 0.00000000000000e+00 0.00000000000000e+00 0.00000000000000e+00 
1.63379512059237e-03 3.40479432981078e+02 3.21833565829471e+02 3.87359561014350e+22 1.75392906870589e+20 3.05667718552272e+19 2.54076884090410e+18 4.07169162715133e+14 1.21180354548394e+20 6.99216841278737e+15 5.02045122550654e+08 1.50967806805219e+16 1.80414667282241e+18 2.12560154037249e+16 0.00000000000000e+00 0.00000000000000e+00 0.00000000000000e+00 0.00000000000000e+00 0.00000000000000e+00 0.00000000000000e+00 0.00000000000000e+00 
1.77208871794533e-03 3.39137975143443e+02 3.20998691352324e+02 3.87147941120125e+22 1.89990724603740e+20 3.20571694452092e+19 2.51962006417443e+18 4.33874383971227e+14 1.31316514446307e+20 7.10908482496590e+15 5.42221593900502e+08 1.41700941948830e+16 1.82025172666324e+18 2.32983661500540e+16 0.00000000000000e+00 0.00000000000000e+00 0.00000000000000e+00 0.00000000000000e+00 0.00000000000000e+00 0.00000000000000e+00 0.00000000000000e+00 
1.96037633664092e-03 3.37499113109292e+02 3.20239158563634e+02 3.86862865700653e+22 2.09761269921624e+20 3.39227402804949e+19 2.49134765544696e+18 4.69737258806374e+14 1.45088827889123e+20 7.26674079992029e+15 5.96733973714142e+08 1.30875201489423e+16 1.82698291232967e+18 2.58792321503371e+16 0.00000000000000e+00 0.00000000000000e+00 0.00000000000000e+00 0.00000000000000e+00 0.00000000000000e+00 0.00000000000000e+00 0.00000000000000e+00 
2.14866395533652e-03 3.36053804413606e+02 3.19314164258298e+02 3.86581033028143e+22 2.29411785813302e+20 3.56221465189729e+19 2.46366326905996e+18 5.05076732085069e+14 1.58827249092903e+20 7.42267645759847e+15 6.51049955773549e+08 1.21681527613365e+16 1.81942013644267e+18 2.82188624209632e+16 0.00000000000000e+00 0.00000000000000e+00 0.00000000000000e+00 0.00000000000000e+00 0.00000000000000e+00 0.00000000000000e+00 0.00000000000000e+00 
2.33695157403212e-03 3.34780098905664e+02 3.18501103317372e+02 3.86302187712883e+22 2.48942802454099e+20 3.71766147536113e+19 2.43654775983105e+18 5.39935527522864e+14 1.72530237626106e+20 7.57692895906148e+15 7.05187802787676e+08 1.13794463268877e+16 1.80061865006792e+18 3.03205229602252e+16 0.00000000000000e+00 0.00000000000000e+00 0.00000000000000e+00 0.00000000000000e+00 0.00000000000000e+00 0.00000000000000e+00 0.00000000000000e+00 
2.52523919272771e-03 3.33658736008535e+02 3.17786679517176e+02 3.86026110917073e+22 2.68354882998122e+20 3.86042622870398e+19 2.40999490309700e+18 5.74347850458271e+14 1.86196391233613e+20 7.72953697594208e+15 7.59162344922931e+08 1.06954805286812e+16 1.77318072897480e+18 3.21976594096975e+16 0.00000000000000e+00 0.00000000000000e+00 0.00000000000000e+00 0.00000000000000e+00 0.00000000000000e+00 0.00000000000000e+00 0.00000000000000e+00 
2.71352681142331e-03 3.32672723520142e+02 3.17159341871966e+02 3.85752614184810e+22 2.87648622610983e+20 3.99206433856047e+19 2.38400112168244e+18 6.08342347056693e+14 1.99824477882119e+20 7.88053892360137e+15 8.12985555596766e+08 1.00949231947395e+16 1.73930547054626e+18 3.38687546096502e+16 0.00000000000000e+00 0.00000000000000e+00 0.00000000000000e+00 0.00000000000000e+00 0.00000000000000e+00 0.00000000000000e+00 0.00000000000000e+00 
3.05906387481960e-03 3.31168072586787e+02 3.16608995220274e+02 3.85256910303240e+22 3.22749892665782e+20 4.20885934988341e+19 2.33772087332555e+18 6.69718492802680e+14 2.24731915254349e+20 8.15359595357627e+15 9.11399850389559e+08 9.16642471665131e+15 1.66603825662422e+18 3.64665657349967e+16 0.00000000000000e+00 0.00000000000000e+00 0.00000000000000e+00 0.00000000000000e+00 0.00000000000000e+00 0.00000000000000e+00 0.00000000000000e+00 
3.40460093821590e-03 3.29991001681639e+02 3.15771462413805e+02 3.84768534452380e+22 3.57458798859990e+20 4.39935317892963e+19 2.29322607084659e+18 7.29897723585246e+14 2.49502877510451e+20 8.42156737436490e+15 1.00938190590072e+09 8.40560504626708e+15 1.58590835831628e+18 3.85568115463875e+16 0.00000000000000e+00 0.00000000000000e+00 0.00000000000000e+00 0.00000000000000e+00 0.00000000000000e+00 0.00000000000000e+00 0.00000000000000e+00 
3.75013800161220e-03 3.29077650645959e+02 3.15118197497601e+02 3.84286843017699e+22 3.91779598139783e+20 4.56878213523742e+19 2.25044309153831e+18 7.88981200157120e+14 2.74134299565949e+20 8.68464554745335e+15 1.10696117879395e+09 7.77551062237084e+15 1.50505454471327e+18 4.02446261954405e+16 0.00000000000000e+00 0.00000000000000e+00 0.00000000000000e+00 0.00000000000000e+00 0.00000000000000e+00 0.00000000000000e+00 0.00000000000000e+00 
4.09567506500849e-03 3.28377618299744e+02 3.14612446865152e+02 3.83811351375707e+22 4.25716675909905e+20 4.72105807466743e+19 2.20929722419281e+18 8.47046320195222e+14 2.98624667898978e+20 8.94302138574340e+15 1.20415816487447e+09 7.23931147987605e+15 1.42726492915716e+18 4.16139631104190e+16 0.00000000000000e+00 0.00000000000000e+00 0.00000000000000e+00 0.00000000000000e+00 0.00000000000000e+00 0.00000000000000e+00 0.00000000000000e+00 
4.44121212840479e-03 3.27850545882029e+02 3.14225478581303e+02 3.83341684441054e+22 4.59274478335383e+20 4.85917698623717e+19 2.16971273098077e+18 9.04156987267800e+14 3.22973596886101e+20 9.19688247401007e+15 1.30098738252006e+09 6.78012673860272e+15 1.35472918220038e+18 4.27280265341744e+16 0.00000000000000e+00 0.00000000000000e+00 0.00000000000000e+00 0.00000000000000e+00 0.00000000000000e+00 0.00000000000000e+00 0.00000000000000e+00 
4.83952128557762e-03 3.27415665282173e+02 3.13934473489499e+02 3.82807132397681e+22 4.97492615902282e+20 5.00383360461801e+19 2.12592146350505e+18 9.68872807562028e+14 3.50866234454164e+20 9.48414725656824e+15 1.41216065881625e+09 6.32578446625208e+15 1.27902800639993e+18 4.37571308721406e+16 0.00000000000000e+00 0.00000000000000e+00 0.00000000000000e+00 0.00000000000000e+00 0.00000000000000e+00 0.00000000000000e+00 0.00000000000000e+00 
5.23783044275045e-03 3.27126994967181e+02 3.13694557968858e+02 3.82279557725530e+22 5.35219514354233e+20 5.13562720222050e+19 2.08399230876002e+18 1.03245575220868e+15 3.78572702667583e+20 9.76590348731781e+15 1.52285798964253e+09 5.93672604324074e+15 1.21242918931551e+18 4.45678840088401e+16 0.00000000000000e+00 0.00000000000000e+00 0.00000000000000e+00 0.00000000000000e+00 0.00000000000000e+00 0.00000000000000e+00 0.00000000000000e+00 
5.63613959992328e-03 3.26952836651003e+02 3.13535344305512e+02 3.81758669043697e+22 5.72461924042999e+20 5.25674647103754e+19 2.04381877391534e+18 1.09496272685737e+15 4.06094712046346e+20 1.00424076638560e+16 1.63308948433863e+09 5.59515265193453e+15 1.15472773607153e+18 4.52057907390666e+16 0.00000000000000e+00 0.00000000000000e+00 0.00000000000000e+00 0.00000000000000e+00 0.00000000000000e+00 0.00000000000000e+00 0.00000000000000e+00 
6.03444875709610e-03 3.26868525313761e+02 3.13439229261408e+02 3.81244231412992e+22 6.09226511401436e+20 5.36888024425832e+19 2.00529949299777e+18 1.15644012017888e+15 4.33434248107250e+20 1.03139000367143e+16 1.74285711364891e+09 5.29837577283325e+15 1.10525452269000e+18 4.57059345207418e+16 0.00000000000000e+00 0.00000000000000e+00 0.00000000000000e+00 0.00000000000000e+00 0.00000000000000e+00 0.00000000000000e+00 0.00000000000000e+00 
6.43275791426893e-03 3.26854694620611e+02 3.13392567513480e+02 3.80736049624238e+22 6.45519847687004e+20 5.47336450623265e+19 1.96833952554248e+18 1.21692690549745e+15 4.60593312171804e+20 1.05805848218322e+16 1.85214469767800e+09 5.03434951671264e+15 1.06310967309596e+18 4.60948437952046e+16 0.00000000000000e+00 0.00000000000000e+00 0.00000000000000e+00 0.00000000000000e+00 0.00000000000000e+00 0.00000000000000e+00 0.00000000000000e+00 
6.94591415462656e-03 3.26916972844501e+02 3.13384676592219e+02 3.80090298231444e+22 6.91593626481111e+20 5.59838568683660e+19 1.92287863202794e+18 1.29345017707110e+15 4.95320339649611e+20 1.09174274878341e+16 1.99223898996232e+09 4.73567179615818e+15 1.01807280506163e+18 4.64651973268100e+16 0.00000000000000e+00 0.00000000000000e+00 0.00000000000000e+00 0.00000000000000e+00 0.00000000000000e+00 0.00000000000000e+00 0.00000000000000e+00 
7.45907039498419e-03 3.27045860086568e+02 3.13418565210981e+02 3.79454346261089e+22 7.36909458735094e+20 5.71433150656381e+19 1.87968342949196e+18 1.36845270952864e+15 5.29754693861751e+20 1.12470611330921e+16 2.13152670003862e+09 4.47588493858444e+15 9.81692332035329e+17 4.67221734814047e+16 0.00000000000000e+00 0.00000000000000e+00 0.00000000000000e+00 0.00000000000000e+00 0.00000000000000e+00 0.00000000000000e+00 0.00000000000000e+00 
7.97222663534181e-03 3.27222749710018e+02 3.13489104482809e+02 3.78827928068018e+22 7.81480565126166e+20 5.82263884598143e+19 1.83859502675395e+18 1.44198997532451e+15 5.63899691968494e+20 1.15698598251744e+16 2.26999048436526e+09 4.24773094143103e+15 9.52260742653523e+17 4.68924372742298e+16 0.00000000000000e+00 0.00000000000000e+00 0.00000000000000e+00 0.00000000000000e+00 0.00000000000000e+00 0.00000000000000e+00 0.00000000000000e+00 
8.48538287569944e-03 3.27434246140318e+02 3.13586083746137e+02 3.78210812185145e+22 8.25319821324208e+20 5.92442096346045e+19 1.79946558556815e+18 1.51411208329621e+15 5.97758202223282e+20 1.18861995812140e+16 2.40763181143479e+09 4.04504646613282e+15 9.28327219674046e+17 4.69968125976385e+16 0.00000000000000e+00 0.00000000000000e+00 0.00000000000000e+00 0.00000000000000e+00 0.00000000000000e+00 0.00000000000000e+00 0.00000000000000e+00 
8.99853911605706e-03 3.27670532214846e+02 3.13702157415861e+02 3.77602790799768e+22 8.68439781334828e+20 6.02056350699687e+19 1.76216324278813e+18 1.58486492505322e+15 6.31332693271776e+20 1.21963820126974e+16 2.54442702793088e+09 3.86410889271458e+15 9.08723781859613e+17 4.70499404222530e+16 0.00000000000000e+00 0.00000000000000e+00 0.00000000000000e+00 0.00000000000000e+00 0.00000000000000e+00 0.00000000000000e+00 0.00000000000000e+00 
9.86327433640008e-03 3.28106580011986e+02 3.13831943540878e+02 3.76598259201878e+22 9.39508873871959e+20 6.17166264192599e+19 1.70310599966520e+18 1.70110654240571e+15 6.87273212841522e+20 1.27059971857058e+16 2.77301677993133e+09 3.59967978278397e+15 8.83144453608945e+17 4.70522860709462e+16 0.00000000000000e+00 0.00000000000000e+00 0.00000000000000e+00 0.00000000000000e+00 0.00000000000000e+00 0.00000000000000e+00 0.00000000000000e+00 
1.07280095567431e-02 3.28568898062057e+02 3.14071691899305e+02 3.75618197862503e+22 1.00862665014907e+21 6.31137290894602e+19 1.64837944971682e+18 1.81375658900066e+15 7.42421995188816e+20 1.32002665865699e+16 2.99914572866001e+09 3.37572396070352e+15 8.64112946192630e+17 4.69788331929328e+16 0.00000000000000e+00 0.00000000000000e+00 0.00000000000000e+00 0.00000000000000e+00 0.00000000000000e+00 0.00000000000000e+00 0.00000000000000e+00 
1.15927447770861e-02 3.29043121491525e+02 3.14326176118474e+02 3.74661871014254e+22 1.07584759714351e+21 6.44158624474390e+19 1.59753768682001e+18 1.92297640175155e+15 7.96786473754381e+20 1.36803166841984e+16 3.22277992294671e+09 3.18386323816534e+15 8.49539030378260e+17 4.68551744478552e+16 0.00000000000000e+00 0.00000000000000e+00 0.00000000000000e+00 0.00000000000000e+00 0.00000000000000e+00 0.00000000000000e+00 0.00000000000000e+00 
1.24574799974291e-02 3.29521593843909e+02 3.14587502239037e+02 3.73728615293628e+22 1.14122395764590e+21 6.56361899589611e+19 1.55019393673503e+18 2.02891517650282e+15 8.50373075509817e+20 1.41471313626758e+16 3.44389726452487e+09 3.01702140683937e+15 8.38144218327759e+17 4.66973170389186e+16 0.00000000000000e+00 0.00000000000000e+00 0.00000000000000e+00 0.00000000000000e+00 0.00000000000000e+00 0.00000000000000e+00 0.00000000000000e+00 
1.33222152177722e-02 3.29999945145308e+02 3.14851455128695e+02 3.72817817637735e+22 1.20480592596586e+21 6.67844431343962e+19 1.50601080563805e+18 2.13171277688702e+15 9.03187707199506e+20 1.46015747763487e+16 3.66248191928013e+09 2.87075239720055e+15 8.29095585897985e+17 4.65156131569594e+16 0.00000000000000e+00 0.00000000000000e+00 0.00000000000000e+00 0.00000000000000e+00 0.00000000000000e+00 0.00000000000000e+00 0.00000000000000e+00 
1.46513381786661e-02 3.30729326932094e+02 3.15115621907243e+02 3.71460380303637e+22 1.29914440093982e+21 6.84253185952316e+19 1.44359502408090e+18 2.28388364783099e+15 9.82873123411853e+20 1.52776704448073e+16 3.99348843352406e+09 2.67813642193522e+15 8.18536453912899e+17 4.62059052859317e+16 0.00000000000000e+00 0.00000000000000e+00 0.00000000000000e+00 0.00000000000000e+00 0.00000000000000e+00 0.00000000000000e+00 0.00000000000000e+00 
1.59804611395600e-02 3.31446257820185e+02 3.15518951335305e+02 3.70152683472607e+22 1.38952497069849e+21 6.99350690915321e+19 1.38704458352446e+18 2.42936337153468e+15 1.06076842972811e+21 1.59286478404637e+16 4.31844828268698e+09 2.51686335554580e+15 8.10781232173860e+17 4.58743259687682e+16 0.00000000000000e+00 0.00000000000000e+00 0.00000000000000e+00 0.00000000000000e+00 0.00000000000000e+00 0.00000000000000e+00 0.00000000000000e+00 
1.73095841004540e-02 3.32148426103513e+02 3.15916014702916e+02 3.68892895399016e+22 1.47610700584710e+21 7.13294557761365e+19 1.33559355845559e+18 2.56855364333236e+15 1.13689368634871e+21 1.65565154100672e+16 4.63734208975736e+09 2.37848874182242e+15 8.05004843980054e+17 4.55335832806609e+16 0.00000000000000e+00 0.00000000000000e+00 0.00000000000000e+00 0.00000000000000e+00 0.00000000000000e+00 0.00000000000000e+00 0.00000000000000e+00 
1.86387070613479e-02 3.32835331702420e+02 3.16305492231234e+02 3.67679296337620e+22 1.55904174552964e+21 7.26203280505431e+19 1.28862778877283e+18 2.70181195039624e+15 1.21126926206808e+21 1.71628534907902e+16 4.95016460557795e+09 2.25972407491204e+15 8.00746844729308e+17 4.51882773580695e+16 0.00000000000000e+00 0.00000000000000e+00 0.00000000000000e+00 0.00000000000000e+00 0.00000000000000e+00 0.00000000000000e+00 0.00000000000000e+00 
1.99678300222418e-02 3.33506913671310e+02 3.16687066642585e+02 3.66510252756669e+22 1.63847331876971e+21 7.38175023411806e+19 1.24560476801514e+18 2.82946872682512e+15 1.28391605731289e+21 1.77491084669105e+16 5.25691682674793e+09 2.15594488895649e+15 7.97669143486802e+17 4.48440071725270e+16 0.00000000000000e+00 0.00000000000000e+00 0.00000000000000e+00 0.00000000000000e+00 0.00000000000000e+00 0.00000000000000e+00 0.00000000000000e+00 
2.22190230315953e-02 3.34609385908657e+02 3.17060665062002e+02 3.64627521279118e+22 1.76539841026018e+21 7.56545897948024e+19 1.18047757878371e+18 3.03373426784270e+15 1.40307844953225e+21 1.86995507453507e+16 5.76265600156675e+09 2.00761586143051e+15 7.94437674296813e+17 4.42718065938338e+16 0.00000000000000e+00 0.00000000000000e+00 0.00000000000000e+00 0.00000000000000e+00 0.00000000000000e+00 0.00000000000000e+00 0.00000000000000e+00 
2.44702160409487e-02 3.35668131367505e+02 3.17675110893880e+02 3.62860975622414e+22 1.88329808168376e+21 7.72819334690330e+19 1.12361580623853e+18 3.22409116877809e+15 1.51745216670898e+21 1.96004276121111e+16 6.25108200644847e+09 1.88649227393945e+15 7.92971624786422e+17 4.37201890529270e+16 0.00000000000000e+00 0.00000000000000e+00 0.00000000000000e+00 0.00000000000000e+00 0.00000000000000e+00 0.00000000000000e+00 0.00000000000000e+00 
2.67214090503022e-02 3.36683966382764e+02 3.18266519528071e+02 3.61203875453619e+22 1.99276416200023e+21 7.87274140269792e+19 1.07360097598196e+18 3.40172681463376e+15 1.62715034845326e+21 2.04556979012084e+16 6.72231768568323e+09 1.78446889625660e+15 7.92712899297505e+17 4.31960479276996e+16 0.00000000000000e+00 0.00000000000000e+00 0.00000000000000e+00 0.00000000000000e+00 0.00000000000000e+00 0.00000000000000e+00 0.00000000000000e+00 
2.89726020596557e-02 3.37657857342796e+02 3.18835180665826e+02 3.59649903486729e+22 2.09434857958260e+21 8.00135248826292e+19 1.02938779710412e+18 3.56767690471244e+15 1.73229068155971e+21 2.12683044263892e+16 7.17653110729623e+09 1.69810761341972e+15 7.93332145666868e+17 4.27006561723914e+16 0.00000000000000e+00 0.00000000000000e+00 0.00000000000000e+00 0.00000000000000e+00 0.00000000000000e+00 0.00000000000000e+00 0.00000000000000e+00 
3.12237950690091e-02 3.38590755658958e+02 3.19381480177608e+02 3.58193102963316e+22 2.18856823166772e+21 8.11595247598484e+19 9.90049775467445e+17 3.72283606294250e+15 1.83299472700057e+21 2.20410566651711e+16 7.61393004382958e+09 1.62425596228285e+15 7.94604931751934e+17 4.22352319405604e+16 0.00000000000000e+00 0.00000000000000e+00 0.00000000000000e+00 0.00000000000000e+00 0.00000000000000e+00 0.00000000000000e+00 0.00000000000000e+00 
3.64444725945572e-02 3.40601599881614e+02 3.19905807251266e+02 3.55158645362376e+22 2.38129763124703e+21 8.33631127394423e+19 9.13993817446202e+17 4.04534787458213e+15 2.05015949486501e+21 2.36912892625971e+16 8.56500169128241e+09 1.48754478920101e+15 7.99143350257162e+17 4.12736330061715e+16 0.00000000000000e+00 0.00000000000000e+00 0.00000000000000e+00 0.00000000000000e+00 0.00000000000000e+00 0.00000000000000e+00 0.00000000000000e+00 
4.07537009170720e-02 3.42108080172958e+02 3.21039364286935e+02 3.52979204083502e+22 2.51639706726094e+21 8.47977237945033e+19 8.63620170659978e+17 4.27730781321628e+15 2.21306713964449e+21 2.49169754215310e+16 9.28549117791149e+09 1.40061811746114e+15 8.03707704418505e+17 4.05963855966098e+16 0.00000000000000e+00 0.00000000000000e+00 0.00000000000000e+00 0.00000000000000e+00 0.00000000000000e+00 0.00000000000000e+00 0.00000000000000e+00 
4.50629292395869e-02 3.43484284131049e+02 3.21891604617926e+02 3.51059259433687e+22 2.63271836595768e+21 8.59558186189858e+19 8.21851053465880e+17 4.48248948371137e+15 2.36216624598747e+21 2.60306304342979e+16 9.95019671268957e+09 1.33086524637855e+15 8.08663958427101e+17 4.00135923216426e+16 0.00000000000000e+00 0.00000000000000e+00 0.00000000000000e+00 0.00000000000000e+00 0.00000000000000e+00 0.00000000000000e+00 0.00000000000000e+00 
4.93721575621018e-02 3.44738164939029e+02 3.22672376894789e+02 3.49369917934166e+22 2.73264688781273e+21 8.68900780105496e+19 7.86825594724344e+17 4.66411848598971e+15 2.49836385316241e+21 2.70416639988873e+16 1.05617934747427e+10 1.27364112692844e+15 8.13782100230416e+17 3.95167748015455e+16 0.00000000000000e+00 0.00000000000000e+00 0.00000000000000e+00 0.00000000000000e+00 0.00000000000000e+00 0.00000000000000e+00 0.00000000000000e+00 
5.36813858846166e-02 3.45877810806693e+02 3.23385592439303e+02 3.47885154693916e+22 2.81829807307783e+21 8.76430916422689e+19 7.57265586663308e+17 4.82499336251833e+15 2.62255200328696e+21 2.79583018495216e+16 1.11231191331147e+10 1.22610735424641e+15 8.18878828380421e+17 3.90964711034042e+16 0.00000000000000e+00 0.00000000000000e+00 0.00000000000000e+00 0.00000000000000e+00 0.00000000000000e+00 0.00000000000000e+00 0.00000000000000e+00 
5.79906142071315e-02 3.46911390257042e+02 3.24035343660868e+02 3.46581565172618e+22 2.89154567350269e+21 8.82492663280511e+19 7.32047717110164e+17 4.96763856938022e+15 2.73559801301111e+21 2.87886030738434e+16 1.16371050035032e+10 1.18563806611784e+15 8.23800278627048e+17 3.87433327722060e+16 0.00000000000000e+00 0.00000000000000e+00 0.00000000000000e+00 0.00000000000000e+00 0.00000000000000e+00 0.00000000000000e+00 0.00000000000000e+00 
6.75072592895676e-02 3.48856438360775e+02 3.24625861136310e+02 3.44247556575972e+22 3.01692841297410e+21 8.91888190677258e+19 6.88411789379638e+17 5.22786377720503e+15 2.94981163530404e+21 3.03494421780726e+16 1.26189019206366e+10 1.11635715159152e+15 8.33971692533891e+17 3.81627584838682e+16 0.00000000000000e+00 0.00000000000000e+00 0.00000000000000e+00 0.00000000000000e+00 0.00000000000000e+00 0.00000000000000e+00 0.00000000000000e+00 
7.70239043720038e-02 3.50403507082621e+02 3.25740298139501e+02 3.42508803156653e+22 3.10415078120844e+21 8.97520938711120e+19 6.56729114266347e+17 5.42793991309930e+15 3.12202711190241e+21 3.15914563101854e+16 1.34155632710958e+10 1.06607927395012e+15 8.42909678138284e+17 3.77896638343029e+16 0.00000000000000e+00 0.00000000000000e+00 0.00000000000000e+00 0.00000000000000e+00 0.00000000000000e+00 0.00000000000000e+00 0.00000000000000e+00 
8.65405494544400e-02 3.51626383895065e+02 3.26629634862579e+02 3.41216179847945e+22 3.16427471154871e+21 9.00764418521489e+19 6.33381900977238e+17 5.58188781695637e+15 3.25967818949450e+21 3.25744345183532e+16 1.40569662846038e+10 1.02891734979995e+15 8.50628085850909e+17 3.75606610757181e+16 0.00000000000000e+00 0.00000000000000e+00 0.00000000000000e+00 0.00000000000000e+00 0.00000000000000e+00 0.00000000000000e+00 0.00000000000000e+00 
9.60571945368762e-02 3.52587803800608e+02 3.27334424337218e+02 3.40257980981771e+22 3.20519344159688e+21 9.02493794267176e+19 6.15968395539240e+17 5.70016397369065e+15 3.36914917917202e+21 3.33486282583486e+16 1.45699337959016e+10 1.00098554038089e+15 8.57188063643693e+17 3.74315161947570e+16 0.00000000000000e+00 0.00000000000000e+00 0.00000000000000e+00 0.00000000000000e+00 0.00000000000000e+00 0.00000000000000e+00 0.00000000000000e+00 
1.05573839619312e-01 3.53339922348633e+02 3.27889640292718e+02 3.39550217144494e+22 3.23256146144643e+21 9.03283202079887e+19 6.02852960319477e+17 5.79094744152653e+15 3.45581723622173e+21 3.39557086613574e+16 1.49777986907274e+10 9.79678825581987e+14 8.62666494233130e+17 3.73706419121815e+16 0.00000000000000e+00 0.00000000000000e+00 0.00000000000000e+00 0.00000000000000e+00 0.00000000000000e+00 0.00000000000000e+00 0.00000000000000e+00 
1.18863105642252e-01 3.54117763347621e+02 3.28324661588237e+02 3.38867176730275e+22 3.25535749596819e+21 9.03467485693656e+19 5.89665286745861e+17 5.88326729553549e+15 3.54680381415984e+21 3.45857718880056e+16 1.54075700022731e+10 9.57854392103390e+14 8.68731325881947e+17 3.73596781397628e+16 0.00000000000000e+00 0.00000000000000e+00 0.00000000000000e+00 0.00000000000000e+00 0.00000000000000e+00 0.00000000000000e+00 0.00000000000000e+00 
1.32152371665193e-01 3.54662968941343e+02 3.28775175491438e+02 3.38423712092532e+22 3.26731999714849e+21 9.03140798121052e+19 5.80754334026219e+17 5.94701465930734e+15 3.61164034608190e+21 3.50288358499954e+16 1.57147439733312e+10 9.42996843793047e+14 8.73366753582614e+17 3.73899105199217e+16 0.00000000000000e+00 0.00000000000000e+00 0.00000000000000e+00 0.00000000000000e+00 0.00000000000000e+00 0.00000000000000e+00 0.00000000000000e+00 
1.45441637688133e-01 3.55044159082636e+02 3.29091317719806e+02 3.38135270239004e+22 3.27320337094403e+21 9.02651216938828e+19 5.74483397186193e+17 5.99118692582219e+15 3.65766171463478e+21 3.53402262983634e+16 1.59332383869790e+10 9.32231823962616e+14 8.76759310150462e+17 3.74385843593160e+16 0.00000000000000e+00 0.00000000000000e+00 0.00000000000000e+00 0.00000000000000e+00 0.00000000000000e+00 0.00000000000000e+00 0.00000000000000e+00 
1.58730903711073e-01 3.55309681892043e+02 3.29312530536110e+02 3.37948406459090e+22 3.27568408064510e+21 9.02129372195290e+19 5.70267271224308e+17 6.02167213545564e+15 3.69017786650330e+21 3.55575236827924e+16 1.60877830426332e+10 9.24921660515420e+14 8.79281586731751e+17 3.74879560642998e+16 0.00000000000000e+00 0.00000000000000e+00 0.00000000000000e+00 0.00000000000000e+00 0.00000000000000e+00 0.00000000000000e+00 0.00000000000000e+00 
1.72020169734013e-01 3.55493611031458e+02 3.29466702593635e+02 3.37828393447251e+22 3.27630480748074e+21 9.01655307448980e+19 5.67283871672007e+17 6.04266535424651e+15 3.71303399747856e+21 3.57089194828702e+16 1.61965093253782e+10 9.19630438363335e+14 8.81103172578860e+17 3.75361595032498e+16 0.00000000000000e+00 0.00000000000000e+00 0.00000000000000e+00 0.00000000000000e+00 0.00000000000000e+00 0.00000000000000e+00 0.00000000000000e+00 
1.92497603793247e-01 3.55668804674415e+02 3.29573536689711e+02 3.37726075540066e+22 3.27549515021600e+21 9.01054204922988e+19 5.64488074548222e+17 6.06254393908066e+15 3.73523677804151e+21 3.58537674137330e+16 1.63021347262452e+10 9.14579016665187e+14 8.82958355484749e+17 3.75969548495959e+16 0.00000000000000e+00 0.00000000000000e+00 0.00000000000000e+00 0.00000000000000e+00 0.00000000000000e+00 0.00000000000000e+00 0.00000000000000e+00 
2.12975037852481e-01 3.55767310050882e+02 3.29675322863184e+02 3.37675072820707e+22 3.27427351663875e+21 9.00637911188760e+19 5.62880835123706e+17 6.07373625256213e+15 3.74796357133028e+21 3.59357872821044e+16 1.63626865642230e+10 9.11574360382006e+14 8.84043965291095e+17 3.76411957818253e+16 0.00000000000000e+00 0.00000000000000e+00 0.00000000000000e+00 0.00000000000000e+00 0.00000000000000e+00 0.00000000000000e+00 0.00000000000000e+00 
2.33452471911716e-01 3.55823888031460e+02 3.29732563901815e+02 3.37648318648287e+22 3.27327422603040e+21 9.00367979983061e+19 5.61955270807618e+17 6.08017276747069e+15 3.75536673289627e+21 3.59830721824908e+16 1.63979075231377e+10 9.09837795530950e+14 8.84692713367970e+17 3.76701391132431e+16 0.00000000000000e+00 0.00000000000000e+00 0.00000000000000e+00 0.00000000000000e+00 0.00000000000000e+00 0.00000000000000e+00 0.00000000000000e+00 
2.53929905970950e-01 3.55856261046046e+02 3.29765444177386e+02 3.37634445301334e+22 3.27253209894437e+21 9.00200197361100e+19 5.61362698758377e+17 6.08391561665784e+15 3.75965925296899e+21 3.60104298659326e+16 1.64183355810304e+10 9.08668273524839e+14 8.85042509355134e+17 3.76908359361041e+16 0.00000000000000e+00 0.00000000000000e+00 0.00000000000000e+00 0.00000000000000e+00 0.00000000000000e+00 0.00000000000000e+00 0.00000000000000e+00 
2.74407340030184e-01 3.55874297172237e+02 3.29784258312658e+02 3.37627888030947e+22 3.27198321925536e+21 9.00086882676144e+19 5.61113699633250e+17 6.08593968720376e+15 3.76209083208503e+21 3.60254853811685e+16 1.64298834332943e+10 9.08214493826024e+14 8.85290986970291e+17 3.77012317989667e+16 0.00000000000000e+00 0.00000000000000e+00 0.00000000000000e+00 0.00000000000000e+00 0.00000000000000e+00 0.00000000000000e+00 0.00000000000000e+00 
3.14651821923455e-01 3.55891392728864e+02 3.29794740120778e+02 3.37622931649064e+22 3.27131301616729e+21 8.99969037699790e+19 5.60789434863141e+17 6.08793037055585e+15 3.76444609985725e+21 3.60401231107996e+16 1.64410725967838e+10 9.07494455478017e+14 8.85480925476505e+17 3.77160983656326e+16 0.00000000000000e+00 0.00000000000000e+00 0.00000000000000e+00 0.00000000000000e+00 0.00000000000000e+00 0.00000000000000e+00 0.00000000000000e+00 
3.54896303816726e-01 3.55895238517117e+02 3.29804674778479e+02 3.37622874803840e+22 3.27103766060935e+21 8.99928011432992e+19 5.60735181819051e+17 6.08834442522626e+15 3.76501625382303e+21 3.60434360734777e+16 1.64437732805215e+10 9.07421338775014e+14 8.85555501458413e+17 3.77201548917378e+16 0.00000000000000e+00 0.00000000000000e+00 0.00000000000000e+00 0.00000000000000e+00 0.00000000000000e+00 0.00000000000000e+00 0.00000000000000e+00 
3.95140785709998e-01 3.55895476516237e+02 3.29806909024615e+02 3.37623388225582e+22 3.27096098102727e+21 8.99915997041141e+19 5.60776075834141e+17 6.08828174707332e+15 3.76506911811038e+21 3.60435407832866e+16 1.64440153342755e+10 9.07547597306174e+14 8.85600331225690e+17 3.77191617921945e+16 0.00000000000000e+00 0.00000000000000e+00 0.00000000000000e+00 0.00000000000000e+00 0.00000000000000e+00 0.00000000000000e+00 0.00000000000000e+00 
4.35385267603269e-01 3.55895306152525e+02 3.29807046995210e+02 3.37623566428063e+22 3.27095185418450e+21 8.99916333272346e+19 5.60763776449116e+17 6.08826068830409e+15 3.76505171792263e+21 3.60434557652803e+16 1.64439347553569e+10 9.07508199338678e+14 8.85589981589275e+17 3.77198071219670e+16 0.00000000000000e+00 0.00000000000000e+00 0.00000000000000e+00 0.00000000000000e+00 0.00000000000000e+00 0.00000000000000e+00 0.00000000000000e+00 
5.64511975286759e-01 3.55895389770443e+02 3.29806947888342e+02 3.37623525898317e+22 3.27095013275316e+21 8.99917325342482e+19 5.60743595481277e+17 6.08832313728710e+15 3.76506315916933e+21 3.60435819712840e+16 1.64439913776107e+10 9.07436331323031e+14 8.85572152720543e+17 3.77207467315830e+16 0.00000000000000e+00 0.00000000000000e+00 0.00000000000000e+00 0.00000000000000e+00 0.00000000000000e+00 0.00000000000000e+00 0.00000000000000e+00 
6.93638682970250e-01 3.55895440273312e+02 3.29806996483942e+02 3.37623490400255e+22 3.27095066987081e+21 8.99916783978113e+19 5.60748693148022e+17 6.08831485527970e+15 3.76506925875061e+21 3.60436069371191e+16 1.64440216280046e+10 9.07465061608844e+14 8.85580378990375e+17 3.77204604986296e+16 0.00000000000000e+00 0.00000000000000e+00 0.00000000000000e+00 0.00000000000000e+00 0.00000000000000e+00 0.00000000000000e+00 0.00000000000000e+00 
8.22765390653741e-01 3.55895442480972e+02 3.29807025847271e+02 3.37623492680281e+22 3.27095017612083e+21 8.99917439873248e+19 5.60740397251708e+17 6.08834255402583e+15 3.76506970824086e+21 3.60436327925985e+16 1.64440238418711e+10 9.07420599839857e+14 8.85569083012829e+17 3.77208834402358e+16 0.00000000000000e+00 0.00000000000000e+00 0.00000000000000e+00 0.00000000000000e+00 0.00000000000000e+00 0.00000000000000e+00 0.00000000000000e+00 
1.49786742486250e+00 3.55895439264215e+02 3.29807027128203e+02 3.37623494912843e+22 3.27095009298083e+21 8.99917546563515e+19 5.60739967639574e+17 6.08834990938845e+15 3.76506941569208e+21 3.60436313076933e+16 1.64440217223838e+10 9.07410060117813e+14 8.85566342268380e+17 3.77209151071535e+16 0.00000000000000e+00 0.00000000000000e+00 0.00000000000000e+00 0.00000000000000e+00 0.00000000000000e+00 0.00000000000000e+00 0.00000000000000e+00 
2.17296945907126e+00 3.55895447381558e+02 3.29807025256389e+02 3.37623487475757e+22 3.27095027193651e+21 8.99917046496059e+19 5.60743795568238e+17 6.08832367392574e+15 3.76507060576893e+21 3.60436270856430e+16 1.64440263721143e+10 9.07452011349634e+14 8.85577164790381e+17 3.77206909446445e+16 0.00000000000000e+00 0.00000000000000e+00 0.00000000000000e+00 0.00000000000000e+00 0.00000000000000e+00 0.00000000000000e+00 0.00000000000000e+00 
2.84807149328002e+00 3.55895442379880e+02 3.29807029972070e+02 3.37623491256856e+22 3.27095029065804e+21 8.99917378367248e+19 5.60741892463360e+17 6.08834340512252e+15 3.76506977357094e+21 3.60436280718441e+16 1.64440231616773e+10 9.07420202977453e+14 8.85569035747365e+17 3.77208119010388e+16 0.00000000000000e+00 0.00000000000000e+00 0.00000000000000e+00 0.00000000000000e+00 0.00000000000000e+00 0.00000000000000e+00 0.00000000000000e+00 
6.36404405847929e+00 3.55895441911798e+02 3.29807027068124e+02 3.37623490661153e+22 3.27095041889515e+21 8.99917372618027e+19 5.60742543473281e+17 6.08834492272684e+15 3.76506963793087e+21 3.60436255995303e+16 1.64440226167588e+10 9.07417953384195e+14 8.85568480998949e+17 3.77207794857310e+16 0.00000000000000e+00 0.00000000000000e+00 0.00000000000000e+00 0.00000000000000e+00 0.00000000000000e+00 0.00000000000000e+00 0.00000000000000e+00 
9.88001662367855e+00 3.55895446462306e+02 3.29807026797325e+02 3.37623488871343e+22 3.27095018019041e+21 8.99917128521858e+19 5.60742842906036e+17 6.08832685330563e+15 3.76507049987069e+21 3.60436291967669e+16 1.64440260025921e+10 9.07446535708208e+14 8.85575734357010e+17 3.77207452249331e+16 0.00000000000000e+00 0.00000000000000e+00 0.00000000000000e+00 0.00000000000000e+00 0.00000000000000e+00 0.00000000000000e+00 0.00000000000000e+00 
1.33959891888778e+01 3.55895443692133e+02 3.29807029437561e+02 3.37623489403590e+22 3.27095040827483e+21 8.99917279850018e+19 5.60743057503752e+17 6.08833948193633e+15 3.76506992168716e+21 3.60436256878555e+16 1.64440237486225e+10 9.07426572058064e+14 8.85570699562343e+17 3.77207450878932e+16 0.00000000000000e+00 0.00000000000000e+00 0.00000000000000e+00 0.00000000000000e+00 0.00000000000000e+00 0.00000000000000e+00 0.00000000000000e+00 
3.59669323714532e+01 3.55895443293022e+02 3.29807027831214e+02 3.37623489047727e+22 3.27095049888910e+21 8.99917296939676e+19 5.60743369215329e+17 6.08834181575403e+15 3.76506981052538e+21 3.60436242787125e+16 1.64440233050969e+10 9.07422927814225e+14 8.85569794344526e+17 3.77207275728602e+16 0.00000000000000e+00 0.00000000000000e+00 0.00000000000000e+00 0.00000000000000e+00 0.00000000000000e+00 0.00000000000000e+00 0.00000000000000e+00 
5.85378755540286e+01 3.55895446254962e+02 3.29807027600257e+02 3.37623489134387e+22 3.27095016966623e+21 8.99917142579366e+19 5.60742726727949e+17 6.08832756253281e+15 3.76507046681935e+21 3.60436293580800e+16 1.64440258931148e+10 9.07445338457339e+14 8.85575425072964e+17 3.77207549156755e+16 0.00000000000000e+00 0.00000000000000e+00 0.00000000000000e+00 0.00000000000000e+00 0.00000000000000e+00 0.00000000000000e+00 0.00000000000000e+00 
8.11088187366040e+01 3.55895444202085e+02 3.29807029317153e+02 3.37623488863978e+22 3.27095042790143e+21 8.99917249384757e+19 5.60743318805646e+17 6.08833792848957e+15 3.76506999428260e+21 3.60436253541132e+16 1.64440240310648e+10 9.07429049398048e+14 8.85571340816256e+17 3.77207261478673e+16 0.00000000000000e+00 0.00000000000000e+00 0.00000000000000e+00 0.00000000000000e+00 0.00000000000000e+00 0.00000000000000e+00 0.00000000000000e+00 
1.81108818736604e+02 3.55895444298271e+02 3.29807028127503e+02 3.37623488771741e+22 3.27095043051149e+21 8.99917243822553e+19 5.60743361025413e+17 6.08833762553997e+15 3.76507000839446e+21 3.60436253125694e+16 1.64440240859377e+10 9.07429531984213e+14 8.85571464967295e+17 3.77207221976856e+16 0.00000000000000e+00 0.00000000000000e+00 0.00000000000000e+00 0.00000000000000e+00 0.00000000000000e+00 0.00000000000000e+00 0.00000000000000e+00 
2.81108818736604e+02 3.55895445789247e+02 3.29807028183381e+02 3.37623489110777e+22 3.27095022329208e+21 8.99917167052902e+19 5.60742837640606e+17 6.08832985323235e+15 3.76507036218197e+21 3.60436285265089e+16 1.64440254824856e+10 9.07441732315596e+14 8.85574520001026e+17 3.77207507299030e+16 0.00000000000000e+00 0.00000000000000e+00 0.00000000000000e+00 0.00000000000000e+00 0.00000000000000e+00 0.00000000000000e+00 0.00000000000000e+00 
3.81108818736604e+02 3.55895444828333e+02 3.29807029047226e+02 3.37623488840798e+22 3.27095036425472e+21 8.99917216441802e+19 5.60743210813928e+17 6.08833497528283e+15 3.76507012979443e+21 3.60436263365028e+16 1.64440245652489e+10 9.07433693116124e+14 8.85572508603898e+17 3.77207293840733e+16 0.00000000000000e+00 0.00000000000000e+00 0.00000000000000e+00 0.00000000000000e+00 0.00000000000000e+00 0.00000000000000e+00 0.00000000000000e+00 
4.81108818736604e+02 3.55895445968051e+02 3.29807028490565e+02 3.37623489152189e+22 3.27095019834690e+21 8.99917157851396e+19 5.60742774467490e+17 6.08832891872061e+15 3.76507040466247e+21 3.60436289134317e+16 1.64440256505175e+10 9.07443198091899e+14 8.85574887078808e+17 3.77207543599784e+16 0.00000000000000e+00 0.00000000000000e+00 0.00000000000000e+00 0.00000000000000e+00 0.00000000000000e+00 0.00000000000000e+00 0.00000000000000e+00 
5.81108818736604e+02 3.55895444884016e+02 3.29807029150820e+02 3.37623488840212e+22 3.27095035839896e+21 8.99917213539489e+19 5.60743200263831e+17 6.08833471228381e+15 3.76507014190329e+21 3.60436264267124e+16 1.64440246129817e+10 9.07434106331955e+14 8.85572612436916e+17 3.77207295795594e+16 0.00000000000000e+00 0.00000000000000e+00 0.00000000000000e+00 0.00000000000000e+00 0.00000000000000e+00 0.00000000000000e+00 0.00000000000000e+00 
6.81108818736604e+02 3.55895445991247e+02 3.29807028522846e+02 3.37623489165187e+22 3.27095019399658e+21 8.99917156675342e+19 5.60742760998572e+17 6.08832878168343e+15 3.76507041084236e+21 3.60436289812091e+16 1.64440256749443e+10 9.07443412991409e+14 8.85574940700487e+17 3.77207553820270e+16 0.00000000000000e+00 0.00000000000000e+00 0.00000000000000e+00 0.00000000000000e+00 0.00000000000000e+00 0.00000000000000e+00 0.00000000000000e+00 
7.81108818736604e+02 3.55895444886370e+02 3.29807029164248e+02 3.37623488832939e+22 3.27095035918747e+21 8.99917213399572e+19 5.60743204737644e+17 6.08833471605308e+15 3.76507014179305e+21 3.60436264141324e+16 1.64440246125282e+10 9.07434100752044e+14 8.85572611232706e+17 3.77207290573690e+16 0.00000000000000e+00 0.00000000000000e+00 0.00000000000000e+00 0.00000000000000e+00 0.00000000000000e+00 0.00000000000000e+00 0.00000000000000e+00 
8.81108818736604e+02 3.55895445997993e+02 3.29807028524221e+02 3.37623489173214e+22 3.27095019212465e+21 8.99917156342660e+19 5.60742754199687e+17 6.08832873312650e+15 3.76507041300776e+21 3.60436290105404e+16 1.64440256835089e+10 9.07443488972002e+14 8.85574959571192e+17 3.77207560021567e+16 0.00000000000000e+00 0.00000000000000e+00 0.00000000000000e+00 0.00000000000000e+00 0.00000000000000e+00 0.00000000000000e+00 0.00000000000000e+00 
9.81108818736604e+02 3.55895444882149e+02 3.29807029168146e+02 3.37623488826254e+22 3.27095036060086e+21 8.99917213604531e+19 5.60743210137545e+17 6.08833474991591e+15 3.76507014028949e+21 3.60436263919405e+16 1.64440246065780e+10 9.07434047802512e+14 8.85572598108413e+17 3.77207285347031e+16 0.00000000000000e+00 0.00000000000000e+00 0.00000000000000e+00 0.00000000000000e+00 0.00000000000000e+00 0.00000000000000e+00 0.00000000000000e+00 
1.00000000000000e+03 3.55895445353197e+02 3.29807028521784e+02 3.37623488973085e+22 3.27095028937595e+21 8.99917189374917e+19 5.60743016824819e+17 6.08833220162623e+15 3.76507025557074e+21 3.60436275003671e+16 1.64440250615782e+10 9.07438047987208e+14 8.85573598546740e+17 3.77207401881611e+16 0.00000000000000e+00 0.00000000000000e+00 0.00000000000000e+00 0.00000000000000e+00 0.00000000000000e+00 0.00000000000000e+00 0.00000000000000e+00 
