Time(s)              GasTemp(K)           NearWallTemp(K)      [O2(X)](m^-3)        [O2(a1Dg)](m^-3)     [O2(b1Sg+)](m^-3)    [O2(A3Su+_C3Du_c1Su-)](m^-3) [O2(+,X)](m^-3)      [O(3P)](m^-3)        [O(1D)](m^-3)        [O(+,gnd)](m^-3)     [O(-,gnd)](m^-3)     [O3(X)](m^-3)        [O3(exc)](m^-3)      [CO2(X)](m^-3)       [CO2(e1)](m^-3)      [CO2(+,X)](m^-3)     [CO(X)](m^-3)        [CO(a3P)](m^-3)      [CO(+,X)](m^-3)      [C(X)](m^-3)        
0.00000000000000e+00 4.89647023964000e+02 3.98073660783800e+02 1.26793370193416e+20 1.26793370193416e-05 1.26793370193416e-05 1.26793370193416e-05 0.00000000000000e+00 0.00000000000000e+00 0.00000000000000e+00 0.00000000000000e+00 0.00000000000000e+00 0.00000000000000e+00 0.00000000000000e+00 1.26793370193416e+20 1.26793370193416e-05 0.00000000000000e+00 0.00000000000000e+00 0.00000000000000e+00 0.00000000000000e+00 0.00000000000000e+00 
1.51972255341903e-14 4.89647023779906e+02 4.19217412110180e+02 1.26793370193400e+20 5.14972840235913e+06 1.19093307367545e+06 2.21842162742226e+06 9.97979271852340e+03 1.07075682688903e+07 4.23656115367738e+06 5.49875397443719e+00 2.91847916991045e+05 4.74568892394155e-07 3.66636171864571e-13 1.26793370193411e+20 3.78171772666740e+06 4.89470856489768e+03 7.04625806317934e+05 4.53000131676053e+05 1.33048233833447e-11 1.56929919238356e-10 
3.03944510683805e-14 4.89647023595811e+02 4.19217411987568e+02 1.26793370193385e+20 1.02994568047111e+07 2.38186614750444e+06 4.43684325354455e+06 1.99595854375259e+04 2.14151365424939e+07 8.47312230269678e+06 1.09975079393958e+01 5.83695833979069e+05 1.49779549160721e-06 1.15714707459275e-12 1.26793370193406e+20 7.56343545290829e+06 9.78941711850029e+03 1.40925161268961e+06 9.06000263292377e+05 4.19915944013073e-11 4.95289365370460e-10 
4.55916766025708e-14 4.89647023411716e+02 4.19217411864956e+02 1.26793370193369e+20 1.54491852070686e+07 3.57279922150317e+06 6.65526487835240e+06 2.99393781570177e+04 3.21227048209101e+07 1.27096834469600e+07 1.64962618946759e+01 8.75543750964009e+05 3.08124640579854e-06 2.38046868627520e-12 1.26793370193401e+20 1.13451531787266e+07 1.46841256605697e+04 2.11387741911616e+06 1.35900039484771e+06 8.63845897597671e-11 1.01890317166962e-09 
1.32812064812000e-13 4.89647022355155e+02 4.19217411742344e+02 1.26793370193280e+20 4.50046662004774e+07 1.04078392660960e+07 1.93872990596225e+07 8.72157141185847e+04 9.35759129253727e+07 3.70242864986426e+07 4.80548809908144e+01 2.55052636929867e+06 2.24378224301686e-05 1.73347168100206e-11 1.26793370193373e+20 3.30493048532921e+07 4.27759885494987e+04 6.15788770612062e+06 3.95887280098522e+06 6.29057791779208e-10 7.41971443767014e-09 
2.20032453021428e-13 4.89647021298594e+02 4.19217411038646e+02 1.26793370193190e+20 7.45601471940684e+07 1.72428793162067e+07 3.21193331981606e+07 1.44492050096056e+05 1.55029121186292e+08 6.13388893957035e+07 7.96134997723102e+01 4.22550898753305e+06 6.00070928797120e-05 4.63594882060624e-11 1.26793370193344e+20 5.47534565141203e+07 7.08678510634882e+04 1.02018979949091e+07 6.55874520514001e+06 1.68233477545897e-09 1.98430794628666e-08 
3.07252841230857e-13 4.89647020242033e+02 4.19217410334947e+02 1.26793370193100e+20 1.04115628187844e+08 2.40779193719017e+07 4.48513672934530e+07 2.01768386089624e+05 2.16482329605551e+08 8.56534921362832e+07 1.11172118235379e+02 5.90049160566595e+06 1.16008090471071e-04 8.96240003926054e-11 1.26793370193316e+20 7.64576081610461e+07 9.89597131980290e+04 1.42459082855030e+07 9.15861760728823e+06 3.25235623811070e-09 3.83614277472929e-08 
3.94473229440286e-13 4.89647019185472e+02 4.19217409631248e+02 1.26793370193011e+20 1.33671109181804e+08 3.09129594332044e+07 5.75834013453189e+07 2.59044722099356e+05 2.77935538183810e+08 1.09968094719728e+08 1.42730736378691e+02 7.57547422369694e+06 1.90517832892326e-04 1.47187754796408e-10 1.26793370193288e+20 9.81617597940114e+07 1.27051574951536e+05 1.82899185779099e+07 1.17584900074215e+07 5.34128139976310e-09 6.30002274176818e-08 
7.04898470341468e-13 4.89647015425076e+02 4.19217408927549e+02 1.26793370192692e+20 2.38861736006367e+08 5.52394845167234e+07 1.02897860362216e+08 4.62896376285001e+05 4.96653060328624e+08 1.96505960556345e+08 2.55050706677863e+02 1.35368886740304e+07 6.06008364701730e-04 4.68181955621969e-10 1.26793370193187e+20 1.75408796039174e+08 2.27033045583995e+05 3.26829165487180e+07 2.10116707288677e+07 1.69898062217757e-08 2.00394179556139e-07 
1.01532371124265e-12 4.89647011664680e+02 4.19217406423022e+02 1.26793370192373e+20 3.44052362833277e+08 7.95660096713303e+07 1.48212318828595e+08 6.66748030675548e+05 7.15370584489087e+08 2.83043824400961e+08 3.67370672923470e+02 1.94983031230719e+07 1.25613434693217e-03 9.70447728221592e-10 1.26793370193086e+20 2.52655832107360e+08 3.27014511386083e+05 4.70759145425095e+07 3.02648514247704e+07 3.52164748140402e-08 4.15377124547062e-07 
1.32574895214383e-12 4.89647007904284e+02 4.19217403918495e+02 1.26793370192054e+20 4.49242989662533e+08 1.03892534897028e+08 1.93526776744439e+08 8.70599685271005e+05 9.34088110665263e+08 3.69581686253512e+08 4.79690635115385e+02 2.54597175708215e+07 2.14090310347151e-03 1.65399073592712e-09 1.26793370192985e+20 3.29902867998562e+08 4.26995972357650e+05 6.14689125592851e+07 3.95180320951288e+07 6.00214917608265e-08 7.07951484349152e-07 
1.63617419304501e-12 4.89647004143888e+02 4.19217401413968e+02 1.26793370191736e+20 5.54433616494135e+08 1.28219060193815e+08 2.38841234109749e+08 1.07445134007137e+06 1.15280563885715e+09 4.56119546114004e+08 5.92010593253619e+02 3.14211320172792e+07 3.26031402755015e-03 2.51881051528325e-09 1.26793370192884e+20 4.07149903712781e+08 5.26977428498707e+05 7.58619105990448e+07 4.87712127399430e+07 9.14048392802031e-08 1.07811705842356e-06 
4.74042660205683e-12 4.89646966539934e+02 4.19217398909440e+02 1.26793370188547e+20 1.60633988493922e+09 3.71484317071607e+08 6.91985777483737e+08 3.11296789934492e+06 3.33998103163903e+09 1.32149803515653e+09 1.71520995168526e+03 9.10352764107998e+07 2.73596443672820e-02 2.11371568677360e-08 1.26793370191874e+20 1.17962025112100e+09 1.52679172423346e+06 2.19791892260756e+08 1.41303017783163e+08 7.67043466921221e-07 9.04725717800462e-06 
7.84467901106865e-12 4.89646928935989e+02 4.19217373864173e+02 1.26793370185359e+20 2.65824615361895e+09 6.14749581058354e+08 1.14513026580472e+09 5.15148447910920e+06 5.52715662599034e+09 2.18687632499447e+09 2.83840890475151e+03 1.50649420675128e+08 7.49230448954410e-02 5.78830732133097e-08 1.26793370190864e+20 1.95209058083105e+09 2.52660553692083e+06 3.63721876220860e+08 2.33834820271975e+08 2.10051016395635e-06 2.47754703807617e-05 
1.09489314200805e-11 4.89646891332053e+02 4.19217348818913e+02 1.26793370182171e+20 3.71015242253334e+09 8.58014852154050e+08 1.59827469907273e+09 7.19000107936418e+06 7.71433242191089e+09 3.05225441562798e+09 3.96160745245277e+03 2.10263564810263e+08 1.45950501200007e-01 1.12756553482612e-07 1.26793370189854e+20 2.72456089284295e+09 3.52641886656148e+06 5.07651862479355e+08 3.26366620206381e+08 4.09180379180223e-06 4.82627520029672e-05 
1.40531838290923e-11 4.89646853728126e+02 4.19217323773660e+02 1.26793370178983e+20 4.76205869168237e+09 1.10128013035869e+09 2.05141907728780e+09 9.22851770010986e+06 9.90150841940062e+09 3.91763230705715e+09 5.08480559478923e+03 2.69877708816205e+08 2.40442010921250e-01 1.85757601157393e-07 1.26793370188844e+20 3.49703118715670e+09 4.52623171315591e+06 6.51581851036242e+08 4.18898417586383e+08 6.74092351497184e-06 7.95091013711651e-05 
4.50957079192105e-11 4.89646477689354e+02 4.19217298728414e+02 1.26793370147101e+20 1.52811213960785e+10 3.53393330339643e+09 6.58285983153010e+09 2.96136850345512e+07 3.17732794805827e+10 1.25714002651295e+10 1.63167647231450e+04 8.66019141770031e+08 2.47588009413810e+00 1.91278624174532e-06 1.26793370178745e+20 1.12217331568964e+10 1.45243336117062e+07 2.09088186301659e+09 1.34421625089412e+09 6.94122789801924e-05 8.18721375647148e-04 
7.61382320093287e-11 4.89646101651488e+02 4.19217048276351e+02 1.26793370115219e+20 2.58001841239395e+10 5.96658718732652e+09 1.11142950804897e+10 4.99988544180505e+07 5.36450706986195e+10 2.12251483028301e+10 2.75486833151964e+04 1.46216056180459e+09 7.05772359481478e+00 5.45257774165066e-06 1.26793370168645e+20 1.89464333568224e+10 2.45223872061054e+07 3.53018210483596e+09 2.26953382876139e+09 1.97865367230492e-04 2.33384057165853e-03 
1.07180756099447e-10 4.89645725614527e+02 4.19216797825008e+02 1.26793370083337e+20 3.63192468752654e+10 8.39924178214703e+09 1.56457248241769e+10 7.03840258505979e+07 7.55168820734581e+10 2.98788764202114e+10 3.87805613710906e+04 2.05830196891987e+09 1.39859725232967e+01 1.08051371737789e-05 1.26793370158546e+20 2.66711317869358e+10 3.45203924967495e+07 4.96948257649429e+09 3.19485115118826e+09 3.92099454035424e-04 4.62486679485077e-03 
1.38223280189565e-10 4.89645349578472e+02 4.19216547374383e+02 1.26793370051455e+20 4.68383096500562e+10 1.08318970878560e+10 2.01771490626025e+10 9.07691993321830e+07 9.73887136050432e+10 3.85325846173287e+10 5.00123988909823e+04 2.65444336311588e+09 2.32606268832876e+01 1.79704698458045e-05 1.26793370148447e+20 3.43958284472377e+10 4.45183494840535e+07 6.40878327799153e+09 4.12016821817481e+09 6.52113770198572e-04 7.69180015330542e-03 
4.48648521090747e-10 4.89641589267703e+02 4.19216296924478e+02 1.26793369732634e+20 1.52028938688505e+11 3.51584892430857e+10 6.54910886613615e+10 2.94621046841394e+08 3.16108137521940e+11 1.25068570993976e+11 1.62328544665675e+05 8.61585659451566e+09 2.45059469980474e+02 1.89328244738180e-04 1.26793370047454e+20 1.11642697711035e+11 1.44495262823557e+08 2.08018029340806e+10 1.33733248388476e+10 6.86989124518728e-03 8.10360650928533e-02 
7.59073761991929e-10 4.89637829047457e+02 4.19213792464973e+02 1.26793369413814e+20 2.57219570073359e+11 5.94851524848743e+10 1.10804477746252e+11 4.98473099242643e+08 5.34829577050295e+11 2.11602565407346e+11 2.74640637016660e+05 1.45772685339871e+10 7.01498858672858e+02 5.41969405731500e-04 1.26793369946461e+20 1.88889389994976e+11 2.44467346303175e+08 3.51948455739872e+10 2.26264559155681e+10 1.96648130025399e-02 2.31971166439503e-01 
1.06949900289311e-09 4.89634068917732e+02 4.19211288077374e+02 1.26793369094995e+20 3.62410203804555e+11 8.38118868113125e+10 1.56117316327551e+11 7.02325356526116e+08 7.53553032137293e+11 2.98134567910191e+11 3.86948676091485e+05 2.05386791815293e+10 1.39257879502557e+03 1.07589901935619e-03 1.26793369845468e+20 2.66135905300142e+11 3.44434600319110e+08 4.95879111976506e+10 3.18795614484032e+10 3.90361447905997e-02 4.60497206899586e-01 
1.37992424379429e-09 4.89630308878526e+02 4.19208783761681e+02 1.26793368776176e+20 4.67600839882026e+11 1.08138692220401e+11 2.01429604416022e+11 9.06177818681536e+08 9.72278502727618e+11 3.84664578557758e+11 4.99252662044677e+05 2.65000885371412e+10 2.31829928120468e+03 1.79112239213349e-03 1.26793369744476e+20 3.43382243627661e+11 4.44397025286289e+08 6.39809998050071e+10 4.11326414374236e+10 6.49831176867354e-02 7.66614294044618e-01 
3.98009713805372e-09 4.89598817725647e+02 4.19206279517890e+02 1.26793366105714e+20 1.34869500755465e+12 3.11906808002111e+11 5.80951169622747e+11 2.61368762653913e+09 2.80443817043450e+12 1.10937597615900e+12 1.43977018892467e+06 7.64337834409615e+10 1.92861866243344e+04 1.49017406798016e-02 1.26793368898553e+20 9.90403333916782e+11 1.28150917275719e+09 1.84540780695829e+11 1.18636958851701e+11 5.40428323153919e-01 6.37757270544264e+00 
6.58027003231314e-09 4.89567332922038e+02 4.19185306383040e+02 1.26793363435284e+20 2.22978933979807e+12 5.15679909635575e+11 9.60434119265339e+11 4.32121180147667e+09 4.63673920970889e+12 1.83394766129761e+12 2.38000344997389e+06 1.26367387702163e+11 5.27164874249947e+04 4.07354470208213e-02 1.26793368052644e+20 1.63741200817507e+12 2.11828278653903e+09 3.05102174083678e+11 1.96139484154890e+11 1.47671560943344e+00 1.74324000453746e+01 
9.18044292657257e-09 4.89535854466340e+02 4.19164338291444e+02 1.26793360764887e+20 3.11088383657281e+12 7.19457995943847e+11 1.33987845967851e+12 6.02875033745014e+09 6.46918158799741e+12 2.55837966648647e+12 3.31995253612923e+06 1.76300901320188e+11 1.02609202958513e+05 7.92953658885069e-02 1.26793367206748e+20 2.28440826706790e+12 2.95471811058015e+09 4.25665179931067e+11 2.73640217388434e+11 2.87339320887521e+00 3.39311596450384e+01 
1.17806158208320e-08 4.89504382357198e+02 4.19143375241817e+02 1.26793358094522e+20 3.99197849783944e+12 9.23241065750682e+11 1.71928419719283e+12 7.73630322842220e+09 8.30176527276887e+12 3.28267202421627e+12 4.25961753826349e+06 2.26234324294476e+11 1.68964334499473e+05 1.30584620653858e-01 1.26793366360864e+20 2.93139211126024e+12 3.79081538851114e+09 5.46229798200522e+11 3.51139158593756e+11 4.73001013479893e+00 5.58739148088746e+01 
1.43807887150914e-08 4.89472916593255e+02 4.19122417232872e+02 1.26793355424190e+20 4.87307332355851e+12 1.12702911788051e+12 2.09865133813488e+12 9.44387046836204e+09 1.01344902315136e+13 4.00682476695627e+12 5.19899854718755e+06 2.76167656624471e+11 2.51781883321721e+05 1.94606333651677e-01 1.26793365514994e+20 3.57836354141665e+12 4.62657486365148e+09 6.66796028854584e+11 4.28636307812266e+11 7.04611616730806e+00 8.32607288159246e+01 
4.03825176576857e-08 4.89158607641816e+02 4.19101464263325e+02 1.26793328722659e+20 1.36840306169721e+13 3.16518340865095e+12 5.89020132567836e+12 2.65203307396980e+10 2.84695027481058e+13 1.12406805003990e+13 1.45772089501751e+07 7.75495994365316e+11 1.98539060189326e+06 1.53579560887144e+00 1.26793357056999e+20 1.00473952169971e+13 1.29656437130750e+10 1.87254700830948e+12 1.20350924983076e+12 5.53807757878687e+01 6.56566021852915e+02 
6.63842466002799e-08 4.88844931721013e+02 4.18892211452458e+02 1.26793302024375e+20 2.24950043123340e+13 5.20383464066103e+12 9.67789860119991e+12 4.35982193087454e+10 4.68186069810832e+13 1.84606103712979e+13 2.39271196854697e+07 1.27481526706196e+12 5.36524244755086e+06 4.15366563636227e+00 1.26793348600296e+20 1.65151862186891e+13 2.12711981661349e+10 3.07845918502998e+12 1.97820303870803e+12 1.49173843922583e+02 1.77434677907847e+03 
9.23859755428742e-08 4.88531887479477e+02 4.18683461170741e+02 1.26793275329335e+20 3.13059943703543e+13 7.24298164233451e+12 1.34617494640859e+13 6.06775302124269e+10 6.51817705753611e+13 2.56666466942935e+13 3.32488211009129e+07 1.77412547415483e+12 1.03913386897539e+07 8.05133963286422e+00 1.26793340144885e+20 2.29817372085090e+13 2.95434780966721e+10 4.28453252157414e+12 2.75271771583601e+12 2.87984346856837e+02 3.43666622994880e+03 
1.18387704485468e-07 4.88219473568869e+02 4.18475212138634e+02 1.26793248637532e+20 4.01170007518290e+13 9.28262324465421e+12 1.72417601962592e+13 7.77582575310325e+10 8.35589612751569e+13 3.28588216847371e+13 4.25424032467910e+07 2.27342661508358e+12 1.70636805951440e+07 1.32319414559329e+01 1.26793331690764e+20 2.94470488468372e+13 3.77827211714802e+10 5.49076698051022e+12 3.52705332259654e+12 4.71377223672238e+02 5.64358757327450e+03 
1.44389433428063e-07 4.87907688643861e+02 4.18267463079851e+02 1.26793221948963e+20 4.89280234176395e+13 1.13227582811452e+13 2.10179370623035e+13 9.48403953877363e+10 1.01950146923266e+14 4.00371674594164e+13 5.18079558778092e+07 2.77271868928707e+12 2.53822694275546e+07 1.96985955961755e+01 1.26793323237933e+20 3.59111217924296e+13 4.59891628800283e+10 6.69716252441654e+12 4.30120990036147e+12 6.98923216791799e+02 8.39517397742616e+03 
3.09921192525061e-07 4.85937469261840e+02 4.18060212721340e+02 1.26793052120129e+20 1.05020983481711e+14 2.43221245825258e+13 4.49682827896028e+13 2.03621102280324e+11 2.19357850625535e+14 8.54136577739169e+13 1.10142769247169e+08 5.95109066885394e+12 1.16939943921868e+08 9.12252557232826e+01 1.26793269455838e+20 7.70335906036919e+13 9.74788630314719e+10 1.43810716157062e+13 9.22543714549888e+12 3.15552112509287e+03 3.86872905576986e+04 
4.75452951622059e-07 4.83992343953674e+02 4.16752429434436e+02 1.26792882420839e+20 1.61114591956427e+14 3.73411440480596e+13 6.87650958248067e+13 3.12457276727496e+11 3.37323275397765e+14 1.30239131825671e+14 1.67367999195323e+08 9.12909502105236e+12 2.75217553642237e+08 2.15806974145636e+02 1.26793215725738e+20 1.18106051839224e+14 1.47706692850190e+11 2.20714980459436e+13 1.41424209904931e+13 7.28073171894687e+03 9.10725643666736e+04 
6.40984710719057e-07 4.82071973841584e+02 4.15464481910044e+02 1.26792712849836e+20 2.17208838980614e+14 5.03795226186640e+13 9.24099455083451e+13 4.21347514679295e+11 4.55838390916145e+14 1.74521609546811e+14 2.23506001806673e+08 1.23067315989739e+13 5.00215416851839e+08 3.94251458732367e+02 1.26793162047413e+20 1.59128671049572e+14 1.96727772344729e+11 2.97684321877320e+13 1.90521720820205e+13 1.29784459458317e+04 1.65567209164970e+05 
8.06516469816055e-07 4.80176024698270e+02 4.14196050627820e+02 1.26792543405883e+20 2.73303714823059e+14 6.34369701035773e+13 1.15904374922702e+14 5.30290472129945e+11 5.74895315427624e+14 2.18268962319141e+14 2.78578684811022e+08 1.54840002545192e+13 7.91933847291776e+08 6.27367172977835e+02 1.26793108420645e+20 2.00101611308947e+14 2.44594247460931e+11 3.74718644295174e+13 2.39547010508764e+13 2.01600087206758e+04 2.62187390320811e+05 
9.72048228913053e-07 4.78304166891871e+02 4.12946821120051e+02 1.26792374087765e+20 3.29399209880100e+14 7.65132001077317e+13 1.39249901434418e+14 6.39284861769951e+11 6.94486312360858e+14 2.61488916362821e+14 3.32607516618966e+08 1.86609008384211e+13 1.15037315415038e+09 9.15963225040542e+02 1.26793054845223e+20 2.41025033259275e+14 2.91355485188982e+11 4.51817851755070e+13 2.88500185119850e+13 2.87435431802527e+04 3.80949224797538e+05 
1.13757998801005e-06 4.76456075334724e+02 4.11716483906495e+02 1.26792204894291e+20 3.85495314673440e+14 8.96079299655853e+13 1.62448017191053e+14 7.48329450044005e+11 8.14603787234004e+14 3.04189055828233e+14 3.85613534597083e+08 2.18374332002654e+13 1.57553364203446e+09 1.26084926194664e+03 1.26793001320942e+20 2.81899095150962e+14 3.37058242178788e+11 5.28981848455981e+13 3.37381350644083e+13 3.86533881608498e+04 5.21868781140609e+05 
1.63426362814920e-06 4.71050270170887e+02 4.10504734431776e+02 1.26791697960011e+20 5.53817140375233e+14 1.29007369357873e+14 2.31184573506882e+14 1.07581109378047e+12 1.17810623949557e+15 4.29266250135349e+14 5.38725351170661e+08 3.13665144154224e+13 3.25169679308168e+09 2.64164109020450e+03 1.26792841024474e+20 4.04248395966409e+14 4.68271410312316e+11 7.60902930050668e+13 4.83619809482030e+13 7.56695881494830e+04 1.07785043531995e+06 
2.13094726828834e-06 4.65847151930300e+02 4.06977425608943e+02 1.26791192106892e+20 7.22144125793861e+14 1.68563528399528e+14 2.98645398841784e+14 1.40370480854352e+12 1.54608807663919e+15 5.49923680863454e+14 6.83346832244987e+08 4.08922749298800e+13 5.52857481831716e+09 4.55841180880913e+03 1.26792681181449e+20 5.26158778066168e+14 5.91422149840256e+11 9.93403886692566e+13 6.29213758245916e+13 1.22393077027441e+05 1.83389667506082e+06 
2.62763090842749e-06 4.60838641664544e+02 4.03606955075792e+02 1.26790687305903e+20 8.90476033898982e+14 2.08269336576281e+14 3.64867010530483e+14 1.73198451998084e+12 1.91836536616365e+15 6.66345004428027e+14 8.19981341918670e+08 5.04147105071060e+13 8.40617519189012e+09 7.03305709778064e+03 1.26792521787008e+20 6.47634153914754e+14 7.07432640114509e+11 1.22648215532135e+14 7.74166034676217e+13 1.77529256296222e+05 2.79043376946924e+06 
3.12431454856663e-06 4.56016992124504e+02 4.00385854757653e+02 1.26790183529469e+20 1.05881263644626e+15 2.48117984521083e+14 4.29884198309156e+14 2.06062706298163e+12 2.29476377652440e+15 7.78704277699775e+14 9.49102557471171e+08 5.99338168312738e+13 1.18845050034043e+10 1.00874450095995e+04 1.26792362836583e+20 7.68678269297135e+14 8.17095016514792e+11 1.46013518509739e+14 9.18479463847965e+13 2.40033950159031e+05 3.94788410056150e+06 
3.62099818870578e-06 4.51374774441961e+02 3.97307013313501e+02 1.26789680751375e+20 1.22715371349901e+15 2.88102909768176e+14 4.93730133248007e+14 2.38961174203632e+12 2.67511792587336e+15 8.87166609207688e+14 1.07115631182053e+09 6.94495895119585e+13 1.59635709531385e+10 1.37433882192927e+04 1.26792204325874e+20 8.89294712925943e+14 9.21093892318609e+11 1.69436043723884e+14 1.06215685823945e+14 3.09055459530551e+05 5.30666617647881e+06 
4.11768182884492e-06 4.46904865927811e+02 3.94363660725318e+02 1.26789178946682e+20 1.39549905300680e+15 3.28217784252872e+14 5.56436463484021e+14 2.71891998714647e+12 3.05927081575298e+15 9.91888725399406e+14 1.18656222693188e+09 7.89620240882741e+13 2.06433793477751e+10 1.80226177067697e+04 1.26792046250820e+20 1.00948692504870e+15 1.02002308457833e+12 1.92915538488287e+14 1.20520101779651e+14 3.83897165477940e+05 6.86719464405637e+06 
5.13663135011406e-06 4.38245589782211e+02 3.91549353757176e+02 1.26788152438876e+20 1.74087302962833e+15 4.10894855895005e+14 6.81638219880364e+14 3.39544141867158e+12 3.85862997373589e+15 1.19564167434694e+15 1.40415627004369e+09 9.84663739465357e+13 3.21244383215295e+10 2.88436271981486e+04 1.26791723306455e+20 1.25474791841655e+15 1.20924109507657e+12 2.41261123424623e+14 1.49668667123437e+14 5.53295104999480e+05 1.07018453231961e+07 
6.15558087138319e-06 4.30227753418206e+02 3.86154112036314e+02 1.26787129738441e+20 2.08626241712038e+15 4.94043368549475e+14 8.02413235876270e+14 4.07313089402316e+12 4.67216256330873e+15 1.38546404580305e+15 1.59852480151958e+09 1.17956615788573e+14 4.61338985053626e+10 4.25634021831694e+04 1.26791402148934e+20 1.49826401388405e+15 1.38290366086335e+12 2.89843261356356e+14 1.78554286581872e+14 7.41124304594056e+05 1.53908025354337e+07 
7.17453039265232e-06 4.22800670659446e+02 3.81227413532752e+02 1.26786110672502e+20 2.43166565635593e+15 5.77616774428566e+14 9.18983879989218e+14 4.75188706138019e+12 5.49879070981678e+15 1.56243141406798e+15 1.77241365136627e+09 1.37432708724152e+14 6.26717983637141e+10 5.93634707862422e+04 1.26791082750558e+20 1.74005991491487e+15 1.54377579795218e+12 3.38659816397777e+14 2.07179328844500e+14 9.44798722766006e+05 2.09374952311073e+07 
8.19347991392145e-06 4.15917866798557e+02 3.76724996502051e+02 1.26785095083540e+20 2.77708129261574e+15 6.61571645009319e+14 1.03155391377834e+15 5.43162612218352e+12 6.33753740295278e+15 1.72751850951333e+15 1.92824685208508e+09 1.56894610990075e+14 8.17381689880324e+10 7.94212149152539e+04 1.26790765086086e+20 1.98015849044321e+15 1.69399759889370e+12 3.87708672644979e+14 2.35546141083798e+14 1.16235538314108e+06 2.73452853699400e+07 
9.21242943519059e-06 4.09536723471810e+02 3.72606955969648e+02 1.26784082827504e+20 3.12250796570614e+15 7.45867382394427e+14 1.14031068208811e+15 6.11227719847838e+12 7.18751418098983e+15 1.88161153377072e+15 2.06816629001100e+09 1.76342280049434e+14 1.03333033986008e+11 1.02909073954665e+05 1.26790449132347e+20 2.21858098960616e+15 1.83526048502972e+12 4.36987733851764e+14 2.63657049175356e+14 1.39227082939470e+06 3.46174683965971e+07 
1.02313789564597e-05 4.03618166378452e+02 3.68837326719493e+02 1.26783073772272e+20 3.46794440186912e+15 8.30465984208194e+14 1.24542689982330e+15 6.79377933822333e+12 8.04791126899070e+15 2.02551802115975e+15 2.19406438407551e+09 1.95775672674666e+14 1.27456409386895e+11 1.29993861838858e+05 1.26790134867956e+20 2.45534722098133e+15 1.96891355496881e+12 4.86494923155779e+14 2.91514357904446e+14 1.63339362195814e+06 4.27572736991290e+07 
1.25833650786591e-05 3.91530828485920e+02 3.65383708796157e+02 1.26780756191197e+20 4.26532750606604e+15 1.02670504249119e+15 1.47502059647771e+15 8.36982316767388e+12 1.00697374199696e+16 2.32275197600518e+15 2.44002103581936e+09 2.40577972546751e+14 1.92793288002730e+11 2.07112237775774e+05 1.26789415811475e+20 2.99563822650647e+15 2.25409121970834e+12 6.01629464570102e+14 3.54860091507606e+14 2.22788085509591e+06 6.48758672057937e+07 
1.49353512008585e-05 3.81338708099140e+02 3.58463104877636e+02 1.26778453710969e+20 5.06274314123277e+15 1.22397760312053e+15 1.68779262776243e+15 9.94960941172335e+12 1.21353422298502e+16 2.57741408788461e+15 2.63669509846122e+09 2.85303423834809e+14 2.71602042327878e+11 3.06068805845550e+05 1.26788705433266e+20 3.52740830201857e+15 2.51368615079683e+12 7.17943619517426e+14 4.16894447639122e+14 2.86925743223180e+06 9.16714762707238e+07 
1.72873373230579e-05 3.72728245329950e+02 3.52772109363444e+02 1.26776165219386e+20 5.86017983415608e+15 1.42194349012640e+15 1.88522205353474e+15 1.15327442804587e+13 1.42382498839803e+16 2.79595377984257e+15 2.79661717594685e+09 3.29951465257345e+14 3.63882392454821e+11 4.28484715497333e+05 1.26788003543314e+20 4.05083903020082e+15 2.75343743611790e+12 8.35412986398180e+14 4.77644521635337e+14 3.55165005705172e+06 1.23179873243070e+08 
1.96393234452573e-05 3.65441077528871e+02 3.48072275184708e+02 1.26773889755634e+20 6.65762757998409e+15 1.62030769702902e+15 2.06858955410081e+15 1.31189064025516e+13 1.63730632523791e+16 2.98374232112655e+15 2.92923720704404e+09 3.74521527106273e+14 4.69633830061219e+11 5.75754583425531e+05 1.26787309971651e+20 4.56609382393074e+15 2.97725690546118e+12 9.54013672511513e+14 5.37136847521110e+14 4.26998538589108e+06 1.59435045085859e+08 
2.19913095674567e-05 3.59263447118874e+02 3.44175161515966e+02 1.26771626475088e+20 7.45507759469707e+15 1.81881301279237e+15 2.23902027625108e+15 1.47078181659276e+13 1.85352274895850e+16 3.14530921696877e+15 3.04181462271502e+09 4.19013033621473e+14 5.88855615443097e+11 7.49041965864826e+05 1.26786624563215e+20 5.07332228182603e+15 3.18802187497390e+12 1.07372228148447e+15 5.95397410460496e+14 5.02001842597092e+06 2.00469225440685e+08 
2.43432956896561e-05 3.54018221122352e+02 3.40931143694038e+02 1.26769374624821e+20 8.25252225035480e+15 2.01723844160865e+15 2.39750995699120e+15 1.62992545069287e+13 2.07209287011939e+16 3.28444355332612e+15 3.13957475691319e+09 4.63425405144937e+14 7.21546775206928e+11 9.49298923466718e+05 1.26785947174433e+20 5.57266354278704e+15 3.38762684424338e+12 1.19451590319715e+15 6.52451658003302e+14 5.79842923571788e+06 2.46312925546493e+08 
2.98607525802651e-05 3.44565415439125e+02 3.38221014215589e+02 1.26764133128282e+20 1.01231670865642e+16 2.48135888828068e+15 2.72740901739526e+15 2.00413435693820e+13 2.59229172529417e+16 3.54041726113575e+15 3.33180831780649e+09 5.67297243702190e+14 1.08567628817156e+12 1.52896680377917e+06 1.26784388818670e+20 6.71384077394067e+15 3.81981879524369e+12 1.48201362739655e+15 7.81700145266570e+14 7.72078351313444e+06 3.72892062738301e+08 
3.53782094708742e-05 3.38052098810046e+02 3.33442827211481e+02 1.26758943293299e+20 1.19936774250931e+16 2.94208624058828e+15 3.00614288967325e+15 2.37940557690145e+13 3.12051974831100e+16 3.72174155903122e+15 3.49543948381257e+09 6.70722856245275e+14 1.52390140672936e+12 2.26721232677950e+06 1.26782872251284e+20 7.81389584094633e+15 4.20872380921828e+12 1.77508000968596e+15 9.04757021316001e+14 9.75743293741308e+06 5.26430523870706e+08 
4.08956663614832e-05 3.33563012258357e+02 3.30232350646666e+02 1.26753798844080e+20 1.38640022111353e+16 3.39806178844592e+15 3.24156166007047e+15 2.75555270531910e+13 3.65457790202171e+16 3.85011861517386e+15 3.64535764202903e+09 7.73694717340348e+14 2.03619416500488e+12 3.16624747632909e+06 1.26781395997706e+20 8.87426785292430e+15 4.56027237230930e+12 2.07344871535000e+15 1.02191815019625e+15 1.18880883413353e+07 7.07216909352445e+08 
4.64131232520922e-05 3.30470280198271e+02 3.28059720357311e+02 1.26748694343759e+20 1.57341034560248e+16 3.84834161587469e+15 3.44024080757150e+15 3.13240649274400e+13 4.19290834329647e+16 3.94085250961922e+15 3.78778117652747e+09 8.76205360489694e+14 2.62251931186780e+12 4.22561766209373e+06 1.26779958656482e+20 9.89632519193150e+15 4.87942037275082e+12 2.37686611122252e+15 1.13346528070172e+15 1.40971847971048e+07 9.15494142253883e+08 
5.19305801427012e-05 3.28331645407945e+02 3.26582328970724e+02 1.26743625030227e+20 1.76039522609855e+16 4.29226783009895e+15 3.60777854512137e+15 3.50981172022341e+13 4.73436587528512e+16 4.00513396946300e+15 3.92804521345038e+09 9.78247395073807e+14 3.28283430254861e+12 5.44345214335325e+06 1.26778558874491e+20 1.08813898396743e+16 5.17054338589334e+12 2.68509063587980e+15 1.23966673794655e+15 1.63735885204490e+07 1.15146175410648e+09 
5.74480370333102e-05 3.26844606588357e+02 3.25570111771521e+02 1.26738586743291e+20 1.94735268534979e+16 4.72940508077864e+15 3.74893442018158e+15 3.88762952279758e+13 5.27812650347496e+16 4.05095417411416e+15 4.07068631479766e+09 1.07981351736180e+15 4.01708930500171e+12 6.81724936398405e+06 1.26777195340729e+20 1.18307440549197e+16 5.43691185297735e+12 2.99789224020093e+15 1.34077804590610e+15 1.87096388663597e+07 1.41527804421593e+09 
6.70166235500296e-05 3.25225622103759e+02 3.24870871659962e+02 1.26729912187037e+20 2.27151185341219e+16 5.47067198604592e+15 3.94289011282620e+15 4.54346839686725e+13 6.22495819273898e+16 4.10234767438240e+15 4.32342480421031e+09 1.25480384999364e+15 5.46559538200026e+12 9.56196372366370e+06 1.26774912850018e+20 1.33961455344617e+16 5.84733731515244e+12 3.55057533137230e+15 1.50477323309881e+15 2.28842156547318e+07 1.93915897734031e+09 
7.65852100667490e-05 3.24354465690106e+02 3.24113888137355e+02 1.26721304554633e+20 2.59557800713227e+16 6.19019430922419e+15 4.08639059500692e+15 5.19958776035366e+13 7.17519548210978e+16 4.13156374627015e+15 4.58058479302390e+09 1.42830432990560e+15 7.13595731584778e+12 1.27526511497557e+07 1.26772729212397e+20 1.48641032276836e+16 6.20081062521635e+12 4.11530095461216e+15 1.65537345131441e+15 2.71949483974796e+07 2.54750231857679e+09 
8.61537965834684e-05 3.23916346158420e+02 3.23708429858976e+02 1.26712751740108e+20 2.91954741689612e+16 6.88799114675089e+15 4.19217088117544e+15 5.85546208348053e+13 8.12781988373383e+16 4.14772180210256e+15 4.83899691354891e+09 1.60027898545617e+15 9.02776036034143e+12 1.63752187229185e+07 1.26770638399000e+20 1.62405288395242e+16 6.50600313407934e+12 4.69108698458513e+15 1.79366931634593e+15 3.16224523100743e+07 3.24036810188205e+09 
9.57223831001879e-05 3.23707456375153e+02 3.23505013245492e+02 1.26704244364476e+20 3.24341734258076e+16 7.56433578023146e+15 4.26992758153806e+15 6.51061523490819e+13 9.08215088448826e+16 4.15664552318398e+15 5.09915443866658e+09 1.77069278897298e+15 1.11405249832545e+13 2.04191328663352e+07 1.26768634677089e+20 1.75310477364727e+16 6.77071636760023e+12 5.27703078394262e+15 1.92066303673278e+15 3.61521723249928e+07 4.01754644312330e+09 
1.05290969616907e-04 3.23601516538558e+02 3.23408143834494e+02 1.26695775194216e+20 3.56718571329291e+16 8.21965572123022e+15 4.32700756970319e+15 7.16461916909714e+13 1.00377292234971e+17 4.16202285947236e+15 5.36205624939933e+09 1.93951166520008e+15 1.34737074525544e+13 2.48760611985026e+07 1.26766712622698e+20 1.87409861333640e+16 7.00131459790381e+12 5.87230275498920e+15 2.03727559617082e+15 4.07726239054474e+07 4.87858663743323e+09 
1.14859556133627e-04 3.23542030023778e+02 3.23359044869698e+02 1.26687338725461e+20 3.89085099773714e+16 8.85449029229312e+15 4.36887118867686e+15 7.81708958325455e+13 1.09942878821442e+17 4.16568950373133e+15 5.62703083341075e+09 2.10670249160762e+15 1.60267005012641e+13 2.97373512587960e+07 1.26764867144473e+20 1.98753467286476e+16 7.20260396309258e+12 6.47614067066444e+15 2.14435307125773e+15 4.54727446617376e+07 5.82282342078033e+09 
1.30923670095162e-04 3.23509824887547e+02 3.23331483839412e+02 1.26673238492741e+20 4.43399795904840e+16 9.87586335479384e+15 4.41479612256618e+15 8.90810047764230e+13 1.26020443691796e+17 4.16950208070787e+15 6.07365609895463e+09 2.38364046940378e+15 2.08051226987477e+13 3.87835149051952e+07 1.26761928269175e+20 2.16224006382173e+16 7.48459950431796e+12 7.50728546956224e+15 2.30474588765456e+15 5.35163766804475e+07 7.59257093054017e+09 
1.46987784056697e-04 3.23504032903325e+02 3.23316565728717e+02 1.26659205094386e+20 4.97684635812468e+16 1.08439902840640e+16 4.44188593389048e+15 9.99232039923074e+13 1.42116347304305e+17 4.17236655066956e+15 6.52117884991950e+09 2.65575384763772e+15 2.61975876815418e+13 4.89063548954772e+07 1.26759171143508e+20 2.31899546667331e+16 7.70974985152286e+12 8.55766503157616e+15 2.44371080837824e+15 6.17199098350324e+07 9.58927834975524e+09 
1.63051898018232e-04 3.23505956371469e+02 3.23313883569055e+02 1.26645229506857e+20 5.51939226743509e+16 1.17616533336496e+16 4.45809529443106e+15 1.10684269846395e+14 1.58227068520029e+17 4.17491588984228e+15 6.96904047871777e+09 2.92290424845931e+15 3.22000690020632e+13 6.00716087565758e+07 1.26756576964947e+20 2.45965166008488e+16 7.88963258723452e+12 9.62468867024192e+15 2.56412168812777e+15 7.00536546553887e+07 1.18069244045530e+10 
1.79116011979767e-04 3.23511841708704e+02 3.23314775325768e+02 1.26631306243113e+20 6.06163230432308e+16 1.26315268176609e+16 4.46772928929094e+15 1.21352603398653e+14 1.74349983961351e+17 4.17726576674338e+15 7.41692316449574e+09 3.18496166747183e+15 3.88080455752737e+13 7.22476761637841e+07 1.26754128945908e+20 2.58586226227451e+16 8.03305637658984e+12 1.07061293605234e+16 2.66844815146766e+15 7.84925492448132e+07 1.42386441090783e+10 
1.95180125941302e-04 3.23519734962821e+02 3.23317502341194e+02 1.26617431604718e+20 6.60356337834175e+16 1.34561396838152e+16 4.47326752023897e+15 1.31917904723072e+14 1.90482824691140e+17 4.17949303762330e+15 7.86408882874966e+09 3.44180431901198e+15 4.60165276623538e+13 8.54028707644164e+07 1.26751812073533e+20 2.69910701035046e+16 8.14651537402541e+12 1.18000615434175e+16 2.75882475642264e+15 8.70151470053013e+07 1.68769504258405e+10 
2.25033602009072e-04 3.23534016063130e+02 3.23321159598575e+02 1.26591767375367e+20 7.60985551348682e+16 1.48763548142469e+16 4.47725011593920e+15 1.51248794910406e+14 2.20483944361290e+17 4.18355334801176e+15 8.69143731459184e+09 3.90489526615255e+15 6.09883659232955e+13 1.12348133388934e+08 1.26747811017869e+20 2.87943549524654e+16 8.29417199163646e+12 1.38608500887552e+16 2.89565392971190e+15 1.03020975057452e+08 2.23012659891939e+10 
2.54887078076841e-04 3.23544926667505e+02 3.23327777001523e+02 1.26566247677368e+20 8.61505412879688e+16 1.61626974201260e+16 4.47821229175719e+15 1.70141835678619e+14 2.50502024705085e+17 4.18764558879134e+15 9.51322875303902e+09 4.34893947390145e+15 7.79761036908905e+13 1.42382571669725e+08 1.26744142886641e+20 3.02682512647067e+16 8.38227465322361e+12 1.59503030211872e+16 3.00034173560186e+15 1.19170397838192e+08 2.83594731682130e+10 
2.84740554144611e-04 3.23553258705231e+02 3.23332833319789e+02 1.26540862415789e+20 9.61914440517740e+16 1.73281522237663e+16 4.47831161858173e+15 1.88555652086711e+14 2.80528782559808e+17 4.19176100482477e+15 1.03292986091767e+10 4.77337892075396e+15 9.69362198050690e+13 1.75328142835639e+08 1.26740746145272e+20 3.14735402342282e+16 8.42906990674264e+12 1.80615285300737e+16 3.08051517585880e+15 1.35401094294508e+08 3.49988062613083e+10 
3.14594030212381e-04 3.23560378476337e+02 3.23336695233897e+02 1.26515603512423e+20 1.06221132771765e+17 1.83843912420598e+16 4.47791211580158e+15 2.06457993377231e+14 3.10557813144110e+17 4.19585960768598e+15 1.11395071051388e+10 5.17775831924253e+15 1.17820372472026e+14 2.11016130040691e+08 1.26737571285160e+20 3.24591737128394e+16 8.44648827708662e+12 2.01893623304651e+16 3.14188340535325e+15 1.51670180681762e+08 4.21673925998096e+10 
3.44447506280151e-04 3.23566550406105e+02 3.23339995650463e+02 1.26490463476964e+20 1.16239491340622e+17 1.93419382710269e+16 4.47713647847472e+15 2.23824248051435e+14 3.40584010501259e+17 4.19994052644605e+15 1.19438834540416e+10 5.56172132877132e+15 1.40575896066459e+14 2.49286432681394e+08 1.26734578081675e+20 3.32649580127731e+16 8.44303548353433e+12 2.23298737754330e+16 3.18878693373893e+15 1.67948289688748e+08 4.98156496749789e+10 
3.99231947127543e-04 3.23575146022356e+02 3.23342857030357e+02 1.26444614834976e+20 1.34594493171676e+17 2.08725984299755e+16 4.47538902220889e+15 2.54248974259448e+14 3.95665504597769e+17 4.20742101498648e+15 1.34064485322515e+10 6.21250855534628e+15 1.87009352467412e+14 3.25742795613787e+08 1.26729457373976e+20 3.43752632253980e+16 8.40223706784246e+12 2.62818803282289e+16 3.24720850237925e+15 1.97789323429426e+08 6.49493138464317e+10 
4.54016387974936e-04 3.23581118311136e+02 3.23346843011634e+02 1.26399102857239e+20 1.52910465318933e+17 2.21534992184654e+16 4.47365630700198e+15 2.82753055239780e+14 4.50704608783095e+17 4.21489130022331e+15 1.48543846888410e+10 6.79292978874439e+15 2.39173618492629e+14 4.09523058525899e+08 1.26724684348916e+20 3.51415439022132e+16 8.33962702851339e+12 3.02532707630188e+16 3.28260869371324e+15 2.27535729421519e+08 8.12869907763621e+10 
5.08800828822328e-04 3.23585408313679e+02 3.23349613618560e+02 1.26353892627299e+20 1.71186985511795e+17 2.32275803667016e+16 4.47202910440995e+15 3.09332058434925e+14 5.05687890991925e+17 4.22234455757020e+15 1.62907005128737e+10 7.30311099575647e+15 2.96659685146284e+14 4.99839345094824e+08 1.26720149099614e+20 3.56728577779058e+16 8.26938996113370e+12 3.42356291349167e+16 3.30423863362634e+15 2.57174764160664e+08 9.86083640854247e+10 
5.63585269669720e-04 3.23588598141981e+02 3.23351604790790e+02 1.26308954094046e+20 1.89423740632794e+17 2.41300226875557e+16 4.47041458649528e+15 3.34032307067604e+14 5.60606505661993e+17 4.22977730467320e+15 1.77179827297723e+10 7.74412693434998e+15 3.59031922920725e+14 5.95984946940745e+08 1.26715779175465e+20 3.60411889316629e+16 8.19888408014287e+12 3.82242034244180e+16 3.31730969294997e+15 2.86724435504329e+08 1.16731382611846e+11 
6.18369710517112e-04 3.23590980019029e+02 3.23353086212445e+02 1.26264261277839e+20 2.07620507022543e+17 2.48898946329012e+16 4.46877919803489e+15 3.56938535945894e+14 6.15454357006432e+17 4.23719158920620e+15 1.91392727186809e+10 8.11787311581548e+15 4.25837416345094e+14 6.97324461800168e+08 1.26711525308041e+20 3.62955249691654e+16 8.13309212131433e+12 4.22161546139458e+16 3.32493687662522e+15 3.16216168849931e+08 1.35506825958538e+11 
7.09582564497687e-04 3.23593687324202e+02 3.23354193264598e+02 1.26190337514156e+20 2.37827993564120e+17 2.59001026712736e+16 4.46607587441019e+15 3.91423670600083e+14 7.06605524698591e+17 4.24949876797841e+15 2.15012589455440e+10 8.59855476293022e+15 5.45647072764836e+14 8.76080655885790e+08 1.26704616385305e+20 3.65495576114474e+16 8.04178305079671e+12 4.88656735991860e+16 3.33036684635341e+15 3.65288773897444e+08 1.67906320671877e+11 
8.00795418478262e-04 3.23595498549367e+02 3.23355453334917e+02 1.26116946605459e+20 2.67923913540702e+17 2.66691729716270e+16 4.46340705685381e+15 4.21877563725045e+14 7.97536967807416e+17 4.26176130190889e+15 2.38619090326690e+10 8.91546585775313e+15 6.74345468183361e+14 1.06536893694250e+09 1.26697830047499e+20 3.66855458175109e+16 7.97666118266698e+12 5.55146292568711e+16 3.33179241841018e+15 4.14460043770291e+08 2.01348539230573e+11 
8.92008272458836e-04 3.23596839447891e+02 3.23356298167014e+02 1.26044018627400e+20 2.97908297091571e+17 2.72627959449712e+16 4.46076813639540e+15 4.48985909974120e+14 8.88244123675815e+17 4.27398154796489e+15 2.62330278664556e+10 9.08686249317296e+15 8.09865362087152e+14 1.26324417305095e+09 1.26691108805059e+20 3.67605303827638e+16 7.93753298677584e+12 6.21610211248261e+16 3.33166333025825e+15 4.63868926380786e+08 2.35523123438306e+11 
9.83221126439411e-04 3.23597896359416e+02 3.23356925045628e+02 1.25971498202947e+20 3.27781470879127e+17 2.77276555356002e+16 4.45814509563758e+15 4.73443934250761e+14 9.78728269142607e+17 4.28616291337588e+15 2.86143173526901e+10 9.13306455690417e+15 9.50259498353618e+14 1.46809846516690e+09 1.26684425731001e+20 3.68010535075895e+16 7.92104314095121e+12 6.88044928705879e+16 3.33072426043402e+15 5.13617871882620e+08 2.70220315803569e+11 
1.07443398041999e-03 3.23598768411002e+02 3.23357420317451e+02 1.25899340241715e+20 3.57543951874293e+17 2.80976344028827e+16 4.45553400620939e+15 4.95899305595633e+14 1.06899425272891e+18 4.29830862583247e+15 3.10087171280627e+10 9.07503943766620e+15 1.09375747193344e+15 1.67859455340970e+09 1.26677766496554e+20 3.68210333337057e+16 7.92378777831262e+12 7.54451473233173e+16 3.32928655897198e+15 5.63768000871349e+08 3.05294365741402e+11 
1.23934194442609e-03 3.23600070411305e+02 3.23357829917365e+02 1.25769690116610e+20 4.11074081552971e+17 2.85972454442273e+16 4.45084636133028e+15 5.33114816751480e+14 1.23166172319500e+18 4.32018519954769e+15 3.53812746963883e+10 8.76998551027936e+15 1.35639644521359e+15 2.07015471116508e+09 1.26665761889496e+20 3.68291588744519e+16 7.96683785221385e+12 8.74446586822247e+16 3.32614950034927e+15 6.55505092159418e+08 3.69370241767849e+11 
1.40424990843220e-03 3.23601224361846e+02 3.23358443176870e+02 1.25640929973383e+20 4.64248544949491e+17 2.89669430114443e+16 4.44619413783760e+15 5.68186978393593e+14 1.39369047583864e+18 4.34196777500337e+15 3.98049271086709e+10 8.29845776230757e+15 1.61698026842928e+15 2.47142425405355e+09 1.26653774806361e+20 3.68265925997542e+16 8.04091082441356e+12 9.94373694449146e+16 3.32294939964022e+15 7.48494296997859e+08 4.33951241907750e+11 
1.56915787243831e-03 3.23602315927357e+02 3.23358987826038e+02 1.25512934325008e+20 5.17071460465744e+17 2.92650077507120e+16 4.44157098971587e+15 6.02873596769598e+14 1.55513304277018e+18 4.36366754481557e+15 4.42639973546538e+10 7.74785226173989e+15 1.87049019046068e+15 2.87863694188560e+09 1.26641794270269e+20 3.68221203582141e+16 8.12678065259590e+12 1.11425338146225e+17 3.31983818836409e+15 8.42389742807766e+08 4.98829775798162e+11 
1.73406583644442e-03 3.23603360497288e+02 3.23359503573047e+02 1.25385618452084e+20 5.69546695722305e+17 2.95206410558300e+16 4.43697292447084e+15 6.38143709479926e+14 1.71603794838201e+18 4.38529291146125e+15 4.87403458374953e+10 7.18129741150586e+15 2.11408770605591e+15 3.28921059403876e+09 1.26629818267795e+20 3.68159950199153e+16 8.20994035403006e+12 1.23410407531382e+17 3.31674827192313e+15 9.36798567128878e+08 5.63916804207080e+11 
1.89897380045053e-03 3.23604367595973e+02 3.23359997553447e+02 1.25258925152219e+20 6.21677654390788e+17 2.97498322312631e+16 4.43239783181539e+15 6.74408731815934e+14 1.87644452944799e+18 4.40684988682891e+15 5.32176704632483e+10 6.63905301672330e+15 2.34660188927162e+15 3.70134029180770e+09 1.26617845473361e+20 3.68082615960109e+16 8.28133963638961e+12 1.35393890667807e+17 3.31365624400689e+15 1.03133819443946e+09 6.29169561575512e+11 
2.10537782186504e-03 3.23605594950686e+02 3.23360474183449e+02 1.25101169945527e+20 6.86445788161317e+17 3.00151875519680e+16 4.42670152204168e+15 7.21327817006276e+14 2.07655718401098e+18 4.43374130533454e+15 5.88026035939367e+10 6.02891780045011e+15 2.62188409369312e+15 4.21738646043626e+09 1.26602861732023e+20 3.67977450094656e+16 8.34628181212331e+12 1.50391838912093e+17 3.30981899612810e+15 1.14938129642942e+09 7.11036216145953e+11 
2.31178184327956e-03 3.23606802383497e+02 3.23361055405458e+02 1.24944287672552e+20 7.50684091088336e+17 3.02663442367769e+16 4.42103689791415e+15 7.69630741221244e+14 2.27597130252594e+18 4.46053696399010e+15 6.43441509627734e+10 5.50456788085018e+15 2.88113152285149e+15 4.73212123468688e+09 1.26587878099249e+20 3.67874575411528e+16 8.38508472378007e+12 1.65389405579300e+17 3.30605158808736e+15 1.26680151307368e+09 7.93098435224457e+11 
2.51818586469407e-03 3.23607996083152e+02 3.23361627425850e+02 1.24788259929637e+20 8.14396804732221e+17 3.05092509718225e+16 4.41540308191826e+15 8.18849640385902e+14 2.47470522693714e+18 4.48723908140964e+15 6.98369119812804e+10 5.05886687149166e+15 3.12646521692281e+15 5.24443730253484e+09 1.26572894228173e+20 3.67775354227975e+16 8.40179927957705e+12 1.80386804230969e+17 3.30234705414059e+15 1.38348386942404e+09 8.75344459077131e+11 
2.72458988610858e-03 3.23609176223273e+02 3.23362193112880e+02 1.24633077076963e+20 8.77587961413945e+17 3.07470927044399e+16 4.40979977870162e+15 8.68579395186791e+14 2.67276991709427e+18 4.51384886983237e+15 7.52804476223020e+10 4.68062230376867e+15 3.35984921910410e+15 5.75359730414013e+09 1.26557910520173e+20 3.67675687820969e+16 8.40012502798386e+12 1.95384058127018e+17 3.29868693311349e+15 1.49939436375916e+09 9.57768201830661e+11 
2.93099390752310e-03 3.23610344438119e+02 3.23362752545540e+02 1.24478732408061e+20 9.40261545870748e+17 3.09814038817704e+16 4.40422676181091e+15 9.18502200390316e+14 2.87017364259268e+18 4.54036722028712e+15 8.06756135399743e+10 4.35959264955809e+15 3.58293348737051e+15 6.25912011446185e+09 1.26542927113336e+20 3.67574473373325e+16 8.38405581711551e+12 2.10381135777189e+17 3.29507091947906e+15 1.61454811638154e+09 1.04036688074858e+12 
3.13739792893761e-03 3.23611503563632e+02 3.23363306480169e+02 1.24325221628898e+20 1.00242147546707e+18 3.12128528678082e+16 4.39868383196623e+15 9.68346834592000e+14 3.06692214987099e+18 4.56679470810790e+15 8.60237636516959e+10 4.08558606651783e+15 3.79715973642152e+15 6.76071144498638e+09 1.26527943909562e+20 3.67473441352347e+16 8.35777264643197e+12 2.25377950721465e+17 3.29150634721665e+15 1.72900787246057e+09 1.12313933098780e+12 
3.72213021467271e-03 3.23614744801994e+02 3.23363856230508e+02 1.23894839875304e+20 1.17576213750189e+18 3.18551698290291e+16 4.38314373232386e+15 1.10762912024656e+15 3.62076525659672e+18 4.64117122200581e+15 1.00936272773806e+11 3.48825141351243e+15 4.36491650735212e+15 8.15941286117569e+09 1.26485499284908e+20 3.67189382844713e+16 8.25052168114271e+12 2.67860689378350e+17 3.28166970006099e+15 2.04998025386016e+09 1.35856355291263e+12 
4.12431602672219e-03 3.23616941878706e+02 3.23365394090039e+02 1.23602645240115e+20 1.29265867969424e+18 3.22878003663347e+16 4.37259340289458e+15 1.20057380078789e+15 3.99871026354960e+18 4.69191104445798e+15 1.11009617074233e+11 3.17460077210404e+15 4.73003010290659e+15 9.10139769123643e+09 1.26456307451485e+20 3.66997101706682e+16 8.16117305365486e+12 2.97078220389962e+17 3.27512663648432e+15 2.26810429211162e+09 1.52128351444346e+12 
4.52650183877168e-03 3.23619112807570e+02 3.23366437001495e+02 1.23313527979651e+20 1.40768964550923e+18 3.27129698580550e+16 4.36215439766033e+15 1.29097574314463e+15 4.37424377223569e+18 4.74231474832139e+15 1.20944465351136e+11 2.91714142989200e+15 5.07839120743883e+15 1.00272929780935e+10 1.26427117770002e+20 3.66804276015469e+16 8.06394885132867e+12 3.26293496504937e+17 3.26874822334087e+15 2.48418083612375e+09 1.68464256281941e+12 
4.92868765082116e-03 3.23621260428725e+02 3.23367467882737e+02 1.23027451382490e+20 1.52088313336235e+18 3.31307911685954e+16 4.35182534985373e+15 1.37880780808263e+15 4.74738810278965e+18 4.79238552246963e+15 1.30753430654519e+11 2.70349552138965e+15 5.41234418478583e+15 1.09374365585218e+10 1.26397930248498e+20 3.66611565926882e+16 7.96352375313755e+12 3.55506438684908e+17 3.26253477363895e+15 2.69835141921459e+09 1.84863609425914e+12 
5.33087346287065e-03 3.23623386701416e+02 3.23368488046204e+02 1.22744380675766e+20 1.63226679470679e+18 3.35415797467520e+16 4.34160500928182e+15 1.46403860903752e+15 5.11816228973921e+18 4.84212613060798e+15 1.40442284714167e+11 2.52231895921542e+15 5.73384166810613e+15 1.18321081274130e+10 1.26368744921044e+20 3.66419859959122e+16 7.86306043282108e+12 3.84716922168113e+17 3.25648496774640e+15 2.91084307495644e+09 2.01325984507433e+12 
5.73305927492014e-03 3.23625492453003e+02 3.23369498396089e+02 1.22464281321737e+20 1.74186790543248e+18 3.39456011407534e+16 4.33149214574072e+15 1.54667795761260e+15 5.48658407492286e+18 4.89153919607814e+15 1.50014514860609e+11 2.36513772407253e+15 6.04441549801392e+15 1.27115805074062e+10 1.26339561898826e+20 3.66229125717635e+16 7.76408591274678e+12 4.13924842348645e+17 3.25059394365252e+15 3.12179035005498e+09 2.17850937260475e+12 
6.31140266856034e-03 3.23628485306365e+02 3.23370499311805e+02 1.22066634761421e+20 1.89640361929631e+18 3.45149822279905e+16 4.31713564043178e+15 1.66113038710777e+15 6.01228778841733e+18 4.96202650033726e+15 1.63592315980849e+11 2.17359780061076e+15 6.47401679475700e+15 1.39502400707554e+10 1.26297600841288e+20 3.65956064011375e+16 7.62333242619359e+12 4.55921309312791e+17 3.24239242473377e+15 3.42224309598138e+09 2.41722630413723e+12 
6.88974606220054e-03 3.23631438918533e+02 3.23371922433212e+02 1.21674955199791e+20 2.04738758870409e+18 3.50709817736276e+16 4.30299495483996e+15 1.77062025621803e+15 6.53321454474518e+18 5.03184967677697e+15 1.76957957558854e+11 2.01314169333541e+15 6.88598910324200e+15 1.51590468914344e+10 1.26255644811696e+20 3.65684410757180e+16 7.48790883571651e+12 4.97912291422079e+17 3.23450036925431e+15 3.71983545627706e+09 2.65721516731744e+12 
7.46808945584074e-03 3.23634354752809e+02 3.23373327508138e+02 1.21289142565989e+20 2.19489683806449e+18 3.56139094825203e+16 4.28906646042490e+15 1.87540699626509e+15 7.04941013806914e+18 5.10101577987168e+15 1.90126328368570e+11 1.87671838501031e+15 7.28234925412153e+15 1.63389297167913e+10 1.26213693961912e+20 3.65414254985924e+16 7.35821052261728e+12 5.39897636710532e+17 3.22690859771497e+15 4.01468463180239e+09 2.89846310458808e+12 
8.04643284948093e-03 3.23637234026658e+02 3.23374715204754e+02 1.20909099635728e+20 2.33900669305478e+18 3.61440900230800e+16 4.27534663136359e+15 1.97574590409695e+15 7.56091740826911e+18 5.16953147871659e+15 2.03108008949410e+11 1.75931112600019e+15 7.66464317988174e+15 1.74907703809998e+10 1.26171748467685e+20 3.65145606557192e+16 7.23422183020313e+12 5.81877177623553e+17 3.21960795687609e+15 4.30697108265886e+09 3.14095700913832e+12 
8.62477624312113e-03 3.23640077797431e+02 3.23376086077656e+02 1.20534731667330e+20 2.47979086356981e+18 3.66618386139808e+16 4.26183202849310e+15 2.07187924183917e+15 8.06777717092552e+18 5.23740316179178e+15 2.15912212319204e+11 1.65715265050051e+15 8.03410887543342e+15 1.86154064234260e+10 1.26129808520005e+20 3.64878422129995e+16 7.11605437662242e+12 6.23850736112032e+17 3.21258974196652e+15 4.59687951075287e+09 3.38468349219750e+12 
9.56044227477321e-03 3.23644605559874e+02 3.23377440607581e+02 1.19940847665409e+20 2.70069715824786e+18 3.74738797634385e+16 4.24039366259960e+15 2.21907041126471e+15 8.87805230411397e+18 5.34586039658332e+15 2.36273139738469e+11 1.51763149960923e+15 8.60712470053523e+15 2.03793148810431e+10 1.26061968701498e+20 3.64449214499121e+16 6.93639089075478e+12 6.91744034624374e+17 3.20181281375438e+15 5.06108726382326e+09 3.78156896198461e+12 
1.04961083064253e-02 3.23649046080598e+02 3.23379598398593e+02 1.19361195673300e+20 2.91338409198062e+18 3.82553170626585e+16 4.21946989218450e+15 2.35674625800728e+15 9.67642591138928e+18 5.45267327387931e+15 2.56218792305537e+11 1.40155260421830e+15 9.15260163114065e+15 2.20773836861638e+10 1.25994144754627e+20 3.64023743058838e+16 6.77133805379131e+12 7.59620384871554e+17 3.19172115689892e+15 5.52038236148060e+09 4.18158706044880e+12 
1.14317743380774e-02 3.23653401914743e+02 3.23381715987755e+02 1.18795406768861e+20 3.11813913680605e+18 3.90072679352753e+16 4.19904733293125e+15 2.48574383400799e+15 1.04630534936655e+19 5.55786621720989e+15 2.75774013313685e+11 1.30382740335531e+15 9.67312771972937e+15 2.37126901336554e+10 1.25926337503388e+20 3.63601961769999e+16 6.61850816283989e+12 8.27479000354912e+17 3.18228432687307e+15 5.97480789906603e+09 4.58467909647374e+12 
1.23674403697294e-02 3.23657675674970e+02 3.23383794524246e+02 1.18243125136347e+20 3.31523959313080e+18 3.97308018170686e+16 4.17911306830699e+15 2.60679318648288e+15 1.12380854148400e+19 5.66146280150312e+15 2.94960765509607e+11 1.22061543852613e+15 1.01707287232198e+16 2.52881323670365e+10 1.25858547787558e+20 3.63183813387094e+16 6.47701220102701e+12 8.95319076469402e+17 3.17347382182336e+15 6.42485372961032e+09 4.99078583759679e+12 
1.33031064013815e-02 3.23661869543090e+02 3.23385835186015e+02 1.17704006742691e+20 3.50495322723725e+18 4.04269479257465e+16 4.15965461732856e+15 2.72054161346105e+15 1.20016682869494e+19 5.76348594102612e+15 3.13795390476807e+11 1.14869427024873e+15 1.06470549293532e+16 2.68064517314812e+10 1.25790776455568e+20 3.62769243827383e+16 6.34586614086850e+12 9.63139797952125e+17 3.16526292464929e+15 6.87099027740448e+09 5.39984757847153e+12 
1.49504993430348e-02 3.23669065400401e+02 3.23387838952652e+02 1.16785788359848e+20 3.82179914611910e+18 4.15890323550197e+16 4.12651481925239e+15 2.90479255396862e+15 1.33186924511399e+19 5.93935809602909e+15 3.46145275020365e+11 1.04314204870456e+15 1.14378544514800e+16 2.93486654485717e+10 1.25671501143173e+20 3.62047871432087e+16 6.13683655092349e+12 1.08249980351011e+18 3.15218803677273e+15 7.64794028654470e+09 6.12706594092739e+12 
1.65978922846882e-02 3.23676029889127e+02 3.23391279948421e+02 1.15905597819133e+20 4.11788956741142e+18 4.26743807748052e+16 4.09474928298302e+15 3.07102453198145e+15 1.46014455296249e+19 6.11054182110685e+15 3.77515908358598e+11 9.57934679761927e+14 1.21728330820547e+16 3.17349841578046e+10 1.25552289715215e+20 3.61337162936714e+16 5.95136394624493e+12 1.20179317071000e+18 3.14076848644591e+15 8.41493464796756e+09 6.86293036006216e+12 
1.82452852263415e-02 3.23682772395424e+02 3.23394613877223e+02 1.15061770314517e+20 4.39449591182059e+18 4.36878017625280e+16 4.06429765188742e+15 3.22161207282693e+15 1.58506870229277e+19 6.27715384293292e+15 4.07964413482403e+11 8.87558085756900e+14 1.28567527544901e+16 3.39773758577079e+10 1.25433146337799e+20 3.60636849536440e+16 5.78598529321424e+12 1.32101587779460e+18 3.13089059557932e+15 9.17354706077196e+09 7.60711344665701e+12 
1.98926781679948e-02 3.23689301428137e+02 3.23397844950028e+02 1.14252727325129e+20 4.65281128841590e+18 4.46337959901464e+16 4.03510271583180e+15 3.35852932834601e+15 1.70671631585641e+19 6.43930780636322e+15 4.37536020645373e+11 8.28416390523868e+14 1.34933863709883e+16 3.60867342201486e+10 1.25314074964455e+20 3.59946668665316e+16 5.63741098793097e+12 1.44016410427112e+18 3.12245119709728e+15 9.92463686358281e+09 8.35928931472538e+12 
2.15400711096481e-02 3.23695625010781e+02 3.23400976983105e+02 1.13476968080749e+20 4.89395738828749e+18 4.55165855615119e+16 4.00711009607847e+15 3.48343756001684e+15 1.82516095596551e+19 6.59711482342903e+15 4.66271191371464e+11 7.78059185585300e+14 1.40859077962134e+16 3.80730396629643e+10 1.25195079317903e+20 3.59266363547884e+16 5.50308034353807e+12 1.55923424981242e+18 3.11535646055100e+15 1.06689062704981e+10 9.11913486459106e+12 
2.37963653918821e-02 3.23703966153833e+02 3.23404013579339e+02 1.12465909484851e+20 5.19827253221613e+18 4.66302357882305e+16 3.97062863835633e+15 3.63750269379696e+15 1.98231895117386e+19 6.80639301278969e+15 5.04332461118193e+11 7.20323283809645e+14 1.48308529452722e+16 4.06102944620149e+10 1.25032230214417e+20 3.58350175903710e+16 5.33852699729511e+12 1.72218177253984e+18 3.10766696789336e+15 1.16778595876317e+10 1.01716952142133e+13 
2.60526596741160e-02 3.23711954398844e+02 3.23408023819394e+02 1.11511146700537e+20 5.47487825860876e+18 4.76421999646195e+16 3.93618019465777e+15 3.77474440595520e+15 2.13378832165939e+19 7.00799395741162e+15 5.40968815426079e+11 6.71853494811839e+14 1.55044856389994e+16 4.29549549627954e+10 1.24869538124913e+20 3.57451412951437e+16 5.19306225065439e+12 1.88496834160846e+18 3.10214261888589e+15 1.26781788006285e+10 1.12372390222173e+13 
2.83089539563500e-02 3.23719606819624e+02 3.23411869658724e+02 1.10609424789807e+20 5.72610441104249e+18 4.85611880193187e+16 3.90364694918786e+15 3.89767651635142e+15 2.27974959772037e+19 7.20218391612412e+15 5.76248004701889e+11 6.31076912686155e+14 1.61122369747835e+16 4.51256989632368e+10 1.24707010800638e+20 3.56569462769457e+16 5.06307710785190e+12 2.04758644643637e+18 3.09860833652158e+15 1.36690406942693e+10 1.23149822375206e+13 
3.05652482385839e-02 3.23726939596496e+02 3.23415558801591e+02 1.09757702839076e+20 5.95408711300838e+18 4.93951738227228e+16 3.87291886302743e+15 4.00832268660747e+15 2.42037976693098e+19 7.38922157043502e+15 6.10232368521295e+11 5.96070809872054e+14 1.66589327686424e+16 4.71391247438838e+10 1.24544655418291e+20 3.55703731848812e+16 4.94642433153942e+12 2.21002912840514e+18 3.09690829738098e+15 1.46526870109776e+10 1.34041645181116e+13 
3.28215425208178e-02 3.23733967861636e+02 3.23419098566797e+02 1.08953131941933e+20 6.16078918657798e+18 5.01514751831730e+16 3.84389286965733e+15 4.10833959093363e+15 2.55585238827199e+19 7.56935831439240e+15 6.42982956367647e+11 5.65749804875476e+14 1.71489515805937e+16 4.90101371830583e+10 1.24382478571264e+20 3.54853644182920e+16 4.84078933506917e+12 2.37228999674821e+18 3.09690053334770e+15 1.56292203544544e+10 1.45040426733214e+13 
3.58995951574662e-02 3.23743090443361e+02 3.23422495812601e+02 1.07926801391811e+20 6.41166284646330e+18 5.10698840653811e+16 3.80686786529464e+15 4.23007212970668e+15 2.73265382339157e+19 7.80441286104357e+15 6.85758405243770e+11 5.30355017618621e+14 1.77331845264091e+16 5.13565055778296e+10 1.24161534551862e+20 3.53718171366187e+16 4.71197250008275e+12 2.59334367871179e+18 3.09939632285568e+15 1.69517907639622e+10 1.60204721565145e+13 
3.89776477941146e-02 3.23751707010715e+02 3.23426912174327e+02 1.06976973533588e+20 6.63042888820379e+18 5.18715787681327e+16 3.77260386820994e+15 4.33750412093149e+15 2.90059311040923e+19 8.02767975256203e+15 7.26450183069755e+11 5.00336327824950e+14 1.82286663926525e+16 5.34917526683552e+10 1.23940948371809e+20 3.52609411300443e+16 4.59786379081014e+12 2.81403418189671e+18 3.10452870958854e+15 1.82649197260262e+10 1.75537629782026e+13 
4.20557004307630e-02 3.23759849318206e+02 3.23431090914946e+02 1.06097855779653e+20 6.82080440069661e+18 5.25703250081000e+16 3.74089155698044e+15 4.43289953968393e+15 3.06007837591104e+19 8.23973744528538e+15 7.65171558118726e+11 4.74803785356517e+14 1.86439829677704e+16 5.54410327504582e+10 1.23720732807226e+20 3.51526057990639e+16 4.49603779135608e+12 3.03434911059639e+18 3.11205192283843e+15 1.95678859423645e+10 1.91022886691398e+13 
4.51337530674113e-02 3.23767546922005e+02 3.23435046540527e+02 1.05284149327122e+20 6.98608513808783e+18 5.31783094533518e+16 3.71153950243857e+15 4.51806975772060e+15 3.21150405434793e+19 8.44114021929823e+15 8.02029542647099e+11 4.52591458322310e+14 1.89868786810145e+16 5.72261002007515e+10 1.23500899501176e+20 3.50466864640830e+16 4.40452178628935e+12 3.25427716828790e+18 3.12174759627321e+15 2.08640831179913e+10 2.06645240940884e+13 
4.82118057040597e-02 3.23774827312741e+02 3.23438792591482e+02 1.04530990641272e+20 7.12920273988965e+18 5.37063509090890e+16 3.68437205260485e+15 4.59453858709868e+15 3.35525096564931e+19 8.63241941377033e+15 8.37119285632682e+11 4.33008225980140e+14 1.92642745869811e+16 5.88658094720656e+10 1.23281459226342e+20 3.49430642380889e+16 4.32179559393893e+12 3.47380789340341e+18 3.13342646984301e+15 2.21549000070629e+10 2.22390287040089e+13 
5.27288514156758e-02 3.23784808670773e+02 3.23442341696439e+02 1.03526201199957e+20 7.30439857402799e+18 5.43560248539960e+16 3.64812858290742e+15 4.69338736033397e+15 3.55305760313984e+19 8.89584350848309e+15 8.85606157387731e+11 4.08571100166846e+14 1.95660688373913e+16 6.10424433971801e+10 1.22960161662148e+20 3.47949226125206e+16 4.21384577299680e+12 3.79523099746197e+18 3.15380428514123e+15 2.40365659115600e+10 2.45690421641944e+13 
5.72458971272918e-02 3.23794021112286e+02 3.23447217734686e+02 1.02629467845386e+20 7.44460330932728e+18 5.48803606126407e+16 3.61578347187160e+15 4.77909286882321e+15 3.73622240430004e+19 9.14008203178301e+15 9.30756000167424e+11 3.87929979345141e+14 1.97592064689652e+16 6.29842112107202e+10 1.22639758654825e+20 3.46511476563188e+16 4.11925985944727e+12 4.11575169893094e+18 3.17762806474015e+15 2.59080267155568e+10 2.69187873615018e+13 
6.17629428389079e-02 3.23802532564794e+02 3.23451729436509e+02 1.01829421818084e+20 7.55588953012323e+18 5.53015956801946e+16 3.58692645893407e+15 4.85398375029571e+15 3.90579235831961e+19 9.36656400722292e+15 9.72825495459489e+11 3.70331108026831e+14 1.98601739079341e+16 6.47268804007558e+10 1.22320274529604e+20 3.45114247942451e+16 4.03556169306495e+12 4.43534640089276e+18 3.20449007143989e+15 2.77698498291118e+10 2.92847395561941e+13 
6.62799885505240e-02 3.23810404280136e+02 3.23455908304301e+02 1.01116039800271e+20 7.64331227683493e+18 5.56381639589465e+16 3.56119603770077e+15 4.91985149840234e+15 4.06275062957294e+19 9.57662356350424e+15 1.01204108322436e+12 3.55178599952236e+14 1.98834127807413e+16 6.62992304442611e+10 1.22001730695515e+20 3.43754633890221e+16 3.96112133222752e+12 4.75399431970802e+18 3.23406015471810e+15 2.96235899034786e+10 3.16639216170177e+13 
7.07970342621401e-02 3.23817691935981e+02 3.23459782837500e+02 1.00480432916786e+20 7.71110378897716e+18 5.59054657055933e+16 3.53827158684656e+15 4.97813763832881e+15 4.20801949294964e+19 9.77150145103504e+15 1.04861888144641e+12 3.42000999712538e+14 1.98415547403623e+16 6.77254331416222e+10 1.21684146236528e+20 3.42429937742271e+16 3.89446006554066e+12 5.07167694267357e+18 3.26604090349320e+15 3.14707096830557e+10 3.40536229208916e+13 
7.95170294951701e-02 3.23830287324802e+02 3.23463379023624e+02 9.94457600224409e+19 7.79851225872427e+18 5.62693757741342e+16 3.50095618165479e+15 5.07323559336056e+15 4.45848078790405e+19 1.01088757597753e+16 1.11248168953228e+12 3.20912594168320e+14 1.96146249910091e+16 7.01371311003116e+10 1.21073834672590e+20 3.39962493691353e+16 3.78366390262612e+12 5.68216308615721e+18 3.33367887845125e+15 3.50218871945655e+10 3.86877517796353e+13 
8.82370247282001e-02 3.23841208651872e+02 3.23469617749563e+02 9.86237544068474e+19 7.84557836896550e+18 5.64937818826832e+16 3.47131519086289e+15 5.15071450181899e+15 4.67417678275319e+19 1.04013920951434e+16 1.16852761843854e+12 3.04317177667616e+14 1.92508460340285e+16 7.21896057004042e+10 1.20467265588800e+20 3.37600034339577e+16 3.69171451831301e+12 6.28888970521095e+18 3.40782762874496e+15 3.85538559547190e+10 4.33380897740740e+13 
9.69570199612301e-02 3.23850724159043e+02 3.23475055018130e+02 9.79750617046068e+19 7.86667342696521e+18 5.66300958835972e+16 3.44793019661498e+15 5.21492551658860e+15 4.86006887056813e+19 1.06555955626969e+16 1.21788085120430e+12 2.91008135087179e+14 1.88016910496593e+16 7.39626296062663e+10 1.19864524097775e+20 3.35328743160786e+16 3.61422449008145e+12 6.89177432611719e+18 3.48724462415545e+15 4.20710539712385e+10 4.79943038972206e+13 
1.05677015194260e-01 3.23859055500137e+02 3.23479817490834e+02 9.74685273012305e+19 7.87142966338390e+18 5.67125373766597e+16 3.42967798454989e+15 5.26893946454332e+15 5.02043584845475e+19 1.08770738994369e+16 1.26150250024728e+12 2.80076771682520e+14 1.83045615156813e+16 7.55157546082057e+10 1.19265678945379e+20 3.33136888600628e+16 3.54795065259619e+12 7.49075038772867e+18 3.57092964844619e+15 4.55797094830852e+10 5.26482868074973e+13 
1.14397010427290e-01 3.23866387361006e+02 3.23484010248555e+02 9.70790717046311e+19 7.86638346939486e+18 5.67641003199936e+16 3.41565420875905e+15 5.31506918626484e+15 5.15896744846468e+19 1.10706125742618e+16 1.30021843447958e+12 2.70996492687921e+14 1.77863386349788e+16 7.68938439634150e+10 1.18670786297758e+20 3.31014500890078e+16 3.49060311991619e+12 8.08576354777645e+18 3.65806423680418e+15 4.90808979882649e+10 5.72938891638597e+13 
1.26636722615354e-01 3.23875287800084e+02 3.23487721156821e+02 9.66908631554143e+19 7.85140934362146e+18 5.68143580047141e+16 3.40169471733774e+15 5.36972442623751e+15 5.32263683703474e+19 1.13029662444946e+16 1.34764035907363e+12 2.60742686273098e+14 1.70608197794218e+16 7.85960371557672e+10 1.17842524625642e+20 3.28136509604881e+16 3.42204373858324e+12 8.91417975428277e+18 3.78489400977771e+15 5.39797957316333e+10 6.37925153704209e+13 
1.38876434803417e-01 3.23882872210708e+02 3.23492258024979e+02 9.64485195664100e+19 7.83368007358007e+18 5.68607021375420e+16 3.39300758900041e+15 5.41546500651286e+15 5.45688192632371e+19 1.14977847704157e+16 1.38843749458723e+12 2.52628499746153e+14 1.63677227153594e+16 8.00879199934485e+10 1.17022229430769e+20 3.25359407148210e+16 3.36417915170867e+12 9.73461549896690e+18 3.91564204614651e+15 5.88639905838246e+10 7.02578961517315e+13 
1.51116146991480e-01 3.23889413058231e+02 3.23496157829028e+02 9.63184014432731e+19 7.81727365712056e+18 5.69164966600853e+16 3.38837886958152e+15 5.45461927270377e+15 5.56759947731014e+19 1.16626059197310e+16 1.42392933486223e+12 2.46080186366405e+14 1.57263155205219e+16 8.14193886094478e+10 1.16209963900048e+20 3.22667864340876e+16 3.31439355298041e+12 1.05470103552321e+19 4.04908895738957e+15 6.37358895145189e+10 7.66846367446607e+13 
1.63355859179544e-01 3.23895125665949e+02 3.23499551419254e+02 9.62745530816360e+19 7.80433907852071e+18 5.69883463864294e+16 3.38687161933396e+15 5.48890304255440e+15 5.65954205957036e+19 1.18034859094570e+16 1.45518166140787e+12 2.40721845174519e+14 1.51458955474274e+16 8.26271550211542e+10 1.15405768659767e+20 3.20049633579561e+16 3.27082003658075e+12 1.13513259013286e+19 4.18426068381766e+15 6.85932213555506e+10 8.30688988823896e+13 
1.75595571367607e-01 3.23900180263466e+02 3.23502542481867e+02 9.62969167964678e+19 7.79579889396059e+18 5.70785549015086e+16 3.38776163036586e+15 5.51952042447454e+15 5.73653290449085e+19 1.19253008996454e+16 1.48305979663766e+12 2.36280932973379e+14 1.46292853661603e+16 8.37364504433129e+10 1.14609663983132e+20 3.17495044377322e+16 3.23212014546410e+12 1.21475436507817e+19 4.32033863977906e+15 7.34346880104196e+10 8.94109175490823e+13 
1.87835283555670e-01 3.23904710696564e+02 3.23505213177184e+02 9.63701238393629e+19 7.79175286421296e+18 5.71867415335522e+16 3.39049350728848e+15 5.54729301637747e+15 5.80162576613718e+19 1.20319203540088e+16 1.50825546549347e+12 2.32548857235711e+14 1.41750693442809e+16 8.47685448846817e+10 1.13821651897040e+20 3.14996308977515e+16 3.19720526096050e+12 1.29356629860655e+19 4.45669509352917e+15 7.82579605715234e+10 9.57089131095446e+13 
2.10707146123403e-01 3.23912095879645e+02 3.23507628229257e+02 9.66071502356361e+19 7.79478140114819e+18 5.74300307921494e+16 3.39923157024227e+15 5.59352717314209e+15 5.89888410027026e+19 1.21999118576903e+16 1.54984050244262e+12 2.26933111294930e+14 1.34767629949190e+16 8.65401361105387e+10 1.12370760247483e+20 3.10457510055687e+16 3.13956123658449e+12 1.43867429344336e+19 4.71067758752718e+15 8.72255644166708e+10 1.07356170004485e+14 
2.33579008691136e-01 3.23918503185549e+02 3.23511612914587e+02 9.69271260358106e+19 7.80919193393330e+18 5.77156526330697e+16 3.41097997113604e+15 5.63484494894626e+15 5.97441420913240e+19 1.23399254700503e+16 1.58657736196182e+12 2.22514496422962e+14 1.29460813169647e+16 8.81686498675525e+10 1.10947916472633e+20 3.06063450098033e+16 3.08874822438592e+12 1.58097640484478e+19 4.96129556941961e+15 9.61233450571018e+10 1.18846875402579e+14 
2.56450871258868e-01 3.23924258235492e+02 3.23515118210232e+02 9.72950968060881e+19 7.83154596910186e+18 5.80293578661522e+16 3.42447272323747e+15 5.67286315259368e+15 6.03593561479959e+19 1.24617271063435e+16 1.62025550155321e+12 2.18904252025372e+14 1.25453192272551e+16 8.97007927465491e+10 1.09552844727764e+20 3.01794282824481e+16 3.04261963741832e+12 1.72050059458872e+19 5.20676102536024e+15 1.04936091747390e+11 1.30182800458254e+14 
2.79322733826601e-01 3.23929555704960e+02 3.23518302430817e+02 9.76908799568468e+19 7.85896637286731e+18 5.83597487134142e+16 3.43897792618615e+15 5.70846300945085e+15 6.08810858959844e+19 1.25711930644659e+16 1.65195647503902e+12 2.15838519193968e+14 1.22406386877972e+16 9.11655416878978e+10 1.08185181403935e+20 2.97637309427363e+16 2.99980782509319e+12 1.85728344626776e+19 5.44611955501305e+15 1.13658694574916e+11 1.41362655537342e+14 
3.02194596394334e-01 3.23934518375255e+02 3.23521260295669e+02 9.81020042730276e+19 7.88950577201648e+18 5.86991778323781e+16 3.45404302193898e+15 5.74226143273869e+15 6.13386679513100e+19 1.26720254530753e+16 1.68236472932172e+12 2.13133542941921e+14 1.20053743168177e+16 9.25809239513732e+10 1.06844519368307e+20 2.93583879399531e+16 2.95939807167667e+12 1.99136580820636e+19 5.67888914382268e+15 1.22291849283615e+11 1.52384030075574e+14 
3.41019879431679e-01 3.23942380352544e+02 3.23524051555872e+02 9.88144651598317e+19 7.94547503636804e+18 5.92841487062857e+16 3.48015211728335e+15 5.79649000094878e+15 6.20170823012837e+19 1.28295609964521e+16 1.73215459034282e+12 2.09157303604475e+14 1.17162820580818e+16 9.48989918216487e+10 1.04629312181444e+20 2.86923709570142e+16 2.89504941068400e+12 2.21291334429538e+19 6.05844156308106e+15 1.36726569082041e+11 1.70724477583498e+14 
3.79845162469025e-01 3.23949762719971e+02 3.23528507669523e+02 9.95230095788003e+19 8.00313511078643e+18 5.98665050392210e+16 3.50612650338500e+15 5.84792541858661e+15 6.26253060591485e+19 1.29767719762908e+16 1.78094228495828e+12 2.05567700602615e+14 1.15078009113723e+16 9.71425105922261e+10 1.02488499814758e+20 2.80521517585337e+16 2.83419195157800e+12 2.42702084547426e+19 6.41819820480149e+15 1.50900052554021e+11 1.88588502496577e+14 
4.18670445506370e-01 3.23956786425134e+02 3.23532719846833e+02 1.00216612286172e+20 8.06051636944709e+18 6.04386725492314e+16 3.53156431357787e+15 5.89681162724673e+15 6.31917512679878e+19 1.31172574680077e+16 1.82935039973623e+12 2.02469911926381e+14 1.13455975045429e+16 9.93277556793114e+10 1.00419776272089e+20 2.74361957141953e+16 2.77687947666658e+12 2.63391908477529e+19 6.75794692003038e+15 1.64750069874773e+11 2.05988941153370e+14 
4.57495728543716e-01 3.23963505564505e+02 3.23536746849163e+02 1.00891871632961e+20 8.11683657132829e+18 6.09978000653433e+16 3.55634074807568e+15 5.94366379982850e+15 6.37270957862759e+19 1.32523782778390e+16 1.87763371069753e+12 1.99483562538071e+14 1.12108596856698e+16 1.01461077310494e+11 9.84208929652249e+19 2.68433652571316e+16 2.72165012380482e+12 2.83383285643185e+19 7.07949826334330e+15 1.78348974745573e+11 2.22899973480148e+14 
4.96321011581062e-01 3.23969945204627e+02 3.23540614639237e+02 1.01547630042991e+20 8.17177603345036e+18 6.15427648804906e+16 3.58041265967361e+15 5.98856435778185e+15 6.42365523025883e+19 1.33827827849785e+16 1.92586973145282e+12 1.96796987664175e+14 1.10945065108616e+16 1.03544828478929e+11 9.64896212818720e+19 2.62726781448973e+16 2.66902292916939e+12 3.02698503056453e+19 7.38374152634760e+15 1.91643350601657e+11 2.39325124856369e+14 
5.51640762231451e-01 3.23978688434251e+02 3.23544335093796e+02 1.02447083359061e+20 8.24734245404182e+18 6.22939022719463e+16 3.61344845169343e+15 6.04937650414494e+15 6.49259493975775e+19 1.35615182081633e+16 1.99465346026562e+12 1.93292036093592e+14 1.09501963326998e+16 1.06432907336545e+11 9.38495519444686e+19 2.54957404484561e+16 2.59770056882350e+12 3.29102681762405e+19 7.78962831393494e+15 2.10099484901302e+11 2.61895558004506e+14 
6.06960512881840e-01 3.23986957277753e+02 3.23549406004155e+02 1.03305617949405e+20 8.31960155495142e+18 6.30149821136461e+16 3.64500117785146e+15 6.10669698156760e+15 6.55771737043822e+19 1.37325158687335e+16 2.06349231751271e+12 1.90166805415520e+14 1.08257710952703e+16 1.09226782392291e+11 9.13360836681694e+19 2.47594242614412e+16 2.53054313499456e+12 3.54240756773704e+19 8.16516011468446e+15 2.27968717165243e+11 2.83504570032212e+14 
6.62280263532229e-01 3.23994786114982e+02 3.23554221957067e+02 1.04124090991413e+20 8.38854582346742e+18 6.37063624024060e+16 3.67509983307554e+15 6.16091469746059e+15 6.61942003642384e+19 1.38962919703021e+16 2.13237232106113e+12 1.87275781896638e+14 1.07147447653808e+16 1.11927886378472e+11 8.89435617058422e+19 2.40615178641332e+16 2.46684464707612e+12 3.78169260564484e+19 8.51407206284862e+15 2.45284758688612e+11 3.04128819880922e+14 
7.17600014182618e-01 3.24002201402019e+02 3.23558799170596e+02 1.04903989168343e+20 8.45426732845417e+18 6.43687765661114e+16 3.70379648875742e+15 6.21220098469357e+15 6.67794375274074e+19 1.40531601557872e+16 2.20120534096730e+12 1.84629670271930e+14 1.06138269333343e+16 1.14537059240806e+11 8.66664301577567e+19 2.33999598166672e+16 2.40653127440895e+12 4.00943758930326e+19 8.83768603296482e+15 2.62040757904590e+11 3.23828129213150e+14 
8.41763339687317e-01 3.24017476965611e+02 3.23563150213838e+02 1.06524822454613e+20 8.59091454125066e+18 6.57570174170487e+16 3.76348746602221e+15 6.31753971511533e+15 6.79883422741548e+19 1.43819361172455e+16 2.35542362538585e+12 1.79485965570988e+14 1.04181949483550e+16 1.20071998772297e+11 8.19411266391361e+19 2.20353788843631e+16 2.28227854368892e+12 4.48203547197616e+19 9.48607859266913e+15 2.97694891678628e+11 3.64797095232799e+14 
9.65926665192016e-01 3.24031012972173e+02 3.23572161638036e+02 1.07977491915791e+20 8.71346401632946e+18 6.70147016151363e+16 3.81704470613365e+15 6.41059371590936e+15 6.90633494737050e+19 1.46798106530066e+16 2.50816694908516e+12 1.75224159331311e+14 1.02588035639680e+16 1.25162414940240e+11 7.77143054887775e+19 2.08240823468967e+16 2.17187123185961e+12 4.90477963220131e+19 1.00402881534134e+16 3.30658865468881e+11 4.01509566204716e+14 
1.09008999069671e+00 3.24043011517671e+02 3.23580201537017e+02 1.09278058815802e+20 8.82324714734956e+18 6.81518050734952e+16 3.86504174691706e+15 6.49289909589691e+15 7.00196713602300e+19 1.49492341451227e+16 2.65848058889191e+12 1.71654792104050e+14 1.01272254627764e+16 1.29825473484261e+11 7.39359857602591e+19 1.97486695548627e+16 2.07354413156658e+12 5.28266824508373e+19 1.05165628801856e+16 3.61035519148792e+11 4.34315119387810e+14 
1.21425331620141e+00 3.24053653782907e+02 3.23587371463713e+02 1.10441745092509e+20 8.92152733347206e+18 6.91783449286079e+16 3.90802530510024e+15 6.56577623721671e+15 7.08709090247484e+19 1.51926143729864e+16 2.80551832099824e+12 1.68639781711662e+14 1.00172091888935e+16 1.34083613989891e+11 7.05596044544368e+19 1.87934650631294e+16 1.98582981466830e+12 5.62035785579055e+19 1.09277551732944e+16 3.88947760537543e+11 4.63585658271349e+14 
1.42589402112977e+00 3.24069086312721e+02 3.23593765091494e+02 1.12146271973062e+20 9.06557547565581e+18 7.06979173411497e+16 3.97105098915208e+15 6.67127537032061e+15 7.21107277913779e+19 1.55532246616725e+16 3.04611423759359e+12 1.64491428291940e+14 9.86782399381140e+15 1.40468849103911e+11 6.56207811691121e+19 1.74059717773919e+16 1.85749349554386e+12 6.11431680434574e+19 1.15064687069457e+16 4.31166732126833e+11 5.06251224403210e+14 
1.63753472605813e+00 3.24081683734186e+02 3.23603093997938e+02 1.13552613014748e+20 9.18449990269247e+18 7.19662452560833e+16 4.02310907323322e+15 6.75724915833830e+15 7.31281145800389e+19 1.58546283708235e+16 3.27128765175810e+12 1.61292289449734e+14 9.75346458568700e+15 1.45871816441717e+11 6.15512651258864e+19 1.62713027810644e+16 1.75156222717567e+12 6.52133264690732e+19 1.19638309661245e+16 4.67257086894278e+11 5.41245572061860e+14 
1.84917543098649e+00 3.24091988960033e+02 3.23610759745675e+02 1.14713339780669e+20 9.28270637126139e+18 7.30232305845482e+16 4.06611472354745e+15 6.82747467226777e+15 7.39641651150097e+19 1.61061182056398e+16 3.47904939595753e+12 1.58798358748912e+14 9.66501791405601e+15 1.50423772163738e+11 5.81959823795926e+19 1.53415536001958e+16 1.66399928037772e+12 6.85691458102181e+19 1.23283120526995e+16 4.97952271023548e+11 5.69975998894118e+14 
2.06081613591485e+00 3.24100431308768e+02 3.23617064852860e+02 1.15671239987723e+20 9.36379100532864e+18 7.39025530189839e+16 4.10163233212780e+15 6.88494263497397e+15 7.46516820654845e+19 1.63155526487814e+16 3.66808358903103e+12 1.56829422646981e+14 9.59593616535207e+15 1.54243813085696e+11 5.54293371143745e+19 1.45788087614622e+16 1.59155225437921e+12 7.13362378388542e+19 1.26207551471402e+16 5.23932592562872e+11 5.93561259768932e+14 
2.27245684084321e+00 3.24107352455947e+02 3.23622253248171e+02 1.16461240149770e+20 9.43069016916481e+18 7.46326214557137e+16 4.13094268015557e+15 6.93201956710809e+15 7.52171573653917e+19 1.64896039680289e+16 3.83757049011082e+12 1.55260108863130e+14 9.54123710646581e+15 1.57437937520646e+11 5.31490871335681e+19 1.39527854721536e+16 1.53161944048036e+12 7.36168587984749e+19 1.28564776086598e+16 5.45819757059955e+11 6.12921793037336e+14 
2.64198072873190e+00 3.24116559268704e+02 3.23626522304848e+02 1.17518554858013e+20 9.52026548645606e+18 7.56168450092166e+16 4.17019676131052e+15 6.99459666471782e+15 7.59720525951346e+19 1.67245212037255e+16 4.08674220820500e+12 1.53221392761079e+14 9.47063330020075e+15 1.61775049207435e+11 5.00990779692335e+19 1.31190672082634e+16 1.45099151330514e+12 7.66673672628125e+19 1.31651987943500e+16 5.75816739133012e+11 6.38671017120585e+14 
3.01150461662059e+00 3.24123075830650e+02 3.23632222840728e+02 1.18272014668256e+20 9.58411728570438e+18 7.63229633214470e+16 4.19818750514490e+15 7.03880793252723e+15 7.65083895592267e+19 1.68932188767479e+16 4.28171022140787e+12 1.51860363628897e+14 9.42331289624498e+15 1.64909603884210e+11 4.79271450224124e+19 1.25280023211474e+16 1.39358080789982e+12 7.88396595409203e+19 1.33786373435001e+16 5.97626356401614e+11 6.57002673675206e+14 
3.38102850450928e+00 3.24127716191648e+02 3.23636273191433e+02 1.18810236251815e+20 9.62974792703267e+18 7.68302650282082e+16 4.21819181892828e+15 7.07030265470072e+15 7.68912103809544e+19 1.70145724348871e+16 4.43203676960869e+12 1.50866972727786e+14 9.38957649484738e+15 1.67170833670181e+11 4.63759168320274e+19 1.21070026391744e+16 1.35207207314911e+12 8.03911435655138e+19 1.35308900495295e+16 6.13544542905320e+11 6.69943713818504e+14 
3.75055239239797e+00 3.24131016833052e+02 3.23639164517910e+02 1.19194870204788e+20 9.66235931739262e+18 7.71937369577684e+16 4.23249193170120e+15 7.09267157391386e+15 7.71641095536529e+19 1.71015161406206e+16 4.54523908286765e+12 1.50208285448738e+14 9.36662059790544e+15 1.68798913871725e+11 4.52680183758110e+19 1.18071460233234e+16 1.32265775110850e+12 8.14992273981084e+19 1.36360714244102e+16 6.24969483579326e+11 6.79262973017485e+14 
4.12007628028666e+00 3.24133366536967e+02 3.23641225482952e+02 1.19469059012710e+20 9.68561358702532e+18 7.74537582402406e+16 4.24268847319060e+15 7.10859725465872e+15 7.73585558796223e+19 1.71637611525235e+16 4.62893214234108e+12 1.49725161026577e+14 9.35038678512699e+15 1.69964621296258e+11 4.44783206043348e+19 1.15936254781973e+16 1.30146910632012e+12 8.22890563309690e+19 1.37118642332186e+16 6.33234592204598e+11 6.85844660571132e+14 
4.63522312878059e+00 3.24135538031164e+02 3.23642694425759e+02 1.19722159291966e+20 9.70708536275808e+18 7.76944024407439e+16 4.25210285972304e+15 7.12336822834772e+15 7.75384695280295e+19 1.72214496841312e+16 4.70948420066731e+12 1.49234516889120e+14 9.33362833898265e+15 1.71046172299296e+11 4.37489291760907e+19 1.13966630820534e+16 1.28154664578102e+12 8.30185682410751e+19 1.37823937701049e+16 6.40974077041393e+11 6.91812413383573e+14 
5.15036997727453e+00 3.24136882141624e+02 3.23644052845939e+02 1.19880204916894e+20 9.72048475374238e+18 7.78445193627775e+16 4.25798171032303e+15 7.13241946392924e+15 7.76500537996604e+19 1.72573598692546e+16 4.76010845413388e+12 1.49019502619363e+14 9.32575568834865e+15 1.71723019522382e+11 4.32942391646068e+19 1.12741046086895e+16 1.26973293109475e+12 8.34733358469150e+19 1.38234720658198e+16 6.45701121608752e+11 6.95709188384274e+14 
5.66551682576846e+00 3.24137731986834e+02 3.23644895340639e+02 1.19979880294395e+20 9.72894110045740e+18 7.79395518685690e+16 4.26168991821304e+15 7.13814202198476e+15 7.77205066484048e+19 1.72801170896880e+16 4.79310290406937e+12 1.48863090458981e+14 9.32107285277829e+15 1.72149750207186e+11 4.30073852102305e+19 1.11966959102125e+16 1.26206820165001e+12 8.37602372185483e+19 1.38510919119514e+16 6.48757310227443e+11 6.98091547141262e+14 
6.18066367426239e+00 3.24138270960781e+02 3.23645427991276e+02 1.20042424099507e+20 9.73425156780608e+18 7.79992622779164e+16 4.26401735268756e+15 7.14187524627427e+15 7.77652126831048e+19 1.72944681593057e+16 4.81486033411802e+12 1.48694807091916e+14 9.31533831399046e+15 1.72419856975161e+11 4.28268921792668e+19 1.11480958021322e+16 1.25683408050835e+12 8.39407598562404e+19 1.38686801280523e+16 6.50728140644695e+11 6.99506077813146e+14 
6.69581052275633e+00 3.24138601942561e+02 3.23645765362006e+02 1.20081401299216e+20 9.73755690379691e+18 7.80363922327632e+16 4.26546758523730e+15 7.14413649179066e+15 7.77927671012679e+19 1.73033622036325e+16 4.82713553918219e+12 1.48627188573045e+14 9.31243481017659e+15 1.72587949470951e+11 4.27147221035086e+19 1.11179233811212e+16 1.25383144639908e+12 8.40529494357630e+19 1.38783691914367e+16 6.51907905259461e+11 7.00489601612204e+14 
7.43319381595693e+00 3.24138880645065e+02 3.23645973053921e+02 1.20114659619005e+20 9.74037443548428e+18 7.80677757126152e+16 4.26670458944289e+15 7.14596296611966e+15 7.78158347833716e+19 1.73108109633542e+16 4.83358840996355e+12 1.48623183112752e+14 9.31254954058043e+15 1.72730366114752e+11 4.26194524442478e+19 1.10923224121707e+16 1.25165003646582e+12 8.41482358874745e+19 1.38863290950708e+16 6.52837169940131e+11 7.01336316627220e+14 
8.17057710915754e+00 3.24139021436976e+02 3.23646148249386e+02 1.20130808597541e+20 9.74174790397355e+18 7.80833770914718e+16 4.26730576401851e+15 7.14694742778289e+15 7.78275086810222e+19 1.73145844312326e+16 4.83959006965290e+12 1.48564470242468e+14 9.31079941336528e+15 1.72800029605900e+11 4.25727137012193e+19 1.10796834277855e+16 1.25015912565261e+12 8.41949816529746e+19 1.38916067705584e+16 6.53388708684003e+11 7.01671690421194e+14 
8.90796040235814e+00 3.24139086397496e+02 3.23646236257640e+02 1.20138437742164e+20 9.74239462594911e+18 7.80906261620591e+16 4.26758965942907e+15 7.14739380050029e+15 7.78329280122853e+19 1.73163226547696e+16 4.84418733723746e+12 1.48549806110036e+14 9.31007913997018e+15 1.72833239194843e+11 4.25507331402880e+19 1.10737960226463e+16 1.24956652720259e+12 8.42169661136072e+19 1.38934031886104e+16 6.53618905971935e+11 7.01858924163668e+14 
9.64534369555875e+00 3.24139116521610e+02 3.23646277016790e+02 1.20142115683009e+20 9.74270547598671e+18 7.80941095884366e+16 4.26772635128097e+15 7.14757363639518e+15 7.78354345985519e+19 1.73171473635433e+16 4.84577346252368e+12 1.48560358887303e+14 9.31048217822283e+15 1.72848596580422e+11 4.25402422682545e+19 1.10709501737722e+16 1.24938558450681e+12 8.42274588241927e+19 1.38943035238264e+16 6.53717476086304e+11 7.01963645578724e+14 
1.11744703668934e+01 3.24139145377520e+02 3.23646296025802e+02 1.20145546838728e+20 9.74299548774845e+18 7.80973015936109e+16 4.26785382498068e+15 7.14775008837409e+15 7.78378043377165e+19 1.73179011109827e+16 4.84452169822537e+12 1.48567255070516e+14 9.31084273127567e+15 1.72862954164304e+11 4.25304239830725e+19 1.10682943273368e+16 1.24920944464886e+12 8.42372787369614e+19 1.38952474716414e+16 6.53803786961886e+11 7.02044305252851e+14 
1.27035970382281e+01 3.24139149081921e+02 3.23646314150225e+02 1.20145822273899e+20 9.74302067130290e+18 7.80976968292095e+16 4.26786434754767e+15 7.14780134506717e+15 7.78381364399746e+19 1.73180178273441e+16 4.84529319547229e+12 1.48546283916739e+14 9.31007149140710e+15 1.72864611419747e+11 4.25294920638224e+19 1.10680408324212e+16 1.24903777883821e+12 8.42382105805748e+19 1.38955799887221e+16 6.53845729585684e+11 7.02037275087033e+14 
1.42327237095627e+01 3.24139146862490e+02 3.23646316359079e+02 1.20145578281243e+20 9.74300017266569e+18 7.80974707605481e+16 4.26785533636262e+15 7.14779234005854e+15 7.78379606692292e+19 1.73179636865550e+16 4.84694246032758e+12 1.48543633622656e+14 9.30991130298166e+15 1.72863806962346e+11 4.25301975839496e+19 1.10682500503145e+16 1.24903898891648e+12 8.42375050418976e+19 1.38953886061600e+16 6.53840794723367e+11 7.02034470129895e+14 
1.57618503808974e+01 3.24139146237240e+02 3.23646314983199e+02 1.20145536574977e+20 9.74299607176802e+18 7.80974104323879e+16 4.26785367007454e+15 7.14777639188965e+15 7.78379051226053e+19 1.73179458631712e+16 4.84730352891954e+12 1.48551056070834e+14 9.31019776708939e+15 1.72863307173587e+11 4.25303440565689e+19 1.10682713029961e+16 1.24908791248499e+12 8.42373585218135e+19 1.38954121363304e+16 6.53832603545087e+11 7.02036469503820e+14 
1.98281645752554e+01 3.24139147493132e+02 3.23646314614308e+02 1.20145659012469e+20 9.74300629121015e+18 7.80975173394683e+16 4.26785817138219e+15 7.14778217254382e+15 7.78380042008213e+19 1.73179722324790e+16 4.84704348034776e+12 1.48551846713705e+14 9.31024301854006e+15 1.72863686625958e+11 4.25299794652633e+19 1.10681617456007e+16 1.24908396589117e+12 8.42377231169787e+19 1.38955224796044e+16 6.53835403785346e+11 7.02036218758896e+14 
2.38944787696135e+01 3.24139147094167e+02 3.23646315380331e+02 1.20145625042482e+20 9.74300385753899e+18 7.80975195860887e+16 4.26785703950755e+15 7.14778601599012e+15 7.78379823551971e+19 1.73179749877765e+16 4.84674480730225e+12 1.48548091863955e+14 9.31009677076484e+15 1.72863859327305e+11 4.25300745214389e+19 1.10682061438617e+16 1.24905982184050e+12 8.42376280869866e+19 1.38954507813624e+16 6.53840756769476e+11 7.02036215423672e+14 
2.79607929639715e+01 3.24139147670109e+02 3.23646315144798e+02 1.20145673151537e+20 9.74300761248934e+18 7.80975450639749e+16 4.26785873548685e+15 7.14778470631682e+15 7.78380229040559e+19 1.73179806821206e+16 4.84656815530087e+12 1.48550773779508e+14 9.31019807476309e+15 1.72863824137704e+11 4.25299299188795e+19 1.10681509207264e+16 1.24907401711452e+12 8.42377726548807e+19 1.38955439107172e+16 6.53838530497146e+11 7.02034909121298e+14 
5.69652080155313e+01 3.24139148267779e+02 3.23646315487765e+02 1.20145717116578e+20 9.74301118698923e+18 7.80975676780351e+16 4.26786029578238e+15 7.14778761834472e+15 7.78380645087341e+19 1.73179859368981e+16 4.84635153260598e+12 1.48551082162588e+14 9.31021162162299e+15 1.72863831949960e+11 4.25297927694240e+19 1.10681017049880e+16 1.24907482170242e+12 8.42379098075521e+19 1.38956098873025e+16 6.53837570454084e+11 7.02034166686756e+14 
8.59696230670911e+01 3.24139147000957e+02 3.23646315838977e+02 1.20145619398144e+20 9.74300334598947e+18 7.80975112012121e+16 4.26785682122590e+15 7.14778494038333e+15 7.78379740018425e+19 1.73179723698860e+16 4.84642402705567e+12 1.48548570280764e+14 9.31011474010723e+15 1.72863823176024e+11 4.25300942360237e+19 1.10682115945112e+16 1.24906379631172e+12 8.42376083765394e+19 1.38954389389727e+16 6.53839771100853e+11 7.02036869861706e+14 
1.14974038118651e+02 3.24139147936144e+02 3.23646315090543e+02 1.20145682998913e+20 9.74300843680594e+18 7.80975469590128e+16 4.26785906961751e+15 7.14778727343513e+15 7.78380408154444e+19 1.73179817186684e+16 4.84658780739951e+12 1.48550002899783e+14 9.31016890750818e+15 1.72863790277122e+11 4.25298896948098e+19 1.10681339493213e+16 1.24906939864682e+12 8.42378128691645e+19 1.38955813206599e+16 6.53838486157188e+11 7.02033647564237e+14 
2.14974038118651e+02 3.24139147819011e+02 3.23646315636522e+02 1.20145672011431e+20 9.74300756578453e+18 7.80975403049180e+16 4.26785868071153e+15 7.14778743704846e+15 7.78380324309129e+19 1.73179802478106e+16 4.84680359692520e+12 1.48549472378468e+14 9.31014830374271e+15 1.72863792196622e+11 4.25299224542952e+19 1.10681460268382e+16 1.24906670786456e+12 8.42377801854734e+19 1.38955650552859e+16 6.53838858373358e+11 7.02033573225314e+14 
3.14974038118651e+02 3.24139147328844e+02 3.23646315565573e+02 1.20145643523976e+20 9.74300526453369e+18 7.80975238403990e+16 4.26785767237880e+15 7.14778538769991e+15 7.78379972333972e+19 1.73179754240630e+16 4.84685316389303e+12 1.48549274424556e+14 9.31014187531479e+15 1.72863802247505e+11 4.25300201186584e+19 1.10681828843381e+16 1.24906697210570e+12 8.42376825861026e+19 1.38954864176507e+16 6.53839123289913e+11 7.02036232009978e+14 
4.14974038118651e+02 3.24139147557925e+02 3.23646315282873e+02 1.20145653295372e+20 9.74300605629173e+18 7.80975290643466e+16 4.26785801618611e+15 7.14778668371873e+15 7.78380137158336e+19 1.73179773689929e+16 4.84679241858247e+12 1.48549106718604e+14 9.31013443160949e+15 1.72863787046489e+11 4.25299832120220e+19 1.10681678844356e+16 1.24906536322965e+12 8.42377195041773e+19 1.38955286027217e+16 6.53839175625502e+11 7.02034330647590e+14 
5.14974038118651e+02 3.24139147296440e+02 3.23646315411868e+02 1.20145642134264e+20 9.74300515054354e+18 7.80975226604355e+16 4.26785762325007e+15 7.14778526276035e+15 7.78379948061636e+19 1.73179749895521e+16 4.84671164237665e+12 1.48549289841681e+14 9.31014267013811e+15 1.72863800022950e+11 4.25300264160706e+19 1.10681850439015e+16 1.24906719238016e+12 8.42376763260202e+19 1.38954801378554e+16 6.53839098752311e+11 7.02036555276620e+14 
6.14974038118651e+02 3.24139147494972e+02 3.23646315264263e+02 1.20145648647530e+20 9.74300568351107e+18 7.80975263310431e+16 4.26785785143813e+15 7.14778656725186e+15 7.78380091789025e+19 1.73179766813253e+16 4.84665953894387e+12 1.48548996384439e+14 9.31013020169842e+15 1.72863787752437e+11 4.25299978968414e+19 1.10681733289118e+16 1.24906491634479e+12 8.42377048256346e+19 1.38955197641156e+16 6.53839272090583e+11 7.02034458597920e+14 
7.14974038118651e+02 3.24139147328914e+02 3.23646315374785e+02 1.20145644678041e+20 9.74300535537502e+18 7.80975242237600e+16 4.26785771328970e+15 7.14778533723787e+15 7.78379971258227e+19 1.73179753736443e+16 4.84665013165448e+12 1.48549358471588e+14 9.31014532000713e+15 1.72863800355273e+11 4.25300182752145e+19 1.10681821041047e+16 1.24906748152552e+12 8.42376844594450e+19 1.38954845317371e+16 6.53839052754590e+11 7.02036522826252e+14 
8.14974038118651e+02 3.24139147450375e+02 3.23646315283588e+02 1.20145645342944e+20 9.74300541736012e+18 7.80975243185656e+16 4.26785773295293e+15 7.14778643937380e+15 7.78380059319069e+19 1.73179761795523e+16 4.84666492871455e+12 1.48548929072362e+14 9.31012763401610e+15 1.72863786753989e+11 4.25300079275108e+19 1.10681770069533e+16 1.24906465489278e+12 8.42376947853508e+19 1.38955134880088e+16 6.53839330444047e+11 7.02034578516920e+14 
9.14974038118651e+02 3.24139147368469e+02 3.23646315348635e+02 1.20145647353115e+20 9.74300557027133e+18 7.80975257832926e+16 4.26785780790578e+15 7.14778544148104e+15 7.78379999584348e+19 1.73179757882118e+16 4.84668519389966e+12 1.48549411579687e+14 9.31014731519104e+15 1.72863799941313e+11 4.25300094634952e+19 1.10681788449655e+16 1.24906767334482e+12 8.42376932653082e+19 1.38954904374526e+16 6.53839003428411e+11 7.02036389636563e+14 
1.00000000000000e+03 3.24139147403268e+02 3.23646315306734e+02 1.20145646988278e+20 9.74300554410778e+18 7.80975254687818e+16 4.26785779368007e+15 7.14778581343318e+15 7.78380024911286e+19 1.73179759853012e+16 4.84669264591585e+12 1.48549244411844e+14 9.31014048326648e+15 1.72863795192920e+11 4.25300077408231e+19 1.10681777510905e+16 1.24906660960313e+12 8.42376949811898e+19 1.38954995311646e+16 6.53839114043136e+11 7.02035717981747e+14 
