Time(s)              GasTemp(K)           NearWallTemp(K)      [O2(X)](m^-3)        [O2(a1Dg)](m^-3)     [O2(b1Sg+)](m^-3)    [O2(A3Su+_C3Du_c1Su-)](m^-3) [O2(+,X)](m^-3)      [O(3P)](m^-3)        [O(1D)](m^-3)        [O(+,gnd)](m^-3)     [O(-,gnd)](m^-3)     [O3(X)](m^-3)        [O3(exc)](m^-3)      [CO2(X)](m^-3)       [CO2(e1)](m^-3)      [CO2(+,X)](m^-3)     [CO(X)](m^-3)        [CO(a3P)](m^-3)      [CO(+,X)](m^-3)      [C(X)](m^-3)        
0.00000000000000e+00 4.09767189875000e+02 3.48377735443750e+02 3.37560070381857e+22 3.37560070381857e-03 3.37560070381857e-03 3.37560070381857e-03 0.00000000000000e+00 0.00000000000000e+00 0.00000000000000e+00 0.00000000000000e+00 0.00000000000000e+00 0.00000000000000e+00 0.00000000000000e+00 0.00000000000000e+00 0.00000000000000e+00 0.00000000000000e+00 0.00000000000000e+00 0.00000000000000e+00 0.00000000000000e+00 0.00000000000000e+00 
7.83545123081327e-17 4.09767189874995e+02 3.62860964780189e+02 3.37560070381857e+22 1.20772372098565e+07 2.86243955720311e+06 3.74832521565576e+06 1.85658337937457e+02 9.64590570579066e+06 1.39138586510099e+06 3.49938473294296e-03 4.83909074515218e+05 1.08016877636895e-06 1.57155848587899e-10 0.00000000000000e+00 0.00000000000000e+00 0.00000000000000e+00 0.00000000000000e+00 0.00000000000000e+00 0.00000000000000e+00 0.00000000000000e+00 
1.56709024616265e-16 4.09767189874989e+02 3.62860964780186e+02 3.37560070381856e+22 2.41544744163425e+07 5.72487911113889e+06 7.49665042793338e+06 3.71316675874911e+02 1.92918114117227e+07 2.78277173006058e+06 6.99876946574042e-03 9.67818149029184e+05 3.40914027309424e-06 4.96002425081409e-10 0.00000000000000e+00 0.00000000000000e+00 0.00000000000000e+00 0.00000000000000e+00 0.00000000000000e+00 0.00000000000000e+00 0.00000000000000e+00 
2.35063536924398e-16 4.09767189874984e+02 3.62860964780182e+02 3.37560070381856e+22 3.62317116228338e+07 8.58731866518520e+06 1.12449756402084e+07 5.56975013812364e+02 2.89377171177991e+07 4.17415759487579e+06 1.04981541983893e-02 1.45172722354187e+06 7.01324130843278e-06 1.02037006929197e-09 0.00000000000000e+00 0.00000000000000e+00 0.00000000000000e+00 0.00000000000000e+00 0.00000000000000e+00 0.00000000000000e+00 0.00000000000000e+00 
5.76927719038568e-16 4.09767189874960e+02 3.62860964780179e+02 3.37560070381855e+22 8.89252285394328e+07 2.10762682899574e+07 2.75990833392120e+07 1.36701050483888e+03 7.10232278043287e+07 1.02448352947915e+07 2.57661236383388e-02 3.56304379104530e+06 3.66607335413786e-05 5.33384116984643e-09 0.00000000000000e+00 0.00000000000000e+00 0.00000000000000e+00 0.00000000000000e+00 0.00000000000000e+00 0.00000000000000e+00 0.00000000000000e+00 
9.18791901152738e-16 4.09767189874936e+02 3.62860964780164e+02 3.37560070381854e+22 1.41618745456130e+08 3.35652179167957e+07 4.39531910381672e+07 2.17704599586537e+03 1.13108738493556e+08 1.63155129920089e+07 4.10340930755117e-02 5.67436035852484e+06 9.01394840077308e-05 1.31145682150042e-08 0.00000000000000e+00 0.00000000000000e+00 0.00000000000000e+00 0.00000000000000e+00 0.00000000000000e+00 0.00000000000000e+00 0.00000000000000e+00 
1.26065608326691e-15 4.09767189874913e+02 3.62860964780149e+02 3.37560070381853e+22 1.94312262372927e+08 4.60541675457325e+07 6.03072987370732e+07 2.98708148689181e+03 1.55194249185525e+08 2.23861906864854e+07 5.63020625098640e-02 7.78567692598012e+06 1.67825859012105e-04 2.44173094680614e-08 0.00000000000000e+00 0.00000000000000e+00 0.00000000000000e+00 0.00000000000000e+00 0.00000000000000e+00 0.00000000000000e+00 0.00000000000000e+00 
1.60252026538108e-15 4.09767189874889e+02 3.62860964780134e+02 3.37560070381852e+22 2.47005779289824e+08 5.85431171767795e+07 7.66614064359298e+07 3.79711697791822e+03 1.97279759880249e+08 2.84568683782059e+07 7.15700319413804e-02 9.89699349341101e+06 2.69852685694320e-04 3.92613902072737e-08 0.00000000000000e+00 0.00000000000000e+00 0.00000000000000e+00 0.00000000000000e+00 0.00000000000000e+00 0.00000000000000e+00 0.00000000000000e+00 
2.61711786746081e-15 4.09767189874818e+02 3.62860964780119e+02 3.37560070381849e+22 4.03391615263068e+08 9.56082998292744e+07 1.25197753100561e+08 6.20117130648877e+03 3.22182749057577e+08 4.64736579271250e+07 1.16882895875615e-01 1.61630395975976e+07 7.16143091202636e-04 1.04193046209431e-07 0.00000000000000e+00 0.00000000000000e+00 0.00000000000000e+00 0.00000000000000e+00 0.00000000000000e+00 0.00000000000000e+00 0.00000000000000e+00 
3.63171546954055e-15 4.09767189874748e+02 3.62860964780074e+02 3.37560070381846e+22 5.59777451237196e+08 1.32673482500375e+08 1.73734099764756e+08 8.60522563505899e+03 4.47085738259203e+08 6.44904474517440e+07 1.62195759784843e-01 2.24290857015691e+07 1.37705017414798e-03 2.00349698546477e-07 0.00000000000000e+00 0.00000000000000e+00 0.00000000000000e+00 0.00000000000000e+00 0.00000000000000e+00 0.00000000000000e+00 0.00000000000000e+00 
4.64631307162029e-15 4.09767189874678e+02 3.62860964780029e+02 3.37560070381842e+22 7.16163287212208e+08 1.69738665190081e+08 2.22270446428514e+08 1.10092799636289e+04 5.71988727485129e+08 8.25072369520622e+07 2.07508623669065e-01 2.86951318053255e+07 2.25258060831154e-03 3.27732318206668e-07 0.00000000000000e+00 0.00000000000000e+00 0.00000000000000e+00 0.00000000000000e+00 0.00000000000000e+00 0.00000000000000e+00 0.00000000000000e+00 
5.66091067370002e-15 4.09767189874607e+02 3.62860964779984e+02 3.37560070381839e+22 8.72549123188103e+08 2.06803847898394e+08 2.70806793091837e+08 1.34133342921984e+04 6.96891716735354e+08 1.00524026428080e+08 2.52821487528280e-01 3.49611779088667e+07 3.34273287792110e-03 4.86340684664478e-07 0.00000000000000e+00 0.00000000000000e+00 0.00000000000000e+00 0.00000000000000e+00 0.00000000000000e+00 0.00000000000000e+00 0.00000000000000e+00 
1.58068866944974e-14 4.09767189873903e+02 3.62860964779939e+02 3.37560070381808e+22 2.43640748299567e+09 5.77455676004838e+08 7.56170259701073e+08 3.74538775778759e+04 1.94592161057405e+09 2.80691919851732e+08 7.05950124745095e-01 9.76216389324485e+07 2.60483276367356e-02 3.78982167368523e-06 0.00000000000000e+00 0.00000000000000e+00 0.00000000000000e+00 0.00000000000000e+00 0.00000000000000e+00 0.00000000000000e+00 0.00000000000000e+00 
2.59528627152947e-14 4.09767189873199e+02 3.62860964779490e+02 3.37560070381776e+22 4.00026584289162e+09 9.48107505971865e+08 1.24153372626669e+09 6.14944208635204e+04 3.19495150684263e+09 4.60859810845338e+08 1.15907875946129e+00 1.60282099934520e+08 7.02159141214537e-02 1.02158494424955e-05 0.00000000000000e+00 0.00000000000000e+00 0.00000000000000e+00 0.00000000000000e+00 0.00000000000000e+00 0.00000000000000e+00 0.00000000000000e+00 
3.60988387360921e-14 4.09767189872495e+02 3.62860964779041e+02 3.37560070381744e+22 5.56412420287596e+09 1.31875933779947e+09 1.72689719278870e+09 8.55349641491319e+04 4.44398140554112e+09 6.41027699408900e+08 1.61220739167686e+00 2.22942560915080e+08 1.35845473750561e-01 1.97644212944064e-05 0.00000000000000e+00 0.00000000000000e+00 0.00000000000000e+00 0.00000000000000e+00 0.00000000000000e+00 0.00000000000000e+00 0.00000000000000e+00 
4.62448147568895e-14 4.09767189871792e+02 3.62860964778592e+02 3.37560070381713e+22 7.12798256294868e+09 1.68941117148766e+09 2.21226065926708e+09 1.09575507434710e+05 5.69301130666949e+09 8.21195585542418e+08 2.06533602139182e+00 2.85603021874130e+08 2.22937003522238e-01 3.24355367997700e-05 0.00000000000000e+00 0.00000000000000e+00 0.00000000000000e+00 0.00000000000000e+00 0.00000000000000e+00 0.00000000000000e+00 0.00000000000000e+00 
1.47704574964863e-13 4.09767189864752e+02 3.62860964778143e+02 3.37560070381396e+22 2.27665661685370e+10 5.39592961070148e+09 7.06589532165203e+09 3.49980940288682e+05 1.81833104515974e+10 2.62287431322520e+09 6.59662218100734e+00 9.12207630281538e+08 2.27426071948210e+00 3.30886604147510e-04 0.00000000000000e+00 0.00000000000000e+00 0.00000000000000e+00 0.00000000000000e+00 0.00000000000000e+00 0.00000000000000e+00 0.00000000000000e+00 
2.49164335172837e-13 4.09767189857712e+02 3.62860964773653e+02 3.37560070381080e+22 3.84051497829639e+10 9.10244823597335e+09 1.19195299796753e+10 5.90386373139355e+05 3.06736098395148e+10 4.42455279790364e+09 1.11279080905610e+01 1.53881223653788e+09 6.47178153905120e+00 9.41592057943107e-04 0.00000000000000e+00 0.00000000000000e+00 0.00000000000000e+00 0.00000000000000e+00 0.00000000000000e+00 0.00000000000000e+00 0.00000000000000e+00 
3.50624095380810e-13 4.09767189850672e+02 3.62860964769164e+02 3.37560070380763e+22 5.40437334062292e+10 1.28089670473032e+10 1.67731646333369e+10 8.30791805986729e+05 4.31639094704215e+10 6.22623103957776e+09 1.56591937500528e+01 2.16541684064315e+09 1.28154994664125e+01 1.86455190556696e-03 0.00000000000000e+00 0.00000000000000e+00 0.00000000000000e+00 0.00000000000000e+00 0.00000000000000e+00 0.00000000000000e+00 0.00000000000000e+00 
4.52083855588784e-13 4.09767189843633e+02 3.62860964764674e+02 3.37560070380446e+22 6.96823170383329e+10 1.65154860446911e+10 2.16267992826368e+10 1.07119723883081e+06 5.56542093443176e+10 8.02790903824761e+09 2.01904791594827e+01 2.79202144259735e+09 2.13054144965101e+01 3.09976615337607e-03 0.00000000000000e+00 0.00000000000000e+00 0.00000000000000e+00 0.00000000000000e+00 0.00000000000000e+00 0.00000000000000e+00 0.00000000000000e+00 
1.46668145766852e-12 4.09767189773235e+02 3.62860964760184e+02 3.37560070377281e+22 2.26068153845485e+11 5.35806862517512e+10 7.01631455357444e+10 3.47525156709016e+06 1.80557221447680e+11 2.60446756597224e+10 6.55033195003865e+01 9.05806734383052e+09 2.24245402860171e+02 3.26259028313839e-02 0.00000000000000e+00 0.00000000000000e+00 0.00000000000000e+00 0.00000000000000e+00 0.00000000000000e+00 0.00000000000000e+00 0.00000000000000e+00 
2.48127905974826e-12 4.09767189702838e+02 3.62860964715287e+02 3.37560070374115e+22 3.82453991536483e+11 9.06459050645829e+10 1.18699491352685e+11 5.87930589501969e+06 3.05460257849938e+11 4.40614179808064e+10 1.10816134835123e+02 1.53241130299567e+10 6.41805093368619e+02 9.33774864477766e-02 0.00000000000000e+00 0.00000000000000e+00 0.00000000000000e+00 0.00000000000000e+00 0.00000000000000e+00 0.00000000000000e+00 0.00000000000000e+00 
3.49587666182799e-12 4.09767189632441e+02 3.62860964670389e+02 3.37560070370949e+22 5.38839830111325e+11 1.27711142483162e+11 1.67235836733459e+11 8.28336022261938e+06 4.30363318551062e+11 6.20781360015310e+10 1.56128925163706e+02 2.15901585009760e+10 1.27398447925794e+03 1.85354522790268e-01 0.00000000000000e+00 0.00000000000000e+00 0.00000000000000e+00 0.00000000000000e+00 0.00000000000000e+00 0.00000000000000e+00 0.00000000000000e+00 
4.51047426390773e-12 4.09767189562043e+02 3.62860964625492e+02 3.37560070367783e+22 6.95225669570010e+11 1.64776398507464e+11 2.15772181678065e+11 1.06874145498892e+07 5.55266403551018e+11 8.00948297219289e+10 2.01441690486152e+02 2.78562037568883e+10 2.12078355344810e+03 3.08557017921317e-01 0.00000000000000e+00 0.00000000000000e+00 0.00000000000000e+00 0.00000000000000e+00 0.00000000000000e+00 0.00000000000000e+00 0.00000000000000e+00 
1.46564502847051e-11 4.09767188858070e+02 3.62860964580594e+02 3.37560070336125e+22 2.25908411276797e+12 5.35429982056153e+11 7.01135607134953e+11 3.47279578044459e+07 1.80429858997451e+12 2.60260430419783e+11 6.54567968378345e+02 9.05166444851312e+10 2.23928545905541e+04 3.25798439615687e+00 0.00000000000000e+00 0.00000000000000e+00 0.00000000000000e+00 0.00000000000000e+00 0.00000000000000e+00 0.00000000000000e+00 0.00000000000000e+00 
2.48024263055025e-11 4.09767188154097e+02 3.62860964131620e+02 3.37560070304466e+22 3.82294264434938e+12 9.06085426148452e+11 1.18649898897515e+12 5.87685010260160e+07 3.05333320624383e+12 4.40423601122367e+11 1.10769174567359e+03 1.53177063702685e+11 6.41268863706315e+04 9.32996457907665e+00 0.00000000000000e+00 0.00000000000000e+00 0.00000000000000e+00 0.00000000000000e+00 0.00000000000000e+00 0.00000000000000e+00 0.00000000000000e+00 
3.49484023262998e-11 4.09767187450124e+02 3.62860963682645e+02 3.37560070272808e+22 5.38680126431350e+12 1.27674273076042e+12 1.67186232719867e+12 8.28090442145972e+07 4.30237025232772e+12 6.20584341860940e+11 1.56081302238599e+03 2.15837461409554e+11 1.27322872134750e+05 1.85245033549747e+01 0.00000000000000e+00 0.00000000000000e+00 0.00000000000000e+00 0.00000000000000e+00 0.00000000000000e+00 0.00000000000000e+00 0.00000000000000e+00 
4.50943783470972e-11 4.09767186746151e+02 3.62860963233671e+02 3.37560070241150e+22 6.95065997265953e+12 1.64740189586697e+12 2.15722562180550e+12 1.06849587370187e+08 5.55140972819343e+12 8.00742652668245e+11 2.01393179853033e+03 2.78497837605743e+11 2.11980804803843e+05 3.08416067862338e+01 0.00000000000000e+00 0.00000000000000e+00 0.00000000000000e+00 0.00000000000000e+00 0.00000000000000e+00 0.00000000000000e+00 0.00000000000000e+00 
1.46554138555071e-10 4.09767179706432e+02 3.62860962784697e+02 3.37560069924565e+22 2.25892519168411e+13 5.35409586506148e+12 7.01085616895773e+12 3.47255017110641e+08 1.80419381130049e+13 2.60219212636661e+12 6.54498203407586e+03 9.05100416481939e+11 2.23896464992107e+06 3.25755890445543e+02 0.00000000000000e+00 0.00000000000000e+00 0.00000000000000e+00 0.00000000000000e+00 0.00000000000000e+00 0.00000000000000e+00 0.00000000000000e+00 
2.48013898763045e-10 4.09767172666731e+02 3.62860958294960e+02 3.37560069607979e+22 3.82278526983172e+13 9.06097585506663e+12 1.18644823544462e+13 5.87660443549067e+08 3.05327094385961e+13 4.40339864433813e+12 1.10757822296935e+04 1.53170084429552e+12 6.41213509842527e+06 9.32933564433610e+02 0.00000000000000e+00 0.00000000000000e+00 0.00000000000000e+00 0.00000000000000e+00 0.00000000000000e+00 0.00000000000000e+00 0.00000000000000e+00 
3.49473658971018e-10 4.09767165627048e+02 3.62860953805235e+02 3.37560069291390e+22 5.38664623163382e+13 1.27680418419439e+13 1.67181041782744e+13 8.28065866683055e+08 4.30237236737131e+13 6.20436223783471e+12 1.56063323994887e+04 2.15829912105097e+12 1.27314853914091e+07 1.85238041559907e+03 0.00000000000000e+00 0.00000000000000e+00 0.00000000000000e+00 0.00000000000000e+00 0.00000000000000e+00 0.00000000000000e+00 0.00000000000000e+00 
4.50933419178992e-10 4.09767158587383e+02 3.62860949315521e+02 3.37560068974800e+22 6.95050807701192e+13 1.64752938006241e+13 2.15717216404463e+13 1.06847128651008e+09 5.55149807856258e+13 8.00508293958434e+12 2.01366325582342e+04 2.78489524675301e+12 2.11970084498432e+07 3.08410250415962e+03 0.00000000000000e+00 0.00000000000000e+00 0.00000000000000e+00 0.00000000000000e+00 0.00000000000000e+00 0.00000000000000e+00 0.00000000000000e+00 
1.46553102125873e-09 4.09767088191704e+02 3.62860944825819e+02 3.37560065808792e+22 2.25891750990930e+14 5.35580327737914e+13 7.01076563724365e+13 3.47252530198433e+09 1.80440898296197e+14 2.59989427425426e+13 6.54258888809679e+04 9.05073819753925e+12 2.23889179831315e+08 3.25786522400503e+04 0.00000000000000e+00 0.00000000000000e+00 0.00000000000000e+00 0.00000000000000e+00 0.00000000000000e+00 0.00000000000000e+00 0.00000000000000e+00 
2.48012862333846e-09 4.09767017797800e+02 3.62860899929419e+02 3.37560062642591e+22 3.82279303891537e+14 9.06593403077640e+13 1.18643154943122e+14 5.87657898387941e+09 3.05391066120951e+14 4.39685507337473e+13 1.10690160969965e+05 1.53163660483626e+13 6.41190540828450e+08 9.33076401829112e+04 0.00000000000000e+00 0.00000000000000e+00 0.00000000000000e+00 0.00000000000000e+00 0.00000000000000e+00 0.00000000000000e+00 0.00000000000000e+00 
3.49472622541820e-09 4.09766947405667e+02 3.62860855034156e+02 3.37560059476198e+22 5.38667738724314e+14 1.27779192527633e+14 1.67178217356125e+14 8.28063232978598e+09 4.30365453088988e+14 6.19139380820560e+13 1.55929462913871e+05 2.15817788037174e+13 1.27309433278448e+09 1.85276838751974e+05 0.00000000000000e+00 0.00000000000000e+00 0.00000000000000e+00 0.00000000000000e+00 0.00000000000000e+00 0.00000000000000e+00 0.00000000000000e+00 
4.50932382749794e-09 4.09766877015303e+02 3.62860810140026e+02 3.37560056309613e+22 6.95057054707208e+14 1.64917564459249e+14 2.15712843615238e+14 1.06846853371807e+10 5.55364026594245e+14 7.98351373913917e+13 2.01143809460280e+05 2.78469764683101e+13 2.11959347704506e+09 3.08492286560003e+05 0.00000000000000e+00 0.00000000000000e+00 0.00000000000000e+00 0.00000000000000e+00 0.00000000000000e+00 0.00000000000000e+00 0.00000000000000e+00 
1.20452858484042e-08 4.09766354243391e+02 3.62860765247028e+02 3.37560032783708e+22 1.85667210945999e+15 4.41341418258767e+14 5.76191963450255e+14 2.85408690325100e+10 1.48454946258810e+15 2.12191666270131e+14 5.36195467049144e+05 7.43752373870854e+13 1.51226935106616e+10 2.20221125341467e+06 0.00000000000000e+00 0.00000000000000e+00 0.00000000000000e+00 0.00000000000000e+00 0.00000000000000e+00 0.00000000000000e+00 0.00000000000000e+00 
1.95812478693104e-08 4.09765831568116e+02 3.62860431837912e+02 3.37560009247342e+22 3.01833541458294e+15 7.18775439152591e+14 9.36647023173816e+14 4.63970328790297e+10 2.41505417012179e+15 3.43228839765303e+14 8.69877216358798e+05 1.20891634297920e+14 3.99613649383966e+10 5.82252155727907e+06 0.00000000000000e+00 0.00000000000000e+00 0.00000000000000e+00 0.00000000000000e+00 0.00000000000000e+00 0.00000000000000e+00 0.00000000000000e+00 
2.71172098902167e-08 4.09765308988620e+02 3.62860098490657e+02 3.37559985700618e+22 4.18004665408328e+15 9.97209536826012e+14 1.29707802434333e+15 6.42531758413097e+10 3.34686497534973e+15 4.72959830845476e+14 1.20219506931452e+06 1.67396169129078e+14 7.66327018614143e+10 1.11718623591722e+07 0.00000000000000e+00 0.00000000000000e+00 0.00000000000000e+00 0.00000000000000e+00 0.00000000000000e+00 0.00000000000000e+00 0.00000000000000e+00 
3.46531719111229e-08 4.09764786504056e+02 3.62859765204715e+02 3.37559962143640e+22 5.34180551536367e+15 1.27663372979187e+15 1.65748496851540e+15 8.21092968848516e+10 4.27996884650649e+15 6.01397670400245e+14 1.53315500716276e+06 2.13888843805255e+14 1.25133800204068e+11 1.82526463925032e+07 0.00000000000000e+00 0.00000000000000e+00 0.00000000000000e+00 0.00000000000000e+00 0.00000000000000e+00 0.00000000000000e+00 0.00000000000000e+00 
4.21891339320291e-08 4.09764264113584e+02 3.62859431979546e+02 3.37559938576509e+22 6.50361168916212e+15 1.55703814346485e+15 2.01786785724582e+15 9.99653949760487e+10 5.21435289139279e+15 7.28555249754293e+14 1.86276298097614e+06 2.60369660247703e+14 1.85461757609017e+11 2.70672604985485e+07 0.00000000000000e+00 0.00000000000000e+00 0.00000000000000e+00 0.00000000000000e+00 0.00000000000000e+00 0.00000000000000e+00 0.00000000000000e+00 
1.14752991963643e-07 4.09759238663538e+02 3.62859098814615e+02 3.37559711148445e+22 1.76930171872350e+16 4.30531416145578e+15 5.48676781517188e+15 2.71900572940160e+11 1.42745739875556e+16 1.88992508660086e+15 4.96854239044771e+06 7.07327487052429e+14 1.37100531162578e+12 2.01129128809191e+08 0.00000000000000e+00 0.00000000000000e+00 0.00000000000000e+00 0.00000000000000e+00 0.00000000000000e+00 0.00000000000000e+00 0.00000000000000e+00 
1.87316849995257e-07 4.09754221161531e+02 3.62855893745414e+02 3.37559482873250e+22 2.88865233774181e+16 7.13534395044948e+15 8.95343893717316e+15 4.43832606886565e+11 2.34415696989548e+16 2.94451143382756e+15 7.95466865387987e+06 1.15318772248327e+15 3.65025213290281e+12 5.38154183286759e+08 0.00000000000000e+00 0.00000000000000e+00 0.00000000000000e+00 0.00000000000000e+00 0.00000000000000e+00 0.00000000000000e+00 0.00000000000000e+00 
2.59880708026872e-07 4.09749210968604e+02 3.62852693766380e+02 3.37559253828474e+22 4.00838946574480e+16 1.00396099733662e+16 1.24178826106202e+16 6.15760580375822e+11 3.27055251200871e+16 3.90212842740645e+15 1.08260880103568e+07 1.59795204945427e+15 7.02061799190401e+12 1.03995890772709e+09 0.00000000000000e+00 0.00000000000000e+00 0.00000000000000e+00 0.00000000000000e+00 0.00000000000000e+00 0.00000000000000e+00 0.00000000000000e+00 
3.32444566058486e-07 4.09744207504542e+02 3.62849498469972e+02 3.37559024084538e+22 5.12849170002327e+16 1.30112863241079e+16 1.58801002226035e+16 7.87683580315615e+11 4.20575283058831e+16 4.77168724917642e+15 1.35875401363534e+07 2.04162213522105e+15 1.14795215068332e+13 1.70819311825248e+09 0.00000000000000e+00 0.00000000000000e+00 0.00000000000000e+00 0.00000000000000e+00 0.00000000000000e+00 0.00000000000000e+00 0.00000000000000e+00 
4.05008424090100e-07 4.09739210242138e+02 3.62846307486118e+02 3.37558793705424e+22 6.24893958494458e+16 1.60441712591711e+16 1.93400931597029e+16 9.59600697113054e+11 5.14894821884572e+16 5.56128421006514e+15 1.62435670057485e+07 2.48419963327600e+15 1.70243845654943e+13 2.54435578513093e+09 0.00000000000000e+00 0.00000000000000e+00 0.00000000000000e+00 0.00000000000000e+00 0.00000000000000e+00 0.00000000000000e+00 0.00000000000000e+00 
4.77572282121714e-07 4.09734218702433e+02 3.62843120478558e+02 3.37558562749259e+22 7.36971543692501e+16 1.91326310800263e+16 2.27978628076907e+16 1.13151102487178e+12 6.09940313128636e+16 6.27827401433942e+15 1.87985202710269e+07 2.92568618474119e+15 2.36526328724621e+13 3.54980804064948e+09 0.00000000000000e+00 0.00000000000000e+00 0.00000000000000e+00 0.00000000000000e+00 0.00000000000000e+00 0.00000000000000e+00 0.00000000000000e+00 
7.05132679601775e-07 4.09718597698538e+02 3.62839937141806e+02 3.37557835290897e+22 1.08864261963405e+17 2.91239067994674e+16 3.36270318094307e+16 1.67056811658147e+12 9.11998824750703e+16 8.12710296685160e+15 2.62007284244378e+07 4.30313185374518e+15 5.14363421806360e+13 7.81398019484854e+09 0.00000000000000e+00 0.00000000000000e+00 0.00000000000000e+00 0.00000000000000e+00 0.00000000000000e+00 0.00000000000000e+00 0.00000000000000e+00 
9.32693077081836e-07 4.09703017847501e+02 3.62829975038994e+02 3.37557103993056e+22 1.44058030183751e+17 3.94838556791683e+16 4.44343921426871e+16 2.20952199848623e+12 1.21887427608946e+17 9.49409089955084e+15 3.27667540855047e+07 5.66991435759915e+15 8.97703069442249e+13 1.37860132548065e+10 0.00000000000000e+00 0.00000000000000e+00 0.00000000000000e+00 0.00000000000000e+00 0.00000000000000e+00 0.00000000000000e+00 0.00000000000000e+00 
1.16025347456190e-06 4.09687471015231e+02 3.62820039388597e+02 3.37556369842494e+22 1.79275443232936e+17 5.01168796664790e+16 5.52199864097885e+16 2.74834542139181e+12 1.52931847320866e+17 1.05040351388583e+16 3.85997203733293e+07 7.02608285587266e+15 1.38575818216580e+14 2.14889742558152e+10 0.00000000000000e+00 0.00000000000000e+00 0.00000000000000e+00 0.00000000000000e+00 0.00000000000000e+00 0.00000000000000e+00 0.00000000000000e+00 
1.38781387204196e-06 4.09671951154828e+02 3.62810125002627e+02 3.37555633572553e+22 2.14514251970577e+17 6.09519551443600e+16 6.59838571449998e+16 3.28701148027487e+12 1.84240405554653e+17 1.12496501452443e+16 4.37899594280530e+07 8.37168615452327e+15 1.97774504077411e+14 3.09399380475655e+10 0.00000000000000e+00 0.00000000000000e+00 0.00000000000000e+00 0.00000000000000e+00 0.00000000000000e+00 0.00000000000000e+00 0.00000000000000e+00 
1.61537426952202e-06 4.09656453737215e+02 3.62800228024312e+02 3.37554895732288e+22 2.49772764795880e+17 7.19359291075388e+16 7.67260468123942e+16 3.82549361341773e+12 2.15743697415181e+17 1.18003196505671e+16 4.84166985250660e+07 9.70677286283324e+15 2.67288329788028e+14 4.21516331441418e+10 0.00000000000000e+00 0.00000000000000e+00 0.00000000000000e+00 0.00000000000000e+00 0.00000000000000e+00 0.00000000000000e+00 0.00000000000000e+00 
1.84293466700208e-06 4.09640975405544e+02 3.62790345564943e+02 3.37554156728425e+22 2.85049720720315e+17 8.30294501728442e+16 8.74465978039732e+16 4.36376560177013e+12 2.47390336898465e+17 1.22074088992274e+16 5.25493912043468e+07 1.10313914773185e+16 3.47039598629927e+14 5.51334731561977e+10 0.00000000000000e+00 0.00000000000000e+00 0.00000000000000e+00 0.00000000000000e+00 0.00000000000000e+00 0.00000000000000e+00 0.00000000000000e+00 
2.18896623476589e-06 4.09617469996252e+02 3.62780475483424e+02 3.37553031414344e+22 3.38725653270651e+17 1.00044978320527e+17 1.03707045596471e+17 5.18180879187581e+12 2.95704616157422e+17 1.26339925732612e+16 5.80219445984116e+07 1.30256728058901e+16 4.87756080741046e+14 7.82814970784651e+10 0.00000000000000e+00 0.00000000000000e+00 0.00000000000000e+00 0.00000000000000e+00 0.00000000000000e+00 0.00000000000000e+00 0.00000000000000e+00 
2.53499780252970e-06 4.09593997283985e+02 3.62765487164461e+02 3.37551904793113e+22 3.92439868552920e+17 1.17180176546006e+17 1.19917705278917e+17 5.99921684358232e+12 3.44175828948198e+17 1.29029875912721e+16 6.26727368166797e+07 1.49960313283305e+16 6.51694978364098e+14 1.05554706435650e+11 0.00000000000000e+00 0.00000000000000e+00 0.00000000000000e+00 0.00000000000000e+00 0.00000000000000e+00 0.00000000000000e+00 0.00000000000000e+00 
2.88102937029350e-06 4.09570553533479e+02 3.62750520172306e+02 3.37550777315252e+22 4.46190896938537e+17 1.34391666951710e+17 1.36078724905044e+17 6.81590209378445e+12 3.92747307593262e+17 1.30709930967169e+16 6.66500671878265e+07 1.69426372128249e+16 8.38587595183626e+14 1.36963214539521e+11 0.00000000000000e+00 0.00000000000000e+00 0.00000000000000e+00 0.00000000000000e+00 0.00000000000000e+00 0.00000000000000e+00 0.00000000000000e+00 
3.22706093805731e-06 4.09547136189761e+02 3.62735572123783e+02 3.37549649287962e+22 4.99977702700266e+17 1.51649966152885e+17 1.52190252112146e+17 7.63177868763412e+12 4.41380525283209e+17 1.31764688559424e+16 7.00758240847343e+07 1.88656606776268e+16 1.04816704334738e+15 1.72513530371902e+11 0.00000000000000e+00 0.00000000000000e+00 0.00000000000000e+00 0.00000000000000e+00 0.00000000000000e+00 0.00000000000000e+00 0.00000000000000e+00 
3.57309250582112e-06 4.09523743588646e+02 3.62720641388437e+02 3.37548520910274e+22 5.53799577698924e+17 1.68936077325334e+17 1.68252434119385e+17 8.44676257316529e+12 4.90050646815087e+17 1.32441844765790e+16 7.30500943767108e+07 2.07652720328540e+16 1.28016824628121e+15 2.12209702885812e+11 0.00000000000000e+00 0.00000000000000e+00 0.00000000000000e+00 0.00000000000000e+00 0.00000000000000e+00 0.00000000000000e+00 0.00000000000000e+00 
3.91912407358492e-06 4.09500374766344e+02 3.62705726903864e+02 3.37547392296159e+22 6.07656071468282e+17 1.86239249014592e+17 1.84265417726097e+17 9.26077149583079e+12 5.38743602592220e+17 1.32881453622080e+16 7.56547647942412e+07 2.26416416690698e+16 1.53432794151776e+15 2.56054036266659e+11 0.00000000000000e+00 0.00000000000000e+00 0.00000000000000e+00 0.00000000000000e+00 0.00000000000000e+00 0.00000000000000e+00 0.00000000000000e+00 
4.52213287211892e-06 4.09459706498967e+02 3.62690828054259e+02 3.37545425149955e+22 7.01590452333477e+17 2.16415886331810e+17 2.12053165335523e+17 1.06767280327529e+13 6.23629765826602e+17 1.33305450360158e+16 7.95055727352405e+07 2.58564472183988e+16 2.02941118854599e+15 3.42375895040526e+11 0.00000000000000e+00 0.00000000000000e+00 0.00000000000000e+00 0.00000000000000e+00 0.00000000000000e+00 0.00000000000000e+00 0.00000000000000e+00 
5.12514167065291e-06 4.09419106656054e+02 3.62664901031866e+02 3.37543457719906e+22 7.95627775681868e+17 2.46604684638136e+17 2.39692723186696e+17 1.20890674880243e+13 7.08533247285563e+17 1.33523170196339e+16 8.27040740407724e+07 2.90020911068482e+16 2.58962189095241e+15 4.41301258360124e+11 0.00000000000000e+00 0.00000000000000e+00 0.00000000000000e+00 0.00000000000000e+00 0.00000000000000e+00 0.00000000000000e+00 0.00000000000000e+00 
5.72815046918691e-06 4.09378574454941e+02 3.62639019064581e+02 3.37541490084519e+22 8.89767252637349e+17 2.76799550858314e+17 2.67184858905632e+17 1.34973933326891e+13 7.93445935098750e+17 1.33612607499259e+16 8.54387720768402e+07 3.20794741875021e+16 3.21360644414797e+15 5.52829883354799e+11 0.00000000000000e+00 0.00000000000000e+00 0.00000000000000e+00 0.00000000000000e+00 0.00000000000000e+00 0.00000000000000e+00 0.00000000000000e+00 
6.33115926772091e-06 4.09338109361265e+02 3.62613181646669e+02 3.37539522291982e+22 9.84008189409724e+17 3.06997302942197e+17 2.94530336206940e+17 1.49013252545080e+13 8.78363525096521e+17 1.33613788087874e+16 8.78454829774178e+07 3.50894962448998e+16 3.90002803915924e+15 6.76961141347229e+11 0.00000000000000e+00 0.00000000000000e+00 0.00000000000000e+00 0.00000000000000e+00 0.00000000000000e+00 0.00000000000000e+00 0.00000000000000e+00 
6.93416806625490e-06 4.09297710581057e+02 3.62587388430755e+02 3.37537554421862e+22 1.07834980064873e+18 3.37191686544292e+17 3.21729914899620e+17 1.63004990158673e+13 9.63277709081623e+17 1.33606882301982e+16 9.00227222213249e+07 3.80330553314092e+16 4.64756666606660e+15 8.13693775507714e+11 0.00000000000000e+00 0.00000000000000e+00 0.00000000000000e+00 0.00000000000000e+00 0.00000000000000e+00 0.00000000000000e+00 0.00000000000000e+00 
7.53717686478890e-06 4.09257377471031e+02 3.62561638904108e+02 3.37535586535286e+22 1.17279136011052e+18 3.67378206725057e+17 3.48784350919173e+17 1.76945662995287e+13 1.04818248278191e+18 1.33649125319235e+16 9.20394221510155e+07 4.09110477579580e+16 5.45491909955021e+15 9.63025326994510e+11 0.00000000000000e+00 0.00000000000000e+00 0.00000000000000e+00 0.00000000000000e+00 0.00000000000000e+00 0.00000000000000e+00 0.00000000000000e+00 
8.63508736182538e-06 4.09184110832056e+02 3.62535932650137e+02 3.37532003459087e+22 1.34499813485889e+18 4.22329831199189e+17 3.97672663260057e+17 2.02185991802416e+13 1.20275961061642e+18 1.33709296483572e+16 9.54303732763361e+07 4.59856233372816e+16 7.07429761276916e+15 1.26725951464451e+12 0.00000000000000e+00 0.00000000000000e+00 0.00000000000000e+00 0.00000000000000e+00 0.00000000000000e+00 0.00000000000000e+00 0.00000000000000e+00 
9.73299785886187e-06 4.09111060582269e+02 3.62489239874678e+02 3.37528420325251e+22 1.51753124891617e+18 4.77268545013449e+17 4.46086820401816e+17 2.27227413546350e+13 1.35732157609836e+18 1.33747728806573e+16 9.86216916085396e+07 5.08511865304828e+16 8.88009059349549e+15 1.61323432696461e+12 0.00000000000000e+00 0.00000000000000e+00 0.00000000000000e+00 0.00000000000000e+00 0.00000000000000e+00 0.00000000000000e+00 0.00000000000000e+00 
1.08309083558984e-05 4.09038225116650e+02 3.62442689653558e+02 3.37524837222094e+22 1.69038724851213e+18 5.32193724664694e+17 4.94031289234525e+17 2.52052756961064e+13 1.51186690941819e+18 1.33764647177573e+16 1.01710974633749e+08 5.55130868186207e+16 1.08648511088313e+16 2.00093404422835e+12 0.00000000000000e+00 0.00000000000000e+00 0.00000000000000e+00 0.00000000000000e+00 0.00000000000000e+00 0.00000000000000e+00 0.00000000000000e+00 
1.19288188529348e-05 4.08965602715303e+02 3.62396280924887e+02 3.37521254250172e+22 1.86356267893186e+18 5.87103245342529e+17 5.41510493473481e+17 2.76646539538618e+13 1.66639225173193e+18 1.33780233634232e+16 1.04741716674549e+08 5.99766379070667e+16 1.30213226812575e+16 2.43034208784141e+12 0.00000000000000e+00 0.00000000000000e+00 0.00000000000000e+00 0.00000000000000e+00 0.00000000000000e+00 0.00000000000000e+00 0.00000000000000e+00 
1.30267293499713e-05 4.08893191750422e+02 3.62350012554084e+02 3.37517671497249e+22 2.03705415869715e+18 6.41995922430797e+17 5.88528815171411e+17 3.00994868978092e+13 1.82089553807531e+18 1.33802731197706e+16 1.07736446096057e+08 6.42471136824564e+16 1.53424336037445e+16 2.90144072308235e+12 0.00000000000000e+00 0.00000000000000e+00 0.00000000000000e+00 0.00000000000000e+00 0.00000000000000e+00 0.00000000000000e+00 0.00000000000000e+00 
1.54819025360492e-05 4.08732021940164e+02 3.62303883465733e+02 3.37509660824442e+22 2.42614673176525e+18 7.64686222624415e+17 6.92026639113495e+17 3.54497029670221e+13 2.16631613048503e+18 1.33857510809609e+16 1.14362213750394e+08 7.31247666536279e+16 2.10941437535434e+16 4.10568068692976e+12 0.00000000000000e+00 0.00000000000000e+00 0.00000000000000e+00 0.00000000000000e+00 0.00000000000000e+00 0.00000000000000e+00 0.00000000000000e+00 
1.79370757221271e-05 4.08571884685851e+02 3.62201227350640e+02 3.37501652422012e+22 2.81676699711243e+18 8.87286471472377e+17 7.93289167103232e+17 4.06600158192407e+13 2.51161264835942e+18 1.33917234761056e+16 1.20959627713266e+08 8.11204961974654e+16 2.75613184166234e+16 5.51808869832800e+12 0.00000000000000e+00 0.00000000000000e+00 0.00000000000000e+00 0.00000000000000e+00 0.00000000000000e+00 0.00000000000000e+00 0.00000000000000e+00 
2.03922489082051e-05 4.08412763151965e+02 3.62099251357417e+02 3.37493647030132e+22 3.20887958210495e+18 1.00979214708056e+18 8.92363289430968e+17 4.57221880446021e+13 2.85677643309501e+18 1.33975764716220e+16 1.27550543881921e+08 8.82905136420283e+16 3.46743082988177e+16 7.13843102627862e+12 0.00000000000000e+00 0.00000000000000e+00 0.00000000000000e+00 0.00000000000000e+00 0.00000000000000e+00 0.00000000000000e+00 0.00000000000000e+00 
2.28474220942830e-05 4.08254640798586e+02 3.61997944355965e+02 3.37485645320711e+22 3.60245012106776e+18 1.13219861768464e+18 9.89294885639052e+17 5.06310471487919e+13 3.20179998614569e+18 1.34035201147011e+16 1.34134923685282e+08 9.46893949235977e+16 4.23679725672428e+16 8.96645891785450e+12 0.00000000000000e+00 0.00000000000000e+00 0.00000000000000e+00 0.00000000000000e+00 0.00000000000000e+00 0.00000000000000e+00 0.00000000000000e+00 
2.53025952803609e-05 4.08097501420839e+02 3.61897295415351e+02 3.37477647896961e+22 3.99744520670066e+18 1.25450172639897e+18 1.08412887081016e+18 5.53840175606412e+13 3.54667756017835e+18 1.34097450418945e+16 1.40715684818112e+08 1.00369943710779e+17 5.05814495101526e+16 1.10019100417329e+13 0.00000000000000e+00 0.00000000000000e+00 0.00000000000000e+00 0.00000000000000e+00 0.00000000000000e+00 0.00000000000000e+00 0.00000000000000e+00 
3.20636461121519e-05 4.07669724516826e+02 3.61797293828620e+02 3.37455650691937e+22 5.09228556312431e+18 1.59073941988081e+18 1.33479374936260e+18 6.76784063253233e+13 4.49562467234532e+18 1.34278275299999e+16 1.58862854598736e+08 1.12702097676884e+17 7.54525114084553e+16 1.76768840640857e+13 0.00000000000000e+00 0.00000000000000e+00 0.00000000000000e+00 0.00000000000000e+00 0.00000000000000e+00 0.00000000000000e+00 0.00000000000000e+00 
3.88246969439429e-05 4.07248964198249e+02 3.61525171381134e+02 3.37433698838505e+22 6.19704105230234e+18 1.92610609406763e+18 1.57076338280545e+18 7.88478485789109e+13 5.44340358293793e+18 1.34472321965415e+16 1.77085863447046e+08 1.20942388417634e+17 1.02819654286578e+17 2.59165507227083e+13 0.00000000000000e+00 0.00000000000000e+00 0.00000000000000e+00 0.00000000000000e+00 0.00000000000000e+00 0.00000000000000e+00 0.00000000000000e+00 
4.55857477757340e-05 4.06834917314773e+02 3.61257669021829e+02 3.37411798836363e+22 7.31110679149704e+18 2.26055406024737e+18 1.79287506360724e+18 8.89978520040926e+13 6.39002657195734e+18 1.34676751787412e+16 1.95417260597184e+08 1.25956579272514e+17 1.31833767591278e+17 3.57142668328896e+13 0.00000000000000e+00 0.00000000000000e+00 0.00000000000000e+00 0.00000000000000e+00 0.00000000000000e+00 0.00000000000000e+00 0.00000000000000e+00 
5.23467986075250e-05 4.06427297853082e+02 3.60994586740725e+02 3.37389954749007e+22 8.43392009553776e+18 2.59404799203390e+18 2.00191689762799e+18 9.82677123381218e+13 7.33554669521480e+18 1.34891229940516e+16 2.13869526095167e+08 1.28481281414399e+17 1.61833925006735e+17 4.70629020184462e+13 0.00000000000000e+00 0.00000000000000e+00 0.00000000000000e+00 0.00000000000000e+00 0.00000000000000e+00 0.00000000000000e+00 0.00000000000000e+00 
5.91078494393161e-05 4.06025835614497e+02 3.60735735929485e+02 3.37368168813404e+22 9.56495486747209e+18 2.92656065207203e+18 2.19863176272332e+18 1.06803260347217e+14 8.28003960584605e+18 1.35115068413474e+16 2.32443473381460e+08 1.29129600586316e+17 1.92314980187299e+17 5.99549233759406e+13 0.00000000000000e+00 0.00000000000000e+00 0.00000000000000e+00 0.00000000000000e+00 0.00000000000000e+00 0.00000000000000e+00 0.00000000000000e+00 
6.92641376643041e-05 4.05433788506252e+02 3.60480938501531e+02 3.37335553082219e+22 1.12783552429800e+19 3.42416326849369e+18 2.47247810797770e+18 1.18539186914486e+14 9.69709806312881e+18 1.35466577016122e+16 2.60567625761569e+08 1.27621795662888e+17 2.38238826807013e+17 8.22040768740371e+13 0.00000000000000e+00 0.00000000000000e+00 0.00000000000000e+00 0.00000000000000e+00 0.00000000000000e+00 0.00000000000000e+00 0.00000000000000e+00 
7.94204258892922e-05 4.04854252913741e+02 3.60105442081548e+02 3.37303069948222e+22 1.30076447003222e+19 3.91943605459607e+18 2.72229433243435e+18 1.29306638759758e+14 1.11123181295396e+19 1.35834024113161e+16 2.88907832236568e+08 1.24287733344010e+17 2.83521667483630e+17 1.07889977392512e+14 0.00000000000000e+00 0.00000000000000e+00 0.00000000000000e+00 0.00000000000000e+00 0.00000000000000e+00 0.00000000000000e+00 0.00000000000000e+00 
8.95767141142803e-05 4.04286481828669e+02 3.59738181927627e+02 3.37270716160463e+22 1.47513923804829e+19 4.41231731092129e+18 2.95011707734535e+18 1.39392249409767e+14 1.25259540886537e+19 1.36215052518435e+16 3.17409272424459e+08 1.20011943707323e+17 3.27637822958245e+17 1.36982945516733e+14 0.00000000000000e+00 0.00000000000000e+00 0.00000000000000e+00 0.00000000000000e+00 0.00000000000000e+00 0.00000000000000e+00 0.00000000000000e+00 
9.97330023392683e-05 4.03729790325438e+02 3.59378666682022e+02 3.37238486689252e+22 1.65082906862160e+19 4.90274827587385e+18 3.15780623454713e+18 1.48996887155124e+14 1.39382222020349e+19 1.36607565953191e+16 3.46028670495623e+08 1.15347538391876e+17 3.70337093485688e+17 1.69451585711632e+14 0.00000000000000e+00 0.00000000000000e+00 0.00000000000000e+00 0.00000000000000e+00 0.00000000000000e+00 0.00000000000000e+00 0.00000000000000e+00 
1.09889290564256e-04 4.03183548648797e+02 3.59026446044921e+02 3.37206375864115e+22 1.82771402917896e+19 5.39067154205716e+18 3.34706472867920e+18 1.58257820540146e+14 1.53492988237160e+19 1.37009703853519e+16 3.74729539663533e+08 1.10629021269580e+17 4.11529767361488e+17 2.05262813962134e+14 0.00000000000000e+00 0.00000000000000e+00 0.00000000000000e+00 0.00000000000000e+00 0.00000000000000e+00 0.00000000000000e+00 0.00000000000000e+00 
1.22745199418993e-04 4.02506203245635e+02 3.58681106198709e+02 3.37165891005375e+22 2.05316055333601e+19 6.00460620936302e+18 3.56260404573499e+18 1.69626894923550e+14 1.71339567163459e+19 1.37530008588891e+16 4.11133726897267e+08 1.04862504365120e+17 4.61522082416510e+17 2.55331644574800e+14 0.00000000000000e+00 0.00000000000000e+00 0.00000000000000e+00 0.00000000000000e+00 0.00000000000000e+00 0.00000000000000e+00 0.00000000000000e+00 
1.35601108273729e-04 4.01843602439185e+02 3.58253252397026e+02 3.37125576210727e+22 2.28014300027726e+19 6.61432564731679e+18 3.75397766679243e+18 1.80716905303917e+14 1.89171511212797e+19 1.38060292243153e+16 4.47571606465802e+08 9.95178672919162e+16 5.09199753458887e+17 3.10625978384000e+14 0.00000000000000e+00 0.00000000000000e+00 0.00000000000000e+00 0.00000000000000e+00 0.00000000000000e+00 0.00000000000000e+00 0.00000000000000e+00 
1.48457017128465e-04 4.01194776853920e+02 3.57835110991426e+02 3.37085421491941e+22 2.50847861242783e+19 7.21972845500239e+18 3.92376450592985e+18 1.91596467802482e+14 2.06990419692628e+19 1.38598167690171e+16 4.84009733632863e+08 9.46441871835764e+16 5.54725814086595e+17 3.71067315568121e+14 0.00000000000000e+00 0.00000000000000e+00 0.00000000000000e+00 0.00000000000000e+00 0.00000000000000e+00 0.00000000000000e+00 0.00000000000000e+00 
1.61312925983201e-04 4.00558855560256e+02 3.57426045892620e+02 3.37045417917293e+22 2.73800423362322e+19 7.82072359329194e+18 4.07426408212046e+18 2.02303163026857e+14 2.24797480745382e+19 1.39141614956632e+16 5.20433522490672e+08 9.02154531800676e+16 5.98280290859305e+17 4.36572924192747e+14 0.00000000000000e+00 0.00000000000000e+00 0.00000000000000e+00 0.00000000000000e+00 0.00000000000000e+00 0.00000000000000e+00 0.00000000000000e+00 
1.74168834837937e-04 3.99935053470070e+02 3.57025485661166e+02 3.37005557530356e+22 2.96857397837415e+19 8.41723237784170e+18 4.20753252709695e+18 2.12862459420140e+14 2.42593661719890e+19 1.39688943758239e+16 5.56836857876105e+08 8.61881882147927e+16 6.40030257419220e+17 5.07056093685596e+14 0.00000000000000e+00 0.00000000000000e+00 0.00000000000000e+00 0.00000000000000e+00 0.00000000000000e+00 0.00000000000000e+00 0.00000000000000e+00 
2.02953120257543e-04 3.98578915463900e+02 3.56632915205977e+02 3.36916795974665e+22 3.48798326451966e+19 9.73624125609645e+18 4.45219597410092e+18 2.36056310934499e+14 2.82403523790566e+19 1.40921411584851e+16 6.38241805928507e+08 7.84153246615503e+16 7.27654135973011e+17 6.82439775621329e+14 0.00000000000000e+00 0.00000000000000e+00 0.00000000000000e+00 0.00000000000000e+00 0.00000000000000e+00 0.00000000000000e+00 0.00000000000000e+00 
2.31737405677148e-04 3.97273297946152e+02 3.55780693095516e+02 3.36828651140688e+22 4.01076480863076e+19 1.10318935509194e+19 4.63675367535942e+18 2.58752344519280e+14 3.22170062968467e+19 1.42154886102031e+16 7.19473925632534e+08 7.20041466653637e+16 8.08290150659931e+17 8.81239078531159e+14 0.00000000000000e+00 0.00000000000000e+00 0.00000000000000e+00 0.00000000000000e+00 0.00000000000000e+00 0.00000000000000e+00 0.00000000000000e+00 
2.60521691096754e-04 3.96012684779748e+02 3.54961807300317e+02 3.36741069056691e+22 4.53594528141097e+19 1.23038698512965e+19 4.77497082782376e+18 2.81055967843736e+14 3.61899045177996e+19 1.43382410182305e+16 8.00537794977861e+08 6.66307835027960e+16 8.82978488124627e+17 1.10230855035628e+15 0.00000000000000e+00 0.00000000000000e+00 0.00000000000000e+00 0.00000000000000e+00 0.00000000000000e+00 0.00000000000000e+00 0.00000000000000e+00 
2.89305976516360e-04 3.94792733614497e+02 3.54172635495593e+02 3.36654007684102e+22 5.06278643152234e+19 1.35520608498894e+19 4.87731035779684e+18 3.03025805716899e+14 4.01594683200638e+19 1.44599650762609e+16 8.81411503120757e+08 6.20455314524866e+16 9.52485107469164e+17 1.34443740327295e+15 0.00000000000000e+00 0.00000000000000e+00 0.00000000000000e+00 0.00000000000000e+00 0.00000000000000e+00 0.00000000000000e+00 0.00000000000000e+00 
3.18090261935965e-04 3.93609964018643e+02 3.53410318015679e+02 3.36567433250028e+22 5.59072176771260e+19 1.47765164233856e+19 4.95182212595335e+18 3.24703115959670e+14 4.41260282935970e+19 1.45804220676655e+16 9.62098758101300e+08 5.80765985124979e+16 1.01738669803602e+18 1.60636529893323e+15 0.00000000000000e+00 0.00000000000000e+00 0.00000000000000e+00 0.00000000000000e+00 0.00000000000000e+00 0.00000000000000e+00 0.00000000000000e+00 
3.62881318451128e-04 3.91836746671334e+02 3.52672555352650e+02 3.36433617615789e+22 6.41338401539007e+19 1.66350895929466e+19 5.02711848434304e+18 3.57942229724453e+14 5.02930529935695e+19 1.47651858745640e+16 1.08729489998585e+09 5.28635014759878e+16 1.11030278809877e+18 2.05027294877858e+15 0.00000000000000e+00 0.00000000000000e+00 0.00000000000000e+00 0.00000000000000e+00 0.00000000000000e+00 0.00000000000000e+00 0.00000000000000e+00 
4.07672374966290e-04 3.90138343579742e+02 3.51568947421693e+02 3.36300828887554e+22 7.23643474057343e+19 1.84376666698434e+19 5.06731559538695e+18 3.90657261137752e+14 5.64542696741652e+19 1.49466898966811e+16 1.21204065602113e+09 4.85480081163735e+16 1.19449727105094e+18 2.53400532896208e+15 0.00000000000000e+00 0.00000000000000e+00 0.00000000000000e+00 0.00000000000000e+00 0.00000000000000e+00 0.00000000000000e+00 0.00000000000000e+00 
4.52463431481452e-04 3.88508467536447e+02 3.50514678885218e+02 3.36169000929191e+22 8.05907513095791e+19 2.01856668080090e+19 5.08390677025385e+18 4.22920892689323e+14 6.26102850960788e+19 1.51251342080154e+16 1.33636594852364e+09 4.49311547896092e+16 1.27096530795845e+18 3.05253458357246e+15 0.00000000000000e+00 0.00000000000000e+00 0.00000000000000e+00 0.00000000000000e+00 0.00000000000000e+00 0.00000000000000e+00 0.00000000000000e+00 
4.97254487996615e-04 3.86942160494572e+02 3.49505521951467e+02 3.36038079936474e+22 8.88075549948048e+19 2.18807044476749e+19 5.08483847540565e+18 4.54780091625840e+14 6.87615421842181e+19 1.53008454178744e+16 1.46026584762643e+09 4.18345206286669e+16 1.34050116095039e+18 3.60088144504761e+15 0.00000000000000e+00 0.00000000000000e+00 0.00000000000000e+00 0.00000000000000e+00 0.00000000000000e+00 0.00000000000000e+00 0.00000000000000e+00 
5.42045544511777e-04 3.85435422149748e+02 3.48538117208342e+02 3.35908021103431e+22 9.70110116633480e+19 2.35245152165464e+19 5.07556044724338e+18 4.86274472054967e+14 7.49083779179146e+19 1.54741931718656e+16 1.58376840237193e+09 3.91426320385382e+16 1.40373039116985e+18 4.17418729023476e+15 0.00000000000000e+00 0.00000000000000e+00 0.00000000000000e+00 0.00000000000000e+00 0.00000000000000e+00 0.00000000000000e+00 0.00000000000000e+00 
5.86836601026939e-04 3.83984981765080e+02 3.47609732544856e+02 3.35778786158828e+22 1.05198674719049e+20 2.51189086674548e+19 5.05966865569179e+18 5.17441649473518e+14 8.10510660610645e+19 1.56454969856669e+16 1.70689421441522e+09 3.68026855241819e+16 1.46116269227572e+18 4.76777141971678e+15 0.00000000000000e+00 0.00000000000000e+00 0.00000000000000e+00 0.00000000000000e+00 0.00000000000000e+00 0.00000000000000e+00 0.00000000000000e+00 
6.58575386868121e-04 3.81772365839204e+02 3.46718114227831e+02 3.35573433781867e+22 1.18275499513778e+20 2.75741330210626e+19 5.02622023571856e+18 5.66732119793964e+14 9.08812153203957e+19 1.59162866659157e+16 1.90332970640821e+09 3.36177996974736e+16 1.54216081838251e+18 5.74970903488775e+15 0.00000000000000e+00 0.00000000000000e+00 0.00000000000000e+00 0.00000000000000e+00 0.00000000000000e+00 0.00000000000000e+00 0.00000000000000e+00 
7.30314172709303e-04 3.79687681835942e+02 3.45361926191129e+02 3.35369993942020e+22 1.31304227828820e+20 2.99146875579297e+19 4.98720635855815e+18 6.15308488408478e+14 1.00701720504051e+20 1.61832529022993e+16 2.09888728854485e+09 3.09692544502857e+16 1.61089145310984e+18 6.75549515953177e+15 0.00000000000000e+00 0.00000000000000e+00 0.00000000000000e+00 0.00000000000000e+00 0.00000000000000e+00 0.00000000000000e+00 0.00000000000000e+00 
8.02052958550485e-04 3.77722856621569e+02 3.44088562515130e+02 3.35168366450799e+22 1.44283116345765e+20 3.21476992629922e+19 4.94541484122745e+18 6.63223914536301e+14 1.10512837172790e+20 1.64468608386488e+16 2.29363428756130e+09 2.87216645568177e+16 1.66856079223985e+18 7.77026172084335e+15 0.00000000000000e+00 0.00000000000000e+00 0.00000000000000e+00 0.00000000000000e+00 0.00000000000000e+00 0.00000000000000e+00 0.00000000000000e+00 
8.73791744391668e-04 3.75870606308063e+02 3.42892364193601e+02 3.34968461386359e+22 1.57211130290429e+20 3.42798910296081e+19 4.90259444296665e+18 7.10529051418928e+14 1.20314668380053e+20 1.67075282476369e+16 2.48762958964776e+09 2.67976913990455e+16 1.71620967419457e+18 8.78129638370641e+15 0.00000000000000e+00 0.00000000000000e+00 0.00000000000000e+00 0.00000000000000e+00 0.00000000000000e+00 0.00000000000000e+00 0.00000000000000e+00 
9.45530530232850e-04 3.74124303923417e+02 3.41768245673925e+02 3.34770197417492e+22 1.70087736383554e+20 3.63175864988963e+19 4.85975484360429e+18 7.57262951086670e+14 1.30107187621204e+20 1.69655878420921e+16 2.68092352553343e+09 2.51288639440981e+16 1.75476889552477e+18 9.77804374845318e+15 0.00000000000000e+00 0.00000000000000e+00 0.00000000000000e+00 0.00000000000000e+00 0.00000000000000e+00 0.00000000000000e+00 0.00000000000000e+00 
1.01726931607403e-03 3.72477910510490e+02 3.40711601509161e+02 3.34573500606073e+22 1.82912822272613e+20 3.82667282580727e+19 4.81729348881917e+18 8.03458656456111e+14 1.39890279438055e+20 1.72212318071882e+16 2.87357282184259e+09 2.36682186874223e+16 1.78507843141625e+18 1.07520044132260e+16 0.00000000000000e+00 0.00000000000000e+00 0.00000000000000e+00 0.00000000000000e+00 0.00000000000000e+00 0.00000000000000e+00 0.00000000000000e+00 
1.12325013470202e-03 3.70216695029927e+02 3.39718253757538e+02 3.34285642001072e+22 2.01765398754523e+20 4.09958729264677e+19 4.75553598026962e+18 8.70779402502894e+14 1.54325354855208e+20 1.75947126394101e+16 3.15709284200053e+09 2.18205319380189e+16 1.81638085449998e+18 1.21355358753691e+16 0.00000000000000e+00 0.00000000000000e+00 0.00000000000000e+00 0.00000000000000e+00 0.00000000000000e+00 0.00000000000000e+00 0.00000000000000e+00 
1.22923095333001e-03 3.68144769361169e+02 3.38358490302286e+02 3.34000857818228e+22 2.20506212261655e+20 4.35602074891799e+19 4.69491138017680e+18 9.37060261795703e+14 1.68738666423900e+20 1.79633642671569e+16 3.43943730379439e+09 2.02576811784056e+16 1.83358896220472e+18 1.34406607992148e+16 0.00000000000000e+00 0.00000000000000e+00 0.00000000000000e+00 0.00000000000000e+00 0.00000000000000e+00 0.00000000000000e+00 0.00000000000000e+00 
1.33521177195800e-03 3.66246921026999e+02 3.37117203076878e+02 3.33718970092448e+22 2.39135743454803e+20 4.59744617540182e+19 4.63551933667473e+18 1.00236536821193e+15 1.83129273068628e+20 1.83274167534901e+16 3.72072786328421e+09 1.89147444433047e+16 1.83870342293488e+18 1.46595187738507e+16 0.00000000000000e+00 0.00000000000000e+00 0.00000000000000e+00 0.00000000000000e+00 0.00000000000000e+00 0.00000000000000e+00 0.00000000000000e+00 
1.44119259058598e-03 3.64509204700434e+02 3.35984140487422e+02 3.33439818174067e+22 2.57654464840160e+20 4.82518782479603e+19 4.57750036438050e+18 1.06675408801970e+15 1.97496189992692e+20 1.86871335775822e+16 4.00106935360606e+09 1.77536677548088e+16 1.83354074731126e+18 1.57893678476576e+16 0.00000000000000e+00 0.00000000000000e+00 0.00000000000000e+00 0.00000000000000e+00 0.00000000000000e+00 0.00000000000000e+00 0.00000000000000e+00 
1.54717340921397e-03 3.62918888475370e+02 3.34950006527917e+02 3.33163257420766e+22 2.76062956697393e+20 5.04043800804788e+19 4.52086048647263e+18 1.13027570632612e+15 2.11838417880558e+20 1.90427116683279e+16 4.28055017647072e+09 1.67350076422998e+16 1.81974935902274e+18 1.68311518287743e+16 0.00000000000000e+00 0.00000000000000e+00 0.00000000000000e+00 0.00000000000000e+00 0.00000000000000e+00 0.00000000000000e+00 0.00000000000000e+00 
1.65315422784196e-03 3.61464338684148e+02 3.34006397637053e+02 3.32889157272337e+22 2.94361883337776e+20 5.24426909577355e+19 4.46551254967029e+18 1.19297638080865e+15 2.26155003012108e+20 1.93942747022946e+16 4.55925579027370e+09 1.58410244661493e+16 1.79881966939603e+18 1.77883118570047e+16 0.00000000000000e+00 0.00000000000000e+00 0.00000000000000e+00 0.00000000000000e+00 0.00000000000000e+00 0.00000000000000e+00 0.00000000000000e+00 
1.78930484820376e-03 3.59778111004855e+02 3.33145707274287e+02 3.32540454568305e+22 3.17710271186663e+20 5.49088100780899e+19 4.39622332570200e+18 1.27237981495409e+15 2.44508013064704e+20 1.98402358026076e+16 4.91626815021064e+09 1.48296316023807e+16 1.76353992408514e+18 1.89020197432111e+16 0.00000000000000e+00 0.00000000000000e+00 0.00000000000000e+00 0.00000000000000e+00 0.00000000000000e+00 0.00000000000000e+00 0.00000000000000e+00 
1.92545546856555e-03 3.58277896703533e+02 3.32150767626029e+02 3.32195398056304e+22 3.40880297457696e+20 5.72203356909757e+19 4.32892981499338e+18 1.35056625091793e+15 2.62815376804874e+20 2.02800759059447e+16 5.27224109533699e+09 1.39507187644783e+16 1.72111374498494e+18 1.98964032605427e+16 0.00000000000000e+00 0.00000000000000e+00 0.00000000000000e+00 0.00000000000000e+00 0.00000000000000e+00 0.00000000000000e+00 0.00000000000000e+00 
2.06160608892735e-03 3.56945197576333e+02 3.31268158213789e+02 3.31853791584386e+22 3.63873367946989e+20 5.93931383764281e+19 4.26358948265066e+18 1.42760226540595e+15 2.81075501275000e+20 2.07140707524605e+16 5.62727619089355e+09 1.31812444906795e+16 1.67365455524997e+18 2.07841382786608e+16 0.00000000000000e+00 0.00000000000000e+00 0.00000000000000e+00 0.00000000000000e+00 0.00000000000000e+00 0.00000000000000e+00 0.00000000000000e+00 
2.19775670928914e-03 3.55763512631290e+02 3.30486142303315e+02 3.31515464071930e+22 3.86690923515633e+20 6.14409872748710e+19 4.20013946299066e+18 1.50354548819238e+15 2.99287003746082e+20 2.11424801429980e+16 5.98147015701311e+09 1.24986911489395e+16 1.62292589972459e+18 2.15772546382470e+16 0.00000000000000e+00 0.00000000000000e+00 0.00000000000000e+00 0.00000000000000e+00 0.00000000000000e+00 0.00000000000000e+00 0.00000000000000e+00 
2.33390732965094e-03 3.54718060342768e+02 3.29794348191884e+02 3.31180265463728e+22 4.09334425367012e+20 6.33758902335424e+19 4.13851048158707e+18 1.57844857757134e+15 3.17448711294150e+20 2.15655118101422e+16 6.33490266093355e+09 1.18892515111041e+16 1.57038293355314e+18 2.22865663430758e+16 0.00000000000000e+00 0.00000000000000e+00 0.00000000000000e+00 0.00000000000000e+00 0.00000000000000e+00 0.00000000000000e+00 0.00000000000000e+00 
2.55522101352040e-03 3.53276377634164e+02 3.29183567474947e+02 3.30641748235245e+22 4.45773957491178e+20 6.63059735720682e+19 4.04205070731785e+18 1.69810074023954e+15 3.46862129824458e+20 2.22422463280675e+16 6.90793920289013e+09 1.10321272485967e+16 1.48393786150856e+18 2.32839298434669e+16 0.00000000000000e+00 0.00000000000000e+00 0.00000000000000e+00 0.00000000000000e+00 0.00000000000000e+00 0.00000000000000e+00 0.00000000000000e+00 
2.77653469738985e-03 3.52110171565098e+02 3.28343225466375e+02 3.30110668989131e+22 4.81763779857337e+20 6.90032893127346e+19 3.94996694462398e+18 1.81530267528851e+15 3.76138353988408e+20 2.29061872795863e+16 7.47933748554809e+09 1.02995404419002e+16 1.39955413033209e+18 2.41178649789682e+16 0.00000000000000e+00 0.00000000000000e+00 0.00000000000000e+00 0.00000000000000e+00 0.00000000000000e+00 0.00000000000000e+00 0.00000000000000e+00 
2.99784838125931e-03 3.51177079737688e+02 3.27665066037172e+02 3.29586625253997e+22 5.17310190329704e+20 7.14992796404950e+19 3.86200982721362e+18 1.93020744159061e+15 4.05275262863506e+20 2.35580937840220e+16 8.04925695058245e+09 9.67003076824428e+15 1.31975693113107e+18 2.48145906444168e+16 0.00000000000000e+00 0.00000000000000e+00 0.00000000000000e+00 0.00000000000000e+00 0.00000000000000e+00 0.00000000000000e+00 0.00000000000000e+00 
3.21916206512877e-03 3.50441708542676e+02 3.27123465180896e+02 3.29069287604108e+22 5.52419443769017e+20 7.38193256607044e+19 3.77793889409056e+18 2.04294289576174e+15 4.34271623238061e+20 2.41986577564082e+16 8.61781438795635e+09 9.12185249331443e+15 1.24597514746503e+18 2.53946054198333e+16 0.00000000000000e+00 0.00000000000000e+00 0.00000000000000e+00 0.00000000000000e+00 0.00000000000000e+00 0.00000000000000e+00 0.00000000000000e+00 
3.44047574899822e-03 3.49874203106808e+02 3.26697209655360e+02 3.28558380257531e+22 5.87097720075503e+20 7.59843450192375e+19 3.69752493552837e+18 2.15362055343120e+15 4.63126820654247e+20 2.48285064361495e+16 9.18509265720995e+09 8.63965807689382e+15 1.17887489074609e+18 2.58746876272192e+16 0.00000000000000e+00 0.00000000000000e+00 0.00000000000000e+00 0.00000000000000e+00 0.00000000000000e+00 0.00000000000000e+00 0.00000000000000e+00 
3.79964302240521e-03 3.49248834190878e+02 3.26368551340992e+02 3.27742344519874e+22 6.42474935012666e+20 7.92106072868916e+19 3.57425955204556e+18 2.32910093310196e+15 5.09654850223697e+20 2.58293519316988e+16 1.01031540726800e+10 7.96949735869560e+15 1.08427798628686e+18 2.64758166296134e+16 0.00000000000000e+00 0.00000000000000e+00 0.00000000000000e+00 0.00000000000000e+00 0.00000000000000e+00 0.00000000000000e+00 0.00000000000000e+00 
4.15881029581219e-03 3.48911582431346e+02 3.26006513733365e+02 3.26941786909616e+22 6.96758414103644e+20 8.21351782638377e+19 3.45921944319891e+18 2.49976888273565e+15 5.55811122390452e+20 2.68056251649296e+16 1.10180719207060e+10 7.41259649690012e+15 1.00667635547940e+18 2.69005331946571e+16 0.00000000000000e+00 0.00000000000000e+00 0.00000000000000e+00 0.00000000000000e+00 0.00000000000000e+00 0.00000000000000e+00 0.00000000000000e+00 
4.51797756921917e-03 3.48793788306252e+02 3.25811028058804e+02 3.26156012329076e+22 7.49972842817770e+20 8.48060935278392e+19 3.35165220122885e+18 2.66592412527184e+15 6.01597053252541e+20 2.77592041063438e+16 1.19298073106594e+10 6.93610587497798e+15 9.43929504626265e+17 2.71881752301843e+16 0.00000000000000e+00 0.00000000000000e+00 0.00000000000000e+00 0.00000000000000e+00 0.00000000000000e+00 0.00000000000000e+00 0.00000000000000e+00 
4.87714484262616e-03 3.48843789701639e+02 3.25742165748876e+02 3.25384445054925e+22 8.02142121321889e+20 8.72607112424832e+19 3.25088832706556e+18 2.82781973896233e+15 6.47014432403773e+20 2.86917295233882e+16 1.28382776332900e+10 6.52650619548662e+15 8.93403368545187e+17 2.73690683412427e+16 0.00000000000000e+00 0.00000000000000e+00 0.00000000000000e+00 0.00000000000000e+00 0.00000000000000e+00 0.00000000000000e+00 0.00000000000000e+00 
5.23631211603314e-03 3.49022023277904e+02 3.25770043584239e+02 3.24626586014253e+22 8.53289382680264e+20 8.95292455064647e+19 3.15632827727536e+18 2.98566722409210e+15 6.92064915590312e+20 2.96046403277890e+16 1.37433243206232e+10 6.17099232958054e+15 8.52632226733350e+17 2.74671135719462e+16 0.00000000000000e+00 0.00000000000000e+00 0.00000000000000e+00 0.00000000000000e+00 0.00000000000000e+00 0.00000000000000e+00 0.00000000000000e+00 
6.00340265225354e-03 3.49709282845410e+02 3.25871866730247e+02 3.23051969995857e+22 9.59205687364682e+20 9.38551698458300e+19 2.97274534244527e+18 3.31004782964750e+15 7.87057984844869e+20 3.14947219538447e+16 1.56644544139112e+10 5.54595079210581e+15 7.89598200906172e+17 2.74772860456161e+16 0.00000000000000e+00 0.00000000000000e+00 0.00000000000000e+00 0.00000000000000e+00 0.00000000000000e+00 0.00000000000000e+00 0.00000000000000e+00 
6.77049318847395e-03 3.50639544498390e+02 3.26266441672557e+02 3.21534176546951e+22 1.06076831552952e+21 9.76295698750144e+19 2.81068415333195e+18 3.61833570615130e+15 8.80392064309429e+20 3.33112818274521e+16 1.75675798469081e+10 5.05743416764828e+15 7.47331056960404e+17 2.73216578928381e+16 0.00000000000000e+00 0.00000000000000e+00 0.00000000000000e+00 0.00000000000000e+00 0.00000000000000e+00 0.00000000000000e+00 0.00000000000000e+00 
7.53758372469435e-03 3.51689665255565e+02 3.26802073219610e+02 3.20070081479305e+22 1.15817274921464e+21 1.00983193535060e+20 2.66669012912587e+18 3.91179532898666e+15 9.72072792680319e+20 3.50625675390548e+16 1.94509601485067e+10 4.66301487502661e+15 7.16980497176228e+17 2.70771275355355e+16 0.00000000000000e+00 0.00000000000000e+00 0.00000000000000e+00 0.00000000000000e+00 0.00000000000000e+00 0.00000000000000e+00 0.00000000000000e+00 
8.30467426091475e-03 3.52797591454945e+02 3.27408126967360e+02 3.18657074419415e+22 1.25160209090283e+21 1.04001362819425e+20 2.53800858298727e+18 4.19144567849808e+15 1.06210418297740e+21 3.67551816473524e+16 2.13133331385303e+10 4.34034776269457e+15 6.94086033015770e+17 2.67827848370184e+16 0.00000000000000e+00 0.00000000000000e+00 0.00000000000000e+00 0.00000000000000e+00 0.00000000000000e+00 0.00000000000000e+00 0.00000000000000e+00 
9.07176479713516e-03 3.53929918951395e+02 3.28048972633826e+02 3.17292886955201e+22 1.34122831323440e+21 1.06742829353842e+20 2.42235907607849e+18 4.45823023637933e+15 1.15049027694498e+21 3.83946903989367e+16 2.31536933741790e+10 4.06764362954478e+15 6.76210844908778e+17 2.64645669537990e+16 0.00000000000000e+00 0.00000000000000e+00 0.00000000000000e+00 0.00000000000000e+00 0.00000000000000e+00 0.00000000000000e+00 0.00000000000000e+00 
9.94362562398792e-03 3.55221059755046e+02 3.28705373624729e+02 3.15799087115841e+22 1.43868278485112e+21 1.09576460470008e+20 2.30448527257398e+18 4.74690006371199e+15 1.24895714046361e+21 4.01989760666160e+16 2.52176332440273e+10 3.80738195649841e+15 6.60093961401152e+17 2.60898321263550e+16 0.00000000000000e+00 0.00000000000000e+00 0.00000000000000e+00 0.00000000000000e+00 0.00000000000000e+00 0.00000000000000e+00 0.00000000000000e+00 
1.08154864508407e-02 3.56498279552497e+02 3.29455562303166e+02 3.14363005451953e+22 1.53165743283442e+21 1.12155911528705e+20 2.19893003166090e+18 5.02114889184847e+15 1.34531468888702e+21 4.19455364798108e+16 2.72509434750251e+10 3.58736381444374e+15 6.47009978159656e+17 2.57143913909741e+16 0.00000000000000e+00 0.00000000000000e+00 0.00000000000000e+00 0.00000000000000e+00 0.00000000000000e+00 0.00000000000000e+00 0.00000000000000e+00 
1.16873472776934e-02 3.57752025736203e+02 3.30199432389940e+02 3.12982155989647e+22 1.62036306492401e+21 1.14516227764413e+20 2.10393201896007e+18 5.28196729477202e+15 1.43957448296629e+21 4.36385715423019e+16 2.92527632554630e+10 3.39863332866083e+15 6.36102784862616e+17 2.53455295350009e+16 0.00000000000000e+00 0.00000000000000e+00 0.00000000000000e+00 0.00000000000000e+00 0.00000000000000e+00 0.00000000000000e+00 0.00000000000000e+00 
1.25592081045462e-02 3.58978400409222e+02 3.30931318989137e+02 3.11654246011301e+22 1.70499808475320e+21 1.16683609547712e+20 2.01805163566305e+18 5.53024365497167e+15 1.53175020975323e+21 4.52816229063617e+16 3.12224343135066e+10 3.23512511894598e+15 6.26878533244620e+17 2.49865649934869e+16 0.00000000000000e+00 0.00000000000000e+00 0.00000000000000e+00 0.00000000000000e+00 0.00000000000000e+00 0.00000000000000e+00 0.00000000000000e+00 
1.34310689313990e-02 3.60175988135796e+02 3.31648829839802e+02 3.10377133793545e+22 1.78574977710684e+21 1.18678788543500e+20 1.94009027010449e+18 5.76677842390040e+15 1.62185759122265e+21 4.68776228164464e+16 3.31594339998323e+10 3.09215913371803e+15 6.18997890615957e+17 2.46392182084950e+16 0.00000000000000e+00 0.00000000000000e+00 0.00000000000000e+00 0.00000000000000e+00 0.00000000000000e+00 0.00000000000000e+00 0.00000000000000e+00 
1.50317831975445e-02 3.62298750452821e+02 3.32351017003532e+02 3.08158087704763e+22 1.92447262459706e+21 1.21947421193422e+20 1.81437786897141e+18 6.17283912753654e+15 1.78196905835888e+21 4.96932506067085e+16 3.66293234253903e+10 2.87115706117078e+15 6.07204915951826e+17 2.40350023022836e+16 0.00000000000000e+00 0.00000000000000e+00 0.00000000000000e+00 0.00000000000000e+00 0.00000000000000e+00 0.00000000000000e+00 0.00000000000000e+00 
1.66324974636901e-02 3.64322939221686e+02 3.33599324793702e+02 3.06091944977410e+22 2.05171391908484e+21 1.24778964358447e+20 1.70720525880091e+18 6.54577818889962e+15 1.93529257991900e+21 5.23703231611182e+16 3.99856493941055e+10 2.69146158404833e+15 5.97914677216776e+17 2.34754307605108e+16 0.00000000000000e+00 0.00000000000000e+00 0.00000000000000e+00 0.00000000000000e+00 0.00000000000000e+00 0.00000000000000e+00 0.00000000000000e+00 
1.82332117298357e-02 3.66251364365417e+02 3.34793984340993e+02 3.04168070244301e+22 2.16840581661802e+21 1.27239668661392e+20 1.61496620031168e+18 6.88904984797154e+15 2.08196768061365e+21 5.49181947092553e+16 4.32271500550391e+10 2.54210407601904e+15 5.90442421379830e+17 2.29594495649968e+16 0.00000000000000e+00 0.00000000000000e+00 0.00000000000000e+00 0.00000000000000e+00 0.00000000000000e+00 0.00000000000000e+00 0.00000000000000e+00 
1.98339259959812e-02 3.68087682429526e+02 3.35936011026026e+02 3.02376728143606e+22 2.27539593146474e+21 1.29381454865765e+20 1.53492651443469e+18 7.20558445491284e+15 2.22214911768773e+21 5.73441693765187e+16 4.63532509445452e+10 2.41611451345410e+15 5.84359576611731e+17 2.24847086455688e+16 0.00000000000000e+00 0.00000000000000e+00 0.00000000000000e+00 0.00000000000000e+00 0.00000000000000e+00 0.00000000000000e+00 0.00000000000000e+00 
2.14346402621268e-02 3.69835217734588e+02 3.37026986785473e+02 3.00708917702302e+22 2.37346011161454e+21 1.31247760203641e+20 1.46496768838330e+18 7.49789127299615e+15 2.35600369437304e+21 5.96543214061302e+16 4.93639327325100e+10 2.30858568394950e+15 5.79352640691915e+17 2.20486380086163e+16 0.00000000000000e+00 0.00000000000000e+00 0.00000000000000e+00 0.00000000000000e+00 0.00000000000000e+00 0.00000000000000e+00 0.00000000000000e+00 
2.39078469061396e-02 3.72367713745344e+02 3.38068357332460e+02 2.98355915421777e+22 2.50904117502112e+21 1.33672343713779e+20 1.37300955019825e+18 7.90677065886094e+15 2.55079294934146e+21 6.30077147685250e+16 5.37899939736929e+10 2.17058946060638e+15 5.73219654028888e+17 2.14450948244468e+16 0.00000000000000e+00 0.00000000000000e+00 0.00000000000000e+00 0.00000000000000e+00 0.00000000000000e+00 0.00000000000000e+00 0.00000000000000e+00 
2.63810535501524e-02 3.74706898500687e+02 3.39582880437627e+02 2.96249789745352e+22 2.62737638578325e+21 1.35638144211291e+20 1.29652386755360e+18 8.27003904155075e+15 2.73158121440168e+21 6.61139393969848e+16 5.79455113453854e+10 2.05736893186030e+15 5.68446592456251e+17 2.09179958059710e+16 0.00000000000000e+00 0.00000000000000e+00 0.00000000000000e+00 0.00000000000000e+00 0.00000000000000e+00 0.00000000000000e+00 0.00000000000000e+00 
2.88542601941651e-02 3.76864183647951e+02 3.40987406722941e+02 2.94365134311692e+22 2.73057074293470e+21 1.37231119439650e+20 1.23234226790600e+18 8.59346774828758e+15 2.89907516384677e+21 6.89874451657491e+16 6.18363775185322e+10 1.96413778835533e+15 5.64709558192839e+17 2.04578905087676e+16 0.00000000000000e+00 0.00000000000000e+00 0.00000000000000e+00 0.00000000000000e+00 0.00000000000000e+00 0.00000000000000e+00 0.00000000000000e+00 
3.13274668381779e-02 3.78850790127165e+02 3.42287440871032e+02 2.92679234048020e+22 2.82046990919072e+21 1.38518699403966e+20 1.17798720934196e+18 8.88187625253036e+15 3.05399735505429e+21 7.16422248700013e+16 6.54702413467263e+10 1.88552873387215e+15 5.61752660625363e+17 2.00568555723446e+16 0.00000000000000e+00 0.00000000000000e+00 0.00000000000000e+00 0.00000000000000e+00 0.00000000000000e+00 0.00000000000000e+00 0.00000000000000e+00 
3.38006734821907e-02 3.80677469228042e+02 3.43488593088698e+02 2.91171661500376e+22 2.89869975105267e+21 1.39557431265504e+20 1.13144281056842e+18 9.13935258950878e+15 3.19707309068128e+21 7.40917213746997e+16 6.88561685213907e+10 1.81870731322874e+15 5.59374852279161e+17 1.97072015879552e+16 0.00000000000000e+00 0.00000000000000e+00 0.00000000000000e+00 0.00000000000000e+00 0.00000000000000e+00 0.00000000000000e+00 0.00000000000000e+00 
3.72125931056664e-02 3.82954270434093e+02 3.44596381220640e+02 2.89351323516004e+22 2.99005570980352e+21 1.40662357196757e+20 1.07771790768932e+18 9.45019699657739e+15 3.37633166961423e+21 7.71564390387120e+16 7.31388242219658e+10 1.74169390711907e+15 5.56813573201967e+17 1.92981399380912e+16 0.00000000000000e+00 0.00000000000000e+00 0.00000000000000e+00 0.00000000000000e+00 0.00000000000000e+00 0.00000000000000e+00 0.00000000000000e+00 
4.06245127291421e-02 3.84973420230941e+02 3.45981573637270e+02 2.87792842239883e+22 3.06518377832854e+21 1.41471674144968e+20 1.03363351812829e+18 9.71690964365315e+15 3.53624499401494e+21 7.98857183896455e+16 7.69972328801572e+10 1.67828978500297e+15 5.54860731818354e+17 1.89607620964676e+16 0.00000000000000e+00 0.00000000000000e+00 0.00000000000000e+00 0.00000000000000e+00 0.00000000000000e+00 0.00000000000000e+00 0.00000000000000e+00 
4.40364323526177e-02 3.86760279798721e+02 3.47214085780241e+02 2.86459097334964e+22 3.12684481206152e+21 1.42055826999915e+20 9.97134267289763e+17 9.94608073749229e+15 3.67857908136463e+21 8.23101680522065e+16 8.04614949531921e+10 1.62562094652310e+15 5.53368469723702e+17 1.86826310241422e+16 0.00000000000000e+00 0.00000000000000e+00 0.00000000000000e+00 0.00000000000000e+00 0.00000000000000e+00 0.00000000000000e+00 0.00000000000000e+00 
4.74483519760934e-02 3.88338407227407e+02 3.48307969222501e+02 2.85318241660704e+22 3.17733472585484e+21 1.42468797133949e+20 9.66677102669344e+17 1.01431128268609e+16 3.80500696186302e+21 8.44587834378789e+16 8.35622175530769e+10 1.58152767980341e+15 5.52231476092324e+17 1.84537004121006e+16 0.00000000000000e+00 0.00000000000000e+00 0.00000000000000e+00 0.00000000000000e+00 0.00000000000000e+00 0.00000000000000e+00 0.00000000000000e+00 
5.08602715995691e-02 3.89729615852567e+02 3.49276520034714e+02 2.84342847467529e+22 3.21857203526349e+21 1.42752406119837e+20 9.41103642056764e+17 1.03126134877532e+16 3.91709611075591e+21 8.63588031606901e+16 8.63297427851421e+10 1.54421781474646e+15 5.51352080568776e+17 1.82658135656398e+16 0.00000000000000e+00 0.00000000000000e+00 0.00000000000000e+00 0.00000000000000e+00 0.00000000000000e+00 0.00000000000000e+00 0.00000000000000e+00 
5.72403948606276e-02 3.91895878412348e+02 3.50132242895042e+02 2.82886520184489e+22 3.27597480501715e+21 1.43036145627532e+20 9.03572116660563e+17 1.05683965268762e+16 4.09306435140142e+21 8.93282522655889e+16 9.07091021065946e+10 1.48893194615067e+15 5.50226598241059e+17 1.80028841180569e+16 0.00000000000000e+00 0.00000000000000e+00 0.00000000000000e+00 0.00000000000000e+00 0.00000000000000e+00 0.00000000000000e+00 0.00000000000000e+00 
6.36205181216861e-02 3.93592964750081e+02 3.51468190260482e+02 2.81802303978828e+22 3.31469718757757e+21 1.43124117330343e+20 8.75718567256883e+17 1.07622897288968e+16 4.23234272959677e+21 9.16649785366726e+16 9.42050565358340e+10 1.44695271017401e+15 5.49465979593437e+17 1.78231616672235e+16 0.00000000000000e+00 0.00000000000000e+00 0.00000000000000e+00 0.00000000000000e+00 0.00000000000000e+00 0.00000000000000e+00 0.00000000000000e+00 
7.00006413827446e-02 3.94918243894893e+02 3.52517738614505e+02 2.80994054438098e+22 3.34066365628901e+21 1.43105174503583e+20 8.54966125820578e+17 1.09097050276423e+16 4.34213879189934e+21 9.34956778404004e+16 9.69792209306731e+10 1.41529221907589e+15 5.48989403005754e+17 1.77014269450023e+16 0.00000000000000e+00 0.00000000000000e+00 0.00000000000000e+00 0.00000000000000e+00 0.00000000000000e+00 0.00000000000000e+00 0.00000000000000e+00 
7.63807646438032e-02 3.95949915869409e+02 3.53339127137787e+02 2.80391627289940e+22 3.35787541859691e+21 1.43031387500641e+20 8.39355124006224e+17 1.10217486143099e+16 4.42837897500987e+21 9.49245938779743e+16 9.91692374669016e+10 1.39110896692805e+15 5.48700503783343e+17 1.76200169924621e+16 0.00000000000000e+00 0.00000000000000e+00 0.00000000000000e+00 0.00000000000000e+00 0.00000000000000e+00 0.00000000000000e+00 0.00000000000000e+00 
8.27608879048617e-02 3.96750470986273e+02 3.53979613098274e+02 2.79943100450289e+22 3.36908192012869e+21 1.42934092241541e+20 8.27538169168623e+17 1.11068900888263e+16 4.49588902263745e+21 9.60359394696823e+16 1.00890173550893e+11 1.37251172922217e+15 5.48513333403258e+17 1.75667259492284e+16 0.00000000000000e+00 0.00000000000000e+00 0.00000000000000e+00 0.00000000000000e+00 0.00000000000000e+00 0.00000000000000e+00 0.00000000000000e+00 
9.30141210242200e-02 3.97669801672359e+02 3.54477255661422e+02 2.79454763468777e+22 3.37888166515596e+21 1.42768033783213e+20 8.14250773969073e+17 1.12025338233246e+16 4.57431484217455e+21 9.73154713246839e+16 1.02896181582087e+11 1.35118047559918e+15 5.48335872683918e+17 1.75204789274316e+16 0.00000000000000e+00 0.00000000000000e+00 0.00000000000000e+00 0.00000000000000e+00 0.00000000000000e+00 0.00000000000000e+00 0.00000000000000e+00 
1.03267354143578e-01 3.98275615706992e+02 3.55049410296240e+02 2.79150637202608e+22 3.38329143007843e+21 1.42623722471155e+20 8.05646137018814e+17 1.12644468126627e+16 4.62662578874420e+21 9.81608823812314e+16 1.04238108115982e+11 1.33708091626949e+15 5.48240695770709e+17 1.75001519167938e+16 0.00000000000000e+00 0.00000000000000e+00 0.00000000000000e+00 0.00000000000000e+00 0.00000000000000e+00 0.00000000000000e+00 0.00000000000000e+00 
1.13520587262937e-01 3.98676068717199e+02 3.55426836757535e+02 2.78958641533794e+22 3.38515822616338e+21 1.42510449986264e+20 8.00034852681043e+17 1.13048313535479e+16 4.66152862704975e+21 9.87206481844469e+16 1.05135107210402e+11 1.32774168732724e+15 5.48195427166427e+17 1.74919293801592e+16 0.00000000000000e+00 0.00000000000000e+00 0.00000000000000e+00 0.00000000000000e+00 0.00000000000000e+00 0.00000000000000e+00 0.00000000000000e+00 
1.23773820382295e-01 3.98940229671659e+02 3.55676490847529e+02 2.78837266362871e+22 3.38577458847785e+21 1.42425421715239e+20 7.96361608524325e+17 1.13311155714246e+16 4.68474799838451e+21 9.90904064094445e+16 1.05732468636111e+11 1.32153998196127e+15 5.48172675095650e+17 1.74896954353027e+16 0.00000000000000e+00 0.00000000000000e+00 0.00000000000000e+00 0.00000000000000e+00 0.00000000000000e+00 0.00000000000000e+00 0.00000000000000e+00 
1.34027053501653e-01 3.99113332548895e+02 3.55841248370414e+02 2.78761205961171e+22 3.38576903496065e+21 1.42363085935543e+20 7.93960990180033e+17 1.13481431436232e+16 4.70010042614755e+21 9.93330830147045e+16 1.06127627868137e+11 1.31742674112972e+15 5.48158494535963e+17 1.74904536516183e+16 0.00000000000000e+00 0.00000000000000e+00 0.00000000000000e+00 0.00000000000000e+00 0.00000000000000e+00 0.00000000000000e+00 0.00000000000000e+00 
1.52231719823105e-01 3.99278546761882e+02 3.55949242231654e+02 2.78693763672374e+22 3.38515228702075e+21 1.42294022444604e+20 7.91641669380250e+17 1.13642536913611e+16 4.71496494248855e+21 9.95653750004272e+16 1.06510256770680e+11 1.31335742611901e+15 5.48134925548835e+17 1.74948039849085e+16 0.00000000000000e+00 0.00000000000000e+00 0.00000000000000e+00 0.00000000000000e+00 0.00000000000000e+00 0.00000000000000e+00 0.00000000000000e+00 
1.70436386144556e-01 3.99356436903803e+02 3.56052332954396e+02 2.78663707992035e+22 3.38465389273589e+21 1.42258249265736e+20 7.90541111450052e+17 1.13718702293537e+16 4.72204652557667e+21 9.96751294838934e+16 1.06692545104229e+11 1.31139461013757e+15 5.48120255861974e+17 1.74980682154854e+16 0.00000000000000e+00 0.00000000000000e+00 0.00000000000000e+00 0.00000000000000e+00 0.00000000000000e+00 0.00000000000000e+00 0.00000000000000e+00 
1.88641052466007e-01 3.99397239692951e+02 3.56100941171323e+02 2.78647776882490e+22 3.38441656292963e+21 1.42239716402602e+20 7.89983764922408e+17 1.13758273834079e+16 4.72574551885471e+21 9.97325135669663e+16 1.06787772689334e+11 1.31040821924611e+15 5.48120198550721e+17 1.74994974469253e+16 0.00000000000000e+00 0.00000000000000e+00 0.00000000000000e+00 0.00000000000000e+00 0.00000000000000e+00 0.00000000000000e+00 0.00000000000000e+00 
2.06845718787459e-01 3.99418648905545e+02 3.56126407064604e+02 2.78639454603299e+22 3.38428860600243e+21 1.42229821144102e+20 7.89702790057903e+17 1.13778429260348e+16 4.72768619159463e+21 9.97625665616003e+16 1.06837709733117e+11 1.30991223240661e+15 5.48124739243370e+17 1.75001779251135e+16 0.00000000000000e+00 0.00000000000000e+00 0.00000000000000e+00 0.00000000000000e+00 0.00000000000000e+00 0.00000000000000e+00 0.00000000000000e+00 
2.25050385108910e-01 3.99428451942349e+02 3.56139769604727e+02 2.78636013186987e+22 3.38418610771498e+21 1.42224574154676e+20 7.89575815465416e+17 1.13787430316283e+16 4.72859019441795e+21 9.97763569643192e+16 1.06860938387695e+11 1.30968165644826e+15 5.48127365650379e+17 1.75007193694236e+16 0.00000000000000e+00 0.00000000000000e+00 0.00000000000000e+00 0.00000000000000e+00 0.00000000000000e+00 0.00000000000000e+00 0.00000000000000e+00 
2.70643107085916e-01 3.99437188833068e+02 3.56145887836595e+02 2.78633271155850e+22 3.38405674617470e+21 1.42219206267849e+20 7.89476187587841e+17 1.13795188770182e+16 4.72940821969547e+21 9.97886259189479e+16 1.06881919649948e+11 1.30949903317330e+15 5.48135319512168e+17 1.75012693255725e+16 0.00000000000000e+00 0.00000000000000e+00 0.00000000000000e+00 0.00000000000000e+00 0.00000000000000e+00 0.00000000000000e+00 0.00000000000000e+00 
3.16235829062923e-01 3.99435841093294e+02 3.56151340372415e+02 2.78634030561048e+22 3.38403661625165e+21 1.42219398961318e+20 7.89490765207769e+17 1.13793871009588e+16 4.72929618936661e+21 9.97867701568766e+16 1.06879024109618e+11 1.30952053707117e+15 5.48134150663470e+17 1.75014122848790e+16 0.00000000000000e+00 0.00000000000000e+00 0.00000000000000e+00 0.00000000000000e+00 0.00000000000000e+00 0.00000000000000e+00 0.00000000000000e+00 
3.61828551039929e-01 3.99434622178160e+02 3.56150498845435e+02 2.78634480716095e+22 3.38404622466730e+21 1.42220065726984e+20 7.89497771628173e+17 1.13792939066813e+16 4.72918560763534e+21 9.97850948092671e+16 1.06876192307519e+11 1.30953066926310e+15 5.48130234312243e+17 1.75014475829874e+16 0.00000000000000e+00 0.00000000000000e+00 0.00000000000000e+00 0.00000000000000e+00 0.00000000000000e+00 0.00000000000000e+00 0.00000000000000e+00 
4.07421273016935e-01 3.99434557455394e+02 3.56149738034343e+02 2.78634455098552e+22 3.38405165934221e+21 1.42220211820418e+20 7.89490412547057e+17 1.13793135110538e+16 4.72917959347620e+21 9.97850245365342e+16 1.06875956344007e+11 1.30951722784790e+15 5.48127142859764e+17 1.75015171312556e+16 0.00000000000000e+00 0.00000000000000e+00 0.00000000000000e+00 0.00000000000000e+00 0.00000000000000e+00 0.00000000000000e+00 0.00000000000000e+00 
8.08378953049131e-01 3.99434886372465e+02 3.56149697640785e+02 2.78634330927438e+22 3.38404992729684e+21 1.42220072546919e+20 7.89488230842314e+17 1.13793380291837e+16 4.72920817249721e+21 9.97854871793733e+16 1.06876785387625e+11 1.30951268059280e+15 5.48127721318491e+17 1.75014871133942e+16 0.00000000000000e+00 0.00000000000000e+00 0.00000000000000e+00 0.00000000000000e+00 0.00000000000000e+00 0.00000000000000e+00 0.00000000000000e+00 
1.20933663308133e+00 3.99434913317698e+02 3.56149902978693e+02 2.78634326519948e+22 3.38404931535484e+21 1.42220037526925e+20 7.89489516796720e+17 1.13793341271156e+16 4.72921034346795e+21 9.97855235096949e+16 1.06876867568287e+11 1.30951560586963e+15 5.48128372388941e+17 1.75014769436848e+16 0.00000000000000e+00 0.00000000000000e+00 0.00000000000000e+00 0.00000000000000e+00 0.00000000000000e+00 0.00000000000000e+00 0.00000000000000e+00 
1.61029431311352e+00 3.99434912791264e+02 3.56149919805232e+02 2.78634324470191e+22 3.38404933322154e+21 1.42220050068828e+20 7.89488287546218e+17 1.13793381289535e+16 4.72921069624971e+21 9.97855232825801e+16 1.06876852898271e+11 1.30951305388926e+15 5.48127955281710e+17 1.75014867205142e+16 0.00000000000000e+00 0.00000000000000e+00 0.00000000000000e+00 0.00000000000000e+00 0.00000000000000e+00 0.00000000000000e+00 0.00000000000000e+00 
5.61987111343548e+00 3.99434913213235e+02 3.56149919464724e+02 2.78634324137591e+22 3.38404934180714e+21 1.42220049187041e+20 7.89488316385980e+17 1.13793383949745e+16 4.72921074689192e+21 9.97855233686147e+16 1.06876851448065e+11 1.30951311891374e+15 5.48127968728624e+17 1.75014867112331e+16 0.00000000000000e+00 0.00000000000000e+00 0.00000000000000e+00 0.00000000000000e+00 0.00000000000000e+00 0.00000000000000e+00 0.00000000000000e+00 
9.62944791375743e+00 3.99434913533303e+02 3.56149919727736e+02 2.78634323967267e+22 3.38404935254391e+21 1.42220047611027e+20 7.89488546595639e+17 1.13793376750327e+16 4.72921076177819e+21 9.97855229269244e+16 1.06876851788118e+11 1.30951373094843e+15 5.48128097335079e+17 1.75014849113372e+16 0.00000000000000e+00 0.00000000000000e+00 0.00000000000000e+00 0.00000000000000e+00 0.00000000000000e+00 0.00000000000000e+00 0.00000000000000e+00 
1.36390247140794e+01 3.99434913452226e+02 3.56149919927926e+02 2.78634324004548e+22 3.38404935063106e+21 1.42220047957037e+20 7.89488492140542e+17 1.13793378503845e+16 4.72921075760646e+21 9.97855230198593e+16 1.06876851718226e+11 1.30951356639205e+15 5.48128063056587e+17 1.75014853473914e+16 0.00000000000000e+00 0.00000000000000e+00 0.00000000000000e+00 0.00000000000000e+00 0.00000000000000e+00 0.00000000000000e+00 0.00000000000000e+00 
5.37347927172989e+01 3.99434913486770e+02 3.56149919877227e+02 2.78634323984383e+22 3.38404935164353e+21 1.42220047808027e+20 7.89488514800709e+17 1.13793377778239e+16 4.72921075954425e+21 9.97855229813408e+16 1.06876851760068e+11 1.30951362780638e+15 5.48128076035617e+17 1.75014851742729e+16 0.00000000000000e+00 0.00000000000000e+00 0.00000000000000e+00 0.00000000000000e+00 0.00000000000000e+00 0.00000000000000e+00 0.00000000000000e+00 
9.38305607205185e+01 3.99434913500011e+02 3.56149919898823e+02 2.78634323977270e+22 3.38404935185473e+21 1.42220047755971e+20 7.89488521596569e+17 1.13793377431207e+16 4.72921076055124e+21 9.97855229748016e+16 1.06876851780074e+11 1.30951365795077e+15 5.48128082286052e+17 1.75014851287178e+16 0.00000000000000e+00 0.00000000000000e+00 0.00000000000000e+00 0.00000000000000e+00 0.00000000000000e+00 0.00000000000000e+00 0.00000000000000e+00 
1.33926328723738e+02 3.99434913501168e+02 3.56149919907092e+02 2.78634323976272e+22 3.38404935193070e+21 1.42220047751145e+20 7.89488522744913e+17 1.13793377430812e+16 4.72921076056949e+21 9.97855229718718e+16 1.06876851780521e+11 1.30951365811560e+15 5.48128082354991e+17 1.75014851187327e+16 0.00000000000000e+00 0.00000000000000e+00 0.00000000000000e+00 0.00000000000000e+00 0.00000000000000e+00 0.00000000000000e+00 0.00000000000000e+00 
2.33926328723738e+02 3.99434913502581e+02 3.56149919907817e+02 2.78634323975606e+22 3.38404935194430e+21 1.42220047745519e+20 7.89488523380463e+17 1.13793377388516e+16 4.72921076068656e+21 9.97855229714929e+16 1.06876851782782e+11 1.30951366172206e+15 5.48128083097996e+17 1.75014851150348e+16 0.00000000000000e+00 0.00000000000000e+00 0.00000000000000e+00 0.00000000000000e+00 0.00000000000000e+00 0.00000000000000e+00 0.00000000000000e+00 
3.33926328723738e+02 3.99434913502365e+02 3.56149919908699e+02 2.78634323975698e+22 3.38404935193963e+21 1.42220047746319e+20 7.89488523263544e+17 1.13793377393493e+16 4.72921076067149e+21 9.97855229716367e+16 1.06876851782486e+11 1.30951366129169e+15 5.48128083008021e+17 1.75014851157816e+16 0.00000000000000e+00 0.00000000000000e+00 0.00000000000000e+00 0.00000000000000e+00 0.00000000000000e+00 0.00000000000000e+00 0.00000000000000e+00 
4.33926328723738e+02 3.99434913502586e+02 3.56149919908564e+02 2.78634323975542e+22 3.38404935194104e+21 1.42220047745339e+20 7.89488523366656e+17 1.13793377386201e+16 4.72921076069095e+21 9.97855229715911e+16 1.06876851782878e+11 1.30951366191492e+15 5.48128083136235e+17 1.75014851152377e+16 0.00000000000000e+00 0.00000000000000e+00 0.00000000000000e+00 0.00000000000000e+00 0.00000000000000e+00 0.00000000000000e+00 0.00000000000000e+00 
5.33926328723738e+02 3.99434913502500e+02 3.56149919908702e+02 2.78634323975588e+22 3.38404935194043e+21 1.42220047745704e+20 7.89488523328307e+17 1.13793377388940e+16 4.72921076068355e+21 9.97855229716110e+16 1.06876851782736e+11 1.30951366168091e+15 5.48128083088079e+17 1.75014851154274e+16 0.00000000000000e+00 0.00000000000000e+00 0.00000000000000e+00 0.00000000000000e+00 0.00000000000000e+00 0.00000000000000e+00 0.00000000000000e+00 
6.33926328723738e+02 3.99434913502563e+02 3.56149919908648e+02 2.78634323975591e+22 3.38404935194091e+21 1.42220047745494e+20 7.89488523349436e+17 1.13793377387168e+16 4.72921076068872e+21 9.97855229716083e+16 1.06876851782828e+11 1.30951366183324e+15 5.48128083119342e+17 1.75014851153382e+16 0.00000000000000e+00 0.00000000000000e+00 0.00000000000000e+00 0.00000000000000e+00 0.00000000000000e+00 0.00000000000000e+00 0.00000000000000e+00 
7.33926328723738e+02 3.99434913502555e+02 3.56149919908688e+02 2.78634323975652e+22 3.38404935194144e+21 1.42220047745624e+20 7.89488523340080e+17 1.13793377388067e+16 4.72921076068704e+21 9.97855229716047e+16 1.06876851782781e+11 1.30951366175810e+15 5.48128083104014e+17 1.75014851153756e+16 0.00000000000000e+00 0.00000000000000e+00 0.00000000000000e+00 0.00000000000000e+00 0.00000000000000e+00 0.00000000000000e+00 0.00000000000000e+00 
8.33926328723738e+02 3.99434913502608e+02 3.56149919908683e+02 2.78634323975758e+22 3.38404935194268e+21 1.42220047745623e+20 7.89488523344722e+17 1.13793377387617e+16 4.72921076068991e+21 9.97855229716067e+16 1.06876851782806e+11 1.30951366180039e+15 5.48128083112761e+17 1.75014851153681e+16 0.00000000000000e+00 0.00000000000000e+00 0.00000000000000e+00 0.00000000000000e+00 0.00000000000000e+00 0.00000000000000e+00 0.00000000000000e+00 
9.33926328723738e+02 3.99434913502627e+02 3.56149919908716e+02 2.78634323975835e+22 3.38404935194350e+21 1.42220047745683e+20 7.89488523342705e+17 1.13793377387906e+16 4.72921076069014e+21 9.97855229715977e+16 1.06876851782784e+11 1.30951366177825e+15 5.48128083108327e+17 1.75014851153763e+16 0.00000000000000e+00 0.00000000000000e+00 0.00000000000000e+00 0.00000000000000e+00 0.00000000000000e+00 0.00000000000000e+00 0.00000000000000e+00 
1.00000000000000e+03 3.99434913502630e+02 3.56149919908728e+02 2.78634323975834e+22 3.38404935194350e+21 1.42220047745676e+20 7.89488523343327e+17 1.13793377387819e+16 4.72921076069041e+21 9.97855229716009e+16 1.06876851782791e+11 1.30951366178565e+15 5.48128083109832e+17 1.75014851153754e+16 0.00000000000000e+00 0.00000000000000e+00 0.00000000000000e+00 0.00000000000000e+00 0.00000000000000e+00 0.00000000000000e+00 0.00000000000000e+00 
