Time(s)              GasTemp(K)           NearWallTemp(K)      [O2(X)](m^-3)        [O2(a1Dg)](m^-3)     [O2(b1Sg+)](m^-3)    [O2(A3Su+_C3Du_c1Su-)](m^-3) [O2(+,X)](m^-3)      [O(3P)](m^-3)        [O(1D)](m^-3)        [O(+,gnd)](m^-3)     [O(-,gnd)](m^-3)     [O3(X)](m^-3)        [O3(exc)](m^-3)      [CO2(X)](m^-3)       [CO2(e1)](m^-3)      [CO2(+,X)](m^-3)     [CO(X)](m^-3)        [CO(a3P)](m^-3)      [CO(+,X)](m^-3)      [C(X)](m^-3)        
0.00000000000000e+00 3.38796105958000e+02 3.30190747681100e+02 8.10573262115380e+19 8.10573262115380e-06 8.10573262115380e-06 8.10573262115380e-06 0.00000000000000e+00 0.00000000000000e+00 0.00000000000000e+00 0.00000000000000e+00 0.00000000000000e+00 0.00000000000000e+00 0.00000000000000e+00 0.00000000000000e+00 0.00000000000000e+00 0.00000000000000e+00 0.00000000000000e+00 0.00000000000000e+00 0.00000000000000e+00 0.00000000000000e+00 
2.61221010315905e-14 3.38796105847788e+02 3.31579315617146e+02 8.10573262115256e+19 3.95830826249379e+06 9.29355597676159e+05 1.86065001980662e+06 6.91225881266734e+03 8.34940502413066e+06 2.77804969476849e+06 3.93980311246839e+00 2.14968550040398e+05 3.84111367383046e-07 3.67001779907885e-13 0.00000000000000e+00 0.00000000000000e+00 0.00000000000000e+00 0.00000000000000e+00 0.00000000000000e+00 0.00000000000000e+00 0.00000000000000e+00 
5.22442020631810e-14 3.38796105737577e+02 3.31579315556660e+02 8.10573262115132e+19 7.91661652498327e+06 1.85871119544239e+06 3.72130003758997e+06 1.38245176253267e+04 1.66988100527899e+07 5.55609938500336e+06 7.87960622511930e+00 4.29937100080088e+05 1.21230085571067e-06 1.15830097689648e-12 0.00000000000000e+00 0.00000000000000e+00 0.00000000000000e+00 0.00000000000000e+00 0.00000000000000e+00 0.00000000000000e+00 0.00000000000000e+00 
7.83663030947714e-14 3.38796105627365e+02 3.31579315496173e+02 8.10573262115007e+19 1.18749247874766e+07 2.78806679330886e+06 5.58195005331566e+06 2.07367764379779e+04 2.50482150860730e+07 8.33414907060903e+06 1.18194093379566e+01 6.44905650119056e+05 2.49393036322201e-06 2.38284248012047e-12 0.00000000000000e+00 0.00000000000000e+00 0.00000000000000e+00 0.00000000000000e+00 0.00000000000000e+00 0.00000000000000e+00 0.00000000000000e+00 
2.39236594021652e-13 3.38796104948638e+02 3.31579315435687e+02 8.10573262114242e+19 3.62517618955496e+07 8.51140831462833e+06 1.70405730734944e+07 6.33052162738038e+04 7.64671732195946e+07 2.54424841948420e+07 3.60822843759313e+01 1.96876750727524e+06 1.98931348136066e-05 1.90070290711505e-11 0.00000000000000e+00 0.00000000000000e+00 0.00000000000000e+00 0.00000000000000e+00 0.00000000000000e+00 0.00000000000000e+00 0.00000000000000e+00 
4.00106884948533e-13 3.38796104269911e+02 3.31579315063187e+02 8.10573262113477e+19 6.06285990037677e+07 1.42347498397044e+07 2.84991960165639e+07 1.05873656109324e+05 1.27886131526397e+08 4.25508191455993e+07 6.03451594208901e+01 3.29262936440435e+06 5.42846731398452e-05 5.18666551861951e-11 0.00000000000000e+00 0.00000000000000e+00 0.00000000000000e+00 0.00000000000000e+00 0.00000000000000e+00 0.00000000000000e+00 0.00000000000000e+00 
5.60977175875414e-13 3.38796103591185e+02 3.31579314690688e+02 8.10573262112711e+19 8.50054361121327e+07 1.99580913685792e+07 3.99578188816593e+07 1.48442095944535e+05 1.79305090008424e+08 5.96591539209346e+07 8.46080344729113e+01 4.61649122150608e+06 1.05859178556293e-04 1.01143862778652e-10 0.00000000000000e+00 0.00000000000000e+00 0.00000000000000e+00 0.00000000000000e+00 0.00000000000000e+00 0.00000000000000e+00 0.00000000000000e+00 
7.21847466802295e-13 3.38796102912458e+02 3.31579314318188e+02 8.10573262111946e+19 1.09382273220645e+08 2.56814329012676e+07 5.14164416684766e+07 1.91010535779436e+05 2.30724048666359e+08 7.67674885201644e+07 1.08870909532022e+02 5.94035307858032e+06 1.74683608313142e-04 1.66902626781103e-10 0.00000000000000e+00 0.00000000000000e+00 0.00000000000000e+00 0.00000000000000e+00 0.00000000000000e+00 0.00000000000000e+00 0.00000000000000e+00 
1.32174786203766e-12 3.38796100381422e+02 3.31579313945688e+02 8.10573262109092e+19 2.00285783943086e+08 4.70243100301557e+07 9.41467195086257e+07 3.49752238389250e+05 4.22470167191417e+08 1.40566070463054e+08 1.99349445150439e+02 1.08771580453707e+07 5.83571902289701e-04 5.57577702155617e-10 0.00000000000000e+00 0.00000000000000e+00 0.00000000000000e+00 0.00000000000000e+00 0.00000000000000e+00 0.00000000000000e+00 0.00000000000000e+00 
1.92164825727302e-12 3.38796097850387e+02 3.31579312556602e+02 8.10573262106239e+19 2.91189294667579e+08 6.83671872121139e+07 1.36876996259442e+08 5.08493940994745e+05 6.14216288164441e+08 2.04364649955225e+08 2.89827980867521e+02 1.58139630117786e+07 1.23251357041365e-03 1.17761340295997e-09 0.00000000000000e+00 0.00000000000000e+00 0.00000000000000e+00 0.00000000000000e+00 0.00000000000000e+00 0.00000000000000e+00 0.00000000000000e+00 
2.52154865250838e-12 3.38796095319352e+02 3.31579311167517e+02 8.10573262103385e+19 3.82092805394124e+08 8.97100644471437e+07 1.79607271920892e+08 6.67235643595922e+05 8.05962411585504e+08 2.68163226996602e+08 3.80306516683271e+02 2.07507679778040e+07 2.12151597602339e-03 2.02701677353659e-09 0.00000000000000e+00 0.00000000000000e+00 0.00000000000000e+00 0.00000000000000e+00 0.00000000000000e+00 0.00000000000000e+00 0.00000000000000e+00 
3.12144904774375e-12 3.38796092788318e+02 3.31579309778431e+02 8.10573262100531e+19 4.72996316122720e+08 1.11052941735245e+08 2.22337546492978e+08 8.25977346192780e+05 9.97708537454602e+08 3.31961801587190e+08 4.70785052597689e+02 2.56875729434469e+07 3.25057868178878e-03 3.10578740534177e-09 0.00000000000000e+00 0.00000000000000e+00 0.00000000000000e+00 0.00000000000000e+00 0.00000000000000e+00 0.00000000000000e+00 0.00000000000000e+00 
9.12045300009737e-12 3.38796067477997e+02 3.31579308389346e+02 8.10573262071993e+19 1.38203142352152e+09 3.24481717535173e+08 6.49640232299237e+08 2.41339437192384e+06 2.91516993078653e+09 9.69947412700618e+08 1.37557041716858e+03 7.50556225788387e+07 2.77444307020955e-02 2.65086089835447e-08 0.00000000000000e+00 0.00000000000000e+00 0.00000000000000e+00 0.00000000000000e+00 0.00000000000000e+00 0.00000000000000e+00 0.00000000000000e+00 
1.51194569524510e-11 3.38796042167718e+02 3.31579294498507e+02 8.10573262043456e+19 2.29106653112549e+09 5.37910498642223e+08 1.07694280916974e+09 4.00081139722303e+06 4.83263156892043e+09 1.60793277873662e+09 2.28035579160622e+03 1.24423672175981e+08 7.62441758891879e-02 7.28480365434607e-08 0.00000000000000e+00 0.00000000000000e+00 0.00000000000000e+00 0.00000000000000e+00 0.00000000000000e+00 0.00000000000000e+00 0.00000000000000e+00 
2.11184609048046e-11 3.38796016857480e+02 3.31579280607692e+02 8.10573262014918e+19 3.20010163893462e+09 7.51339285056388e+08 1.50424527710458e+09 5.58822842209036e+06 6.75009345185606e+09 2.24591789969543e+09 3.18514117591061e+03 1.73791721734874e+08 1.48749800778973e-01 1.42124066090403e-07 0.00000000000000e+00 0.00000000000000e+00 0.00000000000000e+00 0.00000000000000e+00 0.00000000000000e+00 0.00000000000000e+00 0.00000000000000e+00 
2.71174648571583e-11 3.38795991547284e+02 3.31579266716901e+02 8.10573261986381e+19 4.10913674694891e+09 9.64768076777665e+08 1.93154763610380e+09 7.17564544652583e+06 8.66755557959330e+09 2.88390277557718e+09 4.08992657008175e+03 2.23159771255517e+08 2.45261303202445e-01 2.34336704841827e-07 0.00000000000000e+00 0.00000000000000e+00 0.00000000000000e+00 0.00000000000000e+00 0.00000000000000e+00 0.00000000000000e+00 0.00000000000000e+00 
8.71075043806945e-11 3.38795738447617e+02 3.31579252826133e+02 8.10573261701004e+19 1.31994878383758e+10 3.09905628588038e+09 6.20456523464869e+09 2.30498156671281e+07 2.78421903210166e+10 9.26373805519382e+09 1.31377810544649e+04 7.16840264358221e+08 2.53069965551536e+00 2.41798002072977e-06 0.00000000000000e+00 0.00000000000000e+00 0.00000000000000e+00 0.00000000000000e+00 0.00000000000000e+00 0.00000000000000e+00 0.00000000000000e+00 
1.47097543904231e-10 3.38795485352117e+02 3.31579113919756e+02 8.10573261415628e+19 2.22898389503189e+10 5.23334502569045e+09 1.04775719396691e+10 3.89239858445440e+07 4.70168495424813e+10 1.56435488272235e+10 2.21856365255248e+04 1.21052075363597e+09 7.21672589170643e+00 6.89529499437404e-06 0.00000000000000e+00 0.00000000000000e+00 0.00000000000000e+00 0.00000000000000e+00 0.00000000000000e+00 0.00000000000000e+00 0.00000000000000e+00 
2.07087583427767e-10 3.38795232260784e+02 3.31578975015747e+02 8.10573261130252e+19 3.13801900827781e+10 7.36763429620467e+09 1.47505677511967e+10 5.47981559787735e+07 6.61915332438874e+10 2.20233350917664e+10 3.12334929832628e+04 1.70420123908876e+09 1.43033400715475e+01 1.36662905524057e-05 0.00000000000000e+00 0.00000000000000e+00 0.00000000000000e+00 0.00000000000000e+00 0.00000000000000e+00 0.00000000000000e+00 0.00000000000000e+00 
2.67077622951303e-10 3.38794979173618e+02 3.31578836114105e+02 8.10573260844877e+19 4.04705412357532e+10 9.50192409741970e+09 1.90235526692646e+10 7.06723260698165e+07 8.53662414251297e+10 2.84030968489275e+10 4.02813504276802e+04 2.19788172071658e+09 2.37905422509985e+01 2.27309760377934e-05 0.00000000000000e+00 0.00000000000000e+00 0.00000000000000e+00 0.00000000000000e+00 0.00000000000000e+00 0.00000000000000e+00 0.00000000000000e+00 
8.66978018186666e-10 3.38792448531117e+02 3.31578697214831e+02 8.10573257991124e+19 1.31374053893843e+11 3.08448512969008e+10 6.17528027216409e+10 2.29414024604960e+08 2.77114669590565e+11 9.21993665525152e+10 1.30759979139757e+05 7.13468632662142e+09 2.50694923734459e+02 2.39534156643955e-04 0.00000000000000e+00 0.00000000000000e+00 0.00000000000000e+00 0.00000000000000e+00 0.00000000000000e+00 0.00000000000000e+00 0.00000000000000e+00 
1.46687841342203e-09 3.38789918305234e+02 3.31577308352274e+02 8.10573255137382e+19 2.22277568603402e+11 5.21878315626311e+10 1.04480963465880e+11 3.88155718821360e+08 4.68865545619697e+11 1.55993185637830e+11 2.21238706521454e+05 1.20714905500283e+10 7.17658167440846e+02 6.85717000530683e-04 0.00000000000000e+00 0.00000000000000e+00 0.00000000000000e+00 0.00000000000000e+00 0.00000000000000e+00 0.00000000000000e+00 0.00000000000000e+00 
2.06677880865739e-09 3.38787388495902e+02 3.31575919726400e+02 8.10573252283651e+19 3.13181085364320e+11 7.35308648914086e+10 1.47208034933601e+11 5.46897408718940e+08 6.60618869412293e+11 2.19784554205081e+11 3.11717532574162e+05 1.70082943909357e+10 1.42468032542712e+03 1.36128842457275e-03 0.00000000000000e+00 0.00000000000000e+00 0.00000000000000e+00 0.00000000000000e+00 0.00000000000000e+00 0.00000000000000e+00 0.00000000000000e+00 
2.66667920389275e-09 3.38784859103050e+02 3.31574531337169e+02 8.10573249429930e+19 4.04084604176483e+11 9.48739512798798e+10 1.89934017157921e+11 7.05639094297616e+08 8.52374640863382e+11 2.83573472359218e+11 4.02196457299342e+05 2.19450978493420e+10 2.37176145221881e+03 2.26625776675947e-03 0.00000000000000e+00 0.00000000000000e+00 0.00000000000000e+00 0.00000000000000e+00 0.00000000000000e+00 0.00000000000000e+00 0.00000000000000e+00 
8.66568315624638e-09 3.38759588065495e+02 3.31573143184538e+02 8.10573220893287e+19 1.31311990509151e+12 3.08307732710521e+11 6.17133938291492e+11 2.29305571252669e+09 2.77006695352250e+12 9.21327904243119e+11 1.30699113185776e+06 7.13131113954849e+10 2.50458279919267e+04 2.39348879218092e-02 0.00000000000000e+00 0.00000000000000e+00 0.00000000000000e+00 0.00000000000000e+00 0.00000000000000e+00 0.00000000000000e+00 0.00000000000000e+00 
1.46646871086000e-08 3.38734358598590e+02 3.31559274661888e+02 8.10573192357679e+19 2.22215541100538e+12 5.21746816418172e+11 1.04422497153028e+12 3.88047189877517e+09 4.68800391650231e+12 1.55883741031888e+12 2.21179567526971e+06 1.20681086689722e+11 7.17258514518079e+04 6.85535811922862e-02 0.00000000000000e+00 0.00000000000000e+00 0.00000000000000e+00 0.00000000000000e+00 0.00000000000000e+00 0.00000000000000e+00 0.00000000000000e+00 
2.06636910609536e-08 3.38709170632041e+02 3.31545429752513e+02 8.10573163823106e+19 3.13119112180376e+12 7.35191199044337e+11 1.47120715000727e+12 5.46788765296090e+09 6.60618542477269e+12 2.19610209559361e+12 3.11661008899687e+06 1.70049023730423e+11 1.42411886447552e+05 1.36131669425835e-01 0.00000000000000e+00 0.00000000000000e+00 0.00000000000000e+00 0.00000000000000e+00 0.00000000000000e+00 0.00000000000000e+00 0.00000000000000e+00 
2.66626950133073e-08 3.38684024095705e+02 3.31531608413991e+02 8.10573135289567e+19 4.04022703737239e+12 9.48640877231822e+11 1.89808050682212e+12 7.05530297500177e+09 8.52461137340722e+12 2.83312206497073e+12 4.02143437450097e+06 2.19416922515955e+11 2.37103987579708e+05 2.26678467928716e-01 0.00000000000000e+00 0.00000000000000e+00 0.00000000000000e+00 0.00000000000000e+00 0.00000000000000e+00 0.00000000000000e+00 0.00000000000000e+00 
3.26616989656609e-08 3.38658918919583e+02 3.31517810603996e+02 8.10573106757063e+19 4.94926315759705e+12 1.16209584762472e+12 2.32484507504146e+12 8.64271786481563e+09 1.04432816575824e+13 3.46989742325075e+12 4.92626853324374e+06 2.68784783044688e+11 3.55802209433849e+05 3.40203275570087e-01 0.00000000000000e+00 0.00000000000000e+00 0.00000000000000e+00 0.00000000000000e+00 0.00000000000000e+00 0.00000000000000e+00 0.00000000000000e+00 
9.26517384891972e-08 3.38410126726746e+02 3.31504036280294e+02 8.10572821488830e+19 1.40396355908305e+13 3.29693588511383e+12 6.58651462888999e+12 2.45168429723886e+10 2.96433999865659e+13 9.82422035813048e+12 1.39751534708577e+07 7.62461283848851e+11 2.86313307475080e+06 2.74127036450378e+00 0.00000000000000e+00 0.00000000000000e+00 0.00000000000000e+00 0.00000000000000e+00 0.00000000000000e+00 0.00000000000000e+00 0.00000000000000e+00 
1.52641778012733e-07 3.38165394550878e+02 3.31367575594189e+02 8.10572536323686e+19 2.31300283642344e+13 5.43230145517396e+12 1.08373415050452e+13 4.03909247668370e+10 4.88678371572498e+13 1.61541968702288e+13 2.30250273432919e+07 1.25613395717644e+12 7.77113604751791e+06 7.45025754318274e+00 0.00000000000000e+00 0.00000000000000e+00 0.00000000000000e+00 0.00000000000000e+00 0.00000000000000e+00 0.00000000000000e+00 0.00000000000000e+00 
2.12631817536270e-07 3.37924654331693e+02 3.31233417731850e+02 8.10572251261340e+19 3.22204413639879e+13 7.56818920875880e+12 1.50773583982148e+13 5.62649631658640e+10 6.81164895002279e+13 2.24599306057152e+13 3.20758916182065e+07 1.74980280139151e+12 1.50798656982527e+07 1.44762496858472e+01 0.00000000000000e+00 0.00000000000000e+00 0.00000000000000e+00 0.00000000000000e+00 0.00000000000000e+00 0.00000000000000e+00 0.00000000000000e+00 
2.72621857059806e-07 3.37687839243756e+02 3.31101521753945e+02 8.10571966301501e+19 4.13108744765249e+13 9.70459580136676e+12 1.93065977667299e+13 7.21389580870634e+10 8.73892540816360e+13 2.87415244750814e+13 4.11277477669331e+07 2.24346781485494e+12 2.47893765887277e+07 2.38281944550119e+01 0.00000000000000e+00 0.00000000000000e+00 0.00000000000000e+00 0.00000000000000e+00 0.00000000000000e+00 0.00000000000000e+00 0.00000000000000e+00 
3.32611896583342e-07 3.37454883668431e+02 3.30971847532045e+02 8.10571681443882e+19 5.04013275885359e+13 1.18415178932027e+13 2.35250918376132e+13 8.80129094479230e+10 1.06686028689691e+14 3.49990806666076e+13 5.01805972642480e+07 2.73712899592447e+12 3.68997232720500e+07 3.55149044711746e+01 0.00000000000000e+00 0.00000000000000e+00 0.00000000000000e+00 0.00000000000000e+00 0.00000000000000e+00 0.00000000000000e+00 0.00000000000000e+00 
7.93634516839724e-07 3.35786656893224e+02 3.30844355728633e+02 8.10569495697898e+19 1.20261988742952e+14 2.82805793955480e+13 5.55889818405904e+13 2.10002542498242e+11 2.55771908716712e+14 8.22969524538481e+13 1.19784929477678e+08 6.53078024127305e+12 2.10094133340357e+08 2.04157475838962e+02 0.00000000000000e+00 0.00000000000000e+00 0.00000000000000e+00 0.00000000000000e+00 0.00000000000000e+00 0.00000000000000e+00 0.00000000000000e+00 
1.25465713709611e-06 3.34315670323306e+02 3.29933377353695e+02 8.10567315846930e+19 1.90123773643317e+14 4.47483872425118e+13 8.70342262875443e+13 3.31989560348599e+11 4.06225172038378e+14 1.28225795551837e+14 1.89448691097568e+08 1.03242042987417e+13 5.25107490177667e+08 5.14868630291049e+02 0.00000000000000e+00 0.00000000000000e+00 0.00000000000000e+00 0.00000000000000e+00 0.00000000000000e+00 0.00000000000000e+00 0.00000000000000e+00 
1.71567975735249e-06 3.33018181742620e+02 3.29133046526258e+02 8.10565141771760e+19 2.59986632424326e+14 6.12434586989262e+13 1.17874285585156e+14 4.53973925058809e+11 5.58003150103321e+14 1.72828267293218e+14 2.59172563354939e+08 1.41174004058468e+13 9.81964503031212e+08 9.70943932650959e+02 0.00000000000000e+00 0.00000000000000e+00 0.00000000000000e+00 0.00000000000000e+00 0.00000000000000e+00 0.00000000000000e+00 0.00000000000000e+00 
2.17670237760887e-06 3.31873404553058e+02 3.28429415127374e+02 8.10562973358729e+19 3.29850516198999e+14 7.77643345200299e+13 1.48122039804671e+14 5.75955598476255e+11 7.11065086022714e+14 2.16145113153665e+14 3.28957229045813e+08 1.79103677906381e+13 1.58068985087095e+09 1.57531774734872e+03 0.00000000000000e+00 0.00000000000000e+00 0.00000000000000e+00 0.00000000000000e+00 0.00000000000000e+00 0.00000000000000e+00 0.00000000000000e+00 
2.63772499786525e-06 3.30863097264456e+02 3.27810403526362e+02 8.10560810498991e+19 3.99715377094222e+14 9.43095815338872e+13 1.77789860844312e+14 6.97934542286515e+11 8.65371942911708e+14 2.58215358497227e+14 3.98803368798542e+08 2.17031056721447e+13 2.32130818198226e+09 2.33060389942585e+03 0.00000000000000e+00 0.00000000000000e+00 0.00000000000000e+00 0.00000000000000e+00 0.00000000000000e+00 0.00000000000000e+00 0.00000000000000e+00 
3.09874761812163e-06 3.29971245208864e+02 3.27265516223381e+02 8.10558653087945e+19 4.69581168272318e+14 1.10877794419354e+14 2.06889667128885e+14 8.19910718050428e+11 1.02088625632516e+15 2.99076456204522e+14 4.68711658233652e+08 2.54956132607568e+13 3.20384411359426e+09 3.23913062225638e+03 0.00000000000000e+00 0.00000000000000e+00 0.00000000000000e+00 0.00000000000000e+00 0.00000000000000e+00 0.00000000000000e+00 0.00000000000000e+00 
4.56737262481250e-06 3.27765453745512e+02 3.26785621484360e+02 8.10551815657966e+19 6.92150002702300e+14 1.63794644596712e+14 2.95933578793525e+14 1.20845683630546e+12 1.52393130255280e+15 4.21589827829126e+14 6.91832134152480e+08 3.75754097126053e+13 6.96164693262760e+09 7.17792559664962e+03 0.00000000000000e+00 0.00000000000000e+00 0.00000000000000e+00 0.00000000000000e+00 0.00000000000000e+00 0.00000000000000e+00 0.00000000000000e+00 
6.03599763150336e-06 3.26276190461375e+02 3.25603197914232e+02 8.10545029465072e+19 9.14726411366871e+14 2.16888392062813e+14 3.79677186850458e+14 1.59697322436028e+12 2.03779231403377e+15 5.33269588302883e+14 9.15610879949574e+08 4.96528347124601e+13 1.21606611817118e+10 1.27449498024088e+04 0.00000000000000e+00 0.00000000000000e+00 0.00000000000000e+00 0.00000000000000e+00 0.00000000000000e+00 0.00000000000000e+00 0.00000000000000e+00 
7.50462263819422e-06 3.25272538722440e+02 3.24808512452075e+02 8.10538291715248e+19 1.13730909578716e+15 2.70119958956155e+14 4.58440458302280e+14 1.98545862964785e+12 2.56150286856520e+15 6.35081808181487e+14 1.14006729424717e+09 6.17278612367703e+13 1.88016761328672e+10 1.99788879351460e+04 0.00000000000000e+00 0.00000000000000e+00 0.00000000000000e+00 0.00000000000000e+00 0.00000000000000e+00 0.00000000000000e+00 0.00000000000000e+00 
8.97324764488508e-06 3.24598472950544e+02 3.24274622053628e+02 8.10531599816133e+19 1.35989685914448e+15 3.23453402776609e+14 5.32519949437812e+14 2.37391180055324e+12 3.09418949877381e+15 7.27899621050652e+14 1.36521927601803e+09 7.38004616376466e+13 2.68854776119977e+10 2.89070256583690e+04 0.00000000000000e+00 0.00000000000000e+00 0.00000000000000e+00 0.00000000000000e+00 0.00000000000000e+00 0.00000000000000e+00 0.00000000000000e+00 
1.04418726515759e-05 3.24145623791914e+02 3.23916812095983e+02 8.10524951326298e+19 1.58248860511699e+15 3.76855984779299e+14 6.02193806726304e+14 2.76233148606080e+12 3.63505730040187e+15 8.12517622278711e+14 1.59108289884856e+09 8.58706077240775e+13 3.64128479160629e+10 3.95516593445423e+04 0.00000000000000e+00 0.00000000000000e+00 0.00000000000000e+00 0.00000000000000e+00 0.00000000000000e+00 0.00000000000000e+00 0.00000000000000e+00 
1.19104976582668e-05 3.23840205586374e+02 3.23676772341352e+02 8.10518343941199e+19 1.80508333103032e+15 4.30297962866576e+14 6.67723386148830e+14 3.15071643551241e+12 4.18338212342204e+15 8.89659677566977e+14 1.81767246667901e+09 9.79382708267756e+13 4.73845657423172e+10 5.19318868029567e+04 0.00000000000000e+00 0.00000000000000e+00 0.00000000000000e+00 0.00000000000000e+00 0.00000000000000e+00 0.00000000000000e+00 0.00000000000000e+00 
1.55044698926733e-05 3.23420844614782e+02 3.23515036799334e+02 8.10502334574076e+19 2.34981700812937e+15 5.61081047065036e+14 8.12112301595430e+14 4.10100535603272e+12 5.55265878421842e+15 1.05092416806616e+15 2.37531402497081e+09 1.27459215300388e+14 8.03311538089621e+10 8.96450749255498e+04 0.00000000000000e+00 0.00000000000000e+00 0.00000000000000e+00 0.00000000000000e+00 0.00000000000000e+00 0.00000000000000e+00 0.00000000000000e+00 
1.90984421270797e-05 3.23245441655032e+02 3.23293167727096e+02 8.10486529647122e+19 2.89455159127187e+15 6.91606100485882e+14 9.36368408239504e+14 5.05106045509679e+12 6.95447584245954e+15 1.17953003993018e+15 2.93752714187658e+09 1.56964680442469e+14 1.21943302186147e+11 1.38024218807877e+05 0.00000000000000e+00 0.00000000000000e+00 0.00000000000000e+00 0.00000000000000e+00 0.00000000000000e+00 0.00000000000000e+00 0.00000000000000e+00 
2.26924143614862e-05 3.23202465679863e+02 3.23200438836240e+02 8.10470903997079e+19 3.43927777673668e+15 8.21609137926342e+14 1.04328292038683e+15 6.00086343356038e+12 8.38225044290902e+15 1.28205739720570e+15 3.50441895879211e+09 1.86454221738694e+14 1.72232136363144e+11 1.97187125917389e+05 0.00000000000000e+00 0.00000000000000e+00 0.00000000000000e+00 0.00000000000000e+00 0.00000000000000e+00 0.00000000000000e+00 0.00000000000000e+00 
2.62863865958927e-05 3.23213502954645e+02 3.23177725427024e+02 8.10455435712246e+19 3.98398806271216e+15 9.50883237556538e+14 1.13526279369588e+15 6.95039600280268e+12 9.83071618501675e+15 1.36377037079439e+15 4.07606190245123e+09 2.15927388248458e+14 2.31208639977976e+11 2.67212046549184e+05 0.00000000000000e+00 0.00000000000000e+00 0.00000000000000e+00 0.00000000000000e+00 0.00000000000000e+00 0.00000000000000e+00 0.00000000000000e+00 
2.98803588302991e-05 3.23222620653720e+02 3.23183558518794e+02 8.10440105671481e+19 4.52867638373608e+15 1.07926682668461e+15 1.21438894894601e+15 7.89963987115752e+12 1.12956441493464e+16 1.42889600275594e+15 4.65250028518155e+09 2.45383724807689e+14 2.98883651930751e+11 3.48155454641699e+05 0.00000000000000e+00 0.00000000000000e+00 0.00000000000000e+00 0.00000000000000e+00 0.00000000000000e+00 0.00000000000000e+00 0.00000000000000e+00 
3.34743310647056e-05 3.23218831417582e+02 3.23188377249773e+02 8.10424897203203e+19 5.07333784217928e+15 1.20663501532061e+15 1.28245934267642e+15 8.84857673890268e+12 1.27736493779231e+16 1.48081769148820e+15 5.23375555743124e+09 2.74822773458239e+14 3.75267864370979e+11 4.40057158617849e+05 0.00000000000000e+00 0.00000000000000e+00 0.00000000000000e+00 0.00000000000000e+00 0.00000000000000e+00 0.00000000000000e+00 0.00000000000000e+00 
4.04268120099756e-05 3.23193432079223e+02 3.23186374586633e+02 8.10395769153741e+19 6.12688606921181e+15 1.44980187889220e+15 1.38837857670807e+15 1.06833402479458e+13 1.56602370311212e+16 1.55348446386119e+15 6.37186207248552e+09 3.31721356354246e+14 5.47790807796042e+11 6.48993514808570e+05 0.00000000000000e+00 0.00000000000000e+00 0.00000000000000e+00 0.00000000000000e+00 0.00000000000000e+00 0.00000000000000e+00 0.00000000000000e+00 
4.73792929552456e-05 3.23200266086032e+02 3.23172951304930e+02 8.10366957909664e+19 7.18029838720081e+15 1.68836427605653e+15 1.46758807947329e+15 1.25167542500051e+13 1.85720140191407e+16 1.60047534807066e+15 7.52788618997520e+09 3.88550192614191e+14 7.53019620698527e+11 8.98905180254573e+05 0.00000000000000e+00 0.00000000000000e+00 0.00000000000000e+00 0.00000000000000e+00 0.00000000000000e+00 0.00000000000000e+00 0.00000000000000e+00 
5.43317739005157e-05 3.23225925074500e+02 3.23176562881683e+02 8.10338399403453e+19 8.23356087068731e+15 1.92207476681883e+15 1.52676066009652e+15 1.43486869557979e+13 2.15001018944730e+16 1.63066278496495e+15 8.70158667807743e+09 4.45305950937450e+14 9.91026914102437e+11 1.18948796046920e+06 0.00000000000000e+00 0.00000000000000e+00 0.00000000000000e+00 0.00000000000000e+00 0.00000000000000e+00 0.00000000000000e+00 0.00000000000000e+00 
6.12842548457857e-05 3.23232991701068e+02 3.23190123534202e+02 8.10310044765976e+19 9.28666374944981e+15 2.15080633417213e+15 1.57092422581395e+15 1.61790069369193e+13 2.44385073821621e+16 1.65003500842243e+15 9.89264757511677e+09 5.01985310842333e+14 1.26188315530645e+12 1.52035093592602e+06 0.00000000000000e+00 0.00000000000000e+00 0.00000000000000e+00 0.00000000000000e+00 0.00000000000000e+00 0.00000000000000e+00 0.00000000000000e+00 
6.82367357910557e-05 3.23224570812372e+02 3.23193858331340e+02 8.10281856365941e+19 1.03396001094621e+16 2.37451355421985e+15 1.60389810032427e+15 1.80075831132357e+13 2.73831751871694e+16 1.66264296268238e+15 1.11007002072098e+10 5.58584967427758e+14 1.56565665632994e+12 1.89107941029113e+06 0.00000000000000e+00 0.00000000000000e+00 0.00000000000000e+00 0.00000000000000e+00 0.00000000000000e+00 0.00000000000000e+00 0.00000000000000e+00 
7.51892167363257e-05 3.23221078104143e+02 3.23189407707886e+02 8.10253805502543e+19 1.13923652808787e+16 2.59321398862828e+15 1.62854307062108e+15 1.98342849192492e+13 3.03315895546587e+16 1.67099855570089e+15 1.23253367568769e+10 6.15101633997147e+14 1.90241356704801e+12 2.30121360070815e+06 0.00000000000000e+00 0.00000000000000e+00 0.00000000000000e+00 0.00000000000000e+00 0.00000000000000e+00 0.00000000000000e+00 0.00000000000000e+00 
8.71145391796333e-05 3.23221635572906e+02 3.23187561743521e+02 8.10205950554692e+19 1.31977254126452e+16 2.95685789731435e+15 1.65733045457503e+15 2.29628169181193e+13 3.53935707978968e+16 1.67946278729000e+15 1.44632778723645e+10 7.11839823107293e+14 2.55703129313648e+12 3.09499289247397e+06 0.00000000000000e+00 0.00000000000000e+00 0.00000000000000e+00 0.00000000000000e+00 0.00000000000000e+00 0.00000000000000e+00 0.00000000000000e+00 
9.90398616229409e-05 3.23228815164337e+02 3.23187856301902e+02 8.10158362379944e+19 1.50025620206383e+16 3.30634875604225e+15 1.67487018213952e+15 2.60848009759582e+13 4.04579520376468e+16 1.68401145443739e+15 1.66464896376877e+10 8.08307860679868e+14 3.30918545565363e+12 4.00054552273485e+06 0.00000000000000e+00 0.00000000000000e+00 0.00000000000000e+00 0.00000000000000e+00 0.00000000000000e+00 0.00000000000000e+00 0.00000000000000e+00 
1.10965184066249e-04 3.23229144234864e+02 3.23191650714953e+02 8.10110994864154e+19 1.68068691506357e+16 3.64219569134930e+15 1.68528682596102e+15 2.91995914612025e+13 4.55233578756402e+16 1.68600393442665e+15 1.88726562095480e+10 9.04489532989654e+14 4.15916522165757e+12 5.01521454061287e+06 0.00000000000000e+00 0.00000000000000e+00 0.00000000000000e+00 0.00000000000000e+00 0.00000000000000e+00 0.00000000000000e+00 0.00000000000000e+00 
1.22890506509556e-04 3.23226191229429e+02 3.23191824559349e+02 8.10063815601097e+19 1.86106417322329e+16 3.96489812789081e+15 1.69134287565057e+15 3.23065490281156e+13 5.05886794961436e+16 1.68653313545944e+15 2.11394673249891e+10 1.00036877502183e+15 5.10724088456947e+12 6.13642788708742e+06 0.00000000000000e+00 0.00000000000000e+00 0.00000000000000e+00 0.00000000000000e+00 0.00000000000000e+00 0.00000000000000e+00 0.00000000000000e+00 
1.34815828952864e-04 3.23226346693588e+02 3.23190263790518e+02 8.10016800755005e+19 2.04138745516699e+16 4.27491712133081e+15 1.69498232345119e+15 3.54050413749634e+13 5.56524159412174e+16 1.68708393749392e+15 2.34446423552944e+10 1.09592966256763e+15 6.15366383292066e+12 7.36164172061400e+06 0.00000000000000e+00 0.00000000000000e+00 0.00000000000000e+00 0.00000000000000e+00 0.00000000000000e+00 0.00000000000000e+00 0.00000000000000e+00 
1.46741151396171e-04 3.23227948113467e+02 3.23190345883294e+02 8.09969934848859e+19 2.22165638077795e+16 4.57272809398046e+15 1.69729726823590e+15 3.84944437504591e+13 6.07139070367413e+16 1.68830078903617e+15 2.57859030068859e+10 1.19115643968663e+15 7.29866648479511e+12 8.68831733302786e+06 0.00000000000000e+00 0.00000000000000e+00 0.00000000000000e+00 0.00000000000000e+00 0.00000000000000e+00 0.00000000000000e+00 0.00000000000000e+00 
1.66165005662691e-04 3.23228446631407e+02 3.23191192175255e+02 8.09893896955175e+19 2.51515991556256e+16 5.03297455684717e+15 1.69916675647602e+15 4.35053842491229e+13 6.89550436141018e+16 1.68983586644021e+15 2.96706831135416e+10 1.34550550396295e+15 9.37521549197226e+12 1.10600577152000e+07 0.00000000000000e+00 0.00000000000000e+00 0.00000000000000e+00 0.00000000000000e+00 0.00000000000000e+00 0.00000000000000e+00 0.00000000000000e+00 
1.85588859929211e-04 3.23227992144119e+02 3.23191455527369e+02 8.09818197631405e+19 2.80851774119481e+16 5.46418530581889e+15 1.69995056791650e+15 4.84879598439553e+13 7.71924434871732e+16 1.69081254287104e+15 3.36354846822420e+10 1.49886061169780e+15 1.17146619546143e+13 1.36841324900013e+07 0.00000000000000e+00 0.00000000000000e+00 0.00000000000000e+00 0.00000000000000e+00 0.00000000000000e+00 0.00000000000000e+00 0.00000000000000e+00 
2.05012714195731e-04 3.23228114201591e+02 3.23191215208647e+02 8.09742813158570e+19 3.10172881230127e+16 5.86820861494605e+15 1.70024934707681e+15 5.34396140327572e+13 8.54257621204002e+16 1.69151052135334e+15 3.76708920084640e+10 1.65115652488852e+15 1.43176922966284e+13 1.65505917328405e+07 0.00000000000000e+00 0.00000000000000e+00 0.00000000000000e+00 0.00000000000000e+00 0.00000000000000e+00 0.00000000000000e+00 0.00000000000000e+00 
2.24436568462251e-04 3.23228504868053e+02 3.23191279598139e+02 8.09667724663796e+19 3.39479214726128e+16 6.24676623110287e+15 1.70030397753987e+15 5.83578603704057e+13 9.36546037906424e+16 1.69226174562160e+15 4.17677574681224e+10 1.80232930891195e+15 1.71848539777870e+13 1.96498627367799e+07 0.00000000000000e+00 0.00000000000000e+00 0.00000000000000e+00 0.00000000000000e+00 0.00000000000000e+00 0.00000000000000e+00 0.00000000000000e+00 
2.43860422728770e-04 3.23228735248425e+02 3.23191485948211e+02 8.09592915478835e+19 3.68770685768282e+16 6.60147950475335e+15 1.70023317572585e+15 6.32402848306452e+13 1.01878851127197e+17 1.69312108889820e+15 4.59172137382903e+10 1.95231634561085e+15 2.03165590084602e+13 2.29727625285600e+07 0.00000000000000e+00 0.00000000000000e+00 0.00000000000000e+00 0.00000000000000e+00 0.00000000000000e+00 0.00000000000000e+00 0.00000000000000e+00 
2.89219027466972e-04 3.23229171839584e+02 3.23191607585770e+02 8.09419228090909e+19 4.37113841035758e+16 7.34512016897494e+15 1.69986473934570e+15 7.44894211768791e+13 1.21066299436458e+17 1.69514027442019e+15 5.57650778898712e+10 2.29760976767328e+15 2.86608966804348e+13 3.15549113676220e+07 0.00000000000000e+00 0.00000000000000e+00 0.00000000000000e+00 0.00000000000000e+00 0.00000000000000e+00 0.00000000000000e+00 0.00000000000000e+00 
3.34577632205174e-04 3.23229491060849e+02 3.23191838045553e+02 8.09246814567698e+19 5.05374558760678e+16 7.98421392082759e+15 1.69951811278658e+15 8.55027160542771e+13 1.40228209086938e+17 1.69714762772398e+15 6.57525859380410e+10 2.63535662375161e+15 3.84496901987707e+13 4.12035868460839e+07 0.00000000000000e+00 0.00000000000000e+00 0.00000000000000e+00 0.00000000000000e+00 0.00000000000000e+00 0.00000000000000e+00 0.00000000000000e+00 
3.79936236943376e-04 3.23229864472030e+02 3.23192006473506e+02 8.09075532438217e+19 5.73552000249769e+16 8.53383240443212e+15 1.69919792114225e+15 9.62546312758390e+13 1.59363892641072e+17 1.69910948733059e+15 7.57887372593171e+10 2.96484748813616e+15 4.96799694931316e+13 5.18215547649141e+07 0.00000000000000e+00 0.00000000000000e+00 0.00000000000000e+00 0.00000000000000e+00 0.00000000000000e+00 0.00000000000000e+00 0.00000000000000e+00 
4.25294841681578e-04 3.23230201452175e+02 3.23192203538983e+02 8.08905262199083e+19 6.41645443676357e+16 9.00675836262098e+15 1.69884881929898e+15 1.06722483713617e+14 1.78472627927399e+17 1.70106686911007e+15 8.57946775098571e+10 3.28542020228942e+15 6.23447365443173e+13 6.33204558149775e+07 0.00000000000000e+00 0.00000000000000e+00 0.00000000000000e+00 0.00000000000000e+00 0.00000000000000e+00 0.00000000000000e+00 0.00000000000000e+00 
4.70653446419779e-04 3.23230491440103e+02 3.23192381349203e+02 8.08735901932298e+19 7.09654267332194e+16 9.41390056779073e+15 1.69847904414450e+15 1.16886532199747e+14 1.97553762076030e+17 1.70303238508602e+15 9.57038858306719e+10 3.59646104264998e+15 7.64331424281865e+13 7.56197993247096e+07 0.00000000000000e+00 0.00000000000000e+00 0.00000000000000e+00 0.00000000000000e+00 0.00000000000000e+00 0.00000000000000e+00 0.00000000000000e+00 
5.71512548565937e-04 3.23231064998612e+02 3.23192534323075e+02 8.08362177792566e+19 8.60572529677706e+16 1.01262815659709e+16 1.69767521745644e+15 1.38324472006916e+14 2.39880706643531e+17 1.70738204773478e+15 1.17155552857138e+11 4.25125989699814e+15 1.12776685395876e+14 1.05487613423741e+08 0.00000000000000e+00 0.00000000000000e+00 0.00000000000000e+00 0.00000000000000e+00 0.00000000000000e+00 0.00000000000000e+00 0.00000000000000e+00 
6.72371650712094e-04 3.23231556412449e+02 3.23192836812563e+02 8.07991788616917e+19 1.01106525207448e+17 1.06393874860877e+16 1.69689714254822e+15 1.58053360051579e+14 2.82062580233400e+17 1.71170610053811e+15 1.37481901921647e+11 4.85097218601684e+15 1.55858961268329e+14 1.38256959355429e+08 0.00000000000000e+00 0.00000000000000e+00 0.00000000000000e+00 0.00000000000000e+00 0.00000000000000e+00 0.00000000000000e+00 0.00000000000000e+00 
7.73230752858251e-04 3.23231988868320e+02 3.23193095885868e+02 8.07624193199874e+19 1.16112922078197e+17 1.10126037407325e+16 1.69612516890692e+15 1.76009406293808e+14 3.24094619802129e+17 1.71600479213315e+15 1.56512985292407e+11 5.39152814942977e+15 2.05384178772249e+14 1.73344105661712e+08 0.00000000000000e+00 0.00000000000000e+00 0.00000000000000e+00 0.00000000000000e+00 0.00000000000000e+00 0.00000000000000e+00 0.00000000000000e+00 
8.74089855004408e-04 3.23232377402232e+02 3.23193323798310e+02 8.07259025946297e+19 1.31076253729503e+17 1.12863956382170e+16 1.69535243454106e+15 1.92197363349704e+14 3.65973226155175e+17 1.72028396090136e+15 1.74283397735748e+11 5.87020489947806e+15 2.60981851874891e+14 2.10278866385929e+08 0.00000000000000e+00 0.00000000000000e+00 0.00000000000000e+00 0.00000000000000e+00 0.00000000000000e+00 0.00000000000000e+00 0.00000000000000e+00 
9.74948957150565e-04 3.23232733747245e+02 3.23193528497210e+02 8.06896030748159e+19 1.45996430788641e+17 1.14889847695918e+16 1.69458423516918e+15 2.06679489670825e+14 4.07695948322447e+17 1.72454485851720e+15 1.90960620798004e+11 6.28557011958760e+15 3.22219957009590e+14 2.48679241105993e+08 0.00000000000000e+00 0.00000000000000e+00 0.00000000000000e+00 0.00000000000000e+00 0.00000000000000e+00 0.00000000000000e+00 0.00000000000000e+00 
1.12241937624647e-03 3.23233212176472e+02 3.23193716183976e+02 8.06368821908930e+19 1.67734198507857e+17 1.16960972344364e+16 1.69347113538683e+15 2.25025969485427e+14 4.68417720724080e+17 1.73074191205930e+15 2.13885399451108e+11 6.77909621752488e+15 4.20893978744458e+14 3.06845669524219e+08 0.00000000000000e+00 0.00000000000000e+00 0.00000000000000e+00 0.00000000000000e+00 0.00000000000000e+00 0.00000000000000e+00 0.00000000000000e+00 
1.26988979534238e-03 3.23233655738986e+02 3.23193968095876e+02 8.05845421322004e+19 1.89379903428835e+17 1.18375464053831e+16 1.69236705021429e+15 2.40405685281615e+14 5.28803235306504e+17 1.73690212462238e+15 2.35783057867232e+11 7.14042415081531e+15 5.28971690324087e+14 3.66710694112128e+08 0.00000000000000e+00 0.00000000000000e+00 0.00000000000000e+00 0.00000000000000e+00 0.00000000000000e+00 0.00000000000000e+00 0.00000000000000e+00 
1.41736021443828e-03 3.23234075194493e+02 3.23194201581294e+02 8.05325521505276e+19 2.10933982776846e+17 1.19400792801601e+16 1.69126987407537e+15 2.53341189718671e+14 5.88856195153452e+17 1.74302764090408e+15 2.57438166701487e+11 7.37707013723714e+15 6.44741375628498e+14 4.27693699581728e+08 0.00000000000000e+00 0.00000000000000e+00 0.00000000000000e+00 0.00000000000000e+00 0.00000000000000e+00 0.00000000000000e+00 0.00000000000000e+00 
1.56483063353419e-03 3.23234477001325e+02 3.23194422326944e+02 8.04808894730106e+19 2.32397063046754e+17 1.20186839337048e+16 1.69017972385637e+15 2.64380501063046e+14 6.48583967008769e+17 1.74912002262014e+15 2.79523676807871e+11 7.50009641047715e+15 7.66466070374540e+14 4.89375250618145e+08 0.00000000000000e+00 0.00000000000000e+00 0.00000000000000e+00 0.00000000000000e+00 0.00000000000000e+00 0.00000000000000e+00 0.00000000000000e+00 
1.71230105263009e-03 3.23234865347080e+02 3.23194633746081e+02 8.04295344961309e+19 2.53769900869203e+17 1.20822891516457e+16 1.68909646415252e+15 2.74046745148009e+14 7.07996786521723e+17 1.75518074102043e+15 3.02554198026466e+11 7.52313036104342e+15 8.92454174180184e+14 5.51448292616175e+08 0.00000000000000e+00 0.00000000000000e+00 0.00000000000000e+00 0.00000000000000e+00 0.00000000000000e+00 0.00000000000000e+00 0.00000000000000e+00 
1.96984197318416e-03 3.23235520279828e+02 3.23194838051747e+02 8.03405343430571e+19 2.90881302999642e+17 1.21721248674694e+16 1.68721952808864e+15 2.88911936847618e+14 8.11035889085216e+17 1.76569362143598e+15 3.46068340418130e+11 7.36807769397286e+15 1.11820328329308e+15 6.60186772269053e+08 0.00000000000000e+00 0.00000000000000e+00 0.00000000000000e+00 0.00000000000000e+00 0.00000000000000e+00 0.00000000000000e+00 0.00000000000000e+00 
2.22738289373824e-03 3.23236155667197e+02 3.23195182551711e+02 8.02523315442476e+19 3.27724512523661e+17 1.22508879240506e+16 1.68535977924757e+15 3.02851833125682e+14 9.13218137872408e+17 1.77612197368747e+15 3.94923148213531e+11 7.03212831327260e+15 1.34510835816889e+15 7.68634128353019e+08 0.00000000000000e+00 0.00000000000000e+00 0.00000000000000e+00 0.00000000000000e+00 0.00000000000000e+00 0.00000000000000e+00 0.00000000000000e+00 
2.48492381429231e-03 3.23236778707998e+02 3.23195516721775e+02 8.01648510174790e+19 3.64303986378759e+17 1.23256565138704e+16 1.68351551534369e+15 3.17177517703872e+14 1.01461052110085e+18 1.78647247987943e+15 4.49744839328918e+11 6.58947932832465e+15 1.56759699527351e+15 8.76329943524549e+08 0.00000000000000e+00 0.00000000000000e+00 0.00000000000000e+00 0.00000000000000e+00 0.00000000000000e+00 0.00000000000000e+00 0.00000000000000e+00 
2.74246473484638e-03 3.23237393383034e+02 3.23195844364760e+02 8.00780314814693e+19 4.00623800130961e+17 1.23980759896563e+16 1.68168536989042e+15 3.32619823491143e+14 1.11527219508548e+18 1.79675065601902e+15 5.10582651474377e+11 6.10181167643193e+15 1.78194218647539e+15 9.83061334909795e+08 0.00000000000000e+00 0.00000000000000e+00 0.00000000000000e+00 0.00000000000000e+00 0.00000000000000e+00 0.00000000000000e+00 0.00000000000000e+00 
3.00000565540046e-03 3.23238002219482e+02 3.23196167583016e+02 7.99918260785125e+19 4.36687445236361e+17 1.24687306647188e+16 1.67986826344913e+15 3.49480973820063e+14 1.21524933747812e+18 1.80696069225454e+15 5.77070508322936e+11 5.61402414258145e+15 1.98610437325612e+15 1.08873262668850e+09 0.00000000000000e+00 0.00000000000000e+00 0.00000000000000e+00 0.00000000000000e+00 0.00000000000000e+00 0.00000000000000e+00 0.00000000000000e+00 
3.30533964130949e-03 3.23238718928026e+02 3.23196487711015e+02 7.98903747768588e+19 4.79115633862326e+17 1.25510677310016e+16 1.67772981913741e+15 3.71336406712784e+14 1.33293623412999e+18 1.81898106675716e+15 6.62183113025674e+11 5.07348233077765e+15 2.21399012105947e+15 1.21257701213287e+09 0.00000000000000e+00 0.00000000000000e+00 0.00000000000000e+00 0.00000000000000e+00 0.00000000000000e+00 0.00000000000000e+00 0.00000000000000e+00 
3.61067362721852e-03 3.23239431200027e+02 3.23196864537748e+02 7.97897087307451e+19 5.21191688951204e+17 1.26324505999934e+16 1.67560790522735e+15 3.94980028116624e+14 1.44973811249372e+18 1.83091249839836e+15 7.52828914923411e+11 4.59468710755497e+15 2.42701255864883e+15 1.33484628851467e+09 0.00000000000000e+00 0.00000000000000e+00 0.00000000000000e+00 0.00000000000000e+00 0.00000000000000e+00 0.00000000000000e+00 0.00000000000000e+00 
3.91600761312755e-03 3.23240139693338e+02 3.23197239011808e+02 7.96898115508943e+19 5.62918847064559e+17 1.27130880079319e+16 1.67350214967443e+15 4.20076224349330e+14 1.56567169260860e+18 1.84275639734284e+15 8.47731158165434e+11 4.18324261591270e+15 2.62658355737361e+15 1.45554464404986e+09 0.00000000000000e+00 0.00000000000000e+00 0.00000000000000e+00 0.00000000000000e+00 0.00000000000000e+00 0.00000000000000e+00 0.00000000000000e+00 
4.22134159903658e-03 3.23240844472671e+02 3.23197611480888e+02 7.95906759078953e+19 6.04299976414361e+17 1.27929054181669e+16 1.67141238685636e+15 4.46290017712861e+14 1.68074493567870e+18 1.85451339934633e+15 9.45725209514702e+11 3.83583427418129e+15 2.81440167114397e+15 1.57468579030754e+09 0.00000000000000e+00 0.00000000000000e+00 0.00000000000000e+00 0.00000000000000e+00 0.00000000000000e+00 0.00000000000000e+00 0.00000000000000e+00 
4.52667558494562e-03 3.23241545413735e+02 3.23197981979566e+02 7.94922991046854e+19 6.45337747194385e+17 1.28718491331298e+16 1.66933856211407e+15 4.73307822055462e+14 1.79496118274610e+18 1.86618374450329e+15 1.04575052440871e+12 3.54485294807161e+15 2.99215267480831e+15 1.69228759971123e+09 0.00000000000000e+00 0.00000000000000e+00 0.00000000000000e+00 0.00000000000000e+00 0.00000000000000e+00 0.00000000000000e+00 0.00000000000000e+00 
4.83200957085465e-03 3.23242242324793e+02 3.23198350442706e+02 7.93946809863000e+19 6.86034713242618e+17 1.29499699850503e+16 1.66728068095370e+15 5.00841221360761e+14 1.90832116766678e+18 1.87776746281655e+15 1.14689221059064e+12 3.30055628506512e+15 3.16139883179446e+15 1.80836891042711e+09 0.00000000000000e+00 0.00000000000000e+00 0.00000000000000e+00 0.00000000000000e+00 0.00000000000000e+00 0.00000000000000e+00 0.00000000000000e+00 
5.30727459772987e-03 3.23243318399481e+02 3.23198716769632e+02 7.92442449063394e+19 7.48709070722583e+17 1.30700611812089e+16 1.66410927612454e+15 5.44197081220146e+14 2.08306731535967e+18 1.89562563770562e+15 1.30517807042520e+12 2.99080984211727e+15 3.41089063752626e+15 1.98607021409242e+09 0.00000000000000e+00 0.00000000000000e+00 0.00000000000000e+00 0.00000000000000e+00 0.00000000000000e+00 0.00000000000000e+00 0.00000000000000e+00 
5.78253962460510e-03 3.23244382906858e+02 3.23199282365731e+02 7.90956436658036e+19 8.10573500166458e+17 1.31883945479365e+16 1.66097650231723e+15 5.87628319095780e+14 2.25574564344337e+18 1.91327449008316e+15 1.46352598078402e+12 2.74338410534544e+15 3.64677345538204e+15 2.16019547360901e+09 0.00000000000000e+00 0.00000000000000e+00 0.00000000000000e+00 0.00000000000000e+00 0.00000000000000e+00 0.00000000000000e+00 0.00000000000000e+00 
6.25780465148032e-03 3.23245435428741e+02 3.23199841837382e+02 7.89488667571653e+19 8.71637847300302e+17 1.33050222767091e+16 1.65788216460104e+15 6.30779088590415e+14 2.42636858055650e+18 1.93071522858455e+15 1.62160084266163e+12 2.53970437400061e+15 3.87173944926450e+15 2.33081098035854e+09 0.00000000000000e+00 0.00000000000000e+00 0.00000000000000e+00 0.00000000000000e+00 0.00000000000000e+00 0.00000000000000e+00 0.00000000000000e+00 
6.73306967835555e-03 3.23246475707970e+02 3.23200394965743e+02 7.88038985945176e+19 9.31912060290459e+17 1.34199951565720e+16 1.65482595081774e+15 6.73470790341848e+14 2.59495352649853e+18 1.94794956261242e+15 1.77936502499663e+12 2.36845961313199e+15 4.08760238261367e+15 2.49798628758717e+09 0.00000000000000e+00 0.00000000000000e+00 0.00000000000000e+00 0.00000000000000e+00 0.00000000000000e+00 0.00000000000000e+00 0.00000000000000e+00 
7.20833470523077e-03 3.23247503730665e+02 3.23200941616837e+02 7.86607209038290e+19 9.91406088384382e+17 1.35333644726868e+16 1.65180748498012e+15 7.15609063312859e+14 2.76152053594532e+18 1.96497946991272e+15 1.93674018732908e+12 2.22239719783884e+15 4.29567309569984e+15 2.66179389457505e+09 0.00000000000000e+00 0.00000000000000e+00 0.00000000000000e+00 0.00000000000000e+00 0.00000000000000e+00 0.00000000000000e+00 0.00000000000000e+00 
7.82527829174685e-03 3.23248820026241e+02 3.23201481785035e+02 7.84775003589483e+19 1.06748799919809e+18 1.36782036023125e+16 1.64794484857708e+15 7.69389892558671e+14 2.97476653094872e+18 1.98678456129191e+15 2.14018107471125e+12 2.06184843190486e+15 4.55577246180947e+15 2.86953072467148e+09 0.00000000000000e+00 0.00000000000000e+00 0.00000000000000e+00 0.00000000000000e+00 0.00000000000000e+00 0.00000000000000e+00 0.00000000000000e+00 
8.44222187826293e-03 3.23250115872017e+02 3.23202173363521e+02 7.82972210563648e+19 1.14229326620123e+18 1.38204796601845e+16 1.64414424146449e+15 8.22061316460157e+14 3.18469499118346e+18 2.00825336128886e+15 2.34245037584733e+12 1.92618735146763e+15 4.80620798979421e+15 3.07187631414804e+09 0.00000000000000e+00 0.00000000000000e+00 0.00000000000000e+00 0.00000000000000e+00 0.00000000000000e+00 0.00000000000000e+00 0.00000000000000e+00 
9.05916546477900e-03 3.23251391500358e+02 3.23202854131258e+02 7.81198382316392e+19 1.21584303009313e+18 1.39602505996176e+16 1.64040472503911e+15 8.73599113267745e+14 3.39135465498058e+18 2.02939068842175e+15 2.54340830002149e+12 1.80992386281982e+15 5.04828933866912e+15 3.26898774429611e+09 0.00000000000000e+00 0.00000000000000e+00 0.00000000000000e+00 0.00000000000000e+00 0.00000000000000e+00 0.00000000000000e+00 0.00000000000000e+00 
9.67610905129508e-03 3.23252647207076e+02 3.23203524214032e+02 7.79453068140391e+19 1.28815812496820e+18 1.40975695284818e+16 1.63672535105306e+15 9.24006125983397e+14 3.59479457748554e+18 2.05020139827081e+15 2.74292407873112e+12 1.70936162219832e+15 5.28301642271101e+15 3.46101861047615e+09 0.00000000000000e+00 0.00000000000000e+00 0.00000000000000e+00 0.00000000000000e+00 0.00000000000000e+00 0.00000000000000e+00 0.00000000000000e+00 
1.02930526378112e-02 3.23253883292686e+02 3.23204183770929e+02 7.77735822300237e+19 1.35925905487438e+18 1.42324870825398e+16 1.63310518085398e+15 9.73292284177424e+14 3.79506333209689e+18 2.07069030476655e+15 2.94083199632931e+12 1.62151322549922e+15 5.51119893807573e+15 3.64811834774221e+09 0.00000000000000e+00 0.00000000000000e+00 0.00000000000000e+00 0.00000000000000e+00 0.00000000000000e+00 0.00000000000000e+00 0.00000000000000e+00 
1.14348359861956e-02 3.23256120123092e+02 3.23204832963346e+02 7.74630260647068e+19 1.48771112296714e+18 1.44760054395419e+16 1.62655835329405e+15 1.06160166008586e+15 4.15749893692013e+18 2.10777645723656e+15 3.30239642601287e+12 1.48481290754629e+15 5.91829207668393e+15 3.98186264516263e+09 0.00000000000000e+00 0.00000000000000e+00 0.00000000000000e+00 0.00000000000000e+00 0.00000000000000e+00 0.00000000000000e+00 0.00000000000000e+00 
1.25766193345801e-02 3.23258292480030e+02 3.23206007601511e+02 7.71616579446033e+19 1.61219838354214e+18 1.47117472910190e+16 1.62020533440678e+15 1.14626170604854e+15 4.50953757342911e+18 2.14380651220144e+15 3.65745311827099e+12 1.37311776897592e+15 6.30839003095012e+15 4.30008981754317e+09 0.00000000000000e+00 0.00000000000000e+00 0.00000000000000e+00 0.00000000000000e+00 0.00000000000000e+00 0.00000000000000e+00 0.00000000000000e+00 
1.37184026829646e-02 3.23260402214848e+02 3.23207148205701e+02 7.68692078743895e+19 1.73284238433656e+18 1.49399768793529e+16 1.61404042655985e+15 1.22744406311572e+15 4.85147428988640e+18 2.17880980313542e+15 4.00571711009503e+12 1.28033854752375e+15 6.68384171807803e+15 4.60362857517804e+09 0.00000000000000e+00 0.00000000000000e+00 0.00000000000000e+00 0.00000000000000e+00 0.00000000000000e+00 0.00000000000000e+00 0.00000000000000e+00 
1.48601860313491e-02 3.23262451141708e+02 3.23208255766611e+02 7.65854136680313e+19 1.84976085866579e+18 1.51609435468000e+16 1.60805809489219e+15 1.30531460888499e+15 5.18359607329457e+18 2.21281490181724e+15 4.34693582918315e+12 1.20233382406914e+15 7.04638452582899e+15 4.89325783396428e+09 0.00000000000000e+00 0.00000000000000e+00 0.00000000000000e+00 0.00000000000000e+00 0.00000000000000e+00 0.00000000000000e+00 0.00000000000000e+00 
1.60019693797336e-02 3.23264440987688e+02 3.23209331253836e+02 7.63100210922582e+19 1.96306791413438e+18 1.53748870535986e+16 1.60225297275498e+15 1.38002436405950e+15 5.50618165511013e+18 2.24584959800476e+15 4.68090891369808e+12 1.13573315731831e+15 7.39738241971554e+15 5.16971115997286e+09 0.00000000000000e+00 0.00000000000000e+00 0.00000000000000e+00 0.00000000000000e+00 0.00000000000000e+00 0.00000000000000e+00 0.00000000000000e+00 
1.78969797072792e-02 3.23267617586042e+02 3.23210375589689e+02 7.58708399917519e+19 2.14344641439256e+18 1.57150788400367e+16 1.59299549681315e+15 1.49742672339873e+15 6.02124915330707e+18 2.29860733471349e+15 5.21903135020513e+12 1.04414671310431e+15 7.95715516960677e+15 5.60128850209536e+09 0.00000000000000e+00 0.00000000000000e+00 0.00000000000000e+00 0.00000000000000e+00 0.00000000000000e+00 0.00000000000000e+00 0.00000000000000e+00 
1.97919900348248e-02 3.23270643433966e+02 3.23212042492924e+02 7.54530373663325e+19 2.31466595392069e+18 1.60375542844301e+16 1.58418890728603e+15 1.60716587657548e+15 6.51198727560261e+18 2.34888579345130e+15 5.73706524148819e+12 9.70464573008199e+14 8.49186114109837e+15 6.00138289011838e+09 0.00000000000000e+00 0.00000000000000e+00 0.00000000000000e+00 0.00000000000000e+00 0.00000000000000e+00 0.00000000000000e+00 0.00000000000000e+00 
2.16870003623704e-02 3.23273525688290e+02 3.23213629979915e+02 7.50555758226586e+19 2.47718914685037e+18 1.63432532918555e+16 1.57581130135662e+15 1.70982491052694e+15 6.97953868876362e+18 2.39679950073646e+15 6.23515937610064e+12 9.09870601558299e+14 9.00436397680126e+15 6.37263283277861e+09 0.00000000000000e+00 0.00000000000000e+00 0.00000000000000e+00 0.00000000000000e+00 0.00000000000000e+00 0.00000000000000e+00 0.00000000000000e+00 
2.35820106899159e-02 3.23276271073913e+02 3.23215141857989e+02 7.46774700663303e+19 2.63145451198436e+18 1.66330610995174e+16 1.56784187879153e+15 1.80592982551665e+15 7.42499086772920e+18 2.44245765065532e+15 6.71363921974121e+12 8.59195595123272e+14 9.49678202955584e+15 6.71742528448587e+09 0.00000000000000e+00 0.00000000000000e+00 0.00000000000000e+00 0.00000000000000e+00 0.00000000000000e+00 0.00000000000000e+00 0.00000000000000e+00 
2.54770210174615e-02 3.23278886033865e+02 3.23216581700501e+02 7.43177828734636e+19 2.77787834540909e+18 1.69078134364793e+16 1.56026085494534e+15 1.89595912938849e+15 7.84938015939116e+18 2.48596449550107e+15 7.17296184266799e+12 8.16272877062188e+14 9.97077588637740e+15 7.03793058721496e+09 0.00000000000000e+00 0.00000000000000e+00 0.00000000000000e+00 0.00000000000000e+00 0.00000000000000e+00 0.00000000000000e+00 0.00000000000000e+00 
2.81849835747975e-02 3.23282408472735e+02 3.23217952926873e+02 7.38340093548330e+19 2.97428284995366e+18 1.72758509561733e+16 1.55006478446071e+15 2.01491380488105e+15 8.42121261286518e+18 2.54459714179758e+15 7.79706089718208e+12 7.65185231598451e+14 1.06187132456025e+16 7.45762973535131e+09 0.00000000000000e+00 0.00000000000000e+00 0.00000000000000e+00 0.00000000000000e+00 0.00000000000000e+00 0.00000000000000e+00 0.00000000000000e+00 
3.08929461321334e-02 3.23285693962003e+02 3.23219799695579e+02 7.33835801251514e+19 3.15656371158777e+18 1.76169054914588e+16 1.54057177451123e+15 2.12350244583469e+15 8.95476658674066e+18 2.59931423709500e+15 8.38468638357964e+12 7.23494227464918e+14 1.12349955865112e+16 7.83686737452662e+09 0.00000000000000e+00 0.00000000000000e+00 0.00000000000000e+00 0.00000000000000e+00 0.00000000000000e+00 0.00000000000000e+00 0.00000000000000e+00 
3.36009086894694e-02 3.23288758356332e+02 3.23221521914660e+02 7.29642033890355e+19 3.32573182544805e+18 1.79329732055435e+16 1.53173346092148e+15 2.22274328768204e+15 9.45259212464732e+18 2.65037384644373e+15 8.93749896246156e+12 6.88953268660060e+14 1.18222267953988e+16 8.18010988168651e+09 0.00000000000000e+00 0.00000000000000e+00 0.00000000000000e+00 0.00000000000000e+00 0.00000000000000e+00 0.00000000000000e+00 0.00000000000000e+00 
3.63088712468053e-02 3.23291616393199e+02 3.23223127968914e+02 7.25737500799373e+19 3.48272373422515e+18 1.82258960435692e+16 1.52350491950649e+15 2.31353527396285e+15 9.91706435152365e+18 2.69801679017283e+15 9.45710803884113e+12 6.59618888716311e+14 1.23824841614587e+16 8.49126805062582e+09 0.00000000000000e+00 0.00000000000000e+00 0.00000000000000e+00 0.00000000000000e+00 0.00000000000000e+00 0.00000000000000e+00 0.00000000000000e+00 
3.90168338041413e-02 3.23294281838456e+02 3.23224625643999e+02 7.22102373320325e+19 3.62840893375058e+18 1.84973759109326e+16 1.51584431544134e+15 2.39668731983725e+15 1.03504006286528e+19 2.74246828939826e+15 9.94523327978217e+12 6.34564207702311e+14 1.29174812361786e+16 8.77378203884451e+09 0.00000000000000e+00 0.00000000000000e+00 0.00000000000000e+00 0.00000000000000e+00 0.00000000000000e+00 0.00000000000000e+00 0.00000000000000e+00 
4.26264574216441e-02 3.23297557277235e+02 3.23226022205224e+02 7.17644278488143e+19 3.80639778374517e+18 1.88285894604086e+16 1.50644963995872e+15 2.49685935913239e+15 1.08831414985265e+19 2.79711751523359e+15 1.05497661509942e+13 6.06540520097803e+14 1.35938757920511e+16 9.11096248227367e+09 0.00000000000000e+00 0.00000000000000e+00 0.00000000000000e+00 0.00000000000000e+00 0.00000000000000e+00 0.00000000000000e+00 0.00000000000000e+00 
4.62360810391469e-02 3.23300541460735e+02 3.23227738127342e+02 7.13591824569522e+19 3.96748449375925e+18 1.91279011750003e+16 1.49791000327504e+15 2.58621526633585e+15 1.13687596658051e+19 2.84693123890394e+15 1.11050487778494e+13 5.83248467993404e+14 1.42311633260620e+16 9.40877422898160e+09 0.00000000000000e+00 0.00000000000000e+00 0.00000000000000e+00 0.00000000000000e+00 0.00000000000000e+00 0.00000000000000e+00 0.00000000000000e+00 
4.98457046566497e-02 3.23303260163635e+02 3.23229301239571e+02 7.09908192390705e+19 4.11326751783613e+18 1.93983983402096e+16 1.49014775129525e+15 2.66604935774939e+15 1.18114059570700e+19 2.89233326949741e+15 1.16147023248377e+13 5.63647786912022e+14 1.48320455079146e+16 9.67243467660039e+09 0.00000000000000e+00 0.00000000000000e+00 0.00000000000000e+00 0.00000000000000e+00 0.00000000000000e+00 0.00000000000000e+00 0.00000000000000e+00 
5.34553282741526e-02 3.23305736831328e+02 3.23230725109675e+02 7.06559993476141e+19 4.24519033305760e+18 1.96428578293040e+16 1.48309247311709e+15 2.73747568645628e+15 1.22148567240264e+19 2.93370973188155e+15 1.20821505426890e+13 5.47008064715608e+14 1.53988853576804e+16 9.90638255250621e+09 0.00000000000000e+00 0.00000000000000e+00 0.00000000000000e+00 0.00000000000000e+00 0.00000000000000e+00 0.00000000000000e+00 0.00000000000000e+00 
5.70649518916554e-02 3.23307992839615e+02 3.23232022070227e+02 7.03516871385968e+19 4.36456003734389e+18 1.98637847043093e+16 1.47668015860611e+15 2.80146126262468e+15 1.25825561044461e+19 2.97141324756221e+15 1.25106070568857e+13 5.32756332897305e+14 1.59338013273677e+16 1.01144097753916e+10 0.00000000000000e+00 0.00000000000000e+00 0.00000000000000e+00 0.00000000000000e+00 0.00000000000000e+00 0.00000000000000e+00 0.00000000000000e+00 
6.43841105143876e-02 3.23311966263407e+02 3.23233203357949e+02 6.98174918255772e+19 4.57268986779984e+18 2.02483383052512e+16 1.46542409549380e+15 2.91161244920680e+15 1.32306937664349e+19 3.03785008405249e+15 1.32715020326356e+13 5.09439083728889e+14 1.69279760495705e+16 1.04692767513940e+10 0.00000000000000e+00 0.00000000000000e+00 0.00000000000000e+00 0.00000000000000e+00 0.00000000000000e+00 0.00000000000000e+00 0.00000000000000e+00 
7.17032691371198e-02 3.23315252856880e+02 3.23235283646429e+02 6.93775936170990e+19 4.74250764665085e+18 2.05614567596737e+16 1.45615517088904e+15 3.00034704868764e+15 1.37673764356044e+19 3.09283168925976e+15 1.39070837085938e+13 4.91974529668303e+14 1.78129321624418e+16 1.07521539303730e+10 0.00000000000000e+00 0.00000000000000e+00 0.00000000000000e+00 0.00000000000000e+00 0.00000000000000e+00 0.00000000000000e+00 0.00000000000000e+00 
7.90224277598520e-02 3.23317971930399e+02 3.23237004092356e+02 6.90152398203958e+19 4.88110210183453e+18 2.08165336740591e+16 1.44852026450019e+15 3.07220104400233e+15 1.42118600229299e+19 3.13833789785266e+15 1.44371846019635e+13 4.78183589198880e+14 1.86010180463453e+16 1.09791248621860e+10 0.00000000000000e+00 0.00000000000000e+00 0.00000000000000e+00 0.00000000000000e+00 0.00000000000000e+00 0.00000000000000e+00 0.00000000000000e+00 
8.63415863825843e-02 3.23320221088633e+02 3.23238427288863e+02 6.87168022659155e+19 4.99418559818201e+18 2.10243129021517e+16 1.44223214574455e+15 3.13057899869612e+15 1.45799152649959e+19 3.17599124944785e+15 1.48787920516303e+13 4.67519995376179e+14 1.93029194318073e+16 1.11622168865959e+10 0.00000000000000e+00 0.00000000000000e+00 0.00000000000000e+00 0.00000000000000e+00 0.00000000000000e+00 0.00000000000000e+00 0.00000000000000e+00 
9.36607450053165e-02 3.23322080806196e+02 3.23239604413472e+02 6.84711009012254e+19 5.08640327349325e+18 2.11934940563472e+16 1.43705520473631e+15 3.17811362209078e+15 1.48845610878495e+19 3.20713207583755e+15 1.52461342454610e+13 4.59029394470910e+14 1.99280728410076e+16 1.13105361593395e+10 0.00000000000000e+00 0.00000000000000e+00 0.00000000000000e+00 0.00000000000000e+00 0.00000000000000e+00 0.00000000000000e+00 0.00000000000000e+00 
1.04906928261056e-01 3.23324324849348e+02 3.23240577643307e+02 6.81762511999223e+19 5.19569738731388e+18 2.13936591914951e+16 1.43084268341793e+15 3.23453583937805e+15 1.52526544069483e+19 3.24471415751146e+15 1.56921623890841e+13 4.49203716728352e+14 2.07577072584707e+16 1.14862399120515e+10 0.00000000000000e+00 0.00000000000000e+00 0.00000000000000e+00 0.00000000000000e+00 0.00000000000000e+00 0.00000000000000e+00 0.00000000000000e+00 
1.16153111516795e-01 3.23325998486692e+02 3.23241751906499e+02 6.79577854332296e+19 5.27545199817128e+18 2.15394405161407e+16 1.42623954011620e+15 3.27603074314913e+15 1.55276067387865e+19 3.27274515682792e+15 1.60268780719900e+13 4.42128892342169e+14 2.14521547196090e+16 1.16151141633561e+10 0.00000000000000e+00 0.00000000000000e+00 0.00000000000000e+00 0.00000000000000e+00 0.00000000000000e+00 0.00000000000000e+00 0.00000000000000e+00 
1.27399294772534e-01 3.23327248275441e+02 3.23242627620981e+02 6.77956817537922e+19 5.33373317292251e+18 2.16457799971263e+16 1.42282391383811e+15 3.30673336072987e+15 1.57332237621529e+19 3.29367545886718e+15 1.62780829684442e+13 4.36982590837023e+14 2.20337205745346e+16 1.17102519172648e+10 0.00000000000000e+00 0.00000000000000e+00 0.00000000000000e+00 0.00000000000000e+00 0.00000000000000e+00 0.00000000000000e+00 0.00000000000000e+00 
1.38645478028274e-01 3.23328181148487e+02 3.23243281522286e+02 6.76754480331622e+19 5.37628738002044e+18 2.17232917871972e+16 1.42029046478890e+15 3.32949201102608e+15 1.58869137542067e+19 3.30929492548388e+15 1.64663438812676e+13 4.33207327581302e+14 2.25208966899534e+16 1.17807845678163e+10 0.00000000000000e+00 0.00000000000000e+00 0.00000000000000e+00 0.00000000000000e+00 0.00000000000000e+00 0.00000000000000e+00 0.00000000000000e+00 
1.49891661284013e-01 3.23328876512526e+02 3.23243769587401e+02 6.75863987556019e+19 5.40729128936915e+18 2.17796694830994e+16 1.41841406012909e+15 3.34636100348766e+15 1.60016281015199e+19 3.32093364971374e+15 1.66071319243970e+13 4.30424662487982e+14 2.29291138681361e+16 1.18331864852060e+10 0.00000000000000e+00 0.00000000000000e+00 0.00000000000000e+00 0.00000000000000e+00 0.00000000000000e+00 0.00000000000000e+00 0.00000000000000e+00 
1.70723179042362e-01 3.23329716832175e+02 3.23244133377368e+02 6.74798458717140e+19 5.44342316130488e+18 2.18452026941130e+16 1.41616873105619e+15 3.36663469995752e+15 1.61405282014340e+19 3.33498805251380e+15 1.67779160997578e+13 4.27074451609673e+14 2.35170890869978e+16 1.18965385498888e+10 0.00000000000000e+00 0.00000000000000e+00 0.00000000000000e+00 0.00000000000000e+00 0.00000000000000e+00 0.00000000000000e+00 0.00000000000000e+00 
1.91554696800712e-01 3.23330203415168e+02 3.23244572983254e+02 6.74188614594646e+19 5.46342763121162e+18 2.18813643496699e+16 1.41488356915846e+15 3.37837147202109e+15 1.62211143875299e+19 3.34311492451211e+15 1.68771235249088e+13 4.25136686022865e+14 2.39418169583596e+16 1.19333543312413e+10 0.00000000000000e+00 0.00000000000000e+00 0.00000000000000e+00 0.00000000000000e+00 0.00000000000000e+00 0.00000000000000e+00 0.00000000000000e+00 
2.12386214559061e-01 3.23330492056955e+02 3.23244827522940e+02 6.73830145029161e+19 5.47485664404081e+18 2.19019599811999e+16 1.41412810797172e+15 3.38535034651534e+15 1.62689671065206e+19 3.34792716756064e+15 1.69360714759971e+13 4.23999685847814e+14 2.42504156511983e+16 1.19552532447284e+10 0.00000000000000e+00 0.00000000000000e+00 0.00000000000000e+00 0.00000000000000e+00 0.00000000000000e+00 0.00000000000000e+00 0.00000000000000e+00 
2.33217732317411e-01 3.23330663586842e+02 3.23244978510962e+02 6.73619014759444e+19 5.48138846465868e+18 2.19136895704905e+16 1.41368313605969e+15 3.38948764312564e+15 1.62974217196617e+19 3.35078027175661e+15 1.69711237891868e+13 4.23329429785151e+14 2.44753282446518e+16 1.19683175009901e+10 0.00000000000000e+00 0.00000000000000e+00 0.00000000000000e+00 0.00000000000000e+00 0.00000000000000e+00 0.00000000000000e+00 0.00000000000000e+00 
2.54049250075760e-01 3.23330763313471e+02 3.23245068235064e+02 6.73497681841877e+19 5.48498951266311e+18 2.19201239906600e+16 1.41342740047802e+15 3.39187948965230e+15 1.63139755800439e+19 3.35243365044500e+15 1.69915040755208e+13 4.22938243515520e+14 2.46393960626336e+16 1.19759663636258e+10 0.00000000000000e+00 0.00000000000000e+00 0.00000000000000e+00 0.00000000000000e+00 0.00000000000000e+00 0.00000000000000e+00 0.00000000000000e+00 
2.92479976228246e-01 3.23330840360673e+02 3.23245120398241e+02 6.73406269405082e+19 5.48744005978067e+18 2.19244431248178e+16 1.41323469755328e+15 3.39372906532436e+15 1.63267687634870e+19 3.35370021139723e+15 1.70072249417073e+13 4.22619547043468e+14 2.48311607443575e+16 1.19819687750557e+10 0.00000000000000e+00 0.00000000000000e+00 0.00000000000000e+00 0.00000000000000e+00 0.00000000000000e+00 0.00000000000000e+00 0.00000000000000e+00 
3.30910702380732e-01 3.23330869336727e+02 3.23245160695447e+02 6.73372558531730e+19 5.48825145822485e+18 2.19258461011804e+16 1.41316362206757e+15 3.39443416185686e+15 1.63315582413692e+19 3.35417014781182e+15 1.70130873875377e+13 4.22494743108323e+14 2.49396523702794e+16 1.19842380382474e+10 0.00000000000000e+00 0.00000000000000e+00 0.00000000000000e+00 0.00000000000000e+00 0.00000000000000e+00 0.00000000000000e+00 0.00000000000000e+00 
3.69341428533218e-01 3.23330885913744e+02 3.23245175849183e+02 6.73352805730913e+19 5.48876951840186e+18 2.19267506180861e+16 1.41312198078440e+15 3.39483319933419e+15 1.63342782467756e+19 3.35443840294212e+15 1.70164124032412e+13 4.22434234573082e+14 2.50035521949032e+16 1.19855006791088e+10 0.00000000000000e+00 0.00000000000000e+00 0.00000000000000e+00 0.00000000000000e+00 0.00000000000000e+00 0.00000000000000e+00 0.00000000000000e+00 
4.07772154685703e-01 3.23330894692519e+02 3.23245184518833e+02 6.73342273824790e+19 5.48904890549386e+18 2.19272379417190e+16 1.41309977869218e+15 3.39503434356405e+15 1.63357110127576e+19 3.35457969614628e+15 1.70181589217471e+13 4.22407958557182e+14 2.50413494424733e+16 1.19861596023835e+10 0.00000000000000e+00 0.00000000000000e+00 0.00000000000000e+00 0.00000000000000e+00 0.00000000000000e+00 0.00000000000000e+00 0.00000000000000e+00 
4.46202880838189e-01 3.23330897125874e+02 3.23245189110024e+02 6.73339538924108e+19 5.48909485164317e+18 2.19273094971255e+16 1.41309401016308e+15 3.39508428900808e+15 1.63361007124606e+19 3.35461687824590e+15 1.70186255936545e+13 4.22402466485179e+14 2.50630576111688e+16 1.19863438449708e+10 0.00000000000000e+00 0.00000000000000e+00 0.00000000000000e+00 0.00000000000000e+00 0.00000000000000e+00 0.00000000000000e+00 0.00000000000000e+00 
5.21056304402356e-01 3.23330896237244e+02 3.23245190382254e+02 6.73340817609567e+19 5.48902382533612e+18 2.19271722882401e+16 1.41309670138433e+15 3.39505757368706e+15 1.63359374780407e+19 3.35459890284387e+15 1.70184112259832e+13 4.22406956126379e+14 2.50796863138556e+16 1.19862722027234e+10 0.00000000000000e+00 0.00000000000000e+00 0.00000000000000e+00 0.00000000000000e+00 0.00000000000000e+00 0.00000000000000e+00 0.00000000000000e+00 
5.95909727966524e-01 3.23330895382196e+02 3.23245189916901e+02 6.73341903723129e+19 5.48897895990158e+18 2.19270850620751e+16 1.41309899173983e+15 3.39503307460819e+15 1.63357923451269e+19 3.35458395859822e+15 1.70182650622601e+13 4.22422032314641e+14 2.50856396860082e+16 1.19861383950854e+10 0.00000000000000e+00 0.00000000000000e+00 0.00000000000000e+00 0.00000000000000e+00 0.00000000000000e+00 0.00000000000000e+00 0.00000000000000e+00 
6.70763151530691e-01 3.23330896154687e+02 3.23245189469376e+02 6.73340960403277e+19 5.48900576037382e+18 2.19271300967558e+16 1.41309700492463e+15 3.39505082797999e+15 1.63359161036234e+19 3.35459636878469e+15 1.70184344148704e+13 4.22410437959780e+14 2.50893670924739e+16 1.19861499459642e+10 0.00000000000000e+00 0.00000000000000e+00 0.00000000000000e+00 0.00000000000000e+00 0.00000000000000e+00 0.00000000000000e+00 0.00000000000000e+00 
7.45616575094858e-01 3.23330896760438e+02 3.23245189873406e+02 6.73340223959723e+19 5.48902784550189e+18 2.19271725318981e+16 1.41309544997607e+15 3.39506099665057e+15 1.63360129795329e+19 3.35460578528121e+15 1.70185208709786e+13 4.22416642281733e+14 2.50914087485922e+16 1.19862675387272e+10 0.00000000000000e+00 0.00000000000000e+00 0.00000000000000e+00 0.00000000000000e+00 0.00000000000000e+00 0.00000000000000e+00 0.00000000000000e+00 
8.20469998659025e-01 3.23330896674452e+02 3.23245190190271e+02 6.73340333685528e+19 5.48902396292590e+18 2.19271677495111e+16 1.41309567924875e+15 3.39507318939384e+15 1.63359976570156e+19 3.35460405601682e+15 1.70184616500557e+13 4.22392123802382e+14 2.50917932835695e+16 1.19863132099043e+10 0.00000000000000e+00 0.00000000000000e+00 0.00000000000000e+00 0.00000000000000e+00 0.00000000000000e+00 0.00000000000000e+00 0.00000000000000e+00 
1.03572067733594e+00 3.23330896534018e+02 3.23245190145291e+02 6.73340505684600e+19 5.48901868970886e+18 2.19271575530396e+16 1.41309604227311e+15 3.39506966657332e+15 1.63359736398394e+19 3.35460169332504e+15 1.70184445327155e+13 4.22400117675729e+14 2.50918549499596e+16 1.19862880037135e+10 0.00000000000000e+00 0.00000000000000e+00 0.00000000000000e+00 0.00000000000000e+00 0.00000000000000e+00 0.00000000000000e+00 0.00000000000000e+00 
1.25097135601286e+00 3.23330896438079e+02 3.23245190071836e+02 6.73340626181028e+19 5.48901541589974e+18 2.19271526671514e+16 1.41309629552592e+15 3.39506458975964e+15 1.63359572945395e+19 3.35460001547609e+15 1.70184214209619e+13 4.22404845500592e+14 2.50914582494486e+16 1.19863011421929e+10 0.00000000000000e+00 0.00000000000000e+00 0.00000000000000e+00 0.00000000000000e+00 0.00000000000000e+00 0.00000000000000e+00 0.00000000000000e+00 
1.46622203468978e+00 3.23330896456209e+02 3.23245190021673e+02 6.73340600225152e+19 5.48901628560547e+18 2.19271534321707e+16 1.41309624154912e+15 3.39506318613332e+15 1.63359608668470e+19 3.35460043600152e+15 1.70184312793446e+13 4.22405441690853e+14 2.50914181598368e+16 1.19862827447682e+10 0.00000000000000e+00 0.00000000000000e+00 0.00000000000000e+00 0.00000000000000e+00 0.00000000000000e+00 0.00000000000000e+00 0.00000000000000e+00 
1.68147271336669e+00 3.23330896472786e+02 3.23245190031149e+02 6.73340579210397e+19 5.48901684547345e+18 2.19271542992616e+16 1.41309619733627e+15 3.39506298553423e+15 1.63359637521601e+19 3.35460072772422e+15 1.70184370714339e+13 4.22406134355035e+14 2.50914833746621e+16 1.19862821071313e+10 0.00000000000000e+00 0.00000000000000e+00 0.00000000000000e+00 0.00000000000000e+00 0.00000000000000e+00 0.00000000000000e+00 0.00000000000000e+00 
3.83397950013587e+00 3.23330896472761e+02 3.23245190039815e+02 6.73340579599527e+19 5.48901680610233e+18 2.19271542841148e+16 1.41309619810089e+15 3.39506349285466e+15 1.63359636829349e+19 3.35460071476454e+15 1.70184358005274e+13 4.22405671657322e+14 2.50915065751365e+16 1.19862833307876e+10 0.00000000000000e+00 0.00000000000000e+00 0.00000000000000e+00 0.00000000000000e+00 0.00000000000000e+00 0.00000000000000e+00 0.00000000000000e+00 
5.98648628690504e+00 3.23330896472136e+02 3.23245190039802e+02 6.73340580288820e+19 5.48901679045541e+18 2.19271542580221e+16 1.41309619955466e+15 3.39506357393865e+15 1.63359635891717e+19 3.35460070565959e+15 1.70184355818162e+13 4.22405573896770e+14 2.50915023071558e+16 1.19862832742711e+10 0.00000000000000e+00 0.00000000000000e+00 0.00000000000000e+00 0.00000000000000e+00 0.00000000000000e+00 0.00000000000000e+00 0.00000000000000e+00 
8.13899307367422e+00 3.23330896472143e+02 3.23245190039475e+02 6.73340580309316e+19 5.48901679052680e+18 2.19271542589186e+16 1.41309619959742e+15 3.39506359094907e+15 1.63359635867828e+19 3.35460070547524e+15 1.70184355795986e+13 4.22405534182770e+14 2.50915016907407e+16 1.19862832858494e+10 0.00000000000000e+00 0.00000000000000e+00 0.00000000000000e+00 0.00000000000000e+00 0.00000000000000e+00 0.00000000000000e+00 0.00000000000000e+00 
2.96640609413660e+01 3.23330896472137e+02 3.23245190039479e+02 6.73340580311150e+19 5.48901679066692e+18 2.19271542590228e+16 1.41309619960156e+15 3.39506359834468e+15 1.63359635868379e+19 3.35460070551395e+15 1.70184355767626e+13 4.22405518599456e+14 2.50915014564290e+16 1.19862832795468e+10 0.00000000000000e+00 0.00000000000000e+00 0.00000000000000e+00 0.00000000000000e+00 0.00000000000000e+00 0.00000000000000e+00 0.00000000000000e+00 
5.11891288090577e+01 3.23330896472141e+02 3.23245190039476e+02 6.73340580308652e+19 5.48901679059152e+18 2.19271542587925e+16 1.41309619959627e+15 3.39506359065293e+15 1.63359635869873e+19 3.35460070551660e+15 1.70184355827163e+13 4.22405530561621e+14 2.50915016239382e+16 1.19862832796935e+10 0.00000000000000e+00 0.00000000000000e+00 0.00000000000000e+00 0.00000000000000e+00 0.00000000000000e+00 0.00000000000000e+00 0.00000000000000e+00 
7.27141966767495e+01 3.23330896472139e+02 3.23245190039478e+02 6.73340580309813e+19 5.48901679062753e+18 2.19271542589026e+16 1.41309619959872e+15 3.39506359459567e+15 1.63359635869185e+19 3.35460070551560e+15 1.70184355797250e+13 4.22405524748848e+14 2.50915015446358e+16 1.19862832796199e+10 0.00000000000000e+00 0.00000000000000e+00 0.00000000000000e+00 0.00000000000000e+00 0.00000000000000e+00 0.00000000000000e+00 0.00000000000000e+00 
1.72714196676749e+02 3.23330896472140e+02 3.23245190039477e+02 6.73340580309296e+19 5.48901679061584e+18 2.19271542588650e+16 1.41309619959759e+15 3.39506359353507e+15 1.63359635869333e+19 3.35460070551489e+15 1.70184355805349e+13 4.22405526394645e+14 2.50915015669130e+16 1.19862832796296e+10 0.00000000000000e+00 0.00000000000000e+00 0.00000000000000e+00 0.00000000000000e+00 0.00000000000000e+00 0.00000000000000e+00 0.00000000000000e+00 
2.72714196676749e+02 3.23330896472140e+02 3.23245190039477e+02 6.73340580309196e+19 5.48901679061277e+18 2.19271542588556e+16 1.41309619959738e+15 3.39506359321736e+15 1.63359635869391e+19 3.35460070551496e+15 1.70184355807763e+13 4.22405526879584e+14 2.50915015736825e+16 1.19862832796341e+10 0.00000000000000e+00 0.00000000000000e+00 0.00000000000000e+00 0.00000000000000e+00 0.00000000000000e+00 0.00000000000000e+00 0.00000000000000e+00 
3.72714196676749e+02 3.23330896472140e+02 3.23245190039477e+02 6.73340580309043e+19 5.48901679061106e+18 2.19271542588490e+16 1.41309619959703e+15 3.39506359315108e+15 1.63359635869371e+19 3.35460070551429e+15 1.70184355808242e+13 4.22405526979053e+14 2.50915015750503e+16 1.19862832796291e+10 0.00000000000000e+00 0.00000000000000e+00 0.00000000000000e+00 0.00000000000000e+00 0.00000000000000e+00 0.00000000000000e+00 0.00000000000000e+00 
4.72714196676749e+02 3.23330896472140e+02 3.23245190039477e+02 6.73340580309018e+19 5.48901679061066e+18 2.19271542588475e+16 1.41309619959697e+15 3.39506359312365e+15 1.63359635869371e+19 3.35460070551420e+15 1.70184355808458e+13 4.22405527021106e+14 2.50915015756320e+16 1.19862832796280e+10 0.00000000000000e+00 0.00000000000000e+00 0.00000000000000e+00 0.00000000000000e+00 0.00000000000000e+00 0.00000000000000e+00 0.00000000000000e+00 
5.72714196676749e+02 3.23330896472140e+02 3.23245190039477e+02 6.73340580308892e+19 5.48901679060962e+18 2.19271542588430e+16 1.41309619959668e+15 3.39506359312160e+15 1.63359635869341e+19 3.35460070551355e+15 1.70184355808459e+13 4.22405527023388e+14 2.50915015756591e+16 1.19862832796220e+10 0.00000000000000e+00 0.00000000000000e+00 0.00000000000000e+00 0.00000000000000e+00 0.00000000000000e+00 0.00000000000000e+00 0.00000000000000e+00 
6.72714196676749e+02 3.23330896472140e+02 3.23245190039477e+02 6.73340580308845e+19 5.48901679060921e+18 2.19271542588412e+16 1.41309619959657e+15 3.39506359311778e+15 1.63359635869331e+19 3.35460070551331e+15 1.70184355808492e+13 4.22405527028885e+14 2.50915015757339e+16 1.19862832796191e+10 0.00000000000000e+00 0.00000000000000e+00 0.00000000000000e+00 0.00000000000000e+00 0.00000000000000e+00 0.00000000000000e+00 0.00000000000000e+00 
7.72714196676749e+02 3.23330896472140e+02 3.23245190039477e+02 6.73340580308885e+19 5.48901679060954e+18 2.19271542588426e+16 1.41309619959666e+15 3.39506359311881e+15 1.63359635869340e+19 3.35460070551351e+15 1.70184355808487e+13 4.22405527027603e+14 2.50915015757176e+16 1.19862832796212e+10 0.00000000000000e+00 0.00000000000000e+00 0.00000000000000e+00 0.00000000000000e+00 0.00000000000000e+00 0.00000000000000e+00 0.00000000000000e+00 
8.72714196676749e+02 3.23330896472140e+02 3.23245190039477e+02 6.73340580308831e+19 5.48901679060909e+18 2.19271542588407e+16 1.41309619959654e+15 3.39506359311777e+15 1.63359635869327e+19 3.35460070551324e+15 1.70184355808485e+13 4.22405527028806e+14 2.50915015757320e+16 1.19862832796188e+10 0.00000000000000e+00 0.00000000000000e+00 0.00000000000000e+00 0.00000000000000e+00 0.00000000000000e+00 0.00000000000000e+00 0.00000000000000e+00 
9.72714196676749e+02 3.23330896472140e+02 3.23245190039477e+02 6.73340580308718e+19 5.48901679060817e+18 2.19271542588366e+16 1.41309619959628e+15 3.39506359311755e+15 1.63359635869300e+19 3.35460070551264e+15 1.70184355808481e+13 4.22405527028260e+14 2.50915015757207e+16 1.19862832796127e+10 0.00000000000000e+00 0.00000000000000e+00 0.00000000000000e+00 0.00000000000000e+00 0.00000000000000e+00 0.00000000000000e+00 0.00000000000000e+00 
1.00000000000000e+03 3.23330896472140e+02 3.23245190039477e+02 6.73340580308720e+19 5.48901679060819e+18 2.19271542588367e+16 1.41309619959628e+15 3.39506359311742e+15 1.63359635869300e+19 3.35460070551265e+15 1.70184355808486e+13 4.22405527028468e+14 2.50915015757239e+16 1.19862832796126e+10 0.00000000000000e+00 0.00000000000000e+00 0.00000000000000e+00 0.00000000000000e+00 0.00000000000000e+00 0.00000000000000e+00 0.00000000000000e+00 
