Time(s)              GasTemp(K)           NearWallTemp(K)      [O2(X)](m^-3)        [O2(a1Dg)](m^-3)     [O2(b1Sg+)](m^-3)    [O2(A3Su+_C3Du_c1Su-)](m^-3) [O2(+,X)](m^-3)      [O(3P)](m^-3)        [O(1D)](m^-3)        [O(+,gnd)](m^-3)     [O(-,gnd)](m^-3)     [O3(X)](m^-3)        [O3(exc)](m^-3)      [CO2(X)](m^-3)       [CO2(e1)](m^-3)      [CO2(+,X)](m^-3)     [CO(X)](m^-3)        [CO(a3P)](m^-3)      [CO(+,X)](m^-3)      [C(X)](m^-3)        
0.00000000000000e+00 3.71571235200000e+02 3.20189555840000e+02 4.74314528057869e+20 4.74314528057869e-05 4.74314528057869e-05 4.74314528057869e-05 0.00000000000000e+00 0.00000000000000e+00 0.00000000000000e+00 0.00000000000000e+00 0.00000000000000e+00 0.00000000000000e+00 0.00000000000000e+00 0.00000000000000e+00 0.00000000000000e+00 0.00000000000000e+00 0.00000000000000e+00 0.00000000000000e+00 0.00000000000000e+00 0.00000000000000e+00 
7.46533844109628e-15 3.71571235166921e+02 3.30352839279975e+02 4.74314528057850e+20 7.17313849589512e+06 1.68933546411764e+06 2.98374470855400e+06 3.01645713748512e+03 1.10438648083954e+07 2.91218744084725e+06 6.37491093307957e-01 3.61487471233774e+05 1.08016877636999e-06 3.99721834379503e-12 0.00000000000000e+00 0.00000000000000e+00 0.00000000000000e+00 0.00000000000000e+00 0.00000000000000e+00 0.00000000000000e+00 0.00000000000000e+00 
1.49306768821926e-14 3.71571235133842e+02 3.30352839259696e+02 4.74314528057831e+20 1.43462769917531e+07 3.37867092845611e+06 5.96748941643318e+06 6.03291427496908e+03 2.20877296180902e+07 5.82437488039366e+06 1.27498218660149e+00 7.22974942466178e+05 3.40914027310061e-06 1.26156933399047e-11 0.00000000000000e+00 0.00000000000000e+00 0.00000000000000e+00 0.00000000000000e+00 0.00000000000000e+00 0.00000000000000e+00 0.00000000000000e+00 
2.23960153232888e-14 3.71571235100762e+02 3.30352839239416e+02 4.74314528057812e+20 2.15194154876216e+07 5.06800639306847e+06 8.95123412367174e+06 9.04937141245187e+03 3.31315944291117e+07 8.73656231861182e+06 1.91247327988028e+00 1.08446241369718e+06 7.01324130845234e-06 2.59528486921940e-11 0.00000000000000e+00 0.00000000000000e+00 0.00000000000000e+00 0.00000000000000e+00 0.00000000000000e+00 0.00000000000000e+00 0.00000000000000e+00 
5.49676151594195e-14 3.71571234956437e+02 3.30352839219137e+02 4.74314528057729e+20 5.28161341161099e+07 1.24386513007069e+07 2.19694434563029e+07 2.22103065234400e+04 8.13164621635526e+07 2.14425641329450e+07 4.69387494733427e+00 2.66164814365426e+06 3.66607335397747e-05 1.35664870113609e-10 0.00000000000000e+00 0.00000000000000e+00 0.00000000000000e+00 0.00000000000000e+00 0.00000000000000e+00 0.00000000000000e+00 0.00000000000000e+00 
8.75392149955501e-14 3.71571234812111e+02 3.30352839130657e+02 4.74314528057646e+20 8.41128527447945e+07 1.98092962134645e+07 3.49876527769615e+07 3.53712416344061e+04 1.29501329922789e+08 3.41485659224541e+07 7.47527661451292e+00 4.23883387358520e+06 9.01394840028397e-05 3.33565649559009e-10 0.00000000000000e+00 0.00000000000000e+00 0.00000000000000e+00 0.00000000000000e+00 0.00000000000000e+00 0.00000000000000e+00 0.00000000000000e+00 
1.20110814831681e-13 3.71571234667785e+02 3.30352839042177e+02 4.74314528057563e+20 1.15409571373678e+08 2.71799411314219e+07 4.80058620854584e+07 4.85321767453498e+04 1.77686197707214e+08 4.68545676867470e+07 1.02566782814119e+01 5.81601960348958e+06 1.67825859002538e-04 6.21047949440839e-10 0.00000000000000e+00 0.00000000000000e+00 0.00000000000000e+00 0.00000000000000e+00 0.00000000000000e+00 0.00000000000000e+00 0.00000000000000e+00 
1.52682414667811e-13 3.71571234523459e+02 3.30352838953697e+02 4.74314528057480e+20 1.46706290002763e+08 3.45505860546079e+07 6.10240713817268e+07 6.16931118562711e+04 2.25871065516963e+08 5.95605694256853e+07 1.30380799480296e+01 7.39320533336726e+06 2.69852685678984e-04 9.98603303371814e-10 0.00000000000000e+00 0.00000000000000e+00 0.00000000000000e+00 0.00000000000000e+00 0.00000000000000e+00 0.00000000000000e+00 0.00000000000000e+00 
2.49349655034262e-13 3.71571234095123e+02 3.30352838865217e+02 4.74314528057234e+20 2.39589889139992e+08 5.64254681308319e+07 9.96600110090814e+07 1.00752638689802e+05 3.68875960176354e+08 9.72699274401962e+07 2.12928302446465e+01 1.20740374943462e+07 7.16143090756868e-04 2.65012318021005e-09 0.00000000000000e+00 0.00000000000000e+00 0.00000000000000e+00 0.00000000000000e+00 0.00000000000000e+00 0.00000000000000e+00 0.00000000000000e+00 
3.46016895400713e-13 3.71571233666787e+02 3.30352838602623e+02 4.74314528056988e+20 3.32473488278988e+08 7.83003502531567e+07 1.38295950528614e+08 1.39812165523134e+05 5.11880855059047e+08 1.34979285231149e+08 2.95475805387839e+01 1.67548696550896e+07 1.37705017295426e-03 5.09584276865626e-09 0.00000000000000e+00 0.00000000000000e+00 0.00000000000000e+00 0.00000000000000e+00 0.00000000000000e+00 0.00000000000000e+00 0.00000000000000e+00 
4.42684135767164e-13 3.71571233238451e+02 3.30352838340029e+02 4.74314528056742e+20 4.25357087419752e+08 1.00175232421584e+08 1.76931889940322e+08 1.78871692356269e+05 6.54885750165051e+08 1.72688642798536e+08 3.78023308304415e+01 2.14357018155977e+07 2.25258060605995e-03 8.33578676962661e-09 0.00000000000000e+00 0.00000000000000e+00 0.00000000000000e+00 0.00000000000000e+00 0.00000000000000e+00 0.00000000000000e+00 0.00000000000000e+00 
5.39351376133615e-13 3.71571232810115e+02 3.30352838077435e+02 4.74314528056496e+20 5.18240686562284e+08 1.22050114636112e+08 2.15567829244206e+08 2.17931219189205e+05 7.97890645494365e+08 2.10398000142360e+08 4.60570811196195e+01 2.61165339758702e+07 3.34273287430958e-03 1.23699495783169e-08 0.00000000000000e+00 0.00000000000000e+00 0.00000000000000e+00 0.00000000000000e+00 0.00000000000000e+00 0.00000000000000e+00 0.00000000000000e+00 
1.50602377979812e-12 3.71571228526755e+02 3.30352837814841e+02 4.74314528054034e+20 1.44707667808482e+09 3.40798939316973e+08 6.01927216352775e+08 6.08526487507660e+05 2.22793961106935e+09 5.87491561284736e+08 1.28604583875020e+02 7.29248555656475e+07 2.60483276057487e-02 9.63931367208338e-08 0.00000000000000e+00 0.00000000000000e+00 0.00000000000000e+00 0.00000000000000e+00 0.00000000000000e+00 0.00000000000000e+00 0.00000000000000e+00 
2.47269618346263e-12 3.71571224243395e+02 3.30352835188899e+02 4.74314528051573e+20 2.37591266978412e+09 5.59547768607974e+08 9.88286592679018e+08 9.99121755806288e+05 3.65798859897503e+09 9.64585100070955e+08 2.11152086382459e+02 1.19733177131882e+08 7.02159140418436e-02 2.59837499799677e-07 0.00000000000000e+00 0.00000000000000e+00 0.00000000000000e+00 0.00000000000000e+00 0.00000000000000e+00 0.00000000000000e+00 0.00000000000000e+00 
3.43936858712714e-12 3.71571219960035e+02 3.30352832562958e+02 4.74314528049112e+20 3.30474866166019e+09 7.78296602509113e+08 1.37464595822294e+09 1.38971702408509e+06 5.08803760921137e+09 1.34167861650104e+09 2.93699588641934e+02 1.66541498674572e+08 1.35845473608568e-01 5.02702974231404e-07 0.00000000000000e+00 0.00000000000000e+00 0.00000000000000e+00 0.00000000000000e+00 0.00000000000000e+00 0.00000000000000e+00 0.00000000000000e+00 
4.40604099079165e-12 3.71571215676676e+02 3.30352829937017e+02 4.74314528046650e+20 4.23358465371301e+09 9.97045441020388e+08 1.76100531298455e+09 1.78031229234406e+06 6.51808664177838e+09 1.71877211057498e+09 3.76247090653448e+02 2.13349820193720e+08 2.22937003311943e-01 8.24989553283963e-07 0.00000000000000e+00 0.00000000000000e+00 0.00000000000000e+00 0.00000000000000e+00 0.00000000000000e+00 0.00000000000000e+00 0.00000000000000e+00 
1.40727650274367e-11 3.71571172843095e+02 3.30352827311076e+02 4.74314528022037e+20 1.35219445839633e+10 3.18453407969052e+09 5.62459826757345e+09 5.68626497384335e+06 2.08185781956345e+10 5.48970582172765e+09 1.20172209713065e+03 6.81433034090323e+08 2.27426072110071e+00 8.41601790492637e-06 0.00000000000000e+00 0.00000000000000e+00 0.00000000000000e+00 0.00000000000000e+00 0.00000000000000e+00 0.00000000000000e+00 0.00000000000000e+00 
2.37394890640818e-11 3.71571130009535e+02 3.30352801051674e+02 4.74314527997424e+20 2.28103045318899e+10 5.37202317937394e+09 9.48819014393127e+09 9.59221765335996e+06 3.51190719825555e+10 9.26063729726865e+09 2.02719707881161e+03 1.14951624563261e+09 6.47178155086567e+00 2.39491620488418e-05 0.00000000000000e+00 0.00000000000000e+00 0.00000000000000e+00 0.00000000000000e+00 0.00000000000000e+00 0.00000000000000e+00 0.00000000000000e+00 
3.34062131007269e-11 3.71571087175996e+02 3.30352774792287e+02 4.74314527972811e+20 3.20986644974929e+10 7.55951274007035e+09 1.33517809420584e+10 1.34981703308939e+07 4.94195680025400e+10 1.30315665371994e+10 2.85267203569633e+03 1.61759945482058e+09 1.28154995042772e+01 4.74244261789437e-05 0.00000000000000e+00 0.00000000000000e+00 0.00000000000000e+00 0.00000000000000e+00 0.00000000000000e+00 0.00000000000000e+00 0.00000000000000e+00 
4.30729371373720e-11 3.71571044342478e+02 3.30352748532914e+02 4.74314527948198e+20 4.13870244807722e+10 9.74700276177947e+09 1.72153706619553e+10 1.74041230064452e+07 6.37200662555864e+10 1.68024935415213e+10 3.67814696778481e+03 2.08568266165423e+09 2.13054145841215e+01 7.88418146528675e-05 0.00000000000000e+00 0.00000000000000e+00 0.00000000000000e+00 0.00000000000000e+00 0.00000000000000e+00 0.00000000000000e+00 0.00000000000000e+00 
1.39740177503823e-10 3.71570616008461e+02 3.30352722273556e+02 4.74314527702067e+20 1.34270625285760e+11 3.16219283344600e+10 5.58512085584143e+10 5.64636496529096e+07 2.06725171603928e+11 5.45116406267871e+10 1.19328949248758e+04 6.76651460050326e+09 2.24245407585974e+02 8.29834112175389e-04 0.00000000000000e+00 0.00000000000000e+00 0.00000000000000e+00 0.00000000000000e+00 0.00000000000000e+00 0.00000000000000e+00 0.00000000000000e+00 
2.36407417870274e-10 3.71570187676554e+02 3.30352459680792e+02 4.74314527455936e+20 2.27154227858371e+11 5.34969000080665e+10 9.44869386323338e+10 9.55231761011030e+07 3.49730500256789e+11 9.22205641528497e+10 2.01876404023413e+04 1.14473463039204e+10 6.41805114061033e+02 2.37504381353005e-03 0.00000000000000e+00 0.00000000000000e+00 0.00000000000000e+00 0.00000000000000e+00 0.00000000000000e+00 0.00000000000000e+00 0.00000000000000e+00 
3.33074658236725e-10 3.71569759346758e+02 3.30352197089504e+02 4.74314527209805e+20 3.20037832198594e+11 7.53719177823115e+10 1.33122560884119e+11 1.34582702351022e+08 4.92736052212768e+11 1.29929264121112e+11 2.84423834001801e+04 1.61281777719054e+10 1.27398453473280e+03 4.71447507211384e-03 0.00000000000000e+00 0.00000000000000e+00 0.00000000000000e+00 0.00000000000000e+00 0.00000000000000e+00 0.00000000000000e+00 0.00000000000000e+00 
4.29741898603176e-10 3.71569331019073e+02 3.30351934499693e+02 4.74314526963674e+20 4.12921438306420e+11 9.72469816568939e+10 1.71758075314196e+11 1.73642228402665e+08 6.35741827470394e+11 1.67637740533042e+11 3.66971239183911e+04 2.08090090044582e+10 2.12078367036328e+03 7.84813223806104e-03 0.00000000000000e+00 0.00000000000000e+00 0.00000000000000e+00 0.00000000000000e+00 0.00000000000000e+00 0.00000000000000e+00 0.00000000000000e+00 
1.39641430226768e-09 3.71565047858303e+02 3.30351671911359e+02 4.74314524502370e+20 1.34175759659926e+12 3.16000155812372e+11 5.58107289574698e+11 5.64237478012761e+08 2.06581186110574e+12 5.44710209585538e+11 1.19244392720563e+05 6.76173083811447e+10 2.23928596254466e+04 8.28687027576501e-02 0.00000000000000e+00 0.00000000000000e+00 0.00000000000000e+00 0.00000000000000e+00 0.00000000000000e+00 0.00000000000000e+00 0.00000000000000e+00 
2.36308670593219e-09 3.71560764908591e+02 3.30349046109235e+02 4.74314522041071e+20 2.27059393164107e+12 5.34757939657734e+11 9.44445722149674e+11 9.54832707791697e+08 3.49590422322755e+12 9.21760324682824e+11 2.01791413558660e+05 1.14425584214395e+11 6.41269079479417e+04 2.37316833561415e-01 0.00000000000000e+00 0.00000000000000e+00 0.00000000000000e+00 0.00000000000000e+00 0.00000000000000e+00 0.00000000000000e+00 0.00000000000000e+00 
3.32975910959670e-09 3.71556482169924e+02 3.30346420454775e+02 4.74314519579778e+20 3.19943044342238e+12 7.53520332905616e+11 1.33077337344475e+12 1.34542791773658e+09 4.92601891243330e+12 1.29878808722716e+12 2.84338186431599e+05 1.61233836504032e+11 1.27322929366163e+05 4.71196677994332e-01 0.00000000000000e+00 0.00000000000000e+00 0.00000000000000e+00 0.00000000000000e+00 0.00000000000000e+00 0.00000000000000e+00 0.00000000000000e+00 
4.29643151326121e-09 3.71552199642291e+02 3.30343794947971e+02 4.74314517118492e+20 4.12826713193327e+12 9.72287335255063e+11 1.71709024388475e+12 1.73602310784437e+09 6.35615592725413e+12 1.67579349868711e+12 3.66884711338244e+05 2.08042065249874e+11 2.11980924642837e+05 7.84512586090167e-01 0.00000000000000e+00 0.00000000000000e+00 0.00000000000000e+00 0.00000000000000e+00 0.00000000000000e+00 0.00000000000000e+00 0.00000000000000e+00 
1.39631555499063e-08 3.71509385970370e+02 3.30341169588814e+02 4.74314492505954e+20 1.34166437349902e+13 3.16021079319289e+12 5.57966609461909e+12 5.64197391721528e+09 2.06587536614972e+13 5.44461862637455e+12 1.19233632200908e+06 6.76123057759073e+11 2.23896960718997e+06 8.28761147052564e+00 0.00000000000000e+00 0.00000000000000e+00 0.00000000000000e+00 0.00000000000000e+00 0.00000000000000e+00 0.00000000000000e+00 0.00000000000000e+00 
2.36298795865514e-08 3.71466593389442e+02 3.30314924115747e+02 4.74314467894016e+20 2.27050380000920e+13 5.34859483004177e+12 9.44116432741773e+12 9.54792273953629e+09 3.49635823407165e+13 9.21121026182907e+12 2.01776313480090e+06 1.14420169568616e+12 6.41215651467451e+06 2.37391063485380e+01 0.00000000000000e+00 0.00000000000000e+00 0.00000000000000e+00 0.00000000000000e+00 0.00000000000000e+00 0.00000000000000e+00 0.00000000000000e+00 
3.32966036231965e-08 3.71423821888192e+02 3.30288693397107e+02 4.74314443282676e+20 3.19934499173159e+13 7.53743914463585e+12 1.33015853673994e+13 1.34538695717679e+10 4.92706404953465e+13 1.29755698743203e+13 2.84316514857678e+06 1.61227797884687e+12 1.27315424095826e+07 4.71433538727524e+01 0.00000000000000e+00 0.00000000000000e+00 0.00000000000000e+00 0.00000000000000e+00 0.00000000000000e+00 0.00000000000000e+00 0.00000000000000e+00 
4.29633276598416e-08 3.71381071455316e+02 3.30262477423614e+02 4.74314418671934e+20 4.12818794767477e+13 9.72674343608042e+12 1.71609296393069e+13 1.73598144108707e+10 6.35799266573528e+13 1.67376989315867e+13 3.66854236219999e+06 2.08035190705698e+12 2.11971280532178e+07 7.85047091450505e+01 0.00000000000000e+00 0.00000000000000e+00 0.00000000000000e+00 0.00000000000000e+00 0.00000000000000e+00 0.00000000000000e+00 0.00000000000000e+00 
5.26300516964867e-08 3.71338342079516e+02 3.30236276186000e+02 4.74314394061790e+20 5.05703266684818e+13 1.19165074037502e+13 2.10191975675092e+13 2.12657572538057e+10 7.78914393602225e+13 2.04975988998457e+13 4.49389477453393e+06 2.54842348013223e+12 3.18089142057081e+07 1.17827525733605e+02 0.00000000000000e+00 0.00000000000000e+00 0.00000000000000e+00 0.00000000000000e+00 0.00000000000000e+00 0.00000000000000e+00 0.00000000000000e+00 
1.49297292062938e-07 3.70912203984038e+02 3.30210089675002e+02 4.74314147993235e+20 1.43455766190725e+14 3.38393633729016e+13 5.95427709794131e+13 6.03250752247481e+10 2.21128704915628e+14 5.79743198429056e+13 1.27460545768010e+07 7.22900963788462e+12 2.55967969734825e+08 9.49893290028493e+02 0.00000000000000e+00 0.00000000000000e+00 0.00000000000000e+00 0.00000000000000e+00 0.00000000000000e+00 0.00000000000000e+00 0.00000000000000e+00 
2.45964532429388e-07 3.70488159223817e+02 3.29949032498005e+02 4.74313901984383e+20 2.36342958094739e+14 5.58078577874267e+13 9.79591747508984e+13 9.93841902320465e+10 3.64587020369084e+14 9.52297357491826e+13 2.09957329990361e+07 1.19093600791575e+13 6.94747904572835e+08 2.58289069875964e+03 0.00000000000000e+00 0.00000000000000e+00 0.00000000000000e+00 0.00000000000000e+00 0.00000000000000e+00 0.00000000000000e+00 0.00000000000000e+00 
3.42631772795839e-07 3.70066196606370e+02 3.29689437843818e+02 4.74313656035121e+20 3.29231892567805e+14 7.78216929651524e+13 1.36268829203418e+14 1.38443099228810e+11 5.08264936707198e+14 1.32265295338053e+14 2.92429289031472e+07 1.65894746190559e+13 1.34814946369997e+09 5.02116673568926e+03 0.00000000000000e+00 0.00000000000000e+00 0.00000000000000e+00 0.00000000000000e+00 0.00000000000000e+00 0.00000000000000e+00 0.00000000000000e+00 
4.39299013162290e-07 3.69646305005760e+02 3.29431296551417e+02 4.74313410145336e+20 4.22122559856808e+14 9.98805731129807e+13 1.74472152058112e+14 1.77501799163007e+11 6.52161016144839e+14 1.69082436101629e+14 3.74876411503673e+07 2.12693530722605e+13 2.21617338224273e+09 8.26906408276536e+03 0.00000000000000e+00 0.00000000000000e+00 0.00000000000000e+00 0.00000000000000e+00 0.00000000000000e+00 0.00000000000000e+00 0.00000000000000e+00 
5.35966253528741e-07 3.69228473361960e+02 3.29174599523158e+02 4.74313164314918e+20 5.15014950267667e+14 1.21984204308856e+14 2.12569558464514e+14 2.16560286977517e+11 7.96273831996468e+14 2.05682584433410e+14 4.57298686014265e+07 2.59489952530320e+13 3.29882038549095e+09 1.23309210479156e+04 0.00000000000000e+00 0.00000000000000e+00 0.00000000000000e+00 0.00000000000000e+00 0.00000000000000e+00 0.00000000000000e+00 0.00000000000000e+00 
1.50263865719325e-06 3.65161099731149e+02 3.28919337724194e+02 4.74310709252211e+20 1.44403156271136e+15 3.45419356845556e+14 5.87806498669474e+14 6.07132819886395e+11 2.24902166020968e+15 5.60050253911736e+14 1.28015229861880e+08 7.27323807162859e+13 2.59297074579466e+10 9.86660954881393e+04 0.00000000000000e+00 0.00000000000000e+00 0.00000000000000e+00 0.00000000000000e+00 0.00000000000000e+00 0.00000000000000e+00 0.00000000000000e+00 
2.46931106085776e-06 3.61288052689948e+02 3.26443733145750e+02 4.74308260008316e+20 2.37321027749962e+15 5.73020670521834e+14 9.52889068906105e+14 9.97680739751513e+11 3.72195767955144e+15 8.94203816696517e+14 2.10050857413359e+08 1.19491931515669e+14 7.00236227198176e+10 2.71131327260458e+05 0.00000000000000e+00 0.00000000000000e+00 0.00000000000000e+00 0.00000000000000e+00 0.00000000000000e+00 0.00000000000000e+00 0.00000000000000e+00 
3.43598346452227e-06 3.57599230112290e+02 3.24102176170892e+02 4.74305816480886e+20 3.30254225186873e+15 8.04521171156261e+14 1.30819567038664e+15 1.38820091647012e+12 5.21381252980755e+15 1.20941235413974e+15 2.91835632926667e+08 1.66227456026800e+14 1.35581137179459e+11 5.33983789243245e+05 0.00000000000000e+00 0.00000000000000e+00 0.00000000000000e+00 0.00000000000000e+00 0.00000000000000e+00 0.00000000000000e+00 0.00000000000000e+00 
4.40265586818678e-06 3.54085116642559e+02 3.21886559923543e+02 4.74303378573029e+20 4.23201914600349e+15 1.03966978274854e+15 1.65408284595823e+15 1.77869017615567e+12 6.72340882114909e+15 1.50685298405815e+15 3.73368477207989e+08 2.12938759161915e+14 2.22602720042283e+11 8.91418132400641e+05 0.00000000000000e+00 0.00000000000000e+00 0.00000000000000e+00 0.00000000000000e+00 0.00000000000000e+00 0.00000000000000e+00 0.00000000000000e+00 
5.36932827185129e-06 3.50736746996949e+02 3.19789322329849e+02 4.74300946192634e+20 5.16163309546042e+15 1.27823044216772e+15 1.99088687116604e+15 2.16914530462025e+12 8.24965424917198e+15 1.78761774503809e+15 4.54648358505336e+08 2.59625642702046e+14 3.31088737641195e+11 1.34755856398409e+06 0.00000000000000e+00 0.00000000000000e+00 0.00000000000000e+00 0.00000000000000e+00 0.00000000000000e+00 0.00000000000000e+00 0.00000000000000e+00 
8.37190027585852e-06 3.41307272537136e+02 3.17803407431114e+02 4.74293425349517e+20 8.04989624550149e+15 2.03871442418853e+15 2.98234955254727e+15 3.38168093739772e+12 1.30862855092706e+16 2.56355047137612e+15 7.05488503177737e+08 4.04481394153505e+14 8.04935173337186e+11 3.43668478397543e+06 0.00000000000000e+00 0.00000000000000e+00 0.00000000000000e+00 0.00000000000000e+00 0.00000000000000e+00 0.00000000000000e+00 0.00000000000000e+00 
1.13744722798658e-05 3.33172844539885e+02 3.12277540739321e+02 4.74285954608625e+20 1.09392135309008e+16 2.82413187880367e+15 3.89766808155066e+15 4.59375639428556e+12 1.80477704569221e+16 3.21436152672723e+15 9.53855443392167e+08 5.49093428173602e+14 1.48586907514959e+12 6.63190387391344e+06 0.00000000000000e+00 0.00000000000000e+00 0.00000000000000e+00 0.00000000000000e+00 0.00000000000000e+00 0.00000000000000e+00 0.00000000000000e+00 
1.43770442838730e-05 3.26140705036701e+02 3.07592426538174e+02 4.74278531774063e+20 1.38294140988832e+16 3.62944801938572e+15 4.74425090868197e+15 5.80527035195184e+12 2.31122944099059e+16 3.76185829608062e+15 1.19973140191712e+09 6.93455429207642e+14 2.37388276751848e+12 1.10400919549068e+07 0.00000000000000e+00 0.00000000000000e+00 0.00000000000000e+00 0.00000000000000e+00 0.00000000000000e+00 0.00000000000000e+00 0.00000000000000e+00 
1.73796162878802e-05 3.20050837267365e+02 3.03605739799594e+02 4.74271154853595e+20 1.67203548658273e+16 4.45049852452805e+15 5.52840456198333e+15 7.01611967672075e+12 2.82624424425805e+16 4.22344864561043e+15 1.44310645653786e+09 8.37560946653698e+14 3.46895819747453e+12 1.67574933448729e+07 0.00000000000000e+00 0.00000000000000e+00 0.00000000000000e+00 0.00000000000000e+00 0.00000000000000e+00 0.00000000000000e+00 0.00000000000000e+00 
2.03821882918875e-05 3.14769308200937e+02 3.00202548419311e+02 4.74263822009538e+20 1.96119145579885e+16 5.28379961289436e+15 6.25557865458713e+15 8.22620008313555e+12 3.34840946703955e+16 4.61324554442443e+15 1.68397873088221e+09 9.81403439563438e+14 4.77106693747772e+12 2.38691998544426e+07 0.00000000000000e+00 0.00000000000000e+00 0.00000000000000e+00 0.00000000000000e+00 0.00000000000000e+00 0.00000000000000e+00 0.00000000000000e+00 
2.52338913323885e-05 3.07670563723956e+02 2.97289275766388e+02 4.74252062154527e+20 2.42852930844066e+16 6.64902236348021e+15 7.32182614500431e+15 1.01796148588369e+13 4.20446067667198e+16 5.11935930431764e+15 2.06792554444027e+09 1.21325846566925e+15 7.31251557878315e+12 3.84849330820499e+07 0.00000000000000e+00 0.00000000000000e+00 0.00000000000000e+00 0.00000000000000e+00 0.00000000000000e+00 0.00000000000000e+00 0.00000000000000e+00 
3.00855943728894e-05 3.02001417285021e+02 2.93431282333937e+02 4.74240406168559e+20 2.89596541367208e+16 8.02846873964432e+15 8.26895758470054e+15 1.21303051992920e+13 5.07227535413650e+16 5.50703681901674e+15 2.44541585551747e+09 1.44438152580900e+15 1.03941945370871e+13 5.71804306925225e+07 0.00000000000000e+00 0.00000000000000e+00 0.00000000000000e+00 0.00000000000000e+00 0.00000000000000e+00 0.00000000000000e+00 0.00000000000000e+00 
3.49372974133904e-05 2.97586882813673e+02 2.90399194052869e+02 4.74228847252202e+20 3.36347096151145e+16 9.41440814239043e+15 9.11181820048874e+15 1.40778305810820e+13 5.94890992778745e+16 5.80568937166275e+15 2.81655090457197e+09 1.67474460633105e+15 1.40158142558968e+13 8.01301252717652e+07 0.00000000000000e+00 0.00000000000000e+00 0.00000000000000e+00 0.00000000000000e+00 0.00000000000000e+00 0.00000000000000e+00 0.00000000000000e+00 
3.97890004538914e-05 2.94130973019854e+02 2.87387812039609e+02 4.74217379610630e+20 3.83102347073525e+16 1.08009669160869e+16 9.86233060484375e+15 1.60217551985894e+13 6.83227232636901e+16 6.03620895270375e+15 3.18146569703632e+09 1.90431975506490e+15 1.81770108229056e+13 1.07434354728536e+08 0.00000000000000e+00 0.00000000000000e+00 0.00000000000000e+00 0.00000000000000e+00 0.00000000000000e+00 0.00000000000000e+00 0.00000000000000e+00 
4.46407034943924e-05 2.91355661924593e+02 2.85676222046018e+02 4.74205997835471e+20 4.29860508761795e+16 1.21836473113497e+16 1.05306092161496e+16 1.79616480275682e+13 7.72080763651993e+16 6.21411514755260e+15 3.54030301008636e+09 2.13307917705338e+15 2.28773475174073e+13 1.39149683471530e+08 0.00000000000000e+00 0.00000000000000e+00 0.00000000000000e+00 0.00000000000000e+00 0.00000000000000e+00 0.00000000000000e+00 0.00000000000000e+00 
5.21150418983032e-05 2.88062801749356e+02 2.84322309896890e+02 4.74188619289738e+20 5.01896778986269e+16 1.42986649647719e+16 1.14193597228961e+16 2.09412987433320e+13 9.09712286667209e+16 6.41166128896389e+15 4.08153984686834e+09 2.48383685717896e+15 3.11723344553859e+13 1.96695438225926e+08 0.00000000000000e+00 0.00000000000000e+00 0.00000000000000e+00 0.00000000000000e+00 0.00000000000000e+00 0.00000000000000e+00 0.00000000000000e+00 
5.95893803022139e-05 2.85613550368613e+02 2.82740549245327e+02 4.74171412783035e+20 5.73932450354463e+16 1.63872047918703e+16 1.21628878539487e+16 2.39088390663197e+13 1.04795524384499e+17 6.54580291864328e+15 4.60916273745335e+09 2.83249356445965e+15 4.07434500591768e+13 2.64800953857425e+08 0.00000000000000e+00 0.00000000000000e+00 0.00000000000000e+00 0.00000000000000e+00 0.00000000000000e+00 0.00000000000000e+00 0.00000000000000e+00 
6.70637187061247e-05 2.83787724854958e+02 2.81581908408622e+02 4.74154360418033e+20 6.45964556585162e+16 1.84434713656884e+16 1.27852837636522e+16 2.68627698931445e+13 1.18659288781214e+17 6.63812189793352e+15 5.12363022673031e+09 3.17895137453094e+15 5.15881132784219e+13 3.43401447494488e+08 0.00000000000000e+00 0.00000000000000e+00 0.00000000000000e+00 0.00000000000000e+00 0.00000000000000e+00 0.00000000000000e+00 0.00000000000000e+00 
7.45380571100354e-05 2.82436629687258e+02 2.80728389298139e+02 4.74137446181545e+20 7.17991005636996e+16 2.04641086503255e+16 1.33062253454573e+16 2.98016313826811e+13 1.32549187197827e+17 6.70186189673896e+15 5.62539509084026e+09 3.52311425001896e+15 6.37033293672428e+13 4.32355855316948e+08 0.00000000000000e+00 0.00000000000000e+00 0.00000000000000e+00 0.00000000000000e+00 0.00000000000000e+00 0.00000000000000e+00 0.00000000000000e+00 
8.20123955139462e-05 2.81440516024413e+02 2.80102521773664e+02 4.74120656091737e+20 7.90010225044839e+16 2.24470954074346e+16 1.37419715087630e+16 3.27240039986153e+13 1.46456360595577e+17 6.74579194009973e+15 6.11490687491941e+09 3.86488804644992e+15 7.70857035568662e+13 5.31478362434283e+08 0.00000000000000e+00 0.00000000000000e+00 0.00000000000000e+00 0.00000000000000e+00 0.00000000000000e+00 0.00000000000000e+00 0.00000000000000e+00 
9.43149536708371e-05 2.80344638427204e+02 2.79644261836412e+02 4.74093259827719e+20 9.08533042411744e+16 2.56260668758585e+16 1.43078028296742e+16 3.74946351502115e+13 1.69368708513233e+17 6.79082677518523e+15 6.89510109885079e+09 4.42199375305007e+15 1.01861677491089e+14 7.16224477301324e+08 0.00000000000000e+00 0.00000000000000e+00 0.00000000000000e+00 0.00000000000000e+00 0.00000000000000e+00 0.00000000000000e+00 0.00000000000000e+00 
1.06617511827728e-04 2.79671628241981e+02 2.79143253833861e+02 4.74066121639472e+20 1.02702875887024e+17 2.86972167391832e+16 1.47283485447010e+16 4.22109647863083e+13 1.92291302702028e+17 6.81811782662588e+15 7.64511639906129e+09 4.97197837121284e+15 1.30041055549426e+14 9.27063206817580e+08 0.00000000000000e+00 0.00000000000000e+00 0.00000000000000e+00 0.00000000000000e+00 0.00000000000000e+00 0.00000000000000e+00 0.00000000000000e+00 
1.18920069984619e-04 2.79249568109140e+02 2.78837222144723e+02 4.74039203992586e+20 1.14549466150643e+17 3.16614589065052e+16 1.50409205995367e+16 4.68673648204448e+13 2.15215576218929e+17 6.83585348192004e+15 8.36662673929595e+09 5.51445693073162e+15 1.61601996201160e+14 1.16314406061018e+09 0.00000000000000e+00 0.00000000000000e+00 0.00000000000000e+00 0.00000000000000e+00 0.00000000000000e+00 0.00000000000000e+00 0.00000000000000e+00 
1.31222628141510e-04 2.78985252355840e+02 2.78645949296451e+02 4.74012477499611e+20 1.26392897718178e+17 3.45215040165257e+16 1.52727843710000e+16 5.14585274390915e+13 2.38138524518565e+17 6.84666961847246e+15 9.06119388798780e+09 6.04906027294856e+15 1.96519816001092e+14 1.42368264268095e+09 0.00000000000000e+00 0.00000000000000e+00 0.00000000000000e+00 0.00000000000000e+00 0.00000000000000e+00 0.00000000000000e+00 0.00000000000000e+00 
1.43525186298401e-04 2.78822759355678e+02 2.78526419536576e+02 4.73985919459442e+20 1.38233029837625e+17 3.72802827089672e+16 1.54442540343793e+16 5.59794713239479e+13 2.61057713562929e+17 6.85264021592968e+15 9.73032495849810e+09 6.57543466106206e+15 2.34767129593816e+14 1.70795936630525e+09 0.00000000000000e+00 0.00000000000000e+00 0.00000000000000e+00 0.00000000000000e+00 0.00000000000000e+00 0.00000000000000e+00 0.00000000000000e+00 
1.65835369112298e-04 2.78682600278988e+02 2.78453034217792e+02 4.73938133855645e+20 1.59695835193428e+17 4.20340570398584e+16 1.56470172478511e+16 6.39843505692243e+13 3.02602670886616e+17 6.85844080874682e+15 1.08836075176097e+10 7.50792843019811e+15 3.12519616842428e+14 2.28195962332662e+09 0.00000000000000e+00 0.00000000000000e+00 0.00000000000000e+00 0.00000000000000e+00 0.00000000000000e+00 0.00000000000000e+00 0.00000000000000e+00 
1.88145551926194e-04 2.78624606054810e+02 2.78389795150178e+02 4.73890765554771e+20 1.81146833785295e+17 4.64815913027797e+16 1.57655702596885e+16 7.17185286735632e+13 3.44114438811705e+17 6.86597520669851e+15 1.19664620631464e+10 8.41037998867281e+15 4.00921186241976e+14 2.92829931395996e+09 0.00000000000000e+00 0.00000000000000e+00 0.00000000000000e+00 0.00000000000000e+00 0.00000000000000e+00 0.00000000000000e+00 0.00000000000000e+00 
2.10455734740091e-04 2.78595709512398e+02 2.78363644452568e+02 4.73843763403266e+20 2.02585697775180e+17 5.06430316218965e+16 1.58334115947583e+16 7.91608860256484e+13 3.85593154202426e+17 6.87320638333837e+15 1.29867178597309e+10 9.28107883739234e+15 4.99747316347554e+14 3.64373867591769e+09 0.00000000000000e+00 0.00000000000000e+00 0.00000000000000e+00 0.00000000000000e+00 0.00000000000000e+00 0.00000000000000e+00 0.00000000000000e+00 
2.32765917553988e-04 2.78582229701187e+02 2.78350617770300e+02 4.73797090614924e+20 2.24012162693261e+17 5.45372488494904e+16 1.58707638374570e+16 8.62943480521486e+13 4.27038257443289e+17 6.87891676187969e+15 1.39517878336719e+10 1.01185012130350e+16 6.08747872132531e+14 4.42538756523045e+09 0.00000000000000e+00 0.00000000000000e+00 0.00000000000000e+00 0.00000000000000e+00 0.00000000000000e+00 0.00000000000000e+00 0.00000000000000e+00 
2.55076100367885e-04 2.78578577236447e+02 2.78344541545540e+02 4.73750719076399e+20 2.45425987618298e+17 5.81813364050151e+16 1.58908076353149e+16 9.31058590457079e+13 4.68447165519997e+17 6.88403532746829e+15 1.48687132350331e+10 1.09213074899891e+16 7.27649572510012e+14 5.27046183036218e+09 0.00000000000000e+00 0.00000000000000e+00 0.00000000000000e+00 0.00000000000000e+00 0.00000000000000e+00 0.00000000000000e+00 0.00000000000000e+00 
2.95692065256718e-04 2.78581627009223e+02 2.78342894824687e+02 4.73667007108864e+20 2.84377040266990e+17 6.42242077789371e+16 1.59036225191521e+16 1.04655409788811e+14 5.43732891579817e+17 6.89383770657664e+15 1.64350693653573e+10 1.22904586643517e+16 9.68540208217300e+14 6.96323814487691e+09 0.00000000000000e+00 0.00000000000000e+00 0.00000000000000e+00 0.00000000000000e+00 0.00000000000000e+00 0.00000000000000e+00 0.00000000000000e+00 
3.36308030145551e-04 2.78585157663668e+02 2.78344268303623e+02 4.73584120555515e+20 3.23284537629519e+17 6.95799669032658e+16 1.59073152346773e+16 1.15085839448572e+14 6.18882972024188e+17 6.90440526439398e+15 1.78981449396222e+10 1.35357921623212e+16 1.23932648653804e+15 8.84251190844308e+09 0.00000000000000e+00 0.00000000000000e+00 0.00000000000000e+00 0.00000000000000e+00 0.00000000000000e+00 0.00000000000000e+00 0.00000000000000e+00 
3.76923995034384e-04 2.78586827574336e+02 2.78345858532384e+02 4.73501981599402e+20 3.62147699290161e+17 7.43287660865380e+16 1.59085311152158e+16 1.24406633257893e+14 6.93891644958108e+17 6.91492095603229e+15 1.92875416803027e+10 1.46537567315257e+16 1.53791196928687e+15 1.08943389923080e+10 0.00000000000000e+00 0.00000000000000e+00 0.00000000000000e+00 0.00000000000000e+00 0.00000000000000e+00 0.00000000000000e+00 0.00000000000000e+00 
4.17539959923217e-04 2.78588568330730e+02 2.78346610128762e+02 4.73420526839487e+20 4.00965916282059e+17 7.85409663078201e+16 1.59075361965420e+16 1.32659538065796e+14 7.68754186827496e+17 6.92511572778919e+15 2.06275211014734e+10 1.56427610610718e+16 1.86205213008449e+15 1.31056976505519e+10 0.00000000000000e+00 0.00000000000000e+00 0.00000000000000e+00 0.00000000000000e+00 0.00000000000000e+00 0.00000000000000e+00 0.00000000000000e+00 
4.58155924812051e-04 2.78590948629590e+02 2.78347393659338e+02 4.73339699306156e+20 4.39738715133200e+17 8.22785770799472e+16 1.59048381631813e+16 1.39911220955069e+14 8.43466926762393e+17 6.93520982518797e+15 2.19377614997411e+10 1.65030161663665e+16 2.20939966030046e+15 1.54644787316602e+10 0.00000000000000e+00 0.00000000000000e+00 0.00000000000000e+00 0.00000000000000e+00 0.00000000000000e+00 0.00000000000000e+00 0.00000000000000e+00 
5.47385124794260e-04 2.78595554332665e+02 2.78348465443570e+02 4.73164091634693e+20 5.24757859173780e+17 8.90730284953060e+16 1.58976456681341e+16 1.52778249293113e+14 1.00707177058383e+18 6.95738076232111e+15 2.47812917966034e+10 1.79546295168767e+16 3.04211801078286e+15 2.11118959519796e+10 0.00000000000000e+00 0.00000000000000e+00 0.00000000000000e+00 0.00000000000000e+00 0.00000000000000e+00 0.00000000000000e+00 0.00000000000000e+00 
6.36614324776470e-04 2.78599269451236e+02 2.78350539016779e+02 4.72990795870061e+20 6.09554551439265e+17 9.43170489371276e+16 1.58909308001736e+16 1.62256543906625e+14 1.16994740554595e+18 6.97952288377528e+15 2.76782571121946e+10 1.88384506683798e+16 3.94977043189268e+15 2.73122401168515e+10 0.00000000000000e+00 0.00000000000000e+00 0.00000000000000e+00 0.00000000000000e+00 0.00000000000000e+00 0.00000000000000e+00 0.00000000000000e+00 
7.25843524758679e-04 2.78602123438548e+02 2.78352211209118e+02 4.72819424979657e+20 6.94129035073681e+17 9.83876612337642e+16 1.58848109091409e+16 1.69403434204280e+14 1.33211977965304e+18 7.00145604603274e+15 3.07071395224616e+10 1.92198988331624e+16 4.90768926514030e+15 3.39742708286192e+10 0.00000000000000e+00 0.00000000000000e+00 0.00000000000000e+00 0.00000000000000e+00 0.00000000000000e+00 0.00000000000000e+00 0.00000000000000e+00 
8.15072724740889e-04 2.78604573572756e+02 2.78353495281460e+02 4.72649665747330e+20 7.78483261558393e+17 1.01565129464564e+17 1.58785754056289e+16 1.75179259202112e+14 1.49363549026557e+18 7.02322087835398e+15 3.39136912102776e+10 1.91817412124238e+16 5.89324006832998e+15 4.10213488999405e+10 0.00000000000000e+00 0.00000000000000e+00 0.00000000000000e+00 0.00000000000000e+00 0.00000000000000e+00 0.00000000000000e+00 0.00000000000000e+00 
9.04301924723099e-04 2.78606778173178e+02 2.78354597334573e+02 4.72481258543029e+20 8.62620202515227e+17 1.04060614379419e+17 1.58721652297185e+16 1.80347314853458e+14 1.65455320599050e+18 7.04489475620029e+15 3.73248695268002e+10 1.88134582263058e+16 6.88687639151695e+15 4.83889005424691e+10 0.00000000000000e+00 0.00000000000000e+00 0.00000000000000e+00 0.00000000000000e+00 0.00000000000000e+00 0.00000000000000e+00 0.00000000000000e+00 
1.03395856807161e-03 2.78609522073601e+02 2.78355588724530e+02 4.72238533391983e+20 9.84497265365720e+17 1.06782418664957e+17 1.58629743110252e+16 1.87793372690418e+14 1.88744213012179e+18 7.07624145366692e+15 4.26689657900136e+10 1.78661442005220e+16 8.31456368696079e+15 5.95584330112199e+10 0.00000000000000e+00 0.00000000000000e+00 0.00000000000000e+00 0.00000000000000e+00 0.00000000000000e+00 0.00000000000000e+00 0.00000000000000e+00 
1.16361521142012e-03 2.78611872327759e+02 2.78356822162136e+02 4.71997676818223e+20 1.10593312746827e+18 1.08765318793294e+17 1.58539670848386e+16 1.96110341110741e+14 2.11938327123394e+18 7.10743471880137e+15 4.84696428534024e+10 1.66395435048096e+16 9.69164012091920e+15 7.11539839939136e+10 0.00000000000000e+00 0.00000000000000e+00 0.00000000000000e+00 0.00000000000000e+00 0.00000000000000e+00 0.00000000000000e+00 0.00000000000000e+00 
1.29327185476864e-03 2.78613978211835e+02 2.78357878174803e+02 4.71758293650456e+20 1.22693700404678e+18 1.10256112830655e+17 1.58450430251657e+16 2.05773541049516e+14 2.35053158939666e+18 7.13850269734132e+15 5.46782992084905e+10 1.53182921233644e+16 1.09974198879350e+16 8.30682091496026e+10 0.00000000000000e+00 0.00000000000000e+00 0.00000000000000e+00 0.00000000000000e+00 0.00000000000000e+00 0.00000000000000e+00 0.00000000000000e+00 
1.42292849811715e-03 2.78615929460011e+02 2.78358824042647e+02 4.71520110756612e+20 1.34751610767225e+18 1.11412737469185e+17 1.58361415969079e+16 2.16863121131135e+14 2.58100208933074e+18 7.16947357091412e+15 6.12161958090623e+10 1.40274880848625e+16 1.22238349154156e+16 9.52191401172249e+10 0.00000000000000e+00 0.00000000000000e+00 0.00000000000000e+00 0.00000000000000e+00 0.00000000000000e+00 0.00000000000000e+00 0.00000000000000e+00 
1.55258514146566e-03 2.78617770769113e+02 2.78359700209401e+02 4.71282945243397e+20 1.46767545288800e+18 1.12339828132598e+17 1.58272731692155e+16 2.29258444118435e+14 2.81086868488415e+18 7.20036200477774e+15 6.79959608961735e+10 1.28381842228332e+16 1.33714605778081e+16 1.07543267552414e+11 0.00000000000000e+00 0.00000000000000e+00 0.00000000000000e+00 0.00000000000000e+00 0.00000000000000e+00 0.00000000000000e+00 0.00000000000000e+00 
1.70051082831093e-03 2.78619779666868e+02 2.78360526819971e+02 4.71013455487737e+20 1.60425692471757e+18 1.13209866592037e+17 1.58172070927141e+16 2.44725065571186e+14 3.07243561223653e+18 7.23551104593606e+15 7.59129345537395e+10 1.16414257223078e+16 1.45915676479790e+16 1.21751374471701e+11 0.00000000000000e+00 0.00000000000000e+00 0.00000000000000e+00 0.00000000000000e+00 0.00000000000000e+00 0.00000000000000e+00 0.00000000000000e+00 
1.84843651515620e-03 2.78621723937483e+02 2.78361428494850e+02 4.70745032707130e+20 1.74029885564994e+18 1.13946195165507e+17 1.58071877310010e+16 2.61289177010985e+14 3.33329059182273e+18 7.27056790176660e+15 8.39456845204139e+10 1.06182164882581e+16 1.57279258273621e+16 1.36062376597426e+11 0.00000000000000e+00 0.00000000000000e+00 0.00000000000000e+00 0.00000000000000e+00 0.00000000000000e+00 0.00000000000000e+00 0.00000000000000e+00 
1.99636220200147e-03 2.78623625851115e+02 2.78362301035180e+02 4.70477615614161e+20 1.87580317851465e+18 1.14594209524784e+17 1.57972022404227e+16 2.78674561607914e+14 3.59343978226882e+18 7.30553575802752e+15 9.20465588187724e+10 9.75483339812887e+15 1.67925542584904e+16 1.50432806145630e+11 0.00000000000000e+00 0.00000000000000e+00 0.00000000000000e+00 0.00000000000000e+00 0.00000000000000e+00 0.00000000000000e+00 0.00000000000000e+00 
2.14428788884674e-03 2.78625498186158e+02 2.78363154478972e+02 4.70211168455387e+20 2.01077141119758e+18 1.15183819185698e+17 1.57872514762159e+16 2.96648734880212e+14 3.85288042547389e+18 7.34041532991954e+15 1.00172429439087e+11 9.03042265864268e+15 1.77963618255597e+16 1.64829091598867e+11 0.00000000000000e+00 0.00000000000000e+00 0.00000000000000e+00 0.00000000000000e+00 0.00000000000000e+00 0.00000000000000e+00 0.00000000000000e+00 
2.29221357569201e-03 2.78627349686984e+02 2.78363994586170e+02 4.69945673613658e+20 2.14520476372770e+18 1.15734689087698e+17 1.57773386449756e+16 3.15004529864048e+14 4.11160316653007e+18 7.37520599355270e+15 1.08283532927367e+11 8.41954205055350e+15 1.87489119121153e+16 1.79225222094198e+11 0.00000000000000e+00 0.00000000000000e+00 0.00000000000000e+00 0.00000000000000e+00 0.00000000000000e+00 0.00000000000000e+00 0.00000000000000e+00 
2.44013926253728e-03 2.78629186136012e+02 2.78364825298594e+02 4.69681124598281e+20 2.27910434026883e+18 1.16259449566705e+17 1.57674619941931e+16 3.33569510482010e+14 4.36959583731534e+18 7.40990664419606e+15 1.16361500479866e+11 7.89622108416678e+15 1.96582047052226e+16 1.93601211939294e+11 0.00000000000000e+00 0.00000000000000e+00 0.00000000000000e+00 0.00000000000000e+00 0.00000000000000e+00 0.00000000000000e+00 0.00000000000000e+00 
2.74982612057513e-03 2.78632992325952e+02 2.78365649223075e+02 4.69130325792135e+20 2.55770526181622e+18 1.17302045746836e+17 1.57468976553036e+16 3.72721882994907e+14 4.90731901820834e+18 7.48225873424228e+15 1.33201550834166e+11 7.01227871030345e+15 2.14454391706353e+16 2.23574815070575e+11 0.00000000000000e+00 0.00000000000000e+00 0.00000000000000e+00 0.00000000000000e+00 0.00000000000000e+00 0.00000000000000e+00 0.00000000000000e+00 
3.00448522534838e-03 2.78636094750233e+02 2.78367356783429e+02 4.68680453805138e+20 2.78506450366077e+18 1.18131576355090e+17 1.57301018941481e+16 4.04826311687893e+14 5.34704728009486e+18 7.54145321116987e+15 1.46994800932214e+11 6.43062502024767e+15 2.28220798035351e+16 2.48037693665478e+11 0.00000000000000e+00 0.00000000000000e+00 0.00000000000000e+00 0.00000000000000e+00 0.00000000000000e+00 0.00000000000000e+00 0.00000000000000e+00 
3.25914433012162e-03 2.78639176213321e+02 2.78368748548842e+02 4.68233313767772e+20 3.01086605836552e+18 1.18945411208880e+17 1.57134100156951e+16 4.36728746491512e+14 5.78456676282054e+18 7.60037519965346e+15 1.60759294237184e+11 5.94614988970224e+15 2.41303659246562e+16 2.72301344594929e+11 0.00000000000000e+00 0.00000000000000e+00 0.00000000000000e+00 0.00000000000000e+00 0.00000000000000e+00 0.00000000000000e+00 0.00000000000000e+00 
3.51380343489487e-03 2.78642238353257e+02 2.78370130859475e+02 4.67788885185715e+20 3.23511991307316e+18 1.19746764820723e+17 1.56968207453272e+16 4.68376541378746e+14 6.21988205158512e+18 7.65902482069482e+15 1.74484181031111e+11 5.53762644592641e+15 2.53807424636974e+16 2.96349365122238e+11 0.00000000000000e+00 0.00000000000000e+00 0.00000000000000e+00 0.00000000000000e+00 0.00000000000000e+00 0.00000000000000e+00 0.00000000000000e+00 
3.76846253966812e-03 2.78645282148563e+02 2.78371504454465e+02 4.67347149724683e+20 3.45783603406500e+18 1.20538044944719e+17 1.56803332369813e+16 4.99725608638098e+14 6.65299795742898e+18 7.71740220325532e+15 1.88161461017199e+11 5.18719207808412e+15 2.65815633675203e+16 3.20171942884318e+11 0.00000000000000e+00 0.00000000000000e+00 0.00000000000000e+00 0.00000000000000e+00 0.00000000000000e+00 0.00000000000000e+00 0.00000000000000e+00 
4.02312164444137e-03 2.78648308342711e+02 2.78372869775679e+02 4.66908088696164e+20 3.67902446126026e+18 1.21321236202960e+17 1.56639470162283e+16 5.30748421030398e+14 7.08392128511680e+18 7.77550774725792e+15 2.01795206577926e+11 4.88156524365876e+15 2.77394487481875e+16 3.43763263676422e+11 0.00000000000000e+00 0.00000000000000e+00 0.00000000000000e+00 0.00000000000000e+00 0.00000000000000e+00 0.00000000000000e+00 0.00000000000000e+00 
4.41327260479775e-03 2.78652911597770e+02 2.78374227158973e+02 4.66240565919787e+20 4.01495671625558e+18 1.22507728048470e+17 1.56390373541218e+16 5.77638471223175e+14 7.73988904325583e+18 7.86400316130374e+15 2.22608009773140e+11 4.48395369492997e+15 2.94412248846096e+16 3.79452872780570e+11 0.00000000000000e+00 0.00000000000000e+00 0.00000000000000e+00 0.00000000000000e+00 0.00000000000000e+00 0.00000000000000e+00 0.00000000000000e+00 
4.80342356515413e-03 2.78657476143221e+02 2.78376291845004e+02 4.65579207979007e+20 4.34736336011201e+18 1.23679796866170e+17 1.56143613395297e+16 6.23741397037551e+14 8.39076851331737e+18 7.95186536847779e+15 2.43316615560987e+11 4.14944402953218e+15 3.10687761048566e+16 4.14591766860507e+11 0.00000000000000e+00 0.00000000000000e+00 0.00000000000000e+00 0.00000000000000e+00 0.00000000000000e+00 0.00000000000000e+00 0.00000000000000e+00 
5.19357452551051e-03 2.78662002304529e+02 2.78378339076624e+02 4.64923947621128e+20 4.67628071660148e+18 1.24838070684220e+17 1.55899164533899e+16 6.69085435928902e+14 9.03660000962320e+18 8.03909794419598e+15 2.63923446986798e+11 3.86571448366588e+15 3.26329538101408e+16 4.49184733555821e+11 0.00000000000000e+00 0.00000000000000e+00 0.00000000000000e+00 0.00000000000000e+00 0.00000000000000e+00 0.00000000000000e+00 0.00000000000000e+00 
5.58372548586690e-03 2.78666490753807e+02 2.78380369002669e+02 4.64274721887618e+20 5.00174466706468e+18 1.25982880340668e+17 1.55657002887044e+16 7.13690309388301e+14 9.67742199498746e+18 8.12570445744403e+15 2.84419976509940e+11 3.62245217354976e+15 3.41421928558487e+16 4.83239919293087e+11 0.00000000000000e+00 0.00000000000000e+00 0.00000000000000e+00 0.00000000000000e+00 0.00000000000000e+00 0.00000000000000e+00 0.00000000000000e+00 
5.97387644622328e-03 2.78670941931311e+02 2.78382381928184e+02 4.63631470796150e+20 5.32379067497060e+18 1.27114657742756e+17 1.55417105532844e+16 7.57569088673234e+14 1.03132714341950e+19 8.21168832544228e+15 3.04800661246385e+11 3.41062614489534e+15 3.56032315996481e+16 5.16766337980613e+11 0.00000000000000e+00 0.00000000000000e+00 0.00000000000000e+00 0.00000000000000e+00 0.00000000000000e+00 0.00000000000000e+00 0.00000000000000e+00 
6.72515223379226e-03 2.78679409605187e+02 2.78384378053694e+02 4.62409437438780e+20 5.93442474621245e+18 1.29258712723465e+17 1.54961453131145e+16 8.40084562632416e+14 1.15237965393115e+19 8.37551839006366e+15 3.43721860023995e+11 3.07157031565786e+15 3.82987163523810e+16 5.79869313804175e+11 0.00000000000000e+00 0.00000000000000e+00 0.00000000000000e+00 0.00000000000000e+00 0.00000000000000e+00 0.00000000000000e+00 0.00000000000000e+00 
7.47642802136123e-03 2.78687743346638e+02 2.78388175142213e+02 4.61208925521723e+20 6.53276289697431e+18 1.31357945528597e+17 1.54513952311149e+16 9.20116528699656e+14 1.27162905108660e+19 8.53707877577567e+15 3.82209579858096e+11 2.79868852065510e+15 4.08639266362205e+16 6.41111569370754e+11 0.00000000000000e+00 0.00000000000000e+00 0.00000000000000e+00 0.00000000000000e+00 0.00000000000000e+00 0.00000000000000e+00 0.00000000000000e+00 
8.22770380893021e-03 2.78695945681315e+02 2.78391911882415e+02 4.60029533249058e+20 7.11904833265618e+18 1.33413722642487e+17 1.54074446520428e+16 9.97804333689549e+14 1.38910192251337e+19 8.69639567586827e+15 4.20258883152670e+11 2.57633216894988e+15 4.33201779993436e+16 7.00558716181542e+11 0.00000000000000e+00 0.00000000000000e+00 0.00000000000000e+00 0.00000000000000e+00 0.00000000000000e+00 0.00000000000000e+00 0.00000000000000e+00 
8.97897959649918e-03 2.78704018959175e+02 2.78395589425319e+02 4.58870877221253e+20 7.69351903365967e+18 1.35427184051248e+17 1.53642785978213e+16 1.07324677198291e+15 1.50482384287100e+19 8.85349456961555e+15 4.57858037552841e+11 2.39090676780125e+15 4.56828747373536e+16 7.58274276618316e+11 0.00000000000000e+00 0.00000000000000e+00 0.00000000000000e+00 0.00000000000000e+00 0.00000000000000e+00 0.00000000000000e+00 0.00000000000000e+00 
9.73025538406816e-03 2.78711965225019e+02 2.78399208842145e+02 4.57732584729748e+20 8.25640827386779e+18 1.37399443857744e+17 1.53218825325093e+16 1.14653668993119e+15 1.61881993192724e+19 9.00840074781821e+15 4.95009416118057e+11 2.23336101551645e+15 4.79634544121920e+16 8.14318942630085e+11 0.00000000000000e+00 0.00000000000000e+00 0.00000000000000e+00 0.00000000000000e+00 0.00000000000000e+00 0.00000000000000e+00 0.00000000000000e+00 
1.06806016764224e-02 2.78721838394545e+02 2.78402771065856e+02 4.56321276807955e+20 8.95221431340035e+18 1.39836866115044e+17 1.52693334103437e+16 1.23630329974463e+15 1.76058854419918e+19 9.20125158280469e+15 5.41367086764442e+11 2.06621172281499e+15 5.07442572923257e+16 8.82910565056020e+11 0.00000000000000e+00 0.00000000000000e+00 0.00000000000000e+00 0.00000000000000e+00 0.00000000000000e+00 0.00000000000000e+00 0.00000000000000e+00 
1.16309479687766e-02 2.78731515798805e+02 2.78407196758376e+02 4.54941254363157e+20 9.63030661814430e+18 1.42211895671077e+17 1.52179656160358e+16 1.32293146392606e+15 1.89968425365741e+19 9.39068468604992e+15 5.87007951454416e+11 1.92519794223032e+15 5.34222380774296e+16 9.49033675046093e+11 0.00000000000000e+00 0.00000000000000e+00 0.00000000000000e+00 0.00000000000000e+00 0.00000000000000e+00 0.00000000000000e+00 0.00000000000000e+00 
1.25812942611308e-02 2.78741001269695e+02 2.78411534338335e+02 4.53591817154832e+20 1.02911272816815e+19 1.44526267572905e+17 1.51677518321667e+16 1.40657891498907e+15 2.03615543024160e+19 9.57675047324730e+15 6.31941523170987e+11 1.80598720021685e+15 5.60084451920772e+16 1.01279501096337e+12 0.00000000000000e+00 0.00000000000000e+00 0.00000000000000e+00 0.00000000000000e+00 0.00000000000000e+00 0.00000000000000e+00 0.00000000000000e+00 
1.35316405534851e-02 2.78750298660698e+02 2.78415785551046e+02 4.52272286676289e+20 1.09351071048680e+19 1.46781643799856e+17 1.51186655889536e+16 1.48737755597599e+15 2.17004919756393e+19 9.75949859071038e+15 6.76167878585484e+11 1.70315531772267e+15 5.85115502885895e+16 1.07429582942955e+12 0.00000000000000e+00 0.00000000000000e+00 0.00000000000000e+00 0.00000000000000e+00 0.00000000000000e+00 0.00000000000000e+00 0.00000000000000e+00 
1.44819868458393e-02 2.78759411588510e+02 2.78419952150093e+02 4.50982000454309e+20 1.15626663060512e+19 1.48979629810874e+17 1.50706810930120e+16 1.56545461741968e+15 2.30141190134138e+19 9.93897833468915e+15 7.19695381256134e+11 1.61371501525856e+15 6.09384121864813e+16 1.13363245388974e+12 0.00000000000000e+00 0.00000000000000e+00 0.00000000000000e+00 0.00000000000000e+00 0.00000000000000e+00 0.00000000000000e+00 0.00000000000000e+00 
1.57725168997115e-02 2.78771497672979e+02 2.78424035780882e+02 4.49275514658952e+20 1.23893063242374e+19 1.51875257497292e+17 1.50072392606287e+16 1.66733139403594e+15 2.47582582294467e+19 1.01775588006432e+16 7.77695428385656e+11 1.50941740098494e+15 6.41216256470012e+16 1.21090704329483e+12 0.00000000000000e+00 0.00000000000000e+00 0.00000000000000e+00 0.00000000000000e+00 0.00000000000000e+00 0.00000000000000e+00 0.00000000000000e+00 
1.70630469535836e-02 2.78783258978542e+02 2.78429451273796e+02 4.47620194246102e+20 1.31874172647973e+19 1.54671573688367e+17 1.49457217370072e+16 1.76468334645468e+15 2.64576756892917e+19 1.04103234205957e+16 8.34434232012545e+11 1.42062233962821e+15 6.71859377137036e+16 1.28457562851647e+12 0.00000000000000e+00 0.00000000000000e+00 0.00000000000000e+00 0.00000000000000e+00 0.00000000000000e+00 0.00000000000000e+00 0.00000000000000e+00 
1.83535770074558e-02 2.78794704014613e+02 2.78434720758062e+02 4.46014512696211e+20 1.39579640199905e+19 1.57372092245080e+17 1.48860693478023e+16 1.85776356295930e+15 2.81134617531568e+19 1.06373921632213e+16 8.89931682936519e+11 1.34480702623416e+15 7.01406420614686e+16 1.35484021844217e+12 0.00000000000000e+00 0.00000000000000e+00 0.00000000000000e+00 0.00000000000000e+00 0.00000000000000e+00 0.00000000000000e+00 0.00000000000000e+00 
1.96441070613280e-02 2.78805841021983e+02 2.78439848096209e+02 4.44456994573700e+20 1.47018784213767e+19 1.59980205330786e+17 1.48282249965329e+16 1.94680411384820e+15 2.97266781140027e+19 1.08588831620495e+16 9.44202786140554e+11 1.27826887036782e+15 7.29930602522112e+16 1.42188953081120e+12 0.00000000000000e+00 0.00000000000000e+00 0.00000000000000e+00 0.00000000000000e+00 0.00000000000000e+00 0.00000000000000e+00 0.00000000000000e+00 
2.09346371152001e-02 2.78816678016188e+02 2.78444837026198e+02 4.42946207327118e+20 1.54200612684655e+19 1.62499156508630e+17 1.47721333526748e+16 2.03202703006695e+15 3.12983640058901e+19 1.10749133241992e+16 9.97271000921257e+11 1.22026654518051e+15 7.57492166731311e+16 1.48590051527393e+12 0.00000000000000e+00 0.00000000000000e+00 0.00000000000000e+00 0.00000000000000e+00 0.00000000000000e+00 0.00000000000000e+00 0.00000000000000e+00 
2.30977508180196e-02 2.78834196121409e+02 2.78449691181100e+02 4.40514026823971e+20 1.65690657474941e+19 1.66531579867405e+17 1.46818680334313e+16 2.16696663133857e+15 3.38430316254924e+19 1.14251786914916e+16 1.08359355582878e+12 1.13751621704854e+15 8.01699930236542e+16 1.58687571881669e+12 0.00000000000000e+00 0.00000000000000e+00 0.00000000000000e+00 0.00000000000000e+00 0.00000000000000e+00 0.00000000000000e+00 0.00000000000000e+00 
2.52608645208391e-02 2.78850929297829e+02 2.78457537197763e+02 4.38202898547236e+20 1.76521735281334e+19 1.70336247626612e+17 1.45961330997551e+16 2.29258877806551e+15 3.62785616031312e+19 1.17609699595597e+16 1.16668223092574e+12 1.06904167683434e+15 8.43547343464824e+16 1.68046940990175e+12 0.00000000000000e+00 0.00000000000000e+00 0.00000000000000e+00 0.00000000000000e+00 0.00000000000000e+00 0.00000000000000e+00 0.00000000000000e+00 
2.74239782236585e-02 2.78866910601220e+02 2.78465030797527e+02 4.36007024988082e+20 1.86729831411319e+19 1.73926033163275e+17 1.45147056620091e+16 2.40967169414739e+15 3.86092821175719e+19 1.20827889161457e+16 1.24662419348743e+12 1.01094607988642e+15 8.83188783199065e+16 1.76733942676087e+12 0.00000000000000e+00 0.00000000000000e+00 0.00000000000000e+00 0.00000000000000e+00 0.00000000000000e+00 0.00000000000000e+00 0.00000000000000e+00 
2.95870919264780e-02 2.78882172678417e+02 2.78472186928636e+02 4.33920735024677e+20 1.96349925017082e+19 1.77313253608655e+17 1.44373688068549e+16 2.51891099617209e+15 4.08394731019543e+19 1.23911434512076e+16 1.32351561799017e+12 9.61984048213393e+14 9.20762996131429e+16 1.84807196398305e+12 0.00000000000000e+00 0.00000000000000e+00 0.00000000000000e+00 0.00000000000000e+00 0.00000000000000e+00 0.00000000000000e+00 0.00000000000000e+00 
3.26426517281970e-02 2.78902573658097e+02 2.78479020336983e+02 4.31148749300549e+20 2.09008533639814e+19 1.81777535440623e+17 1.43346524882660e+16 2.66121410386930e+15 4.38274191047833e+19 1.28048799738470e+16 1.42714043190704e+12 9.03470734579308e+14 9.70564138870019e+16 1.95270272702476e+12 0.00000000000000e+00 0.00000000000000e+00 0.00000000000000e+00 0.00000000000000e+00 0.00000000000000e+00 0.00000000000000e+00 0.00000000000000e+00 
3.56982115299160e-02 2.78921685156198e+02 2.78488153650713e+02 4.28570406494659e+20 2.20646368161813e+19 1.85890882384474e+17 1.42391458032660e+16 2.79068843373302e+15 4.66340460861258e+19 1.31940911122687e+16 1.52511945360238e+12 8.55309089573959e+14 1.01674968950409e+17 2.04738665098601e+12 0.00000000000000e+00 0.00000000000000e+00 0.00000000000000e+00 0.00000000000000e+00 0.00000000000000e+00 0.00000000000000e+00 0.00000000000000e+00 
3.87537713316351e-02 2.78939585384631e+02 2.78496708704856e+02 4.26172457221256e+20 2.31343239872464e+19 1.89681098201252e+17 1.41503461857151e+16 2.90870104432711e+15 4.92697612429356e+19 1.35600660547090e+16 1.61770182450786e+12 8.14934936738558e+14 1.05956381954743e+17 2.13327310452277e+12 0.00000000000000e+00 0.00000000000000e+00 0.00000000000000e+00 0.00000000000000e+00 0.00000000000000e+00 0.00000000000000e+00 0.00000000000000e+00 
4.18093311333541e-02 2.78956348887712e+02 2.78504720732996e+02 4.23942396877611e+20 2.41173766888024e+19 1.93173941553184e+17 1.40677812482515e+16 3.01646589121298e+15 5.17445318197453e+19 1.39040615942818e+16 1.70513739077799e+12 7.80603912645483e+14 1.09922593439694e+17 2.21134557370461e+12 0.00000000000000e+00 0.00000000000000e+00 0.00000000000000e+00 0.00000000000000e+00 0.00000000000000e+00 0.00000000000000e+00 0.00000000000000e+00 
4.56933211957649e-02 2.78976119079153e+02 2.78512223286392e+02 4.21333026840790e+20 2.52519618230884e+19 1.97219321062202e+17 1.39711870554249e+16 3.14022854033920e+15 5.46717402740190e+19 1.43113364604336e+16 1.80919667172597e+12 7.43591962670200e+14 1.14537800129273e+17 2.30059519828544e+12 0.00000000000000e+00 0.00000000000000e+00 0.00000000000000e+00 0.00000000000000e+00 0.00000000000000e+00 0.00000000000000e+00 0.00000000000000e+00 
4.95773112581756e-02 2.78994295423613e+02 2.78521070676709e+02 4.18954833079083e+20 2.62701243411599e+19 2.00865181313640e+17 1.38831575029449e+16 3.25096729980839e+15 5.73715979161726e+19 1.46872914838009e+16 1.90579435594834e+12 7.13006713740483e+14 1.18711800566238e+17 2.38008644400629e+12 0.00000000000000e+00 0.00000000000000e+00 0.00000000000000e+00 0.00000000000000e+00 0.00000000000000e+00 0.00000000000000e+00 0.00000000000000e+00 
5.34613013205864e-02 2.79011006642102e+02 2.78529204058504e+02 4.16786913536212e+20 2.71839319246895e+19 2.04152489952228e+17 1.38029110595094e+16 3.35033775469561e+15 5.98615832700149e+19 1.50342311510143e+16 1.99541345290082e+12 6.86786681470174e+14 1.22480026325681e+17 2.45109695026430e+12 0.00000000000000e+00 0.00000000000000e+00 0.00000000000000e+00 0.00000000000000e+00 0.00000000000000e+00 0.00000000000000e+00 0.00000000000000e+00 
5.73452913829972e-02 2.79026369630915e+02 2.78536681238840e+02 4.14810555821988e+20 2.80040328046510e+19 2.07117353667812e+17 1.37297493032187e+16 3.43969607633202e+15 6.21576519511749e+19 1.53542765754698e+16 2.07851077512582e+12 6.64571156182152e+14 1.25874947332879e+17 2.51470120477938e+12 0.00000000000000e+00 0.00000000000000e+00 0.00000000000000e+00 0.00000000000000e+00 0.00000000000000e+00 0.00000000000000e+00 0.00000000000000e+00 
6.12292814454080e-02 2.79040490426573e+02 2.78543554687092e+02 4.13008990152406e+20 2.87398362147570e+19 2.09791674431478e+17 1.36630474964462e+16 3.52019028967635e+15 6.42743703677148e+19 1.56493802102532e+16 2.15550829680581e+12 6.45300989709626e+14 1.28926212082419e+17 2.57181258888887e+12 0.00000000000000e+00 0.00000000000000e+00 0.00000000000000e+00 0.00000000000000e+00 0.00000000000000e+00 0.00000000000000e+00 0.00000000000000e+00 
6.69265084328454e-02 2.79059155548571e+02 2.78549871976684e+02 4.10651523619847e+20 2.96837834060653e+19 2.13247039538707e+17 1.35757367483344e+16 3.62421242906252e+15 6.70823645571753e+19 1.60408417967122e+16 2.25823661507415e+12 6.21544745821414e+14 1.32836982421335e+17 2.64544637918994e+12 0.00000000000000e+00 0.00000000000000e+00 0.00000000000000e+00 0.00000000000000e+00 0.00000000000000e+00 0.00000000000000e+00 0.00000000000000e+00 
7.26237354202829e-02 2.79075636315040e+02 2.78558221717194e+02 4.08594429973681e+20 3.04878875879748e+19 2.16217682450851e+17 1.34995137486901e+16 3.71391909290264e+15 6.95721147134652e+19 1.63878257526780e+16 2.34988583007705e+12 6.01926642776704e+14 1.36147939542494e+17 2.70883210707276e+12 0.00000000000000e+00 0.00000000000000e+00 0.00000000000000e+00 0.00000000000000e+00 0.00000000000000e+00 0.00000000000000e+00 0.00000000000000e+00 
7.83209624077203e-02 2.79090183422063e+02 2.78565593778326e+02 4.06799643455065e+20 3.11725112467273e+19 2.18772153709046e+17 1.34329700016184e+16 3.79150951833064e+15 7.17786653667133e+19 1.66951569185220e+16 2.43155829125459e+12 5.85558960088969e+14 1.38932213236575e+17 2.76361066724414e+12 0.00000000000000e+00 0.00000000000000e+00 0.00000000000000e+00 0.00000000000000e+00 0.00000000000000e+00 0.00000000000000e+00 0.00000000000000e+00 
8.40181893951578e-02 2.79103018731610e+02 2.78572100492920e+02 4.05234041061495e+20 3.17549991751938e+19 2.20968917188550e+17 1.33748819469501e+16 3.85877379401087e+15 7.37332538605077e+19 1.69671651805264e+16 2.50426000974077e+12 5.71788667275041e+14 1.41255581166334e+17 2.81112068614657e+12 0.00000000000000e+00 0.00000000000000e+00 0.00000000000000e+00 0.00000000000000e+00 0.00000000000000e+00 0.00000000000000e+00 0.00000000000000e+00 
8.97154163825952e-02 2.79114339091679e+02 2.78577841240264e+02 4.03868690202564e+20 3.22501935785192e+19 2.22858046042029e+17 1.33241823867060e+16 3.91719615515309e+15 7.54637793223282e+19 1.72077395821870e+16 2.56890903503734e+12 5.60112740766074e+14 1.43177134144253e+17 2.85245741571602e+12 0.00000000000000e+00 0.00000000000000e+00 0.00000000000000e+00 0.00000000000000e+00 0.00000000000000e+00 0.00000000000000e+00 0.00000000000000e+00 
1.01538388659780e-01 2.79133704310459e+02 2.78582904170980e+02 4.01572630401344e+20 3.30498474988079e+19 2.25968518679123e+17 1.32387969748523e+16 4.01519506184996e+15 7.84411928967034e+19 1.76208112280734e+16 2.68076742331043e+12 5.40973498540526e+14 1.46096388031229e+17 2.92219125565206e+12 0.00000000000000e+00 0.00000000000000e+00 0.00000000000000e+00 0.00000000000000e+00 0.00000000000000e+00 0.00000000000000e+00 0.00000000000000e+00 
1.13361360936966e-01 2.79148585832151e+02 2.78591564557862e+02 3.99847390073699e+20 3.36174138666391e+19 2.28241182666402e+17 1.31744979540126e+16 4.08901952807012e+15 8.07462452711525e+19 1.79396210062664e+16 2.76791916268812e+12 5.27145460926800e+14 1.47905034157814e+17 2.97520314552977e+12 0.00000000000000e+00 0.00000000000000e+00 0.00000000000000e+00 0.00000000000000e+00 0.00000000000000e+00 0.00000000000000e+00 0.00000000000000e+00 
1.25184333214151e-01 2.79160020984639e+02 2.78598219299779e+02 3.98549628978334e+20 3.40201340094436e+19 2.29905400652052e+17 1.31260169406693e+16 4.14502089661239e+15 8.25297100286788e+19 1.81854840577519e+16 2.83568832452972e+12 5.16686674294178e+14 1.48917726549426e+17 3.01578873275405e+12 0.00000000000000e+00 0.00000000000000e+00 0.00000000000000e+00 0.00000000000000e+00 0.00000000000000e+00 0.00000000000000e+00 0.00000000000000e+00 
1.37007305491336e-01 2.79168798115311e+02 2.78603332585615e+02 3.97573941007308e+20 3.43048677274287e+19 2.31123951450451e+17 1.30894752705077e+16 4.18759247564962e+15 8.39076279485383e+19 1.83747801124630e+16 2.88825547116063e+12 5.08925478003764e+14 1.49370974492911e+17 3.04700720898598e+12 0.00000000000000e+00 0.00000000000000e+00 0.00000000000000e+00 0.00000000000000e+00 0.00000000000000e+00 0.00000000000000e+00 0.00000000000000e+00 
1.48830277768521e-01 2.79175522667690e+02 2.78607257120714e+02 3.96841627371761e+20 3.45048879638579e+19 2.32014513544850e+17 1.30619733526274e+16 4.22000319199922e+15 8.49700775377450e+19 1.85202048457225e+16 2.92891516221691e+12 5.02930877115236e+14 1.49439882568271e+17 3.07109732349027e+12 0.00000000000000e+00 0.00000000000000e+00 0.00000000000000e+00 0.00000000000000e+00 0.00000000000000e+00 0.00000000000000e+00 0.00000000000000e+00 
1.69613233406684e-01 2.79183662627810e+02 2.78610263741255e+02 3.95981030767141e+20 3.47162390674877e+19 2.33020904645061e+17 1.30295142896077e+16 4.25903702635911e+15 8.62677488992308e+19 1.86968309230425e+16 2.97873232865433e+12 4.95780712488894e+14 1.48981247113448e+17 3.10073692020144e+12 0.00000000000000e+00 0.00000000000000e+00 0.00000000000000e+00 0.00000000000000e+00 0.00000000000000e+00 0.00000000000000e+00 0.00000000000000e+00 
1.90396189044847e-01 2.79188725086393e+02 2.78613902980829e+02 3.95463780583891e+20 3.48263923926645e+19 2.33597967712870e+17 1.30099018845042e+16 4.28334443401704e+15 8.70830057252971e+19 1.88070946583855e+16 3.01012486355018e+12 4.91336296028567e+14 1.48203735620697e+17 3.11960303167781e+12 0.00000000000000e+00 0.00000000000000e+00 0.00000000000000e+00 0.00000000000000e+00 0.00000000000000e+00 0.00000000000000e+00 0.00000000000000e+00 
2.11179144683010e-01 2.79191903054636e+02 2.78616166171448e+02 3.95148182749891e+20 3.48848342721349e+19 2.33936035373537e+17 1.29978798404262e+16 4.29866154913885e+15 8.75990529238330e+19 1.88765353322092e+16 3.03003811494830e+12 4.88532211832576e+14 1.47375499291532e+17 3.13168837307733e+12 0.00000000000000e+00 0.00000000000000e+00 0.00000000000000e+00 0.00000000000000e+00 0.00000000000000e+00 0.00000000000000e+00 0.00000000000000e+00 
2.31962100321173e-01 2.79193895520597e+02 2.78617586821454e+02 3.94955721641596e+20 3.49151544424633e+19 2.34133937578249e+17 1.29905135190263e+16 4.30828332963476e+15 8.79251810127820e+19 1.89202074352868e+16 3.04264247634229e+12 4.86757798280415e+14 1.46612678317735e+17 3.13942978987498e+12 0.00000000000000e+00 0.00000000000000e+00 0.00000000000000e+00 0.00000000000000e+00 0.00000000000000e+00 0.00000000000000e+00 0.00000000000000e+00 
2.52745055959335e-01 2.79195130294088e+02 2.78618477474003e+02 3.94840229138271e+20 3.49295387687748e+19 2.34246678127121e+17 1.29860691687646e+16 4.31425004471505e+15 8.81291088917428e+19 1.89473818473744e+16 3.05054582966534e+12 4.85659453525253e+14 1.45957296336194e+17 3.14431903444656e+12 0.00000000000000e+00 0.00000000000000e+00 0.00000000000000e+00 0.00000000000000e+00 0.00000000000000e+00 0.00000000000000e+00 0.00000000000000e+00 
2.88953435737994e-01 2.79196187958996e+02 2.78619029402142e+02 3.94746996650991e+20 3.49352496139003e+19 2.34329238135368e+17 1.29824379414376e+16 4.31944508802521e+15 8.83065887115857e+19 1.89707743036451e+16 3.05741448185127e+12 4.84654346409768e+14 1.45081567194586e+17 3.14877822185053e+12 0.00000000000000e+00 0.00000000000000e+00 0.00000000000000e+00 0.00000000000000e+00 0.00000000000000e+00 0.00000000000000e+00 0.00000000000000e+00 
3.25161815516654e-01 2.79196645700261e+02 2.78619502123482e+02 3.94708738134558e+20 3.49353539946780e+19 2.34359924567129e+17 1.29809325292769e+16 4.32175004470534e+15 8.83844979705218e+19 1.89809760492475e+16 3.06043995822508e+12 4.84214562412350e+14 1.44523657061034e+17 3.15077570955784e+12 0.00000000000000e+00 0.00000000000000e+00 0.00000000000000e+00 0.00000000000000e+00 0.00000000000000e+00 0.00000000000000e+00 0.00000000000000e+00 
3.61370195295313e-01 2.79196880969122e+02 2.78619706696402e+02 3.94688819215524e+20 3.49357549096250e+19 2.34376595553554e+17 1.29801506630541e+16 4.32293315844172e+15 8.84244879442498e+19 1.89862296595706e+16 3.06199431155391e+12 4.83991418921759e+14 1.44192608073166e+17 3.15179101175098e+12 0.00000000000000e+00 0.00000000000000e+00 0.00000000000000e+00 0.00000000000000e+00 0.00000000000000e+00 0.00000000000000e+00 0.00000000000000e+00 
3.97578575073972e-01 2.79197001328672e+02 2.78619811845448e+02 3.94678634998820e+20 3.49359763704305e+19 2.34385019356020e+17 1.29797525230495e+16 4.32350943508053e+15 8.84449745694827e+19 1.89889408597637e+16 3.06280464956301e+12 4.83897336017048e+14 1.43998964359031e+17 3.15227373883512e+12 0.00000000000000e+00 0.00000000000000e+00 0.00000000000000e+00 0.00000000000000e+00 0.00000000000000e+00 0.00000000000000e+00 0.00000000000000e+00 
4.33786954852631e-01 2.79197049106196e+02 2.78619865638463e+02 3.94675031356128e+20 3.49355654675454e+19 2.34387561637187e+17 1.29796061674915e+16 4.32375580335594e+15 8.84533454828116e+19 1.89900127609834e+16 3.06312147295709e+12 4.83831912289478e+14 1.43882927976411e+17 3.15252599657673e+12 0.00000000000000e+00 0.00000000000000e+00 0.00000000000000e+00 0.00000000000000e+00 0.00000000000000e+00 0.00000000000000e+00 0.00000000000000e+00 
5.13613219565859e-01 2.79197052146887e+02 2.78619886989014e+02 3.94675464227754e+20 3.49348142700036e+19 2.34386325810079e+17 1.29796171559831e+16 4.32379398955701e+15 8.84542608728185e+19 1.89901078895536e+16 3.06315533282207e+12 4.83821973083540e+14 1.43790780776359e+17 3.15257704503318e+12 0.00000000000000e+00 0.00000000000000e+00 0.00000000000000e+00 0.00000000000000e+00 0.00000000000000e+00 0.00000000000000e+00 0.00000000000000e+00 
5.93439484279088e-01 2.79197049506136e+02 2.78619888344112e+02 3.94676020909221e+20 3.49344387976931e+19 2.34385382029117e+17 1.29796363173874e+16 4.32379947200261e+15 8.84539955046730e+19 1.89900619618038e+16 3.06314589182052e+12 4.83822448747418e+14 1.43759058279750e+17 3.15257929558689e+12 0.00000000000000e+00 0.00000000000000e+00 0.00000000000000e+00 0.00000000000000e+00 0.00000000000000e+00 0.00000000000000e+00 0.00000000000000e+00 
6.73265748992316e-01 2.79197063434660e+02 2.78619887161858e+02 3.94674835000636e+20 3.49344711969464e+19 2.34386262913356e+17 1.29795908853242e+16 4.32384934197072e+15 8.84563603414774e+19 1.89903835646957e+16 3.06324741413555e+12 4.83822331665966e+14 1.43739090068703e+17 3.15261454254698e+12 0.00000000000000e+00 0.00000000000000e+00 0.00000000000000e+00 0.00000000000000e+00 0.00000000000000e+00 0.00000000000000e+00 0.00000000000000e+00 
7.53092013705544e-01 2.79197070752231e+02 2.78619893387023e+02 3.94674173949944e+20 3.49345334821840e+19 2.34386987092482e+17 1.29795644712688e+16 4.32388894742996e+15 8.84575876595934e+19 1.89905389991411e+16 3.06328816129395e+12 4.83804775816665e+14 1.43728625331997e+17 3.15266229932840e+12 0.00000000000000e+00 0.00000000000000e+00 0.00000000000000e+00 0.00000000000000e+00 0.00000000000000e+00 0.00000000000000e+00 0.00000000000000e+00 
8.32918278418773e-01 2.79197068152132e+02 2.78619896657811e+02 3.94674406394349e+20 3.49345188730838e+19 2.34386844739312e+17 1.29795730892309e+16 4.32388575354375e+15 8.84571569402127e+19 1.89904783352401e+16 3.06326768133586e+12 4.83807193233181e+14 1.43727087302735e+17 3.15266091218498e+12 0.00000000000000e+00 0.00000000000000e+00 0.00000000000000e+00 0.00000000000000e+00 0.00000000000000e+00 0.00000000000000e+00 0.00000000000000e+00 
1.09482048088413e+00 2.79197065948987e+02 2.78619895495761e+02 3.94674596401887e+20 3.49345133437856e+19 2.34386675359827e+17 1.29795806323644e+16 4.32387547096825e+15 8.84567870426351e+19 1.89904311722586e+16 3.06325456947221e+12 4.83808210652348e+14 1.43727534041205e+17 3.15264901314412e+12 0.00000000000000e+00 0.00000000000000e+00 0.00000000000000e+00 0.00000000000000e+00 0.00000000000000e+00 0.00000000000000e+00 0.00000000000000e+00 
1.35672268334949e+00 2.79197064484586e+02 2.78619894511138e+02 3.94674719437296e+20 3.49345119525880e+19 2.34386596139315e+17 1.29795852733806e+16 4.32387319346366e+15 8.84565378593196e+19 1.89903965967835e+16 3.06324328740146e+12 4.83805455646991e+14 1.43729558447571e+17 3.15264724937541e+12 0.00000000000000e+00 0.00000000000000e+00 0.00000000000000e+00 0.00000000000000e+00 0.00000000000000e+00 0.00000000000000e+00 0.00000000000000e+00 
1.61862488581485e+00 2.79197064916751e+02 2.78619893856658e+02 3.94674680755731e+20 3.49345142226366e+19 2.34386605801755e+17 1.29795839638046e+16 4.32387012051968e+15 8.84566088654851e+19 1.89904076862732e+16 3.06324754371691e+12 4.83809226653607e+14 1.43730153871128e+17 3.15264450794905e+12 0.00000000000000e+00 0.00000000000000e+00 0.00000000000000e+00 0.00000000000000e+00 0.00000000000000e+00 0.00000000000000e+00 0.00000000000000e+00 
1.88052708828022e+00 2.79197065189358e+02 2.78619894049800e+02 3.94674658361379e+20 3.49345136824819e+19 2.34386619863553e+17 1.29795830980999e+16 4.32387136915984e+15 8.84566553451325e+19 1.89904139503424e+16 3.06324956151325e+12 4.83808255347637e+14 1.43729937754726e+17 3.15264532388016e+12 0.00000000000000e+00 0.00000000000000e+00 0.00000000000000e+00 0.00000000000000e+00 0.00000000000000e+00 0.00000000000000e+00 0.00000000000000e+00 
4.49954911293382e+00 2.79197065173755e+02 2.78619894171626e+02 3.94674660042169e+20 3.49345132882277e+19 2.34386619698618e+17 1.29795831490600e+16 4.32387122690790e+15 8.84566529417400e+19 1.89904134998008e+16 3.06324934576495e+12 4.83808605828836e+14 1.43729879079100e+17 3.15264552373203e+12 0.00000000000000e+00 0.00000000000000e+00 0.00000000000000e+00 0.00000000000000e+00 0.00000000000000e+00 0.00000000000000e+00 0.00000000000000e+00 
7.11857113758743e+00 2.79197065165624e+02 2.78619894164651e+02 3.94674660671048e+20 3.49345133428068e+19 2.34386619292369e+17 1.29795831741588e+16 4.32387118894053e+15 8.84566515353478e+19 1.89904133169233e+16 3.06324928969466e+12 4.83808620596178e+14 1.43729891896688e+17 3.15264548601643e+12 0.00000000000000e+00 0.00000000000000e+00 0.00000000000000e+00 0.00000000000000e+00 0.00000000000000e+00 0.00000000000000e+00 0.00000000000000e+00 
9.73759316224104e+00 2.79197065165530e+02 2.78619894161017e+02 3.94674660676574e+20 3.49345133437808e+19 2.34386619276977e+17 1.29795831743955e+16 4.32387117060485e+15 8.84566515148371e+19 1.89904133141959e+16 3.06324928937706e+12 4.83808633345632e+14 1.43729894310924e+17 3.15264548616580e+12 0.00000000000000e+00 0.00000000000000e+00 0.00000000000000e+00 0.00000000000000e+00 0.00000000000000e+00 0.00000000000000e+00 0.00000000000000e+00 
3.59278134087771e+01 2.79197065165554e+02 2.78619894160975e+02 3.94674660674568e+20 3.49345133433150e+19 2.34386619271149e+17 1.29795831743627e+16 4.32387116944878e+15 8.84566515185927e+19 1.89904133151040e+16 3.06324928998067e+12 4.83808633883912e+14 1.43729894596047e+17 3.15264548516521e+12 0.00000000000000e+00 0.00000000000000e+00 0.00000000000000e+00 0.00000000000000e+00 0.00000000000000e+00 0.00000000000000e+00 0.00000000000000e+00 
6.21180336553132e+01 2.79197065165553e+02 2.78619894160986e+02 3.94674660674588e+20 3.49345133433457e+19 2.34386619271304e+17 1.29795831743628e+16 4.32387116969994e+15 8.84566515186034e+19 1.89904133151114e+16 3.06324928998174e+12 4.83808633655244e+14 1.43729894524310e+17 3.15264548516575e+12 0.00000000000000e+00 0.00000000000000e+00 0.00000000000000e+00 0.00000000000000e+00 0.00000000000000e+00 0.00000000000000e+00 0.00000000000000e+00 
8.83082539018492e+01 2.79197065165553e+02 2.78619894160986e+02 3.94674660674578e+20 3.49345133433398e+19 2.34386619271302e+17 1.29795831743624e+16 4.32387116967359e+15 8.84566515186113e+19 1.89904133151102e+16 3.06324928997943e+12 4.83808633693796e+14 1.43729894535887e+17 3.15264548516551e+12 0.00000000000000e+00 0.00000000000000e+00 0.00000000000000e+00 0.00000000000000e+00 0.00000000000000e+00 0.00000000000000e+00 0.00000000000000e+00 
1.88308253901849e+02 2.79197065165554e+02 2.78619894160986e+02 3.94674660674638e+20 3.49345133433466e+19 2.34386619271356e+17 1.29795831743651e+16 4.32387116968457e+15 8.84566515186221e+19 1.89904133151127e+16 3.06324928997921e+12 4.83808633683878e+14 1.43729894533139e+17 3.15264548516676e+12 0.00000000000000e+00 0.00000000000000e+00 0.00000000000000e+00 0.00000000000000e+00 0.00000000000000e+00 0.00000000000000e+00 0.00000000000000e+00 
2.88308253901849e+02 2.79197065165554e+02 2.78619894160986e+02 3.94674660674669e+20 3.49345133433493e+19 2.34386619271382e+17 1.29795831743665e+16 4.32387116968475e+15 8.84566515186291e+19 1.89904133151141e+16 3.06324928997916e+12 4.83808633684024e+14 1.43729894533176e+17 3.15264548516754e+12 0.00000000000000e+00 0.00000000000000e+00 0.00000000000000e+00 0.00000000000000e+00 0.00000000000000e+00 0.00000000000000e+00 0.00000000000000e+00 
3.88308253901849e+02 2.79197065165554e+02 2.78619894160986e+02 3.94674660674687e+20 3.49345133433510e+19 2.34386619271397e+17 1.29795831743673e+16 4.32387116968536e+15 8.84566515186330e+19 1.89904133151150e+16 3.06324928997916e+12 4.83808633683621e+14 1.43729894533069e+17 3.15264548516795e+12 0.00000000000000e+00 0.00000000000000e+00 0.00000000000000e+00 0.00000000000000e+00 0.00000000000000e+00 0.00000000000000e+00 0.00000000000000e+00 
4.88308253901849e+02 2.79197065165554e+02 2.78619894160986e+02 3.94674660674713e+20 3.49345133433534e+19 2.34386619271418e+17 1.29795831743685e+16 4.32387116968561e+15 8.84566515186389e+19 1.89904133151162e+16 3.06324928997917e+12 4.83808633683657e+14 1.43729894533084e+17 3.15264548516855e+12 0.00000000000000e+00 0.00000000000000e+00 0.00000000000000e+00 0.00000000000000e+00 0.00000000000000e+00 0.00000000000000e+00 0.00000000000000e+00 
5.88308253901849e+02 2.79197065165554e+02 2.78619894160986e+02 3.94674660674717e+20 3.49345133433537e+19 2.34386619271422e+17 1.29795831743686e+16 4.32387116968568e+15 8.84566515186397e+19 1.89904133151164e+16 3.06324928997916e+12 4.83808633683640e+14 1.43729894533079e+17 3.15264548516866e+12 0.00000000000000e+00 0.00000000000000e+00 0.00000000000000e+00 0.00000000000000e+00 0.00000000000000e+00 0.00000000000000e+00 0.00000000000000e+00 
6.88308253901849e+02 2.79197065165554e+02 2.78619894160986e+02 3.94674660674735e+20 3.49345133433554e+19 2.34386619271437e+17 1.29795831743695e+16 4.32387116968588e+15 8.84566515186439e+19 1.89904133151172e+16 3.06324928997918e+12 4.83808633683641e+14 1.43729894533083e+17 3.15264548516907e+12 0.00000000000000e+00 0.00000000000000e+00 0.00000000000000e+00 0.00000000000000e+00 0.00000000000000e+00 0.00000000000000e+00 0.00000000000000e+00 
7.88308253901849e+02 2.79197065165554e+02 2.78619894160986e+02 3.94674660674755e+20 3.49345133433571e+19 2.34386619271453e+17 1.29795831743704e+16 4.32387116968609e+15 8.84566515186483e+19 1.89904133151181e+16 3.06324928997918e+12 4.83808633683641e+14 1.43729894533086e+17 3.15264548516953e+12 0.00000000000000e+00 0.00000000000000e+00 0.00000000000000e+00 0.00000000000000e+00 0.00000000000000e+00 0.00000000000000e+00 0.00000000000000e+00 
8.88308253901849e+02 2.79197065165554e+02 2.78619894160986e+02 3.94674660674783e+20 3.49345133433597e+19 2.34386619271476e+17 1.29795831743717e+16 4.32387116968640e+15 8.84566515186546e+19 1.89904133151194e+16 3.06324928997918e+12 4.83808633683641e+14 1.43729894533091e+17 3.15264548517019e+12 0.00000000000000e+00 0.00000000000000e+00 0.00000000000000e+00 0.00000000000000e+00 0.00000000000000e+00 0.00000000000000e+00 0.00000000000000e+00 
9.88308253901849e+02 2.79197065165554e+02 2.78619894160986e+02 3.94674660674824e+20 3.49345133433633e+19 2.34386619271510e+17 1.29795831743735e+16 4.32387116968685e+15 8.84566515186638e+19 1.89904133151213e+16 3.06324928997919e+12 4.83808633683640e+14 1.43729894533099e+17 3.15264548517113e+12 0.00000000000000e+00 0.00000000000000e+00 0.00000000000000e+00 0.00000000000000e+00 0.00000000000000e+00 0.00000000000000e+00 0.00000000000000e+00 
1.00000000000000e+03 2.79197065165554e+02 2.78619894160986e+02 3.94674660674825e+20 3.49345133433635e+19 2.34386619271511e+17 1.29795831743736e+16 4.32387116968686e+15 8.84566515186641e+19 1.89904133151214e+16 3.06324928997919e+12 4.83808633683641e+14 1.43729894533099e+17 3.15264548517117e+12 0.00000000000000e+00 0.00000000000000e+00 0.00000000000000e+00 0.00000000000000e+00 0.00000000000000e+00 0.00000000000000e+00 0.00000000000000e+00 
