Time(s)              GasTemp(K)           NearWallTemp(K)      [O2(X)](m^-3)        [O2(a1Dg)](m^-3)     [O2(b1Sg+)](m^-3)    [O2(A3Su+_C3Du_c1Su-)](m^-3) [O2(+,X)](m^-3)      [O(3P)](m^-3)        [O(1D)](m^-3)        [O(+,gnd)](m^-3)     [O(-,gnd)](m^-3)     [O3(X)](m^-3)        [O3(exc)](m^-3)      [CO2(X)](m^-3)       [CO2(e1)](m^-3)      [CO2(+,X)](m^-3)     [CO(X)](m^-3)        [CO(a3P)](m^-3)      [CO(+,X)](m^-3)      [C(X)](m^-3)        
0.00000000000000e+00 3.96252108460000e+02 3.56045948807000e+02 2.27164601657505e+22 2.27164601657505e-03 2.27164601657505e-03 2.27164601657505e-03 0.00000000000000e+00 0.00000000000000e+00 0.00000000000000e+00 0.00000000000000e+00 0.00000000000000e+00 0.00000000000000e+00 0.00000000000000e+00 0.00000000000000e+00 0.00000000000000e+00 0.00000000000000e+00 0.00000000000000e+00 0.00000000000000e+00 0.00000000000000e+00 0.00000000000000e+00 
1.16934076049445e-16 3.96252108459992e+02 3.65008772463710e+02 2.27164601657505e+22 1.18954881775558e+07 2.81821832658072e+06 3.74802624432656e+06 2.51633122580943e+02 9.92152815124172e+06 1.52348062813685e+06 5.99383119459592e-03 4.81842785374092e+05 1.08016877636896e-06 1.15448695874756e-10 0.00000000000000e+00 0.00000000000000e+00 0.00000000000000e+00 0.00000000000000e+00 0.00000000000000e+00 0.00000000000000e+00 0.00000000000000e+00 
2.33868152098889e-16 3.96252108459984e+02 3.65008772463706e+02 2.27164601657504e+22 2.37909763528455e+07 5.63643665100935e+06 7.49605248637857e+06 5.03266245161883e+02 1.98430563026400e+07 3.04696125611711e+06 1.19876623889417e-02 9.63685570746931e+05 3.40914027309431e-06 3.64369723690922e-10 0.00000000000000e+00 0.00000000000000e+00 0.00000000000000e+00 0.00000000000000e+00 0.00000000000000e+00 0.00000000000000e+00 0.00000000000000e+00 
3.50802228148334e-16 3.96252108459977e+02 3.65008772463701e+02 2.27164601657504e+22 3.56864645281408e+07 8.45465497556003e+06 1.12440787284276e+07 7.54899367742818e+02 2.97645844541982e+07 4.57044188393750e+06 1.79814935830322e-02 1.44552835611849e+06 7.01324130843300e-06 7.49576900051478e-10 0.00000000000000e+00 0.00000000000000e+00 0.00000000000000e+00 0.00000000000000e+00 0.00000000000000e+00 0.00000000000000e+00 0.00000000000000e+00 
8.60990743044491e-16 3.96252108459943e+02 3.65008772463696e+02 2.27164601657503e+22 8.75870024308788e+07 2.07506654319434e+07 2.75968820071783e+07 1.85278574479821e+03 7.30526479884550e+07 1.12174548423155e+07 4.41328426032458e-02 3.54782961325215e+06 3.66607335413602e-05 3.91830792551544e-09 0.00000000000000e+00 0.00000000000000e+00 0.00000000000000e+00 0.00000000000000e+00 0.00000000000000e+00 0.00000000000000e+00 0.00000000000000e+00 
1.37117925794065e-15 3.96252108459909e+02 3.65008772463675e+02 2.27164601657502e+22 1.39487540333722e+08 3.30466758906080e+07 4.39496852858736e+07 2.95067212185354e+03 1.16340711525700e+08 1.78644677977056e+07 7.02841916186867e-02 5.65013087036189e+06 9.01394840076744e-05 9.63412950260626e-09 0.00000000000000e+00 0.00000000000000e+00 0.00000000000000e+00 0.00000000000000e+00 0.00000000000000e+00 0.00000000000000e+00 0.00000000000000e+00 
1.88136777283681e-15 3.96252108459875e+02 3.65008772463655e+02 2.27164601657501e+22 1.91388078236671e+08 4.53426863515899e+07 6.03024885645127e+07 4.04855849890879e+03 1.59628775065979e+08 2.45114807500604e+07 9.64355406292796e-02 7.75243212744734e+06 1.67825859011994e-04 1.79372677517301e-08 0.00000000000000e+00 0.00000000000000e+00 0.00000000000000e+00 0.00000000000000e+00 0.00000000000000e+00 0.00000000000000e+00 0.00000000000000e+00 
2.39155628773296e-15 3.96252108459841e+02 3.65008772463634e+02 2.27164601657500e+22 2.43288616139727e+08 5.76386968149018e+07 7.66552918430952e+07 5.14644487596396e+03 2.02916838609311e+08 3.11584936993633e+07 1.22586889634998e-01 9.85473338450837e+06 2.69852685694143e-04 2.88419192694124e-08 0.00000000000000e+00 0.00000000000000e+00 0.00000000000000e+00 0.00000000000000e+00 0.00000000000000e+00 0.00000000000000e+00 0.00000000000000e+00 
3.90571328603794e-15 3.96252108459740e+02 3.65008772463613e+02 2.27164601657497e+22 3.97321018648871e+08 9.41312672230230e+07 1.25187767198876e+08 8.40479407949301e+03 3.31388810150506e+08 5.08857530789290e+07 2.00199863940236e-01 1.60940235055311e+07 7.16143091197645e-04 7.65415440293426e-08 0.00000000000000e+00 0.00000000000000e+00 0.00000000000000e+00 0.00000000000000e+00 0.00000000000000e+00 0.00000000000000e+00 0.00000000000000e+00 
5.41987028434291e-15 3.96252108459640e+02 3.65008772463552e+02 2.27164601657494e+22 5.51353421158958e+08 1.30623837651689e+08 1.73720242554158e+08 1.16631432830214e+04 4.59860781718610e+08 7.06130124315856e+07 2.77812838202493e-01 2.23333136263385e+07 1.37705017413463e-03 1.47179450361473e-07 0.00000000000000e+00 0.00000000000000e+00 0.00000000000000e+00 0.00000000000000e+00 0.00000000000000e+00 0.00000000000000e+00 0.00000000000000e+00 
6.93402728264789e-15 3.96252108459539e+02 3.65008772463490e+02 2.27164601657491e+22 7.05385823669989e+08 1.67116408100899e+08 2.22252717908941e+08 1.49214924865491e+04 5.88332753313621e+08 9.03402717573321e+07 3.55425812421767e-01 2.85726037469305e+07 2.25258060828636e-03 2.40756351566519e-07 0.00000000000000e+00 0.00000000000000e+00 0.00000000000000e+00 0.00000000000000e+00 0.00000000000000e+00 0.00000000000000e+00 0.00000000000000e+00 
8.44818428095287e-15 3.96252108459439e+02 3.65008772463428e+02 2.27164601657487e+22 8.59418226181964e+08 2.03608978570655e+08 2.70785193263225e+08 1.81798416900762e+04 7.16804724935541e+08 1.10067531056169e+08 4.33038786598060e-01 3.48118938673072e+07 3.34273287788072e-03 3.57272085643945e-07 0.00000000000000e+00 0.00000000000000e+00 0.00000000000000e+00 0.00000000000000e+00 0.00000000000000e+00 0.00000000000000e+00 0.00000000000000e+00 
2.35897542640026e-14 3.96252108458433e+02 3.65008772463367e+02 2.27164601657456e+22 2.39974225135361e+09 5.68534684398169e+08 7.56109946778633e+08 5.07633337253106e+04 2.00152444263467e+09 3.07340122564512e+08 1.20916852599700e+00 9.72047950592296e+07 2.60483276363892e-02 2.78405146095205e-06 0.00000000000000e+00 0.00000000000000e+00 0.00000000000000e+00 0.00000000000000e+00 0.00000000000000e+00 0.00000000000000e+00 0.00000000000000e+00 
3.87313242470524e-14 3.96252108457426e+02 3.65008772462751e+02 2.27164601657424e+22 3.94006627661961e+09 9.33460392280157e+08 1.24143470024416e+09 8.33468257604789e+04 3.28624416302458e+09 5.04612711381899e+08 1.98529826109777e+00 1.59597696229617e+08 7.02159141205635e-02 7.50469362820470e-06 0.00000000000000e+00 0.00000000000000e+00 0.00000000000000e+00 0.00000000000000e+00 0.00000000000000e+00 0.00000000000000e+00 0.00000000000000e+00 
5.38728942301021e-14 3.96252108456420e+02 3.65008772462135e+02 2.27164601657393e+22 5.48039030197998e+09 1.29838610221662e+09 1.72675945365980e+09 1.15930317795581e+05 4.57096388610527e+09 7.01885297508330e+08 2.76142799190038e+00 2.21990597378469e+08 1.35845473748973e-01 1.45191966067000e-05 0.00000000000000e+00 0.00000000000000e+00 0.00000000000000e+00 0.00000000000000e+00 0.00000000000000e+00 0.00000000000000e+00 0.00000000000000e+00 
6.90144642131519e-14 3.96252108455414e+02 3.65008772461519e+02 2.27164601657361e+22 7.02071432743471e+09 1.66331181420755e+09 2.21208420702557e+09 1.48513809830617e+05 5.85568361187675e+09 8.99157880943807e+08 3.53755771840483e+00 2.84383498505786e+08 2.22937003519885e-01 2.38275600811483e-05 0.00000000000000e+00 0.00000000000000e+00 0.00000000000000e+00 0.00000000000000e+00 0.00000000000000e+00 0.00000000000000e+00 0.00000000000000e+00 
2.20430164043649e-13 3.96252108445353e+02 3.65008772460903e+02 2.27164601657045e+22 2.24239545871719e+10 5.31256904711274e+09 7.06533173793975e+09 4.74348730177348e+05 1.87028810175846e+10 2.87188356729609e+09 1.12988547470504e+01 9.08312508594526e+08 2.27426071950004e+00 2.43073530565311e-04 0.00000000000000e+00 0.00000000000000e+00 0.00000000000000e+00 0.00000000000000e+00 0.00000000000000e+00 0.00000000000000e+00 0.00000000000000e+00 
3.71845863874147e-13 3.96252108435292e+02 3.65008772454745e+02 2.27164601656728e+22 3.78271948563452e+10 8.96182648546500e+09 1.19185792638658e+10 8.00183650517476e+05 3.15500786923708e+10 4.84460898455296e+09 1.90601513458798e+01 1.53224151652975e+09 6.47178153918259e+00 6.91705566530056e-04 0.00000000000000e+00 0.00000000000000e+00 0.00000000000000e+00 0.00000000000000e+00 0.00000000000000e+00 0.00000000000000e+00 0.00000000000000e+00 
5.23261563704645e-13 3.96252108425231e+02 3.65008772448586e+02 2.27164601656412e+22 5.32304351349546e+10 1.26110841292643e+10 1.67718267848038e+10 1.12601857085100e+06 4.43972766362351e+10 6.81733413271444e+09 2.68214475148930e+01 2.15617052231147e+09 1.28154994668339e+01 1.36972367371726e-03 0.00000000000000e+00 0.00000000000000e+00 0.00000000000000e+00 0.00000000000000e+00 0.00000000000000e+00 0.00000000000000e+00 0.00000000000000e+00 
6.74677263535142e-13 3.96252108415169e+02 3.65008772442427e+02 2.27164601656096e+22 6.86336754230001e+10 1.62603419785106e+10 2.16250743007536e+10 1.45185349117792e+06 5.72444748491778e+10 8.79005901178058e+09 3.45827432540900e+01 2.78009952593968e+09 2.13054144974855e+01 2.27712785713215e-03 0.00000000000000e+00 0.00000000000000e+00 0.00000000000000e+00 0.00000000000000e+00 0.00000000000000e+00 0.00000000000000e+00 0.00000000000000e+00 
2.18883426184012e-12 3.96252108314558e+02 3.65008772436269e+02 2.27164601652933e+22 2.22666078822442e+11 5.27529317705497e+10 7.01575491859055e+10 4.71020269408393e+06 1.85716471777893e+11 2.85172930022113e+10 1.12195677006182e+02 9.01938944377864e+09 2.24245402912828e+02 2.39674056137254e-02 0.00000000000000e+00 0.00000000000000e+00 0.00000000000000e+00 0.00000000000000e+00 0.00000000000000e+00 0.00000000000000e+00 0.00000000000000e+00 
3.70299126014509e-12 3.96252108213946e+02 3.65008772374682e+02 2.27164601649770e+22 3.76698483165495e+11 8.92455421072585e+10 1.18690023572246e+11 7.96855189632957e+06 3.14188495614387e+11 4.82445000831494e+10 1.89808567776689e+02 1.52586791462665e+10 6.41805093599197e+02 6.85962964595545e-02 0.00000000000000e+00 0.00000000000000e+00 0.00000000000000e+00 0.00000000000000e+00 0.00000000000000e+00 0.00000000000000e+00 0.00000000000000e+00 
5.21714825845007e-12 3.96252108113334e+02 3.65008772313095e+02 2.27164601646607e+22 5.30730888452160e+11 1.25738172988610e+11 1.67222497459775e+11 1.12269010979149e+07 4.42660546358627e+11 6.79716802546300e+10 2.67421415565637e+02 2.14979686334033e+10 1.27398447987612e+03 1.36163804966486e-01 0.00000000000000e+00 0.00000000000000e+00 0.00000000000000e+00 0.00000000000000e+00 0.00000000000000e+00 0.00000000000000e+00 0.00000000000000e+00 
6.73130525675504e-12 3.96252108012722e+02 3.65008772251509e+02 2.27164601643445e+22 6.84763294682434e+11 1.62230824414576e+11 2.15754970848492e+11 1.44852502988398e+07 5.71132624010574e+11 8.76988335166897e+10 3.45034220373050e+02 2.77372579051890e+10 2.12078355475096e+03 2.26669935923382e-01 0.00000000000000e+00 0.00000000000000e+00 0.00000000000000e+00 0.00000000000000e+00 0.00000000000000e+00 0.00000000000000e+00 0.00000000000000e+00 
2.18728752398048e-11 3.96252107006604e+02 3.65008772189922e+02 2.27164601611816e+22 2.22508740888339e+12 5.27158468617900e+11 7.01079677301032e+11 4.70687422717668e+07 1.85585488044073e+12 2.84968886132404e+11 1.12115990447223e+03 9.01301387787369e+10 2.23928546466646e+04 2.39335721297110e+00 0.00000000000000e+00 0.00000000000000e+00 0.00000000000000e+00 0.00000000000000e+00 0.00000000000000e+00 0.00000000000000e+00 0.00000000000000e+00 
3.70144452228546e-11 3.96252106000485e+02 3.65008771574056e+02 2.27164601580188e+22 3.76541161744433e+12 8.92088167250644e+11 1.18640433387242e+12 7.96522341786511e+07 3.14057982759981e+12 4.82236247847920e+11 1.89728129044772e+03 1.52522998117180e+11 6.41268866110976e+04 6.85391220585996e+00 0.00000000000000e+00 0.00000000000000e+00 0.00000000000000e+00 0.00000000000000e+00 0.00000000000000e+00 0.00000000000000e+00 0.00000000000000e+00 
5.21560152059043e-11 3.96252104994368e+02 3.65008770958190e+02 2.27164601548560e+22 5.30573592036441e+12 1.25701992028601e+12 1.67172894056267e+12 1.12235726019488e+08 4.42530746545280e+12 6.79500918698247e+11 2.67339837832435e+03 2.14915835920520e+11 1.27322872772562e+05 1.36083394868739e+01 0.00000000000000e+00 0.00000000000000e+00 0.00000000000000e+00 0.00000000000000e+00 0.00000000000000e+00 0.00000000000000e+00 0.00000000000000e+00 
6.72975851889541e-11 3.96252103988250e+02 3.65008770342324e+02 2.27164601516932e+22 6.84606031764275e+12 1.62195372769594e+12 2.15705349737178e+12 1.44819217794271e+08 5.71003779396303e+12 8.76762898720053e+11 3.44951116812813e+03 2.77308652188763e+11 2.11980806139386e+05 2.26566438448040e+01 0.00000000000000e+00 0.00000000000000e+00 0.00000000000000e+00 0.00000000000000e+00 0.00000000000000e+00 0.00000000000000e+00 0.00000000000000e+00 
2.18713285019452e-10 3.96252093927092e+02 3.65008769726458e+02 2.27164601200650e+22 2.22493094798128e+13 5.27140478224278e+12 7.01029632200206e+12 4.70654131907334e+08 1.85574890519461e+13 2.84923471663570e+12 1.12104026815673e+04 9.01235630441984e+11 2.23896470637497e+06 2.39304659183277e+02 0.00000000000000e+00 0.00000000000000e+00 0.00000000000000e+00 0.00000000000000e+00 0.00000000000000e+00 0.00000000000000e+00 0.00000000000000e+00 
3.70128984849949e-10 3.96252083865964e+02 3.65008763567810e+02 2.27164600884366e+22 3.76525680768060e+13 8.92106124218756e+12 1.18635341585241e+13 7.96489039409212e+08 3.14052093337623e+13 4.82143749358630e+12 1.89708644174270e+04 1.52516045518921e+12 6.41213533986985e+06 6.85345852229558e+02 0.00000000000000e+00 0.00000000000000e+00 0.00000000000000e+00 0.00000000000000e+00 0.00000000000000e+00 0.00000000000000e+00 0.00000000000000e+00 
5.21544684680447e-10 3.96252073804866e+02 3.65008757409180e+02 2.27164600568080e+22 5.30558361077843e+13 1.25709230807423e+13 1.67167670069428e+13 1.12232394029497e+09 4.42531986044077e+13 6.79337126457294e+12 2.67308964005320e+04 2.14908312643367e+12 1.27314860311500e+07 1.36078479411121e+03 0.00000000000000e+00 0.00000000000000e+00 0.00000000000000e+00 0.00000000000000e+00 0.00000000000000e+00 0.00000000000000e+00 0.00000000000000e+00 
6.72960384510944e-10 3.96252063743798e+02 3.65008751250569e+02 2.27164600251792e+22 6.84591135718700e+13 1.62209902698538e+13 2.15699948672629e+13 1.44815883455946e+09 5.71014568272248e+13 8.76503606624982e+12 3.44904986568819e+04 2.77300364417876e+12 2.11970097885668e+07 2.26562627188724e+03 0.00000000000000e+00 0.00000000000000e+00 0.00000000000000e+00 0.00000000000000e+00 0.00000000000000e+00 0.00000000000000e+00 0.00000000000000e+00 
2.18711738281592e-09 3.96251963134775e+02 3.65008745091977e+02 2.27164597088792e+22 2.22492406716353e+14 5.27329463001402e+13 7.01019991268373e+13 4.70650741116517e+09 1.85598818172905e+14 2.84669040217704e+13 1.12062895652172e+05 9.01209038038831e+12 2.23889236302264e+08 2.39329110458016e+04 0.00000000000000e+00 0.00000000000000e+00 0.00000000000000e+00 0.00000000000000e+00 0.00000000000000e+00 0.00000000000000e+00 0.00000000000000e+00 
3.70127438112090e-09 3.96251862528759e+02 3.65008683507072e+02 2.27164593925581e+22 3.76526642169631e+14 8.92654053602587e+13 1.18633504582217e+14 7.96485531974284e+09 3.14123032887269e+14 4.81419168911836e+13 1.89592349664273e+05 1.52509617705258e+13 6.41190782270024e+08 6.85459111647457e+04 0.00000000000000e+00 0.00000000000000e+00 0.00000000000000e+00 0.00000000000000e+00 0.00000000000000e+00 0.00000000000000e+00 0.00000000000000e+00 
5.21543137942587e-09 3.96251761925748e+02 3.65008621924017e+02 2.27164590762158e+22 5.30561819095873e+14 1.25818340734218e+14 1.67164511238131e+14 1.12232025553617e+10 4.42674066060261e+14 6.77901095815165e+13 2.67078885487652e+05 2.14896178178210e+13 1.27309497237759e+09 1.36109186212492e+05 0.00000000000000e+00 0.00000000000000e+00 0.00000000000000e+00 0.00000000000000e+00 0.00000000000000e+00 0.00000000000000e+00 0.00000000000000e+00 
6.72958837773085e-09 3.96251661325738e+02 3.65008560342811e+02 2.27164587598524e+22 6.84597936620772e+14 1.62391724476379e+14 2.15695019099529e+14 1.44815491128578e+10 5.71251881175031e+14 8.74115186064491e+13 3.44522529076002e+05 2.77280585256552e+13 2.11959481521481e+09 2.26627505963872e+05 0.00000000000000e+00 0.00000000000000e+00 0.00000000000000e+00 0.00000000000000e+00 0.00000000000000e+00 0.00000000000000e+00 0.00000000000000e+00 
1.77749136507414e-08 3.96250927569021e+02 3.65008498763451e+02 2.27164564514399e+22 1.80827400751783e+15 4.29799730686388e+14 5.69695560056299e+14 3.82501978233341e+10 1.50999568674066e+15 2.29736953719122e+14 9.08155662097028e+05 7.32291148343480e+13 1.47862178780390e+10 1.58184978842860e+06 0.00000000000000e+00 0.00000000000000e+00 0.00000000000000e+00 0.00000000000000e+00 0.00000000000000e+00 0.00000000000000e+00 0.00000000000000e+00 
2.88202389237520e-08 3.96250193970432e+02 3.65008049615985e+02 2.27164541419170e+22 2.93199974684069e+15 6.98283596559523e+14 9.23669561002824e+14 6.20188081688577e+10 2.45014862032677e+15 3.70653167693077e+14 1.46951780920758e+06 1.18718713841794e+14 3.88689647677782e+10 4.16066260481027e+06 0.00000000000000e+00 0.00000000000000e+00 0.00000000000000e+00 0.00000000000000e+00 0.00000000000000e+00 0.00000000000000e+00 0.00000000000000e+00 
3.98655641967625e-08 3.96249460528615e+02 3.65007600565821e+02 2.27164518312948e+22 4.05577481989998e+15 9.67832625040045e+14 1.27761702386506e+15 8.57873781420107e+10 3.39169670397065e+15 5.10174137258873e+14 2.02861899229486e+06 1.64196856857446e+14 7.43651163164022e+10 7.96489121968890e+06 0.00000000000000e+00 0.00000000000000e+00 0.00000000000000e+00 0.00000000000000e+00 0.00000000000000e+00 0.00000000000000e+00 0.00000000000000e+00 
5.09108894697731e-08 3.96248727242223e+02 3.65007151612128e+02 2.27164495195843e+22 5.17959889558529e+15 1.23843623390501e+15 1.63153795056790e+15 1.09555905737200e+11 4.33462610975542e+15 6.48313689102414e+14 2.58546918136184e+06 2.09663545186438e+14 1.21271954953106e+11 1.29963411867700e+07 0.00000000000000e+00 0.00000000000000e+00 0.00000000000000e+00 0.00000000000000e+00 0.00000000000000e+00 0.00000000000000e+00 0.00000000000000e+00 
6.19562147427837e-08 3.96247994109928e+02 3.65006702754081e+02 2.27164472067961e+22 6.30347164630040e+15 1.51008395368960e+15 1.98543234303524e+15 1.33324388950578e+11 5.27892315709919e+15 7.85085502575796e+14 3.14007829541283e+06 2.55118780129725e+14 1.79586764601191e+11 1.92567987553005e+07 0.00000000000000e+00 0.00000000000000e+00 0.00000000000000e+00 0.00000000000000e+00 0.00000000000000e+00 0.00000000000000e+00 0.00000000000000e+00 
1.66944810331833e-07 3.96241032949279e+02 3.65006253990867e+02 2.27164251713705e+22 1.69885341628652e+16 4.14234594751539e+15 5.34796315871826e+15 3.59247202367871e+11 1.43204419049392e+16 2.01939319169818e+15 8.30176103277555e+06 6.86610632411420e+14 1.30293519246617e+12 1.40457655194683e+08 0.00000000000000e+00 0.00000000000000e+00 0.00000000000000e+00 0.00000000000000e+00 0.00000000000000e+00 0.00000000000000e+00 0.00000000000000e+00 
2.71933405920882e-07 3.96234084525711e+02 3.65001992966911e+02 2.27164030482123e+22 2.76777023329988e+16 6.85960977927009e+15 8.70809843675120e+15 5.85164108843383e+11 2.34733307136180e+16 3.14232090952431e+15 1.32701098546051e+07 1.11706888880385e+15 3.45441509619895e+12 3.74290881289377e+08 0.00000000000000e+00 0.00000000000000e+00 0.00000000000000e+00 0.00000000000000e+00 0.00000000000000e+00 0.00000000000000e+00 0.00000000000000e+00 
3.76922001509931e-07 3.96227147862478e+02 3.64997739785216e+02 2.27163808452533e+22 3.83707353901011e+16 9.65418631978575e+15 1.20658398272759e+16 8.11073399024214e+11 3.27275420112918e+16 4.16391518048543e+15 1.80530551719762e+07 1.54649462494565e+15 6.63169806776799e+12 7.22067596792994e+08 0.00000000000000e+00 0.00000000000000e+00 0.00000000000000e+00 0.00000000000000e+00 0.00000000000000e+00 0.00000000000000e+00 0.00000000000000e+00 
4.81910597098980e-07 3.96220222070917e+02 3.64993493847730e+02 2.27163585697095e+22 4.90674141951266e+16 1.25190805150453e+16 1.54211889800318e+16 1.03697336961884e+12 4.20739351350838e+16 5.09331562507271e+15 2.26581969394583e+07 1.97488889625003e+15 1.08324569570205e+13 1.18498067484659e+09 0.00000000000000e+00 0.00000000000000e+00 0.00000000000000e+00 0.00000000000000e+00 0.00000000000000e+00 0.00000000000000e+00 0.00000000000000e+00 
5.86899192688029e-07 3.96213306342022e+02 3.64989254610340e+02 2.27163362281497e+22 5.97675391691842e+16 1.54479250298800e+16 1.87741475440789e+16 1.26286232370310e+12 5.15041896273943e+16 5.93884166386912e+15 2.70928189626539e+07 2.40225274083930e+15 1.60543662476793e+13 1.76411573325652e+09 0.00000000000000e+00 0.00000000000000e+00 0.00000000000000e+00 0.00000000000000e+00 0.00000000000000e+00 0.00000000000000e+00 0.00000000000000e+00 
6.91887788277078e-07 3.96206399939441e+02 3.64985021577706e+02 2.27163138265522e+22 7.04709285722589e+16 1.84349249979797e+16 2.21247171674383e+16 1.48873857110835e+12 6.10107330441972e+16 6.70806470958037e+15 3.13639007952361e+07 2.82858718183315e+15 2.22951025487621e+13 2.46046019000994e+09 0.00000000000000e+00 0.00000000000000e+00 0.00000000000000e+00 0.00000000000000e+00 0.00000000000000e+00 0.00000000000000e+00 0.00000000000000e+00 
1.02650670520978e-06 3.96184442710002e+02 3.64980794298977e+02 2.27162420879864e+22 1.04604645428888e+17 2.82847171763402e+16 3.27877075388638e+16 2.20854559642114e+12 9.17426503910513e+16 8.72689263191648e+15 4.39609897844058e+07 4.18054005166715e+15 4.89570854421421e+13 5.47189921640709e+09 0.00000000000000e+00 0.00000000000000e+00 0.00000000000000e+00 0.00000000000000e+00 0.00000000000000e+00 0.00000000000000e+00 0.00000000000000e+00 
1.36112562214249e-06 3.96162555843030e+02 3.64967354994867e+02 2.27161699374120e+22 1.38765497941500e+17 3.85335021027971e+16 4.34265005621575e+16 2.92815243985033e+12 1.22998935137803e+17 1.02211670627544e+16 5.51613213746432e+07 5.52207836601809e+15 8.58699214171169e+13 9.70663149007031e+09 0.00000000000000e+00 0.00000000000000e+00 0.00000000000000e+00 0.00000000000000e+00 0.00000000000000e+00 0.00000000000000e+00 0.00000000000000e+00 
1.69574453907519e-06 3.96140726148999e+02 3.64953959215222e+02 2.27160974818474e+22 1.72950217334634e+17 4.90775895704280e+16 5.40411494069799e+16 3.64750572837411e+12 1.54644081366769e+17 1.13263616945963e+16 6.51381909748253e+07 6.85323359211703e+15 1.32958773090659e+14 1.51822689044314e+10 0.00000000000000e+00 0.00000000000000e+00 0.00000000000000e+00 0.00000000000000e+00 0.00000000000000e+00 0.00000000000000e+00 0.00000000000000e+00 
2.03036345600790e-06 3.96118943813053e+02 3.64940598884386e+02 2.27160248008911e+22 2.07156363497738e+17 5.98398803456829e+16 6.46317071489845e+16 4.36655277042264e+12 1.86577328273147e+17 1.21432056714743e+16 7.40432122957462e+07 8.17403694813164e+15 1.90148989127958e+14 2.19118397228736e+10 0.00000000000000e+00 0.00000000000000e+00 0.00000000000000e+00 0.00000000000000e+00 0.00000000000000e+00 0.00000000000000e+00 0.00000000000000e+00 
2.36498237294060e-06 3.96097201475591e+02 3.64927267992862e+02 2.27159519541921e+22 2.41382099244655e+17 7.07626214114251e+16 7.51982267668092e+16 5.08524155833999e+12 2.18723193873458e+17 1.27471498614373e+16 8.20092206034170e+07 9.48451965055402e+15 2.57366105307234e+14 2.99050451532568e+10 0.00000000000000e+00 0.00000000000000e+00 0.00000000000000e+00 0.00000000000000e+00 0.00000000000000e+00 0.00000000000000e+00 0.00000000000000e+00 
2.69960128987331e-06 3.96075493673615e+02 3.64913962034365e+02 2.27158789859886e+22 2.75626053153698e+17 8.18030040669032e+16 8.57407611393488e+16 5.80352077092355e+12 2.51025723304606e+17 1.31941185383558e+16 8.91525483460908e+07 1.07847130467043e+16 3.34535846939706e+14 3.91690476515913e+10 0.00000000000000e+00 0.00000000000000e+00 0.00000000000000e+00 0.00000000000000e+00 0.00000000000000e+00 0.00000000000000e+00 0.00000000000000e+00 
3.20824938640601e-06 3.96042553365696e+02 3.64900677663721e+02 2.27157679069837e+22 3.27712321986179e+17 9.87416253331566e+16 1.01720452931032e+17 6.89446578971016e+12 3.00338089402441e+17 1.36630011691116e+16 9.86612105548822e+07 1.27414765327654e+16 4.70736632482801e+14 5.56967069878758e+10 0.00000000000000e+00 0.00000000000000e+00 0.00000000000000e+00 0.00000000000000e+00 0.00000000000000e+00 0.00000000000000e+00 0.00000000000000e+00 
3.71689748293872e-06 3.96009674209444e+02 3.64880520280246e+02 2.27156566978654e+22 3.79835933811262e+17 1.15806520156800e+17 1.17645030089171e+17 7.98417281536378e+12 3.49822153264427e+17 1.39592928476250e+16 1.06804624062355e+08 1.46746501427904e+16 6.29503953560042e+14 7.51850172723952e+10 0.00000000000000e+00 0.00000000000000e+00 0.00000000000000e+00 0.00000000000000e+00 0.00000000000000e+00 0.00000000000000e+00 0.00000000000000e+00 
4.22554557947142e-06 3.95976850091955e+02 3.64860401357956e+02 2.27155454077742e+22 4.31995283275110e+17 1.32950350490853e+17 1.33514676955068e+17 9.07247075494858e+12 3.99415996825970e+17 1.41448103370562e+16 1.13830159946710e+08 1.65843475087440e+16 8.10579507118380e+14 9.76415044437436e+10 0.00000000000000e+00 0.00000000000000e+00 0.00000000000000e+00 0.00000000000000e+00 0.00000000000000e+00 0.00000000000000e+00 0.00000000000000e+00 
4.73419367600412e-06 3.95944076823410e+02 3.64840317151416e+02 2.27154340702254e+22 4.84189237689791e+17 1.50140927861471e+17 1.49329577288595e+17 1.01591922258146e+13 4.49077498398329e+17 1.42615761824842e+16 1.19940956137475e+08 1.84706839718959e+16 1.01370606025109e+15 1.23070917226421e+11 0.00000000000000e+00 0.00000000000000e+00 0.00000000000000e+00 0.00000000000000e+00 0.00000000000000e+00 0.00000000000000e+00 0.00000000000000e+00 
5.24284177253683e-06 3.95911351662226e+02 3.64820265092431e+02 2.27153227069658e+22 5.36417020486565e+17 1.67357473286112e+17 1.65089914265546e+17 1.12441735687157e+13 4.98779445715978e+17 1.43367056219425e+16 1.25303652044196e+08 2.03337766404063e+16 1.23862747167450e+15 1.51476107475398e+11 0.00000000000000e+00 0.00000000000000e+00 0.00000000000000e+00 0.00000000000000e+00 0.00000000000000e+00 0.00000000000000e+00 0.00000000000000e+00 
5.75148986906953e-06 3.95878673004242e+02 3.64800243499258e+02 2.27152113304978e+22 5.88678134929593e+17 1.84588169157776e+17 1.80795870474966e+17 1.23272548584428e+13 5.48506337113537e+17 1.43856053575793e+16 1.30054428973767e+08 2.21737443633763e+16 1.48508871308615e+15 1.82858579685202e+11 0.00000000000000e+00 0.00000000000000e+00 0.00000000000000e+00 0.00000000000000e+00 0.00000000000000e+00 0.00000000000000e+00 0.00000000000000e+00 
6.63614663347993e-06 3.95821945296790e+02 3.64780251386259e+02 2.27150176101925e+22 6.79650732902972e+17 2.14570954024056e+17 2.07983164165889e+17 1.42059961716368e+13 6.35027209841722e+17 1.44330162822837e+16 1.37182162331241e+08 2.53191472874708e+16 1.96429825513520e+15 2.44534310440786e+11 0.00000000000000e+00 0.00000000000000e+00 0.00000000000000e+00 0.00000000000000e+00 0.00000000000000e+00 0.00000000000000e+00 0.00000000000000e+00 
7.52080339789033e-06 3.95765351887586e+02 3.64745549015109e+02 2.27148238972741e+22 7.70721748673263e+17 2.44553122928673e+17 2.35007463471586e+17 1.60777247788723e+13 7.21566322644114e+17 1.44575418791992e+16 1.43235522268687e+08 2.83956087186321e+16 2.50656940945530e+15 3.15218657702148e+11 0.00000000000000e+00 0.00000000000000e+00 0.00000000000000e+00 0.00000000000000e+00 0.00000000000000e+00 0.00000000000000e+00 0.00000000000000e+00 
8.40546016230073e-06 3.95708891373339e+02 3.64710931888505e+02 2.27146302003224e+22 8.61890308127943e+17 2.74527898371054e+17 2.61869716155472e+17 1.79416803612246e+13 8.08114529423736e+17 1.44678693302214e+16 1.48525093176233e+08 3.14037870175887e+16 3.11058564322992e+15 3.94909910503452e+11 0.00000000000000e+00 0.00000000000000e+00 0.00000000000000e+00 0.00000000000000e+00 0.00000000000000e+00 0.00000000000000e+00 0.00000000000000e+00 
9.29011692671113e-06 3.95652562750308e+02 3.64676399127153e+02 2.27144365246573e+22 9.53155640218841e+17 3.04491633719765e+17 2.88570864548847e+17 1.97971369402654e+13 8.94666786027048e+17 1.44686002458173e+16 1.53274435356730e+08 3.43443531823801e+16 3.77504159032901e+15 4.83606020658023e+11 0.00000000000000e+00 0.00000000000000e+00 0.00000000000000e+00 0.00000000000000e+00 0.00000000000000e+00 0.00000000000000e+00 0.00000000000000e+00 
1.01747736911215e-05 3.95596364616323e+02 3.64641950096421e+02 2.27142428788311e+22 1.04451688080546e+18 3.34437517652657e+17 3.15111845560488e+17 2.16434027952323e+13 9.81213923967244e+17 1.44684764112090e+16 1.57645630944722e+08 3.72179896654632e+16 4.49864333096793e+15 5.81304426340432e+11 0.00000000000000e+00 0.00000000000000e+00 0.00000000000000e+00 0.00000000000000e+00 0.00000000000000e+00 0.00000000000000e+00 0.00000000000000e+00 
1.10594304555319e-05 3.95540295833628e+02 3.64607583918322e+02 2.27140492692395e+22 1.13597323541364e+18 3.64360799816233e+17 3.41493590727355e+17 2.34798203124558e+13 1.06774947841501e+18 1.44735518157279e+16 1.61751911188139e+08 4.00253901975863e+16 5.28010863340014e+15 6.88001633195303e+11 0.00000000000000e+00 0.00000000000000e+00 0.00000000000000e+00 0.00000000000000e+00 0.00000000000000e+00 0.00000000000000e+00 0.00000000000000e+00 
1.26954200788423e-05 3.95436948690557e+02 3.64573299876868e+02 2.27136913167045e+22 1.30535163014045e+18 4.19649830213875e+17 3.89864769666243e+17 2.68479003336503e+13 1.22776297849130e+18 1.44809117802575e+16 1.68868843637729e+08 4.50449937569506e+16 6.87344165525345e+15 9.09011352510327e+11 0.00000000000000e+00 0.00000000000000e+00 0.00000000000000e+00 0.00000000000000e+00 0.00000000000000e+00 0.00000000000000e+00 0.00000000000000e+00 
1.43314097021527e-05 3.95334040560644e+02 3.64510114769516e+02 2.27133334872805e+22 1.47504955704663e+18 4.74875897360298e+17 4.37700352005185e+17 3.01765603239329e+13 1.38775328687161e+18 1.44859350212734e+16 1.75644631283699e+08 4.98450450527104e+16 8.65240824060849e+15 1.16075988686776e+12 0.00000000000000e+00 0.00000000000000e+00 0.00000000000000e+00 0.00000000000000e+00 0.00000000000000e+00 0.00000000000000e+00 0.00000000000000e+00 
1.59673993254631e-05 3.95231568033302e+02 3.64447208314286e+02 2.27129757903167e+22 1.64506304695358e+18 5.30038322508126e+17 4.85006088891863e+17 3.34625234992149e+13 1.54771815825998e+18 1.44886709579293e+16 1.82244189001686e+08 5.44301886534186e+16 1.06092260379869e+16 1.44322391048632e+12 0.00000000000000e+00 0.00000000000000e+00 0.00000000000000e+00 0.00000000000000e+00 0.00000000000000e+00 0.00000000000000e+00 0.00000000000000e+00 
1.76033889487735e-05 3.95129527526540e+02 3.64384578301163e+02 2.27126182364183e+22 1.81538814456702e+18 5.85134847465590e+17 5.31787667965051e+17 3.67029043411981e+13 1.70765340311129e+18 1.44912895475174e+16 1.88739783859744e+08 5.88051676512464e+16 1.27362696678927e+16 1.75637919678124e+12 0.00000000000000e+00 0.00000000000000e+00 0.00000000000000e+00 0.00000000000000e+00 0.00000000000000e+00 0.00000000000000e+00 0.00000000000000e+00 
1.92393785720839e-05 3.95027915616901e+02 3.64322222417174e+02 2.27122608347696e+22 1.98602098699832e+18 6.40164242305214e+17 5.78050715675586e+17 3.98951862908869e+13 1.86755628805247e+18 1.44946706580693e+16 1.95168781560136e+08 6.29748081230197e+16 1.50260713315753e+16 2.10020041639965e+12 0.00000000000000e+00 0.00000000000000e+00 0.00000000000000e+00 0.00000000000000e+00 0.00000000000000e+00 0.00000000000000e+00 0.00000000000000e+00 
2.29759563172592e-05 3.94797425426239e+02 3.64260138448007e+02 2.27114451453168e+22 2.37687820996367e+18 7.65598012661968e+17 6.81799815375188e+17 4.69956473971498e+13 2.23264475317399e+18 1.45029365540848e+16 2.09708148339857e+08 7.17545695201815e+16 2.08278465395133e+16 3.00034641442538e+12 0.00000000000000e+00 0.00000000000000e+00 0.00000000000000e+00 0.00000000000000e+00 0.00000000000000e+00 0.00000000000000e+00 0.00000000000000e+00 
2.67125340624345e-05 3.94569115445555e+02 3.64119348030298e+02 2.27106303777141e+22 2.76927737752427e+18 8.90676076392705e+17 7.82938013497879e+17 5.38152652331744e+13 2.59754197231270e+18 1.45118552975656e+16 2.24173750139825e+08 7.95481000916209e+16 2.73571331746304e+16 4.06000086812592e+12 0.00000000000000e+00 0.00000000000000e+00 0.00000000000000e+00 0.00000000000000e+00 0.00000000000000e+00 0.00000000000000e+00 0.00000000000000e+00 
3.04491118076098e-05 3.94342947775973e+02 3.63979940070529e+02 2.27098166109557e+22 3.16317600488694e+18 1.01539438676107e+18 8.81529010418450e+17 6.03421073768934e+13 2.96223488973909e+18 1.45207282570256e+16 2.38612888537477e+08 8.64155127847271e+16 3.45343779525138e+16 5.27882278823135e+12 0.00000000000000e+00 0.00000000000000e+00 0.00000000000000e+00 0.00000000000000e+00 0.00000000000000e+00 0.00000000000000e+00 0.00000000000000e+00 
3.41856895527851e-05 3.94118885297918e+02 3.63841890048850e+02 2.27090039147052e+22 3.55853310796264e+18 1.13974907964401e+18 9.77634906205608e+17 6.65716309794112e+13 3.32671314253949e+18 1.45297829234725e+16 2.53035265924477e+08 9.24173153311608e+16 4.22848498147037e+16 6.65645468938785e+12 0.00000000000000e+00 0.00000000000000e+00 0.00000000000000e+00 0.00000000000000e+00 0.00000000000000e+00 0.00000000000000e+00 0.00000000000000e+00 
3.79222672979604e-05 3.93896891722819e+02 3.63705173964132e+02 2.27081923493177e+22 3.95530911411181e+18 1.26373708403425e+18 1.07131627954723e+18 7.25053374239565e+13 3.69096954033372e+18 1.45392266161439e+16 2.67454419301830e+08 9.76137752504509e+16 5.05385932080740e+16 8.19252459672917e+12 0.00000000000000e+00 0.00000000000000e+00 0.00000000000000e+00 0.00000000000000e+00 0.00000000000000e+00 0.00000000000000e+00 0.00000000000000e+00 
4.79314080957252e-05 3.93312166000796e+02 3.63569768364072e+02 2.27060243251162e+22 5.02485594656144e+18 1.59404368899167e+18 1.31075812103332e+18 8.70178873693647e+13 4.66559274462557e+18 1.45658680165101e+16 3.06182815543334e+08 1.08014124682990e+17 7.46599092625174e+16 1.30847803586556e+13 0.00000000000000e+00 0.00000000000000e+00 0.00000000000000e+00 0.00000000000000e+00 0.00000000000000e+00 0.00000000000000e+00 0.00000000000000e+00 
5.79405488934901e-05 3.92741380332730e+02 3.63213342800018e+02 2.27038654750420e+22 6.10362246238026e+18 1.92168205749765e+18 1.53430700321384e+18 9.96945680043267e+13 5.63859742831516e+18 1.45943395794648e+16 3.45198303865526e+08 1.14140441667829e+17 1.00856487244194e+17 1.91033260586296e+13 0.00000000000000e+00 0.00000000000000e+00 0.00000000000000e+00 0.00000000000000e+00 0.00000000000000e+00 0.00000000000000e+00 0.00000000000000e+00 
6.79496896912550e-05 3.92183915512667e+02 3.62865736149681e+02 2.27017162208708e+22 7.19096739013183e+18 2.24664730431878e+18 1.74298559704850e+18 1.10836017352295e+14 6.61005153951830e+18 1.46242883516313e+16 3.84604279764223e+08 1.16977957525432e+17 1.28244999408278e+17 2.62399774262981e+13 0.00000000000000e+00 0.00000000000000e+00 0.00000000000000e+00 0.00000000000000e+00 0.00000000000000e+00 0.00000000000000e+00 0.00000000000000e+00 
7.79588304890199e-05 3.91639189928389e+02 3.62526549359243e+02 2.26995767036720e+22 8.28630124358504e+18 2.56894957112864e+18 1.93774859615942e+18 1.20769016844745e+14 7.58007996179329e+18 1.46556218443836e+16 4.24433978087270e+08 1.17379525857887e+17 1.56155075973607e+17 3.44861526607415e+13 0.00000000000000e+00 0.00000000000000e+00 0.00000000000000e+00 0.00000000000000e+00 0.00000000000000e+00 0.00000000000000e+00 0.00000000000000e+00 
8.79679712867848e-05 3.91106656399778e+02 3.62195407980206e+02 2.26974468648858e+22 9.38907804268547e+18 2.88860690388456e+18 2.11948875716728e+18 1.29795404694799e+14 8.54883335785573e+18 1.46882157396470e+16 4.64677194943340e+08 1.16053691625532e+17 1.84095988418961e+17 4.38329600758342e+13 0.00000000000000e+00 0.00000000000000e+00 0.00000000000000e+00 0.00000000000000e+00 0.00000000000000e+00 0.00000000000000e+00 0.00000000000000e+00 
1.02085344086772e-04 3.90375288447354e+02 3.61871960092124e+02 2.26944588650181e+22 1.09561732106861e+19 3.33501352370926e+18 2.35527706629537e+18 1.41461456096699e+14 9.91334840678191e+18 1.47360310313698e+16 5.22102042358094e+08 1.12300523752695e+17 2.22943122959088e+17 5.88693212134833e+13 0.00000000000000e+00 0.00000000000000e+00 0.00000000000000e+00 0.00000000000000e+00 0.00000000000000e+00 0.00000000000000e+00 0.00000000000000e+00 
1.16202716886760e-04 3.89665805364944e+02 3.61428200437187e+02 2.26914889494501e+22 1.25357471502148e+19 3.77625690678794e+18 2.56898382576365e+18 1.52349038489320e+14 1.12760320015466e+19 1.47856982727495e+16 5.80110701320267e+08 1.07402637274993e+17 2.60567882135503e+17 7.60504951579647e+13 0.00000000000000e+00 0.00000000000000e+00 0.00000000000000e+00 0.00000000000000e+00 0.00000000000000e+00 0.00000000000000e+00 0.00000000000000e+00 
1.30320089686747e-04 3.88976962260957e+02 3.60998224603784e+02 2.26885362155579e+22 1.41265862087287e+19 4.21238361715881e+18 2.76259459678021e+18 1.62791554906968e+14 1.26372028733090e+19 1.48369219867964e+16 6.38519807903852e+08 1.02111468607780e+17 2.96669547823044e+17 9.53490089513437e+13 0.00000000000000e+00 0.00000000000000e+00 0.00000000000000e+00 0.00000000000000e+00 0.00000000000000e+00 0.00000000000000e+00 0.00000000000000e+00 
1.44437462486735e-04 3.88307616607480e+02 3.60581234880051e+02 2.26855997162936e+22 1.57275829220759e+19 4.64343169667819e+18 2.93791246648296e+18 1.72982531006899e+14 1.39971075554724e+19 1.48894403682518e+16 6.97201331737689e+08 9.68546750252069e+16 3.31165631989779e+17 1.16736313896316e+14 0.00000000000000e+00 0.00000000000000e+00 0.00000000000000e+00 0.00000000000000e+00 0.00000000000000e+00 0.00000000000000e+00 0.00000000000000e+00 
1.58554835286722e-04 3.87656716564398e+02 3.60176499872645e+02 2.26826785391058e+22 1.73377238794960e+19 5.06943263930738e+18 3.09657920182968e+18 1.83031701159351e+14 1.53559314760641e+19 1.49430237330175e+16 7.56055401619821e+08 9.18574929080516e+16 3.64087747012587e+17 1.40182777057517e+14 0.00000000000000e+00 0.00000000000000e+00 0.00000000000000e+00 0.00000000000000e+00 0.00000000000000e+00 0.00000000000000e+00 0.00000000000000e+00 
1.75993060331111e-04 3.86876740204072e+02 3.59783346924720e+02 2.26790901156713e+22 1.93378803717251e+19 5.58871604356016e+18 3.27178255541389e+18 1.95336968314617e+14 1.70331026522509e+19 1.50103866425828e+16 8.28888021355824e+08 8.61877370638308e+16 4.02711646799840e+17 1.71941321832525e+14 0.00000000000000e+00 0.00000000000000e+00 0.00000000000000e+00 0.00000000000000e+00 0.00000000000000e+00 0.00000000000000e+00 0.00000000000000e+00 
1.93431285375499e-04 3.86121758605070e+02 3.59312788257942e+02 2.26755223534916e+22 2.13489932913487e+19 6.10038980403048e+18 3.42640276586069e+18 2.07578688364832e+14 1.87090244780069e+19 1.50787505795350e+16 9.01755168286430e+08 8.11307577440483e+16 4.39261148266923e+17 2.06734629002644e+14 0.00000000000000e+00 0.00000000000000e+00 0.00000000000000e+00 0.00000000000000e+00 0.00000000000000e+00 0.00000000000000e+00 0.00000000000000e+00 
2.10869510419887e-04 3.85390251679526e+02 3.58857890408527e+02 2.26719739928259e+22 2.33696408357120e+19 6.60450187178186e+18 3.56271587272567e+18 2.19770304502759e+14 2.03838232410368e+19 1.51478485876473e+16 9.74589245352508e+08 7.66425553994437e+16 4.73947333142014e+17 2.44500200529680e+14 0.00000000000000e+00 0.00000000000000e+00 0.00000000000000e+00 0.00000000000000e+00 0.00000000000000e+00 0.00000000000000e+00 0.00000000000000e+00 
2.28307735464276e-04 3.84680844342958e+02 3.58417684187352e+02 2.26684439287381e+22 2.53985578782470e+19 7.10110413043149e+18 3.68274284624073e+18 2.31907553639034e+14 2.20575881335231e+19 1.52174567886049e+16 1.04737014644604e+09 7.26438531942853e+16 5.06965177883275e+17 2.85173192638193e+14 0.00000000000000e+00 0.00000000000000e+00 0.00000000000000e+00 0.00000000000000e+00 0.00000000000000e+00 0.00000000000000e+00 0.00000000000000e+00 
2.45745960508664e-04 3.83992287995088e+02 3.57991293387005e+02 2.26649311793788e+22 2.74346177164207e+19 7.59025539474481e+18 3.78828314977691e+18 2.43986763916907e+14 2.37303926358932e+19 1.52873899223255e+16 1.12009556802644e+09 6.90631077199050e+16 5.38481017085249e+17 3.28686619836106e+14 0.00000000000000e+00 0.00000000000000e+00 0.00000000000000e+00 0.00000000000000e+00 0.00000000000000e+00 0.00000000000000e+00 0.00000000000000e+00 
2.91086958963324e-04 3.82292025945799e+02 3.57577922873577e+02 2.26558729975712e+22 3.27554533055299e+19 8.82772450810797e+18 4.00534420787033e+18 2.75121549389266e+14 2.80757407227090e+19 1.54696735324044e+16 1.30887311806924e+09 6.13398264665793e+16 6.14276002149987e+17 4.54613270367156e+14 0.00000000000000e+00 0.00000000000000e+00 0.00000000000000e+00 0.00000000000000e+00 0.00000000000000e+00 0.00000000000000e+00 0.00000000000000e+00 
3.36427957417984e-04 3.80708332563028e+02 3.56559248722223e+02 2.26469133696805e+22 3.81036679319707e+19 1.00166020681057e+19 4.15788008757303e+18 3.05849206060939e+14 3.24158477169396e+19 1.56513091983913e+16 1.49715713097542e+09 5.52696703319476e+16 6.82705848768392e+17 5.98006616524710e+14 0.00000000000000e+00 0.00000000000000e+00 0.00000000000000e+00 0.00000000000000e+00 0.00000000000000e+00 0.00000000000000e+00 0.00000000000000e+00 
3.81768955872644e-04 3.79227447701772e+02 3.55613077309845e+02 2.26380421571920e+22 4.34683066834571e+19 1.11584076713520e+19 4.26340978011879e+18 3.36183961813096e+14 3.67513425094947e+19 1.58313493491071e+16 1.68496524201485e+09 5.03427926006487e+16 7.45102391810861e+17 7.57549470112802e+14 0.00000000000000e+00 0.00000000000000e+00 0.00000000000000e+00 0.00000000000000e+00 0.00000000000000e+00 0.00000000000000e+00 0.00000000000000e+00 
4.27109954327304e-04 3.77838574863416e+02 3.54730669004499e+02 2.26292515111311e+22 4.88415551995447e+19 1.22548277718279e+19 4.33445223653433e+18 3.66162826323282e+14 4.10827014216264e+19 1.60093107770626e+16 1.87233854260740e+09 4.62915974072038e+16 8.02369507731728e+17 9.31880065974580e+14 0.00000000000000e+00 0.00000000000000e+00 0.00000000000000e+00 0.00000000000000e+00 0.00000000000000e+00 0.00000000000000e+00 0.00000000000000e+00 
4.72450952781964e-04 3.76533010609221e+02 3.53905156766662e+02 2.26205352315994e+22 5.42177446099224e+19 1.33076266376693e+19 4.38008822358735e+18 3.95796607501579e+14 4.54102287907231e+19 1.61849909378105e+16 2.05921594932898e+09 4.28768220061683e+16 8.55169440470224e+17 1.11961240573805e+15 0.00000000000000e+00 0.00000000000000e+00 0.00000000000000e+00 0.00000000000000e+00 0.00000000000000e+00 0.00000000000000e+00 0.00000000000000e+00 
5.44007072387794e-04 3.74625454155147e+02 3.53130998814217e+02 2.26069188643033e+22 6.26989702705997e+19 1.48847431768265e+19 4.41540750593648e+18 4.41911125165337e+14 5.22325860085162e+19 1.64574888741029e+16 2.35330006432286e+09 3.84564218546523e+16 9.30552637802519e+17 1.43977603398006e+15 0.00000000000000e+00 0.00000000000000e+00 0.00000000000000e+00 0.00000000000000e+00 0.00000000000000e+00 0.00000000000000e+00 0.00000000000000e+00 
6.15563191993624e-04 3.72884468367408e+02 3.52003102460776e+02 2.25934585596432e+22 7.11656744978966e+19 1.63647143684768e+19 4.42252187979809e+18 4.87303948468352e+14 5.90467274385385e+19 1.67248876054025e+16 2.64642092079741e+09 3.48916862410725e+16 9.97572918875773e+17 1.78444676818607e+15 0.00000000000000e+00 0.00000000000000e+00 0.00000000000000e+00 0.00000000000000e+00 0.00000000000000e+00 0.00000000000000e+00 0.00000000000000e+00 
6.87119311599453e-04 3.71291757659504e+02 3.50977061218096e+02 2.25801411708402e+22 7.96106669004466e+19 1.77544441187817e+19 4.41299728967007e+18 5.32057870009209e+14 6.58531879739769e+19 1.69880162787218e+16 2.93867486850114e+09 3.19840457262310e+16 1.05736797840101e+18 2.14837011626866e+15 0.00000000000000e+00 0.00000000000000e+00 0.00000000000000e+00 0.00000000000000e+00 0.00000000000000e+00 0.00000000000000e+00 0.00000000000000e+00 
7.58675431205283e-04 3.69832794063872e+02 3.50041239951035e+02 2.25669563085673e+22 8.80298741266600e+19 1.90605377313181e+19 4.39337823089315e+18 5.76212971246219e+14 7.26522569652697e+19 1.72474573630798e+16 3.23010328171897e+09 2.95445764763616e+16 1.11078437912891e+18 2.52654017453029e+15 0.00000000000000e+00 0.00000000000000e+00 0.00000000000000e+00 0.00000000000000e+00 0.00000000000000e+00 0.00000000000000e+00 0.00000000000000e+00 
8.30231550811113e-04 3.68495390387689e+02 3.49186397280056e+02 2.25538952546724e+22 9.64208598555404e+19 2.02892089131106e+19 4.36758303411844e+18 6.19812106216476e+14 7.94441226999522e+19 1.75036908209617e+16 3.52083410862972e+09 2.74668486600908e+16 1.15848095219344e+18 2.91427481057984e+15 0.00000000000000e+00 0.00000000000000e+00 0.00000000000000e+00 0.00000000000000e+00 0.00000000000000e+00 0.00000000000000e+00 0.00000000000000e+00 
9.12444970217595e-04 3.67095256816485e+02 3.48404802434360e+02 2.25390320452657e+22 1.06024764934731e+20 2.16127436883186e+19 4.33348940603677e+18 6.69269850377393e+14 8.72388027004645e+19 1.77946185683809e+16 3.85408806744809e+09 2.54403095512208e+16 1.20692354853299e+18 3.36603037791104e+15 0.00000000000000e+00 0.00000000000000e+00 0.00000000000000e+00 0.00000000000000e+00 0.00000000000000e+00 0.00000000000000e+00 0.00000000000000e+00 
9.94658389624077e-04 3.65827472346372e+02 3.47588632511620e+02 2.25243121898262e+22 1.15587855741348e+20 2.28497972927269e+19 4.29699655716583e+18 7.18092923717476e+14 9.50242180640081e+19 1.80823650680965e+16 4.18659839992814e+09 2.37092224782239e+16 1.24925005913496e+18 3.81888154236727e+15 0.00000000000000e+00 0.00000000000000e+00 0.00000000000000e+00 0.00000000000000e+00 0.00000000000000e+00 0.00000000000000e+00 0.00000000000000e+00 
1.07687180903056e-03 3.64679647433460e+02 3.46851461415293e+02 2.25097268669857e+22 1.25109306444017e+20 2.40077904403032e+19 4.25946346487892e+18 7.66322835866558e+14 1.02800382638123e+20 1.83673037861235e+16 4.51846565071176e+09 2.22111604744412e+16 1.28605998599989e+18 4.26770602739267e+15 0.00000000000000e+00 0.00000000000000e+00 0.00000000000000e+00 0.00000000000000e+00 0.00000000000000e+00 0.00000000000000e+00 0.00000000000000e+00 
1.15908522843704e-03 3.63640842878652e+02 3.46185565606992e+02 2.24952682967418e+22 1.34588715053920e+20 2.50934811997843e+19 4.22158620078669e+18 8.13996251930777e+14 1.10567259955808e+20 1.86496643373571e+16 4.84976887950260e+09 2.09040265394625e+16 1.31786900359930e+18 4.70815034223916e+15 0.00000000000000e+00 0.00000000000000e+00 0.00000000000000e+00 0.00000000000000e+00 0.00000000000000e+00 0.00000000000000e+00 0.00000000000000e+00 
1.24129864784352e-03 3.62701260313856e+02 3.45584168948189e+02 2.24809295198445e+22 1.44025892524819e+20 2.61130172786593e+19 4.18373998549745e+18 8.61144087942254e+14 1.18324777667811e+20 1.89296015165064e+16 5.18057584875451e+09 1.97536709725184e+16 1.34513305933340e+18 5.13660658596484e+15 0.00000000000000e+00 0.00000000000000e+00 0.00000000000000e+00 0.00000000000000e+00 0.00000000000000e+00 0.00000000000000e+00 0.00000000000000e+00 
1.39679757022890e-03 3.61165564568810e+02 3.45041242730660e+02 2.24541154619641e+22 1.61759772828402e+20 2.78793822254451e+19 4.11289209476809e+18 9.48970462198070e+14 1.32971405247504e+20 1.94528151057653e+16 5.80511791603406e+09 1.79119221877944e+16 1.38564337965270e+18 5.90506746248424e+15 0.00000000000000e+00 0.00000000000000e+00 0.00000000000000e+00 0.00000000000000e+00 0.00000000000000e+00 0.00000000000000e+00 0.00000000000000e+00 
1.55229649261429e-03 3.59901685169919e+02 3.44155965210922e+02 2.24276709194353e+22 1.79342348318598e+20 2.94617644721344e+19 4.04372536458499e+18 1.03517004634575e+15 1.47583394123129e+20 1.99683900105430e+16 6.42842307603539e+09 1.64074071226200e+16 1.41371805523029e+18 6.60729495046143e+15 0.00000000000000e+00 0.00000000000000e+00 0.00000000000000e+00 0.00000000000000e+00 0.00000000000000e+00 0.00000000000000e+00 0.00000000000000e+00 
1.70779541499967e-03 3.58865760519829e+02 3.43429339734075e+02 2.24015645942202e+22 1.96774162848572e+20 3.08881399151281e+19 3.97646037277208e+18 1.11987352600130e+15 1.62159873271645e+20 2.04767166350051e+16 7.05071170910625e+09 1.51522785227793e+16 1.43138841244940e+18 7.23650910970001e+15 0.00000000000000e+00 0.00000000000000e+00 0.00000000000000e+00 0.00000000000000e+00 0.00000000000000e+00 0.00000000000000e+00 0.00000000000000e+00 
1.86329433738505e-03 3.58021582609013e+02 3.42835080995832e+02 2.23757704481488e+22 2.14056060556235e+20 3.21816443304703e+19 3.91107791086739e+18 1.20318684721791e+15 1.76699947972438e+20 2.09780488443802e+16 7.67214833285451e+09 1.40889165884381e+16 1.44035758730721e+18 7.79184190201219e+15 0.00000000000000e+00 0.00000000000000e+00 0.00000000000000e+00 0.00000000000000e+00 0.00000000000000e+00 0.00000000000000e+00 0.00000000000000e+00 
2.01879325977043e-03 3.57338890446769e+02 3.42351679488780e+02 2.23502664718472e+22 2.31189010152637e+20 3.33615979429415e+19 3.84755628936980e+18 1.28519822868896e+15 1.91202762387302e+20 2.14726316971340e+16 8.29284132951769e+09 1.31771308421571e+16 1.44208244871345e+18 8.27637841635778e+15 0.00000000000000e+00 0.00000000000000e+00 0.00000000000000e+00 0.00000000000000e+00 0.00000000000000e+00 0.00000000000000e+00 0.00000000000000e+00 
2.23777542180813e-03 3.56604079202157e+02 3.41961299553504e+02 2.23148074347636e+22 2.55066066437367e+20 3.48608892364278e+19 3.76124283322408e+18 1.39862179857665e+15 2.11561750571479e+20 2.21581859166667e+16 9.16580739335475e+09 1.20935536563776e+16 1.43457208362995e+18 8.84971502806812e+15 0.00000000000000e+00 0.00000000000000e+00 0.00000000000000e+00 0.00000000000000e+00 0.00000000000000e+00 0.00000000000000e+00 0.00000000000000e+00 
2.45675758384583e-03 3.56081132438287e+02 3.41541630793369e+02 2.22798429832144e+22 2.78653048231490e+20 3.62042814793829e+19 3.67852017705052e+18 1.50978577796249e+15 2.31843331887142e+20 2.28315161285625e+16 1.00375031883092e+10 1.11891004165166e+16 1.41811921987935e+18 9.31185062023981e+15 0.00000000000000e+00 0.00000000000000e+00 0.00000000000000e+00 0.00000000000000e+00 0.00000000000000e+00 0.00000000000000e+00 0.00000000000000e+00 
2.67573974588353e-03 3.55723941934549e+02 3.41243235783969e+02 2.22453374095313e+22 3.01953417683995e+20 3.74214034202311e+19 3.59924467222538e+18 1.61883509525549e+15 2.52045835493154e+20 2.34932038740784e+16 1.09079160045105e+10 1.04211157811435e+16 1.39511540078614e+18 9.68239668129539e+15 0.00000000000000e+00 0.00000000000000e+00 0.00000000000000e+00 0.00000000000000e+00 0.00000000000000e+00 0.00000000000000e+00 0.00000000000000e+00 
2.89472190792123e-03 3.55496886240185e+02 3.41039483614433e+02 2.22112620567250e+22 3.24970806713797e+20 3.85352743101256e+19 3.52325254009552e+18 1.72588811467956e+15 2.72167891248157e+20 2.41437906482212e+16 1.17769957236427e+10 9.76137080557178e+15 1.36745457434839e+18 9.97966786721861e+15 0.00000000000000e+00 0.00000000000000e+00 0.00000000000000e+00 0.00000000000000e+00 0.00000000000000e+00 0.00000000000000e+00 0.00000000000000e+00 
3.11370406995893e-03 3.55372069434069e+02 3.40909900812752e+02 2.21775934913741e+22 3.47708933688700e+20 3.95640447175404e+19 3.45038452359162e+18 1.83104283822612e+15 2.92208397866175e+20 2.47837940730122e+16 1.26446634090972e+10 9.18875844760209e+15 1.33664441529781e+18 1.02190439940956e+16 0.00000000000000e+00 0.00000000000000e+00 0.00000000000000e+00 0.00000000000000e+00 0.00000000000000e+00 0.00000000000000e+00 0.00000000000000e+00 
3.46560427357363e-03 3.55334169885726e+02 3.40838516765743e+02 2.21242946617736e+22 3.83673172590100e+20 4.10728921382264e+19 3.33944344020311e+18 1.99624571028709e+15 3.24240266334470e+20 2.57913542403957e+16 1.40358347380937e+10 8.41295564135146e+15 1.28333176820210e+18 1.05110546960947e+16 0.00000000000000e+00 0.00000000000000e+00 0.00000000000000e+00 0.00000000000000e+00 0.00000000000000e+00 0.00000000000000e+00 0.00000000000000e+00 
3.81750447718834e-03 3.55435961687910e+02 3.40816333098404e+02 2.20719321507026e+22 4.18941530586372e+20 4.24442183403288e+19 3.23554790479390e+18 2.15705207558936e+15 3.56056665641757e+20 2.67747212416447e+16 1.54226688975913e+10 7.76826973156188e+15 1.22858271880255e+18 1.07218417965232e+16 0.00000000000000e+00 0.00000000000000e+00 0.00000000000000e+00 0.00000000000000e+00 0.00000000000000e+00 0.00000000000000e+00 0.00000000000000e+00 
4.16940468080304e-03 3.55630192896544e+02 3.40873586471897e+02 2.20204560602611e+22 4.53529498504517e+20 4.37101882576747e+19 3.13810945264040e+18 2.31370836146786e+15 3.87655885370327e+20 2.77355945387560e+16 1.68047330803669e+10 7.22666564369351e+15 1.17483832328909e+18 1.08761719894052e+16 0.00000000000000e+00 0.00000000000000e+00 0.00000000000000e+00 0.00000000000000e+00 0.00000000000000e+00 0.00000000000000e+00 0.00000000000000e+00 
4.52130488441775e-03 3.55886160446359e+02 3.40983436297271e+02 2.19698282921299e+22 4.87452302097496e+20 4.48924785295469e+19 3.04658455901435e+18 2.46641197061165e+15 4.19037012692960e+20 2.86755369071172e+16 1.81816790912003e+10 6.76576753755578e+15 1.12355366759527e+18 1.09896756556602e+16 0.00000000000000e+00 0.00000000000000e+00 0.00000000000000e+00 0.00000000000000e+00 0.00000000000000e+00 0.00000000000000e+00 0.00000000000000e+00 
4.87320508803245e-03 3.56183214231758e+02 3.41128464302872e+02 2.19200182225190e+22 5.20724781643816e+20 4.60063518663891e+19 2.96047807014854e+18 2.61533499480080e+15 4.50199624234255e+20 2.95959661342201e+16 1.95532165016834e+10 6.36731740644660e+15 1.07554204295218e+18 1.10729886429090e+16 0.00000000000000e+00 0.00000000000000e+00 0.00000000000000e+00 0.00000000000000e+00 0.00000000000000e+00 0.00000000000000e+00 0.00000000000000e+00 
5.46492157849012e-03 3.56740110662582e+02 3.41296961769799e+02 2.18380392187652e+22 5.75245314258254e+20 4.77531495860522e+19 2.82669457598543e+18 2.85764192330548e+15 5.02106474341644e+20 3.11031893102868e+16 2.18466523862678e+10 5.80771923761572e+15 1.00299444443072e+18 1.11644133109015e+16 0.00000000000000e+00 0.00000000000000e+00 0.00000000000000e+00 0.00000000000000e+00 0.00000000000000e+00 0.00000000000000e+00 0.00000000000000e+00 
6.05663806894778e-03 3.57329646520694e+02 3.41613231370265e+02 2.17581986088803e+22 6.28033215550861e+20 4.93747860244120e+19 2.70511825669877e+18 3.09036831112458e+15 5.53395758820329e+20 3.25640748989309e+16 2.41230951840755e+10 5.35095367145103e+15 9.41123690921042e+17 1.12161304168891e+16 0.00000000000000e+00 0.00000000000000e+00 0.00000000000000e+00 0.00000000000000e+00 0.00000000000000e+00 0.00000000000000e+00 0.00000000000000e+00 
6.64835455940545e-03 3.57928877221241e+02 3.41948470366280e+02 2.16804127917015e+22 6.79150893385091e+20 5.08944353804952e+19 2.59420190022499e+18 3.31408309820519e+15 6.04069035736501e+20 3.39830971334839e+16 2.63818157644257e+10 4.97417170837835e+15 8.89113983653302e+17 1.12412046035210e+16 0.00000000000000e+00 0.00000000000000e+00 0.00000000000000e+00 0.00000000000000e+00 0.00000000000000e+00 0.00000000000000e+00 0.00000000000000e+00 
7.24007104986312e-03 3.58527999965987e+02 3.42289631010703e+02 2.16046111935828e+22 7.28657377375107e+20 5.23261364050125e+19 2.49263066117592e+18 3.52930941095481e+15 6.54128267071707e+20 3.53641179510074e+16 2.86223311885037e+10 4.65418532510305e+15 8.45522650305908e+17 1.12478252953217e+16 0.00000000000000e+00 0.00000000000000e+00 0.00000000000000e+00 0.00000000000000e+00 0.00000000000000e+00 0.00000000000000e+00 0.00000000000000e+00 
7.83178754032078e-03 3.59122295805683e+02 3.42631124226005e+02 2.15307302029033e+22 7.76608606681915e+20 5.36798922960390e+19 2.39930288047483e+18 3.73652881032934e+15 7.03575436101614e+20 3.67102862933798e+16 3.08442846750060e+10 4.38067890402183e+15 8.08866244142996e+17 1.12410289134378e+16 0.00000000000000e+00 0.00000000000000e+00 0.00000000000000e+00 0.00000000000000e+00 0.00000000000000e+00 0.00000000000000e+00 0.00000000000000e+00 
8.51324969658734e-03 3.59797169969525e+02 3.42970246804828e+02 2.14479465678354e+22 8.29974514191158e+20 5.51527455929336e+19 2.30081054755061e+18 3.96582044279441e+15 7.59766366273774e+20 3.82210523218641e+16 3.33798056132124e+10 4.11091633830897e+15 7.73586866481222e+17 1.12215493811138e+16 0.00000000000000e+00 0.00000000000000e+00 0.00000000000000e+00 0.00000000000000e+00 0.00000000000000e+00 0.00000000000000e+00 0.00000000000000e+00 
9.19471185285389e-03 3.60459416657712e+02 3.43355802345628e+02 2.13675469121155e+22 8.81425153253143e+20 5.65428825012640e+19 2.21078370011908e+18 4.18568362444931e+15 8.15150818816641e+20 3.96927202795454e+16 3.58897923556930e+10 3.87919518994819e+15 7.44175361658636e+17 1.11933794914423e+16 0.00000000000000e+00 0.00000000000000e+00 0.00000000000000e+00 0.00000000000000e+00 0.00000000000000e+00 0.00000000000000e+00 0.00000000000000e+00 
9.87617400912044e-03 3.61108197792596e+02 3.43734606191920e+02 2.12894517431353e+22 9.31033698106188e+20 5.78581590929320e+19 2.12821055304498e+18 4.39667887609430e+15 8.69731633438583e+20 4.11282287634364e+16 3.83738434190599e+10 3.67807887097057e+15 7.19333232163851e+17 1.11589619007443e+16 0.00000000000000e+00 0.00000000000000e+00 0.00000000000000e+00 0.00000000000000e+00 0.00000000000000e+00 0.00000000000000e+00 0.00000000000000e+00 
1.05576361653870e-02 3.61743579785144e+02 3.44106148744663e+02 2.12135861783970e+22 9.78869613110996e+20 5.91048811605839e+19 2.05223004547661e+18 4.59931370792435e+15 9.23511755095467e+20 4.25300469800423e+16 4.08316110004677e+10 3.50201565965959e+15 6.98060055140760e+17 1.11200267942102e+16 0.00000000000000e+00 0.00000000000000e+00 0.00000000000000e+00 0.00000000000000e+00 0.00000000000000e+00 0.00000000000000e+00 0.00000000000000e+00 
1.12390983216535e-02 3.62365896027615e+02 3.44470439316262e+02 2.11398790839599e+22 1.02499902254089e+21 6.02883753698273e+19 1.98210602121119e+18 4.79405444591459e+15 9.76494293418731e+20 4.39002606580752e+16 4.32627795844902e+10 3.34642870918104e+15 6.79597874359923e+17 1.10779446263608e+16 0.00000000000000e+00 0.00000000000000e+00 0.00000000000000e+00 0.00000000000000e+00 0.00000000000000e+00 0.00000000000000e+00 0.00000000000000e+00 
1.25574583565739e-02 3.63533996486580e+02 3.44827641945358e+02 2.10031652733646e+22 1.10962610543014e+21 6.24148585788691e+19 1.86081706790502e+18 5.14994050426290e+15 1.07674346196141e+21 4.64677847680749e+16 4.78895724831861e+10 3.09152817031755e+15 6.49976096193962e+17 1.09910424875085e+16 0.00000000000000e+00 0.00000000000000e+00 0.00000000000000e+00 0.00000000000000e+00 0.00000000000000e+00 0.00000000000000e+00 0.00000000000000e+00 
1.38758183914943e-02 3.64656800803792e+02 3.45499192648620e+02 2.08738172135136e+22 1.18852713781281e+21 6.43500048134175e+19 1.75543756180389e+18 5.48069603392374e+15 1.17404738543524e+21 4.89338445544913e+16 5.24138937925556e+10 2.88264732291580e+15 6.25959360635889e+17 1.09008832605782e+16 0.00000000000000e+00 0.00000000000000e+00 0.00000000000000e+00 0.00000000000000e+00 0.00000000000000e+00 0.00000000000000e+00 0.00000000000000e+00 
1.51941784264147e-02 3.65736556313966e+02 3.46146018417632e+02 2.07514070481639e+22 1.26209722999325e+21 6.61163422578457e+19 1.66316753068251e+18 5.78875993905289e+15 1.26843705796547e+21 5.13063771688891e+16 5.68342374280740e+10 2.70858147351901e+15 6.05891496255765e+17 1.08102109401776e+16 0.00000000000000e+00 0.00000000000000e+00 0.00000000000000e+00 0.00000000000000e+00 0.00000000000000e+00 0.00000000000000e+00 0.00000000000000e+00 
1.65125384613350e-02 3.66775278201103e+02 3.46769256836317e+02 2.06355396137970e+22 1.33069922807812e+21 6.77319896486472e+19 1.58181783036391e+18 6.07618633949555e+15 1.35994799540952e+21 5.35915473145090e+16 6.11494495925414e+10 2.56153755848813e+15 5.88856514806749e+17 1.07207800683149e+16 0.00000000000000e+00 0.00000000000000e+00 0.00000000000000e+00 0.00000000000000e+00 0.00000000000000e+00 0.00000000000000e+00 0.00000000000000e+00 
1.78308984962554e-02 3.67774686667111e+02 3.47369928078534e+02 2.05258471253853e+22 1.39466835526416e+21 6.92123411457024e+19 1.50964039490206e+18 6.34476412773726e+15 1.44861995914595e+21 5.57943030061161e+16 6.53587052474443e+10 2.43542139770340e+15 5.74209037878149e+17 1.06338563315626e+16 0.00000000000000e+00 0.00000000000000e+00 0.00000000000000e+00 0.00000000000000e+00 0.00000000000000e+00 0.00000000000000e+00 0.00000000000000e+00 
2.00006020102755e-02 3.69337759553041e+02 3.47948895896279e+02 2.03578746362897e+22 1.49066056618605e+21 7.13882300404417e+19 1.40729791164363e+18 6.74978082846021e+15 1.58849022273862e+21 5.92504369907490e+16 7.20542892416985e+10 2.26300358513806e+15 5.54046872238358e+17 1.04980826009541e+16 0.00000000000000e+00 0.00000000000000e+00 0.00000000000000e+00 0.00000000000000e+00 0.00000000000000e+00 0.00000000000000e+00 0.00000000000000e+00 
2.21703055242956e-02 3.70804493337412e+02 3.48856418109401e+02 2.02042932942061e+22 1.57619946527162e+21 7.32838534540745e+19 1.32133321868462e+18 7.11416006257886e+15 1.72100215735546e+21 6.25087281640137e+16 7.84609538806832e+10 2.12266873922846e+15 5.37434618355402e+17 1.03727447213973e+16 0.00000000000000e+00 0.00000000000000e+00 0.00000000000000e+00 0.00000000000000e+00 0.00000000000000e+00 0.00000000000000e+00 0.00000000000000e+00 
2.43400090383157e-02 3.72180408407390e+02 3.49710233441599e+02 2.00638248014602e+22 1.65241246688473e+21 7.49396009744028e+19 1.24837260846623e+18 7.44300176732957e+15 1.84638614789543e+21 6.55807384087207e+16 8.45798928581089e+10 2.00657633201290e+15 5.23484016793583e+17 1.02581165392513e+16 0.00000000000000e+00 0.00000000000000e+00 0.00000000000000e+00 0.00000000000000e+00 0.00000000000000e+00 0.00000000000000e+00 0.00000000000000e+00 
2.65097125523358e-02 3.73470572789155e+02 3.50513131378745e+02 1.99353184691956e+22 1.72029743061182e+21 7.63884185894242e+19 1.18588175326214e+18 7.74041995863265e+15 1.96488860983181e+21 6.84763122476502e+16 9.04139912652372e+10 1.90926420431376e+15 5.11664256375615e+17 1.01540527537778e+16 0.00000000000000e+00 0.00000000000000e+00 0.00000000000000e+00 0.00000000000000e+00 0.00000000000000e+00 0.00000000000000e+00 0.00000000000000e+00 
2.86794160663559e-02 3.74679715170309e+02 3.51267696514531e+02 1.98177315951581e+22 1.78074308050525e+21 7.76582475407288e+19 1.13190258202905e+18 8.00990458456345e+15 2.07676683431524e+21 7.12042558600872e+16 9.59675513184555e+10 1.82634945929755e+15 5.01538169361695e+17 1.00602228261153e+16 0.00000000000000e+00 0.00000000000000e+00 0.00000000000000e+00 0.00000000000000e+00 0.00000000000000e+00 0.00000000000000e+00 0.00000000000000e+00 
3.23957713486014e-02 3.76575166271632e+02 3.51976366425529e+02 1.96390666415340e+22 1.86917848177201e+21 7.94826173751916e+19 1.05515719356100e+18 8.41493135309769e+15 2.25376914254820e+21 7.55098547101834e+16 1.04844495617507e+11 1.70987911286147e+15 4.87192818281254e+17 9.92171394406636e+15 0.00000000000000e+00 0.00000000000000e+00 0.00000000000000e+00 0.00000000000000e+00 0.00000000000000e+00 0.00000000000000e+00 0.00000000000000e+00 
3.61121266308469e-02 3.78267151435577e+02 3.53090163776592e+02 1.94854846587990e+22 1.94152967697638e+21 8.09475110770012e+19 9.93604967444180e+17 8.75963124920295e+15 2.41345454858479e+21 7.93847428843380e+16 1.12948635105065e+11 1.61710763155425e+15 4.75644836605815e+17 9.80789810951180e+15 0.00000000000000e+00 0.00000000000000e+00 0.00000000000000e+00 0.00000000000000e+00 0.00000000000000e+00 0.00000000000000e+00 0.00000000000000e+00 
3.98284819130924e-02 3.79775362226913e+02 3.54087360435208e+02 1.93533685545754e+22 2.00067292258642e+21 8.21270052406821e+19 9.43596491473540e+17 9.05410068628881e+15 2.55716581429278e+21 8.28641163700791e+16 1.20319934301918e+11 1.54201949906734e+15 4.66233403995643e+17 9.71499700981723e+15 0.00000000000000e+00 0.00000000000000e+00 0.00000000000000e+00 0.00000000000000e+00 0.00000000000000e+00 0.00000000000000e+00 0.00000000000000e+00 
4.35448371953378e-02 3.81117855518103e+02 3.54978584021753e+02 1.92396604420954e+22 2.04895315272306e+21 8.30783975175795e+19 9.02509467659425e+17 9.30620990852009e+15 2.68622081602146e+21 8.59814768219618e+16 1.27002495001810e+11 1.48035907257504e+15 4.58506080794233e+17 9.63985395934646e+15 0.00000000000000e+00 0.00000000000000e+00 0.00000000000000e+00 0.00000000000000e+00 0.00000000000000e+00 0.00000000000000e+00 0.00000000000000e+00 
4.72611924775833e-02 3.82311233246133e+02 3.55773724083323e+02 1.91417538931517e+22 2.08829913635186e+21 8.38472760923360e+19 8.68398665548000e+17 9.52246220228962e+15 2.80188870781304e+21 8.87687741977225e+16 1.33042620959652e+11 1.42895570606096e+15 4.52077866398380e+17 9.57971492625163e+15 0.00000000000000e+00 0.00000000000000e+00 0.00000000000000e+00 0.00000000000000e+00 0.00000000000000e+00 0.00000000000000e+00 0.00000000000000e+00 
5.31918692005997e-02 3.83943479345657e+02 3.56481992486543e+02 1.90129667337832e+22 2.13631224718346e+21 8.47804633176199e+19 8.25147128359380e+17 9.80609246470972e+15 2.96167732268406e+21 9.26054882404438e+16 1.41465652442382e+11 1.36348023737247e+15 4.43905823119608e+17 9.50919469519114e+15 0.00000000000000e+00 0.00000000000000e+00 0.00000000000000e+00 0.00000000000000e+00 0.00000000000000e+00 0.00000000000000e+00 0.00000000000000e+00 
5.91225459236161e-02 3.85289754066020e+02 3.57452919623448e+02 1.89113334717671e+22 2.17069379397564e+21 8.54495320922957e+19 7.91911099270705e+17 1.00300991648850e+16 3.09492472351065e+21 9.57915793242552e+16 1.48559741436885e+11 1.31227315637601e+15 4.37546596367811e+17 9.46216068414650e+15 0.00000000000000e+00 0.00000000000000e+00 0.00000000000000e+00 0.00000000000000e+00 0.00000000000000e+00 0.00000000000000e+00 0.00000000000000e+00 
6.50532226466325e-02 3.86397954592812e+02 3.58255632193548e+02 1.88309473865515e+22 2.19525415713288e+21 8.59307106441361e+19 7.66250942840753e+17 1.02077219965090e+16 3.20567702065033e+21 9.84277879498676e+16 1.54504751224070e+11 1.27253439749664e+15 4.32629924420863e+17 9.43164775750636e+15 0.00000000000000e+00 0.00000000000000e+00 0.00000000000000e+00 0.00000000000000e+00 0.00000000000000e+00 0.00000000000000e+00 0.00000000000000e+00 
7.09838993696489e-02 3.87308481263163e+02 3.58917669144018e+02 1.87672813876768e+22 2.21270205129868e+21 8.62770418110560e+19 7.46171117325969e+17 1.03488642731515e+16 3.29746990529161e+21 1.00603330821857e+17 1.59465721019452e+11 1.24094097849725e+15 4.28780460331981e+17 9.41304111436122e+15 0.00000000000000e+00 0.00000000000000e+00 0.00000000000000e+00 0.00000000000000e+00 0.00000000000000e+00 0.00000000000000e+00 0.00000000000000e+00 
7.69145760926653e-02 3.88055082059390e+02 3.59462472469886e+02 1.87168101674066e+22 2.22499799373161e+21 8.65275809602454e+19 7.30271890535282e+17 1.04612077307648e+16 3.37335837252469e+21 1.02393174182091e+17 1.63589216327126e+11 1.21573478627558e+15 4.25730193674147e+17 9.40303978364684e+15 0.00000000000000e+00 0.00000000000000e+00 0.00000000000000e+00 0.00000000000000e+00 0.00000000000000e+00 0.00000000000000e+00 0.00000000000000e+00 
8.52265583760910e-02 3.88878058311125e+02 3.59909764727542e+02 1.86632483101636e+22 2.23613927255988e+21 8.67646663527238e+19 7.13383306925980e+17 1.05813365836209e+16 3.45776676120820e+21 1.04373064483909e+17 1.68199948472587e+11 1.18853554762911e+15 4.22461714926750e+17 9.39868132178373e+15 0.00000000000000e+00 0.00000000000000e+00 0.00000000000000e+00 0.00000000000000e+00 0.00000000000000e+00 0.00000000000000e+00 0.00000000000000e+00 
9.35385406595168e-02 3.89498504557245e+02 3.60403406443339e+02 1.86243954608347e+22 2.24275202322756e+21 8.69154181441964e+19 7.01054592769422e+17 1.06694514540235e+16 3.52197567491720e+21 1.05870261736910e+17 1.71724094393288e+11 1.16837361267481e+15 4.20054563084846e+17 9.40053146741854e+15 0.00000000000000e+00 0.00000000000000e+00 0.00000000000000e+00 0.00000000000000e+00 0.00000000000000e+00 0.00000000000000e+00 0.00000000000000e+00 
1.01850522942943e-01 3.89965955888278e+02 3.60775973985917e+02 1.85960717198725e+22 2.24661983549253e+21 8.70119842041901e+19 6.91985850421675e+17 1.07343977542948e+16 3.57071660746599e+21 1.07000850386628e+17 1.74408873661815e+11 1.15336774754670e+15 4.18278049624461e+17 9.40525443561130e+15 0.00000000000000e+00 0.00000000000000e+00 0.00000000000000e+00 0.00000000000000e+00 0.00000000000000e+00 0.00000000000000e+00 0.00000000000000e+00 
1.10162505226368e-01 3.90317618502217e+02 3.61056900903500e+02 1.85753795217383e+22 2.24880194737240e+21 8.70739044462330e+19 6.85282138659604e+17 1.07823225795811e+16 3.60762935026357e+21 1.07852934088811e+17 1.76447548014608e+11 1.14215331856865e+15 4.16958795856492e+17 9.41112100058884e+15 0.00000000000000e+00 0.00000000000000e+00 0.00000000000000e+00 0.00000000000000e+00 0.00000000000000e+00 0.00000000000000e+00 0.00000000000000e+00 
1.18474487509794e-01 3.90581692278998e+02 3.61268370733347e+02 1.85602530207297e+22 2.24995109679170e+21 8.71134306141758e+19 6.80310627695007e+17 1.08177287026152e+16 3.63551718381778e+21 1.08493744913195e+17 1.77990808925213e+11 1.13374826868855e+15 4.15971743611801e+17 9.41718019812232e+15 0.00000000000000e+00 0.00000000000000e+00 0.00000000000000e+00 0.00000000000000e+00 0.00000000000000e+00 0.00000000000000e+00 0.00000000000000e+00 
1.34172061974579e-01 3.90908695422714e+02 3.61427241566668e+02 1.85422211864952e+22 2.25053557650189e+21 8.71510473267343e+19 6.74190121703232e+17 1.08608276408424e+16 3.67035172566979e+21 1.09288877987372e+17 1.79922019837106e+11 1.12323901948874e+15 4.14728918584133e+17 9.42790456897189e+15 0.00000000000000e+00 0.00000000000000e+00 0.00000000000000e+00 0.00000000000000e+00 0.00000000000000e+00 0.00000000000000e+00 0.00000000000000e+00 
1.49869636439365e-01 3.91098200879278e+02 3.61624054266705e+02 1.85321110094998e+22 2.25046587971460e+21 8.71674339046459e+19 6.70662604175812e+17 1.08855803159627e+16 3.69068742561168e+21 1.09750461758493e+17 1.81051227512326e+11 1.11710306356165e+15 4.13995823777826e+17 9.43567226881469e+15 0.00000000000000e+00 0.00000000000000e+00 0.00000000000000e+00 0.00000000000000e+00 0.00000000000000e+00 0.00000000000000e+00 0.00000000000000e+00 
1.65567210904150e-01 3.91210634678252e+02 3.61738153420263e+02 1.85261970449546e+22 2.25032498081395e+21 8.71756228904718e+19 6.68608490955931e+17 1.09001338648893e+16 3.70278582645037e+21 1.10024360469762e+17 1.81723637619442e+11 1.11352312500916e+15 4.13576396704988e+17 9.44051475198013e+15 0.00000000000000e+00 0.00000000000000e+00 0.00000000000000e+00 0.00000000000000e+00 0.00000000000000e+00 0.00000000000000e+00 0.00000000000000e+00 
1.81264785368936e-01 3.91277504473034e+02 3.61805863607440e+02 1.85227265554004e+22 2.25018561899812e+21 8.71796384637282e+19 6.67406549894874e+17 1.09086323121621e+16 3.71000043474923e+21 1.10187260505678e+17 1.82124760615640e+11 1.11142301625110e+15 4.13336335047897e+17 9.44353712417847e+15 0.00000000000000e+00 0.00000000000000e+00 0.00000000000000e+00 0.00000000000000e+00 0.00000000000000e+00 0.00000000000000e+00 0.00000000000000e+00 
1.96962359833721e-01 3.91316444682329e+02 3.61846139215454e+02 1.85207563411862e+22 2.25004279966851e+21 8.71811845447466e+19 6.66708137157969e+17 1.09135150951554e+16 3.71422512393187e+21 1.10282204374666e+17 1.82359657518283e+11 1.11018908435210e+15 4.13193932408872e+17 9.44554120009914e+15 0.00000000000000e+00 0.00000000000000e+00 0.00000000000000e+00 0.00000000000000e+00 0.00000000000000e+00 0.00000000000000e+00 0.00000000000000e+00 
2.25572102879495e-01 3.91346491040631e+02 3.61869594141260e+02 1.85193020461857e+22 2.24985149444777e+21 8.71814975138498e+19 6.66139620808171e+17 1.09173228637843e+16 3.71751713563520e+21 1.10355721322970e+17 1.82542778563123e+11 1.10915880873635e+15 4.13064954465056e+17 9.44758064150197e+15 0.00000000000000e+00 0.00000000000000e+00 0.00000000000000e+00 0.00000000000000e+00 0.00000000000000e+00 0.00000000000000e+00 0.00000000000000e+00 
2.54181845925268e-01 3.91357900814116e+02 3.61887692086602e+02 1.85187643731110e+22 2.24976071420340e+21 8.71814459984059e+19 6.65915003960815e+17 1.09188409137670e+16 3.71877472731926e+21 1.10383708871326e+17 1.82612754020271e+11 1.10874597597333e+15 4.13009340993642e+17 9.44846870419539e+15 0.00000000000000e+00 0.00000000000000e+00 0.00000000000000e+00 0.00000000000000e+00 0.00000000000000e+00 0.00000000000000e+00 0.00000000000000e+00 
2.82791588971042e-01 3.91364327258985e+02 3.61894564594025e+02 1.85184422331639e+22 2.24973380492573e+21 8.71816048261159e+19 6.65812738936475e+17 1.09196275826276e+16 3.71947274100210e+21 1.10399326776744e+17 1.82651548858526e+11 1.10857295170388e+15 4.12993656229079e+17 9.44875487668520e+15 0.00000000000000e+00 0.00000000000000e+00 0.00000000000000e+00 0.00000000000000e+00 0.00000000000000e+00 0.00000000000000e+00 0.00000000000000e+00 
3.11401332016815e-01 3.91367714412239e+02 3.61898435810432e+02 1.85182684766516e+22 2.24972487637247e+21 8.71816836864761e+19 6.65771615523610e+17 1.09199798303691e+16 3.71983802812196e+21 1.10407486327100e+17 1.82671799356848e+11 1.10850918748676e+15 4.12992999143838e+17 9.44881704394878e+15 0.00000000000000e+00 0.00000000000000e+00 0.00000000000000e+00 0.00000000000000e+00 0.00000000000000e+00 0.00000000000000e+00 0.00000000000000e+00 
3.40011075062589e-01 3.91368686102036e+02 3.61900476281112e+02 1.85182229707626e+22 2.24971715397005e+21 8.71816181875026e+19 6.65763981958183e+17 1.09200654558460e+16 3.71994462412009e+21 1.10409811558464e+17 1.82677679475763e+11 1.10849699142770e+15 4.12994379569714e+17 9.44883062769286e+15 0.00000000000000e+00 0.00000000000000e+00 0.00000000000000e+00 0.00000000000000e+00 0.00000000000000e+00 0.00000000000000e+00 0.00000000000000e+00 
4.47120869972899e-01 3.91369468458903e+02 3.61901061592386e+02 1.85181881972224e+22 2.24970911485499e+21 8.71814715814462e+19 6.65771692237159e+17 1.09201074268587e+16 3.72003049975117e+21 1.10411622978399e+17 1.82682388050358e+11 1.10851600675300e+15 4.13003088594169e+17 9.44877419511240e+15 0.00000000000000e+00 0.00000000000000e+00 0.00000000000000e+00 0.00000000000000e+00 0.00000000000000e+00 0.00000000000000e+00 0.00000000000000e+00 
5.54230664883210e-01 3.91368400204159e+02 3.61901532854972e+02 1.85182429743798e+22 2.24971196661869e+21 8.71814426497341e+19 6.65785910710180e+17 1.09199852866573e+16 3.71991527099775e+21 1.10409043132609e+17 1.82675990654645e+11 1.10854030096409e+15 4.13004531652682e+17 9.44875173800894e+15 0.00000000000000e+00 0.00000000000000e+00 0.00000000000000e+00 0.00000000000000e+00 0.00000000000000e+00 0.00000000000000e+00 0.00000000000000e+00 
6.61340459793520e-01 3.91368250595147e+02 3.61900889320321e+02 1.85182496938702e+22 2.24971316616144e+21 8.71815076541393e+19 6.65776418908392e+17 1.09199971181542e+16 3.71989934084379e+21 1.10408735038164e+17 1.82675138841263e+11 1.10851998821807e+15 4.12998482014338e+17 9.44880687601501e+15 0.00000000000000e+00 0.00000000000000e+00 0.00000000000000e+00 0.00000000000000e+00 0.00000000000000e+00 0.00000000000000e+00 0.00000000000000e+00 
7.68450254703830e-01 3.91368405096938e+02 3.61900799188013e+02 1.85182422106281e+22 2.24971272840814e+21 8.71814793436387e+19 6.65777760502271e+17 1.09200017295892e+16 3.71991523274165e+21 1.10409123836087e+17 1.82676194014035e+11 1.10852370591377e+15 4.12999860898626e+17 9.44879104102177e+15 0.00000000000000e+00 0.00000000000000e+00 0.00000000000000e+00 0.00000000000000e+00 0.00000000000000e+00 0.00000000000000e+00 0.00000000000000e+00 
1.76551060432379e+00 3.91368459205919e+02 3.61900892284061e+02 1.85182392337966e+22 2.24971215426850e+21 8.71815324351374e+19 6.65769366825162e+17 1.09200313963676e+16 3.71992225705817e+21 1.10409260319537e+17 1.82676425237994e+11 1.10850716039863e+15 4.12996043472572e+17 9.44883997819880e+15 0.00000000000000e+00 0.00000000000000e+00 0.00000000000000e+00 0.00000000000000e+00 0.00000000000000e+00 0.00000000000000e+00 0.00000000000000e+00 
2.76257095394375e+00 3.91368455796408e+02 3.61900924847045e+02 1.85182394367925e+22 2.24971225573933e+21 8.71815195913152e+19 6.65771597211172e+17 1.09200260570050e+16 3.71992166744881e+21 1.10409244245327e+17 1.82676404198616e+11 1.10851113654320e+15 4.12997054456971e+17 9.44882516340119e+15 0.00000000000000e+00 0.00000000000000e+00 0.00000000000000e+00 0.00000000000000e+00 0.00000000000000e+00 0.00000000000000e+00 0.00000000000000e+00 
3.75963130356371e+00 3.91368453829890e+02 3.61900922799273e+02 1.85182395155527e+22 2.24971218099813e+21 8.71815311895053e+19 6.65769215795543e+17 1.09200331957073e+16 3.71992164468374e+21 1.10409247497523e+17 1.82676387835704e+11 1.10850606148573e+15 4.12995715954538e+17 9.44883801198590e+15 0.00000000000000e+00 0.00000000000000e+00 0.00000000000000e+00 0.00000000000000e+00 0.00000000000000e+00 0.00000000000000e+00 0.00000000000000e+00 
1.37302347997633e+01 3.91368453775160e+02 3.61900921609376e+02 1.85182395194804e+22 2.24971218489006e+21 8.71815305601965e+19 6.65769245123796e+17 1.09200336277799e+16 3.71992162484721e+21 1.10409247343216e+17 1.82676387969955e+11 1.10850573304238e+15 4.12995627899146e+17 9.44883668519812e+15 0.00000000000000e+00 0.00000000000000e+00 0.00000000000000e+00 0.00000000000000e+00 0.00000000000000e+00 0.00000000000000e+00 0.00000000000000e+00 
2.37008382959629e+01 3.91368454458665e+02 3.61900921576791e+02 1.85182394764897e+22 2.24971220175839e+21 8.71815283365034e+19 6.65769974069023e+17 1.09200307537477e+16 3.71992167858934e+21 1.10409245927318e+17 1.82676390359465e+11 1.10850789767403e+15 4.12996207410823e+17 9.44883470953042e+15 0.00000000000000e+00 0.00000000000000e+00 0.00000000000000e+00 0.00000000000000e+00 0.00000000000000e+00 0.00000000000000e+00 0.00000000000000e+00 
3.36714417921625e+01 3.91368454227104e+02 3.61900921989068e+02 1.85182394895165e+22 2.24971219816400e+21 8.71815290411999e+19 6.65769748000717e+17 1.09200318799496e+16 3.71992165811686e+21 1.10409246309490e+17 1.82676389489344e+11 1.10850704226652e+15 4.12995980819735e+17 9.44883497950162e+15 0.00000000000000e+00 0.00000000000000e+00 0.00000000000000e+00 0.00000000000000e+00 0.00000000000000e+00 0.00000000000000e+00 0.00000000000000e+00 
1.33377476754158e+02 3.91368454270180e+02 3.61900921849458e+02 1.85182394813132e+22 2.24971219946582e+21 8.71815288124993e+19 6.65769819888501e+17 1.09200316626720e+16 3.71992166131919e+21 1.10409246128256e+17 1.82676389620725e+11 1.10850720652754e+15 4.12996025271932e+17 9.44883476592886e+15 0.00000000000000e+00 0.00000000000000e+00 0.00000000000000e+00 0.00000000000000e+00 0.00000000000000e+00 0.00000000000000e+00 0.00000000000000e+00 
2.33083511716154e+02 3.91368454342355e+02 3.61900921875420e+02 1.85182394768092e+22 2.24971219966369e+21 8.71815285947454e+19 6.65769876479361e+17 1.09200312241766e+16 3.71992166899163e+21 1.10409246099455e+17 1.82676389995875e+11 1.10850753697345e+15 4.12996111730331e+17 9.44883477970164e+15 0.00000000000000e+00 0.00000000000000e+00 0.00000000000000e+00 0.00000000000000e+00 0.00000000000000e+00 0.00000000000000e+00 0.00000000000000e+00 
3.32789546678150e+02 3.91368454324280e+02 3.61900921918894e+02 1.85182394766677e+22 2.24971219988615e+21 8.71815286310463e+19 6.65769870539543e+17 1.09200313449562e+16 3.71992166684506e+21 1.10409246081748e+17 1.82676389906419e+11 1.10850744571392e+15 4.12996088160153e+17 9.44883474269039e+15 0.00000000000000e+00 0.00000000000000e+00 0.00000000000000e+00 0.00000000000000e+00 0.00000000000000e+00 0.00000000000000e+00 0.00000000000000e+00 
4.32789546678150e+02 3.91368454335760e+02 3.61900921908008e+02 1.85182394758650e+22 2.24971219981172e+21 8.71815285939903e+19 6.65769878555570e+17 1.09200312649434e+16 3.71992166815743e+21 1.10409246078854e+17 1.82676389962999e+11 1.10850750590170e+15 4.12996103836762e+17 9.44883475078615e+15 0.00000000000000e+00 0.00000000000000e+00 0.00000000000000e+00 0.00000000000000e+00 0.00000000000000e+00 0.00000000000000e+00 0.00000000000000e+00 
5.32789546678150e+02 3.91368454334118e+02 3.61900921914919e+02 1.85182394757749e+22 2.24971219978832e+21 8.71815285966935e+19 6.65769877668806e+17 1.09200312712028e+16 3.71992166802489e+21 1.10409246080184e+17 1.82676389959093e+11 1.10850750111086e+15 4.12996102579071e+17 9.44883475053026e+15 0.00000000000000e+00 0.00000000000000e+00 0.00000000000000e+00 0.00000000000000e+00 0.00000000000000e+00 0.00000000000000e+00 0.00000000000000e+00 
6.32789546678150e+02 3.91368454336651e+02 3.61900921913928e+02 1.85182394756668e+22 2.24971219977121e+21 8.71815285894149e+19 6.65769879162586e+17 1.09200312541598e+16 3.71992166831165e+21 1.10409246080430e+17 1.82676389971609e+11 1.10850751394285e+15 4.12996105916013e+17 9.44883475246711e+15 0.00000000000000e+00 0.00000000000000e+00 0.00000000000000e+00 0.00000000000000e+00 0.00000000000000e+00 0.00000000000000e+00 0.00000000000000e+00 
7.32789546678150e+02 3.91368454335512e+02 3.61900921915454e+02 1.85182394756929e+22 2.24971219977870e+21 8.71815285923241e+19 6.65769878576803e+17 1.09200312615883e+16 3.71992166818301e+21 1.10409246080003e+17 1.82676389965921e+11 1.10850750834326e+15 4.12996104461727e+17 9.44883475156510e+15 0.00000000000000e+00 0.00000000000000e+00 0.00000000000000e+00 0.00000000000000e+00 0.00000000000000e+00 0.00000000000000e+00 0.00000000000000e+00 
8.32789546678150e+02 3.91368454336369e+02 3.61900921914768e+02 1.85182394756732e+22 2.24971219976987e+21 8.71815285901251e+19 6.65769878975408e+17 1.09200312557231e+16 3.71992166828286e+21 1.10409246080458e+17 1.82676389970198e+11 1.10850751276275e+15 4.12996105607505e+17 9.44883475234544e+15 0.00000000000000e+00 0.00000000000000e+00 0.00000000000000e+00 0.00000000000000e+00 0.00000000000000e+00 0.00000000000000e+00 0.00000000000000e+00 
9.32789546678150e+02 3.91368454335892e+02 3.61900921915284e+02 1.85182394756885e+22 2.24971219977719e+21 8.71815285913997e+19 6.65769878771802e+17 1.09200312592515e+16 3.71992166822412e+21 1.10409246080062e+17 1.82676389967614e+11 1.10850751010754e+15 4.12996104920331e+17 9.44883475185147e+15 0.00000000000000e+00 0.00000000000000e+00 0.00000000000000e+00 0.00000000000000e+00 0.00000000000000e+00 0.00000000000000e+00 0.00000000000000e+00 
1.00000000000000e+03 3.91368454336071e+02 3.61900921914997e+02 1.85182394756833e+22 2.24971219977430e+21 8.71815285909283e+19 6.65769878844289e+17 1.09200312579209e+16 3.71992166824625e+21 1.10409246080222e+17 1.82676389968582e+11 1.10850751110898e+15 4.12996105179368e+17 9.44883475204198e+15 0.00000000000000e+00 0.00000000000000e+00 0.00000000000000e+00 0.00000000000000e+00 0.00000000000000e+00 0.00000000000000e+00 0.00000000000000e+00 
