% # columns="iter, evals, sigma, 0, fitness, xbest" seed=782932, Tue Oct 28 14:41:30 2025, <python>{}</python>
1 44 0.9339569102657412 0 1.1748375618531857 0.40242637579429197 0.4416221118560212 0.1555972752085119 0.8480621968945933 0.8407421839163617 0.000565848465309414 0.08241799451506268 0.09195430070552585 0.16105278869887096 0.035580864307006396 0.19686891945913465 0.4742885168579804 0.432420505160901 0.0010075641174937995 0.9891309939052517 0.7601373314680485 0.9995925490907505 0.40766864601655173 0.47648526108108225 0.5116621940819823 0.7230764661937857 0.8135206954913844 0.043397857402068155 0.022939618190090664 0.3983194831419515 0.3745415682426877 0.45231326975278946 0.6165967023540031 0.18412745268387537
2 88 0.913397864603473 0 1.0015699765982156 0.254755711153542 0.997398299863115 0.4943290145238069 0.7047103009505878 0.8736277489188088 0.31810581434839175 0.09227944611886929 0.23393806120976962 0.04418384673618822 0.13316651258059398 0.40324580312718195 0.15484846468703983 0.2866243118370143 0.027898914342637377 0.9703071531405714 0.7594039848007309 0.9034675328796676 0.23744840451392357 0.029900237948742893 0.45396780077235577 0.8674789941326411 0.9971787902832919 0.06151668951791475 0.5447922946927866 0.4167533540080968 0.3025156770114359 0.32068856519392136 0.534777720497614 0.4065290338651427
3 132 0.9640791190675948 0 0.5438755053034918 0.021868450888532155 0.7644191043474402 0.7200971076676737 0.8515018478422433 0.8521417830717096 0.8036352542292884 0.3509083707191818 0.40264641625535325 0.16692583687232904 0.004741653861633896 0.3966578653325632 0.4246654075928346 0.13058522220919005 0.0008921899629321852 0.85626880917445 0.8589102630713404 0.7366734704611465 0.25906381794706446 0.1513634709830597 0.7423028990148394 0.4051997944380854 0.9143615073036192 0.09266795403888944 0.09216288110750098 0.42974118387867855 0.5496757708576432 0.1404387055665603 0.0051537726000367365 0.587797295038987
4 176 1.0394572641336606 0 0.578552369941102 0.8318388152508142 0.6233114779369947 0.34625691700743305 0.046693351995030066 0.9643479933940146 0.0002004494051367054 0.3539713940425702 0.06233205341449058 0.012820745670552183 0.04452725356308012 0.020721811575982074 0.006384378148709149 0.0013977593732934215 0.6566871168363827 0.8503183666779727 0.8879694120104019 0.6276156127701279 5.961267624633701e-07 0.015097924695561826 0.4681324679016656 0.9924636287237953 0.8399674230339452 0.5431805390619696 0.030278794689039726 0.4513157981882789 0.3235397469858238 0.6460991347905739 0.7841619709606489 0.5428445722228972
5 220 1.0833573783792372 0 0.6408490888729838 0.08328382320011252 0.8476382509901618 0.9831405243583848 0.9609528857860188 0.6908173687035599 0.017610843192161118 0.2992070689598094 0.004305595511381349 0.031236117496973755 0.06395307352897073 0.31728487395276533 0.4717489322108782 0.15664578832394124 0.1665240417158834 0.7052468233093147 0.6350651036811996 0.7897678136237266 0.3739391031055131 0.4377671944900239 0.5581389549493426 0.9941868668328425 0.6742805098122894 0.6368668934960268 0.013090416468273407 0.8558311257489051 0.592734527124248 0.7763726777261348 0.9979630358118159 0.6750123088247748
6 264 1.0683675519252387 0 0.4710654297902047 0.8175766257560885 0.47657658942756964 0.07513134479669475 0.439940356184502 0.7048916789437109 0.018551199397231453 0.744717472360459 0.10025644999611469 0.02748726019120634 0.000965109473968717 0.035094816239645985 0.5015951694247229 0.4172790434317239 0.039348743606834304 0.6267601254933705 0.9586878412257152 0.9545865307034711 0.4199927984964455 0.5645685273759908 0.992465631998038 0.848600987229821 0.3474293110690697 0.0023298094890623205 0.5365799039314904 0.7609523307214732 0.11020600071666509 0.6625165406126906 0.0006464572942376813 0.7330614617013005
7 308 1.0162813042324013 0 0.48989284886429185 0.9947777219669118 0.7752731980728242 0.5107212118095448 0.2651357875294752 0.9266236958298316 0.0012568270366636795 0.5488964516392217 0.04459315649801324 0.002534060430135169 0.3942143123319952 0.14384909003856713 0.4030038458084183 0.15609964530747614 0.005381985652330999 0.7986547655427331 0.9922338830750774 0.9185385646518653 0.42314879605897515 0.4754233666606771 0.9614996256037638 0.5902291932391275 0.9925339979749774 0.37486245846129485 0.04013969603606385 0.17336217138526777 0.7802887056358365 0.5739479428091594 0.9903964354924087 0.5081291053976863
8 352 1.0396037802862979 0 0.49006097227693163 0.6298235410971907 0.9581092723254291 0.7592364293483054 0.4825930915433889 0.9843204225074491 0.0025237758584425907 0.003168109430514107 0.05700051937311257 0.46145676279631 0.5136710946517904 0.6408754127321219 0.2455466647369908 0.2974111701534748 0.08846117062418996 0.5263997720670051 0.9160688940497111 0.41126437912695823 0.19348849822354502 0.6865662496023666 0.9266756495737677 0.7675394193685129 0.8554909864153476 0.180665346991074 0.01563853863365448 0.008296774898597257 0.055620597098564206 0.3156869378915665 0.9858486969108363 0.29675705331959934
9 396 1.0528920038877765 0 0.5261576058552344 0.6829286141366108 0.8165342564937691 0.5211142731199865 0.4838170656835141 0.4363703360906823 0.004314099404135042 0.7186071436461474 0.13887976532266771 0.718556655873898 0.012340250621758293 0.5129251633448069 0.4511742885814456 0.0002190498791609087 0.318248647402048 0.698694025186951 0.9997873096301385 0.7567138284850031 0.28802343338706576 0.8295210997434715 0.9789019869739712 0.9260115139485339 0.9039467381920779 0.029712394956060987 0.22724654615661888 0.27129872611556566 0.16608206846213358 0.18684755019632995 0.8757821847768738 0.13978135510364534
10 440 1.0623260465055566 0 0.6999721574183594 0.5420307957708996 0.6487353381683004 0.7612589998297228 0.5506372156926927 0.7068670600907825 0.16716511870630385 0.0029333175857442816 0.5763298477126221 0.4866404536667122 0.25269207247301595 0.7020486560614712 0.20323941389205838 0.2017334796160784 0.004414138746910182 0.20765083574319088 0.6331216176373579 0.7393869762030942 0.2691716098586687 0.023360259399471717 0.8051650867036828 0.6190570297083221 0.7602114289631913 0.7247509666570119 0.28969389955224906 0.44337796073764213 0.002133894776448375 0.4726155943865544 0.9462479948841624 0.45059053385951586
11 484 1.0649887463503676 0 0.4531262648300203 0.9913598418615241 0.4341081098260629 0.9862822640970881 0.25814018621514123 0.6879581089003517 0.0033538779704425973 0.28712397140127704 0.2914807639088745 0.25242497592572805 0.3037166023420683 0.5846254821894206 0.42477383450539025 0.5714104536100844 6.650286740645098e-05 0.16741378682505303 0.8553594755594297 0.7521219479493885 0.4816668012216038 0.429245070428197 0.9925797896935239 0.7739657163709127 0.22712112472469015 0.2224695465531027 0.04008291711357166 0.24803951622246878 0.45675847868264446 0.5547185357612678 0.9862963756015348 0.2651441899366422
12 528 1.0952988219924553 0 0.5802509925611761 0.7622896008262497 0.7152695520546047 0.6062022032948697 0.15037210629635245 0.9999730587709346 0.013043769060745582 0.7922121861083962 0.4311793968090656 0.01188044134414054 0.37520575293915115 0.44422131089278727 0.3892087427419303 0.3708560328822452 0.0018266464604200824 0.9634270866294787 0.8517560710858775 0.7190907092370075 0.15924946302337012 0.530858700132959 0.982418122421224 0.9996692326179623 0.11820702052784748 0.6394394754063847 0.525658042858373 0.6847716954101973 0.30084783953988703 0.04740186263001888 0.9072923289071689 0.08429287395218607
13 572 1.1211482903598087 0 0.4671507154621783 0.8838904079988752 0.6940263229825836 0.7590805193954367 0.061826240347311406 0.7722364796914304 0.0006805384225235278 0.21433023987605596 0.4863485816055927 0.023757897548954514 0.050719045668242244 0.06992719506560749 0.2641981902507901 0.37544355377828825 0.2416522366097976 0.3968229907860853 0.4339652797994096 0.7840884212710347 0.2586799402547576 0.5433758199680191 0.7890589698298897 0.9712180096164222 0.036335465118436015 0.14111406716046138 0.5092892812570968 0.004721636671468333 0.07566342946682636 0.34279567822507795 0.9994129749305186 0.08277074708380894
14 616 1.1580308578402878 0 0.566095053613861 0.20638214279289824 0.9318802623641286 0.9206767316356871 0.4373934189249128 0.956699209565204 0.001434823498418254 0.0008881554321067541 0.41033984377651667 0.8305983910295537 0.27800046863815336 0.9933924351525479 0.2527451241358196 0.5075796230302541 0.10063122646833111 0.9483695729570777 0.4410547603819707 0.8022338077680197 0.000493196262474048 0.8659471878958691 0.7789244782126766 0.3323082617523334 0.6355999695760303 0.41462660691320397 0.05156091670220389 0.41865896104048783 0.16765537247900375 0.005237740041252726 0.9748225327810599 0.15397063967601232
15 660 1.109270755985459 0 0.5170804871477773 0.6890761964784415 0.8747811697460185 0.5798511990316826 0.7580794173985596 0.7167652369201576 0.01018275844920973 0.6543607346568827 0.03698930241909478 0.10484363799685198 0.1741714425120332 0.8502441648005535 0.1485295677091781 0.002847567598340108 0.4943161611927486 0.01889672032531117 0.6926405840046603 0.7121974497824234 0.05535420473595288 0.012367669483579119 0.9990118059298977 0.8989064449709003 0.8370878238677196 0.7259323628731916 0.44363990636829465 0.020605519676888416 0.29925836888510793 0.023513849418743252 0.9347027778407387 0.12567251405388852
16 704 1.175519562318423 0 0.5696845784583907 0.42395413640432034 0.8244840324299089 0.7854476184748503 0.0444632784752442 0.8544956116776523 0.001576395887962128 0.14264524547985413 0.6898469724916937 0.7758442730262758 8.857241662063662e-05 0.6724758906600212 0.0014657713198963677 0.011037152835512792 0.3980337363525824 0.01208917469493169 0.16256035602853658 0.288721772464129 0.3093744578593538 0.5439962040330423 0.31991022121938106 0.8852074201614241 0.5162387520783549 0.519003494872853 0.0036375434634681168 0.5987174994469603 0.02764642056649629 0.4486190771637726 0.8386326578303603 0.1999614949194799
17 748 1.2561675529917877 0 0.5455601334789708 0.4485891398614203 0.6926946557182722 0.7491023412938896 0.029839820675006765 0.8679126412520405 0.000992836141830903 0.389852887840764 0.9471057918142609 0.5647399388086557 0.05991543259673841 0.5287669198883636 0.17985300672910512 0.19123754399362652 0.5200619350717319 0.02159012751555945 0.5649889682016068 0.9105899760361598 0.10084186752471232 0.32863715685901984 0.6208627744263538 0.5205824413707367 0.06165166091482677 0.38449658887646776 0.5836375912100408 0.49876067542432434 0.6795264012471746 0.012363702136743648 0.9692098325460915 0.19719907342277188
18 792 1.2889056664729832 0 0.5180751759920076 0.14916237588713172 0.9814687421175243 0.7909233424758154 0.5056965030231106 0.9985803794148046 0.009643897873564768 0.617992394681752 0.8578249976652582 0.20285425770120336 0.16192966206738507 0.9203113731142694 0.30755114961712027 0.425655442921398 0.745443628513373 0.2512951965192233 0.0007018007393409253 0.6418778588599906 0.47021650389798586 0.6416512133425583 0.9478330293004694 0.7383403814089392 0.574512046922573 0.329180525176734 0.0018523983166018685 0.21775880680201765 0.034545796697579914 0.07651793623777572 0.9545847161993276 0.25155552716219376
19 836 1.344816112189018 0 0.5374986052175672 0.07543731281203142 0.9832673797956156 0.7902378296434653 0.5725026039108355 0.8547941471997834 0.01304661783730324 0.01125265392075236 0.7276278775759856 0.998180783393515 0.8228701776610333 0.5951702127115697 0.027619185786694086 0.3324352883613656 0.47294185852072035 0.2716966017149912 0.049790309935929415 0.8464489098697422 0.23019111425929423 0.44961273596547296 0.666152986681271 0.08106255116563565 0.36081338560634035 0.5761414580844216 0.1323210666458772 0.8488761180970334 0.24187011586748414 0.0759079252984791 0.9895529513586775 0.25187550188573593
20 880 1.371824435564082 0 0.5612977133974237 0.08251474568982442 0.9957095591260458 0.6771678014651218 0.16702806129919578 0.6653567836730858 0.02359049202389078 0.5278687403933562 0.9836055768374776 0.5404304543497472 0.13093771064575666 0.9255311026251943 0.4703386966246238 0.6341348519188716 0.02930377672099742 0.10866597048988247 0.08807866721656599 0.20305438754775917 0.48373706844153364 0.1387696002761668 0.7240892083274365 0.0072857903861043545 0.4175890234337757 0.40658023035916424 0.30983492269107316 0.22111778728617337 0.13578058957289185 0.1771258527348324 0.8662319868452988 0.35655220473693
21 924 1.493932484545341 0 0.4955096172877915 0.5530499836365772 0.6222692906814993 0.5477066607420937 0.34929075233804785 0.1332863591158191 0.009076538123373125 0.03442188459378178 0.9670872662110498 0.9556010332348907 0.6186843377793656 0.9429442130871841 0.14839022679056035 0.4369823455711786 0.017618958818669064 0.327012227715469 0.689916631674038 0.9963058574297685 0.0572796175202224 0.013506267960982957 0.8054854228875791 0.013305567466755914 0.5305424436595088 0.13632726349365815 0.08510962193545046 0.9137003461854055 0.33122386168631524 0.539854118425017 0.9125236152333543 0.09110643785967787
22 968 1.494918136426132 0 0.6157092917050959 0.44999096816931744 0.9591378391386545 0.7667865073458152 0.004989652505567128 0.6581827775834668 0.02609597544014391 0.10887843516782132 0.7585720643051824 0.786175162811945 0.4560585312918808 0.9308370598530622 0.6092730981843687 0.37074345213924714 0.16347357300820892 0.11173851221402387 0.45899468698936285 0.9950166737462135 0.45851271123176124 0.7390171677003313 0.8515419092503255 0.22164740978808262 0.4237954757699528 0.2474900351178405 0.33505149419118524 0.3312835930113403 0.5600528413638011 0.07941914477321824 0.8746318004922592 0.05505133729696374
23 1012 1.432757375314526 0 0.4850916653957203 0.47678408609173956 0.9701026539926438 0.17549708079082416 0.16466604080265057 0.6763165231300232 0.004431264252690853 0.008547005692671075 0.8621556633060761 0.9896783925423152 0.22468832537266 0.9023128968093767 0.37087960624330607 0.24540707988437885 0.6725047421658806 0.3941650932236138 0.5106520483156604 0.9999596223620342 0.27087539711743946 0.29743870563172076 0.7544314528610871 0.21431951472220323 0.4763011366887493 0.038012751487732054 0.28972466967114235 0.24908044668197987 0.5569376210067164 0.17422847755498572 0.9911673758472844 0.4997585509165292
24 1056 1.3634375182244403 0 0.526295633982393 0.5616360335429603 0.868730434616919 0.9810285135067692 0.02363369809160004 0.8565521897607 0.005456874148367814 0.46062913244505027 0.8081316365373893 0.566164536597199 0.0721020908379025 0.9191989475429746 0.5669641969958702 0.24179439598876054 0.010890777007489227 0.37752351590055 0.2038332895247305 0.9998691436287976 0.27692300501209444 0.6856007099534125 0.9339645132920259 0.3582099670263722 0.41694283660825204 0.20258179062349985 0.058909740213487743 0.588820675232358 0.14083591265680154 0.00020851283722683175 0.8407074520802652 0.28501552114973616
25 1100 1.387213230525209 0 0.4671788435627698 0.4747398759299655 0.975936633965339 0.5836740573868046 0.42969418655181635 0.7906482016188461 0.003388518168239231 0.035564746426795295 0.10372178452255776 0.651042704442532 0.0675404053905215 0.9990060859856509 0.33022448678634786 0.8601243671172975 0.10223900148713186 0.020702415850168656 0.005893680508445759 0.8768024661004132 0.06844548088169261 0.4504900100835644 0.9032968442774295 0.014608303793720068 0.04727182705205096 0.09420867217567566 0.5730642033334149 0.6406474535366268 0.01941439810357128 0.0018483790488175512 0.9963094805197129 0.1503470250872032
26 1144 1.3051169179076267 0 0.5642923418531651 0.34525169088833196 0.7771733158096626 0.8975377038980529 0.16564851041028483 0.37115816696212256 0.02904177108306247 0.08062258318453129 0.6594135542843862 0.7571381333192672 0.29329510394022373 0.9797604676958666 0.4809058911238804 0.9847664684840152 0.517058009887805 0.0005365803093609884 0.07119311076880963 0.18626092347583978 0.002820565145467652 0.1278971370821506 0.6662203228370992 0.2673781497838138 0.068665713874665 0.06589398311692615 0.5869231991281668 0.3011524040733019 0.08175270371137608 0.40809815067682687 0.9928737943930781 0.7812828077646427
27 1188 1.1836563364837795 0 0.5055428477965983 0.47072738433300454 0.9872479860917404 0.7001354988808907 0.20001876953962505 0.6647290036238916 0.011342386732365456 0.01705044218485153 0.44427908501637403 0.440435795173057 0.1574865303505332 0.6753195590402838 0.047354048384001646 0.6534905407010987 0.2583428355330335 0.0862723398770614 0.002478655560175042 0.9994400944920075 0.3162361902212638 0.37326067311446004 0.7816742334952073 0.2893103016222006 0.5938225379828127 0.2833495654808674 0.4337732370590015 0.03116974038744494 0.20424068701235254 0.1655744671776903 0.998102608521956 0.17575172721289267
28 1232 1.0933942829266219 0 0.494520684957238 0.30391704872930814 0.8726520156391891 0.805228766953066 0.23329939837985847 0.5186401889034497 0.009328688465009007 0.32908188894666224 0.36949464057759007 0.9378627587845823 0.7631976441593007 0.9952359098251952 0.10567770187828984 0.8896901887850495 0.17745287537987048 0.0010694551288870432 0.4788176713707299 0.9414581638664278 0.15142245143916072 0.45188477168981345 0.9999829040010397 0.005911382700946323 0.24348204293128528 0.3855803106353377 0.021382539435478957 0.46235688971078903 0.0037051225647997377 4.232400816864275e-05 0.9999678827623986 0.24606985362804457
29 1276 1.0414928575285118 0 0.4683269413148135 0.6751119033307367 0.8757251467200352 0.7481694805449812 0.029895502038712836 0.22899317493439705 0.003238691037691035 0.0006342200270259153 0.9591885202445496 0.8015286677088379 0.6377550019680481 0.757805186662823 0.5116476621152559 0.3757972098408531 0.1702259819181034 0.00236483390113286 0.3279060299407645 0.8810286603981335 0.20402749615151655 0.33769916172952485 0.8993343782200961 0.10371222508464262 0.00010958625953675906 0.17652785152737221 0.493016417239299 0.09884464157270106 0.030317486556074615 0.22349039357204126 0.96298074766412 0.26603891674599
30 1320 1.0726906751016705 0 0.44901809483130567 0.5456910234789485 0.9946218455884847 0.5404437085366874 0.29156070332138573 0.2929925388253328 0.003025395358126503 0.09099670864664963 0.9870769359383047 0.6169209844822642 0.00907574273007166 0.7278923335867561 0.0350295612618738 0.8163436735177307 0.11536663325929514 0.4820599152438547 0.2530982063969608 0.5991078985342758 0.02844084145770561 0.2858402331395523 0.6348182006635447 0.1197137754308425 0.13762757636953393 5.73040002104276e-05 0.5326265870459803 0.537067554178909 0.18101184699363157 0.001309627198780515 0.9980467543551739 0.331695164544314
31 1364 1.0621769945785995 0 0.48236452451187317 0.5503944521487756 0.7232781253211523 0.8894060012994085 0.11178880119031698 0.5403891206110425 0.005923859234602104 0.01949251632535334 0.8959628224156058 0.5952032390129314 0.32699112688142934 0.9531919602193358 0.23928581487400608 0.4389451180404652 0.31712857330977257 0.033578685848164015 0.05999999271652068 0.3643176911380962 0.21196164615289004 0.20497943684727296 0.9922203856879095 0.013554367066483095 0.5427467974850229 0.19279792046241184 0.3191173466717159 0.5680395973415834 0.32540090737036426 0.14220714769378245 0.9701692559592987 0.5410132938577834
32 1408 1.0356983414426506 0 0.48969705424504684 0.5058987643355795 0.8527220907124881 0.11630904016932675 0.04824569053038354 0.10684605751447618 0.002796301556185831 0.00025143162570063343 0.9384041143653198 0.45416634746720264 0.6517339667491314 0.821930086595572 0.23544826658321227 0.4576976549254231 0.06304153311023755 0.028782952307826987 0.2100591147356651 0.9146672846174375 0.00017125325432047864 0.5230518191738007 0.867152370012218 0.36558364427988643 0.5046750542251417 0.2421206620899728 0.7355805613320626 0.35836095114414834 0.34550435601913076 0.10868370064810429 0.9846057473030148 0.4247274614070822
33 1452 1.0220773862099173 0 0.4434104253902561 0.6258987735635989 0.9038525071101572 0.2521043579076268 0.10674282631467691 0.850725582166096 0.004336991418114304 0.2555197665117818 0.9950159253925175 0.9520009824968166 0.4383407370671585 0.8311636678186402 0.1138872684398669 0.71596062951593 0.00030923244028515127 0.061190406515721024 0.1674821955749373 0.8203879300556755 0.06015415058776208 0.09144223065921936 0.8499050821338835 0.21150635795198758 0.0037184038656351477 0.07251730708315951 0.3937168742300825 0.6298635503839681 0.48698276208270297 0.08790178797757883 0.9980513824260445 0.27306577154367123
34 1496 0.9427655535766778 0 0.5047292997484333 0.38952225955928843 0.9166690491031962 0.5195983654032315 0.30188582184990465 0.6215030749761654 0.02004679292720183 0.17721922067040496 0.9815410909519116 0.40069213135967974 0.28713922527300134 0.793955075046428 0.41993956638705093 0.5419646221573049 0.16155488821966907 0.00239571010727989 0.23577267466343388 0.6387418761603872 0.26351289381654974 0.2806405379962154 0.8823413917527066 0.011809875362827012 0.37464668773722265 0.0029149024553673554 0.7261758043298622 0.5422764197025325 0.017453423623900947 0.35298310916517606 0.9890935724616254 0.1960668755952974
35 1540 0.8975068249462754 0 0.46590007139676354 0.37737014360860177 0.8786375428374781 0.3250302231666365 0.37820385372063126 0.9210512348427757 0.009025856735486193 0.0029368850646965586 0.8099252059765577 0.7173722715711388 0.35190921810330905 0.8748452716487943 0.5744570999257721 0.3730209813660397 0.24179379226040332 0.0454515426900339 0.25285574492039015 0.6884789917840398 0.1808462600736887 0.04259894945224382 0.9659411226494087 0.2536975966818479 0.16556259811613516 0.07474630183682673 0.6677221581179279 0.6725522781427337 1.7634182802216643e-05 0.3340808927533201 0.9753817488230354 0.1441986389018075
36 1584 0.8938002899164337 0 0.4499785296131583 0.17429935412122555 0.9996301773373599 0.9858539218921937 0.24148855937960712 0.6918815874689177 0.007761748038991792 0.009486150313067475 0.9110369258230153 0.8599708824324179 0.06598499178917983 0.8233829510459952 0.45651486512697176 0.5069082653229513 0.010139343709046547 0.0016091174560027924 0.1268097196240982 0.7334683074941063 0.04523242531081489 0.10943137622567439 0.912887279218514 0.01717201718910496 0.13693843357032043 0.17476185237205277 0.3849443732643062 0.5736850605370728 0.25981621042264724 0.2595222873875358 0.9888922919157441 0.26782920807430977
37 1628 0.8902606786804322 0 0.46068723167620673 0.0767868011006283 0.9881498269815653 0.7142428748949388 0.014513180342168282 0.5476603076800574 0.005055041675691256 0.1782966316749438 0.9986092432608493 0.7097627237026103 0.008505290649808931 0.9863826121678756 0.3171794402372874 0.37446913391630077 0.2624980566058226 0.10435136638130615 0.35476175801172316 0.8725950246137361 0.2578035844612934 0.003846324331553681 0.926688273848255 0.2845141959982914 0.09355264883609726 0.2199084326906786 0.061953035586609 0.5142928418557018 0.04375966284425389 0.1596006475352284 0.9978863805386187 0.1316736501374207
38 1672 0.9099603097198838 0 0.4470618822585393 0.2791063167641458 0.9795822720583417 0.4332531785045706 0.4135043450668997 0.628698832686255 0.006825662966648061 0.0016870281235984344 0.8947565838771688 0.5022795186937117 0.6745404217134003 0.9099921080297156 0.40056303214924394 0.7211270430229625 0.15470051270021307 0.1515631749320535 0.016289692293682666 0.9996800145103366 0.4223832035159077 0.06039746241229635 0.5846722228166422 0.2975476463814847 0.1610833777577828 0.10056039723335725 0.12515231946918637 0.9309124892704329 0.00039181004511391654 0.007205590343341601 0.9873012565407786 0.08931896988784013
39 1716 0.8408408391645301 0 0.46221828112071267 0.1668571811720182 0.8692541258745593 0.6876487505390447 0.16473734739631174 0.34228092556027623 0.00559045723604735 0.15794127093889432 0.9879847179203005 0.7357005947625372 0.12567643079206983 0.8575658727936374 0.4290652090327552 0.399159829445392 0.0022546940876949856 0.10362578168723857 0.06270010196910206 0.988265996069509 0.008754261783062137 0.1714208331288476 0.7393402711706668 0.42760280852460475 0.18234859267023895 0.006206041854722362 0.17662007672285462 0.2978839599951905 0.19127117825659673 0.012186695076126098 0.9960281391582886 0.4091714212533323
40 1760 0.8347706295776505 0 0.4524814934693334 0.46843903844727697 0.9789590962083007 0.6176454306742301 0.0023389534561163413 0.8093643912381729 0.004727022781758788 0.11489700569078481 0.9261303898191039 0.47143154240623175 0.3153972391425123 0.6672007546275799 0.44018737192048685 0.5433871945877935 0.22496267437151726 0.02159049082516065 0.019089499288986855 0.5993458004981042 0.00041680395975111754 0.18103649585085868 0.9055639517470039 0.08338673257501628 0.05984478541219884 0.007254637619221161 0.12169548082378404 0.6292068770576137 0.03177139308337991 0.1145190480162252 0.9925985804428282 0.1740877321761506
41 1804 0.8698409545351936 0 0.5142806373839349 0.25306002003360645 0.7837445968300999 0.6561454687056713 0.2080405514946816 0.9810611656923484 0.0058833005948488535 0.44774535297733553 0.9908543463887556 0.5263477117418025 0.039757308110406064 0.7525696209792586 0.35428300494318754 0.4997445222234299 0.36437043712251965 0.19375684048824493 0.05692924182444986 0.8283014174576965 0.3146081654098136 0.08163082015223648 0.856117637036761 0.2747561515458504 0.2606678373203698 0.10519482697703073 0.16043521144602296 0.24178702892948334 0.017391144595344868 0.3798836680096155 0.9277524518625105 0.40575849239136463
42 1848 0.8805895658374511 0 0.47172177506773233 0.406825405542907 0.9833068974951501 0.6223082302336654 0.07607462232424267 0.7268829904853764 0.0035001519356847514 0.4050404010343577 0.7919517547993075 0.775004293238893 0.2065079633633269 0.9059832151154763 0.3487998107301129 0.7018363044340875 0.04076102889512517 0.03421288773603175 0.004621444831228916 0.9279503084077317 0.24131257257363417 0.08530209062937623 0.999470530112641 0.00044353226162384694 0.23127522010944224 0.06753778517520105 0.4842125850545066 0.5496820441865546 0.1842570199925942 0.5338245280797203 0.9928155467550068 0.53592745302334
43 1892 0.8999237922728422 0 0.5107298470811955 0.32476943094368566 0.9565177619141393 0.7334293128186684 0.2696682273965686 0.6697990413805108 0.0073792988508783125 0.4430907420344093 0.8741792298976051 0.33371257878606414 0.3062102591612961 0.5605348825612706 0.258706917713651 0.6932403161075975 0.14411041715239495 0.1578990313256835 0.1605415144554883 0.6125424749570113 0.08170769738780909 0.027039615767825317 0.6333213882103726 0.6302250425773493 0.4400771026883551 0.019427962369997925 0.2870725743020133 0.506518706149101 0.023023068781775815 0.32934769827513166 0.9007265506814938 0.23248392339111934
44 1936 0.9712238306415334 0 0.4764901556792768 0.25071020648361614 0.8336139685570066 0.9138697669330809 0.31659579741085675 0.7968138977948945 0.01009218345191617 0.2510796612356202 0.7334291766224879 0.04752163425794106 0.3088419700244406 0.8157098932001917 0.19822104421195763 0.7627151913343472 0.14155579995537632 0.1437868459240077 0.07472922816325886 0.4420649958405679 0.26796761140465364 0.3230771509203878 0.9260098648232146 0.6431610953691608 0.4088717751476424 0.009653113675339886 0.5520919334521642 0.7797146016483602 0.1916545790272815 0.4060005405521674 0.9637611021822118 0.24016178656158932
45 1980 1.0084277708098823 0 0.5437181194241981 0.4758410625262657 0.7039407888971777 0.8466105108754715 0.13538337888365615 0.7997737394824476 0.03855565057009891 0.23025925587868235 0.660482845307206 0.355657538350072 0.21682154726247954 0.9719757067798612 0.16455967588403067 0.4156286286774854 0.0002280128837742199 0.010269837478946662 0.22749283613739768 0.7586721052723774 0.1167928456593941 0.004957876393809001 0.9999338757101103 0.007312201889023256 0.4434128256505444 0.2372467862348354 0.4907405632874906 0.8006092588521135 0.6944683673128343 0.7392108794710545 0.991322318445539 0.3451205772674649
46 2024 0.9768317362207735 0 0.48052773221689765 0.15030929262304255 0.9669240913767371 0.5923560165105228 0.007661856253263247 0.7233252537955778 0.01458779841918108 0.5681243869807867 0.7470961859902603 0.5934286812526948 0.13503886980601842 0.755033617109558 0.3112651984817955 0.6197499658119968 0.04359758336256611 0.030282552835398317 0.23056657579920786 0.7442224436799653 0.23750395291394655 0.16336480431323866 0.572125879837548 0.360437315128726 0.01740947612278651 0.19005149063650062 0.4117090880430835 0.4450802185483925 0.3562858078537715 0.3942084950951619 0.9995264792960294 0.1594160448944103
47 2068 0.943524837273336 0 0.4617630094347772 0.5553833300997354 0.9858701558360811 0.936497418514097 0.12603892886724422 0.9533810309636941 0.004256067242132506 0.4109881354894569 0.9768132632795488 0.7150135983845938 0.5570901851459628 0.8633266577714408 0.4191334897345678 0.8098212623991172 0.024429287595243505 0.014886198651915117 0.00707217236073231 0.5646362377533768 0.07594897093401125 0.0002478559048284379 0.9171231239506364 0.38629449604034727 0.24060077884769926 0.09331523746531921 0.047901586329661475 0.5088239026409389 0.3413768554527299 0.846335842138633 0.9886984401071351 0.2558676684273935
48 2112 0.9363269505587042 0 0.47697052531505074 0.11133559969600224 0.992946982856547 0.4585513267085194 0.07630854433419032 0.834634447535601 0.005593195234577312 0.2761617598709332 0.9946288039084432 0.45797555505116905 0.30675644018955045 0.7272053757008403 0.2920404905157635 0.8280062235483518 0.13675344080267957 0.08513594605971753 0.31322968705638865 0.7743877178179684 0.2838477561570643 0.14307458663359157 0.8504868890005587 0.26043835330586373 0.48150520176433353 0.025833750425568413 0.6664663681190669 0.7080729525351138 0.33936969331267314 0.7542238282164914 0.974674060048126 0.3968283975382476
49 2156 0.9278958096355315 0 0.46233046860998767 0.430850241596349 0.9656739086378402 0.5047891610605428 0.32200877963872265 0.9741235414241962 0.0036719824547078697 0.22827179699830363 0.978063826312827 0.27297933350047654 0.8099713682059909 0.9039180649852836 0.10609389484495715 0.6844176561559323 0.084715328351605 0.3451293598681193 0.10093898247233235 0.9441721893548881 0.03569417530195982 0.29775253178503436 0.6294737289496369 0.3273515348614159 0.49106378925895844 0.34723885428739026 0.8483827834070911 0.5980414233221453 0.12135890182774661 0.7345755428478947 0.9841761513234477 0.44240538383307493
50 2200 0.9287318370193218 0 0.46009596198827324 0.1564993353095808 0.9997197262283264 0.6547446403172248 0.0003285530830146163 0.857080611321433 0.004656946411085091 0.4752834991424515 0.7036470056426118 0.3621744908938091 0.37493639928665995 0.8200037456165331 0.5706125303654828 0.8895923135372049 0.20519193602682914 0.09988568129812603 0.1423184974929889 0.5207701830381901 0.11938196980346437 0.02563524697282037 0.8134125989675974 0.09102213633467227 0.003113742896893228 0.18225496135245267 0.7402901316480658 0.28387868716355635 0.24727998356497816 0.8308260313824934 0.9984843442506686 0.5818987782072643
51 2244 0.9333583276282311 0 0.4614221964978363 0.007933554165501646 0.9619528747496557 0.8540280010077544 0.19917926388507678 0.655744322525758 0.007464345203044201 0.16626052893777976 0.6400691064337272 0.5030750666431787 0.8292972976672159 0.8975439398005808 0.2746290814767079 0.7571371553346988 0.05012570465606868 0.0015749863500780362 0.4054202408391916 0.8366403482990222 0.4056801309136931 0.37916941919982367 0.6199587445597227 0.05365914548497974 0.020434189100135905 0.266293131027443 0.3080865118483763 0.6539976201438708 0.5942331994524489 0.6401120525650462 0.9880688066609592 0.3600259264790401
52 2288 0.9140529156465578 0 0.46941770976918457 0.11667317819090223 0.9971481380822679 0.5773670879258861 0.015051964897044124 0.9746098835926029 0.0065452202455682125 0.6581793008038925 0.8785259176211191 0.35971323523783405 0.2153233258400201 0.8620315685234442 0.03489488505706392 0.4422422618328645 0.10989598970107514 3.466558267668851e-05 0.25683225963129475 0.33240227405774647 0.11112881994819472 0.27879450405276696 0.9218327443576592 0.007030813520731037 0.05276541327398174 0.1499775264410087 0.4653232299483916 0.6668923253001243 0.4785629512994991 0.8110130183291454 0.9795690823676318 0.5403310148544622
53 2332 0.9174499975728448 0 0.45443048261458063 0.2337001837847953 0.9844654533894273 0.7075541642277591 0.13707122118135173 0.9823987630795885 0.008829413979592159 0.16331789912908512 0.9262797238893563 0.49180660563528594 0.380910757790346 0.8892916834686566 0.5853845118318753 0.9790714030731547 0.05312655975292435 0.12024822925610235 0.019767296265998848 0.6421196091434759 0.06074263262036442 0.11354089565303621 0.9515700725422498 0.0008244182305716287 2.602558880044393e-05 0.35630864318119704 0.6735450663131798 0.7320715677592432 0.09584533675723639 0.7540216385161082 0.9733987508661648 0.30006999142396895
54 2376 0.88703365090128 0 0.4550967543831219 0.14451639500373462 0.9979162328368802 0.6076068593851824 0.03309924552227648 0.9984812298703489 0.005046884891477246 0.334960761177306 0.7946305686969701 0.1931384394846406 0.060067937687042355 0.8432687770910421 0.5037121040682617 0.8037696184967965 0.19299367908019316 0.2323253954052178 0.0005279023682820529 0.5559098175174378 0.025532288480136597 0.010715987963523028 0.9886136765334795 0.33518124975561125 0.0008598003998040398 0.5266389391520705 0.9980525636678977 0.6281495931184494 0.1976136844265275 0.7737142490013563 0.9991208564630023 0.5199219707945644
55 2420 0.8417275472428686 0 0.46521519617159685 0.02200155637607464 0.8468987808773399 0.9861584141795187 0.01207440580077465 0.8689042532545882 0.004328786350833866 0.265584394996608 0.9471940007854249 0.40096880520183814 0.16469457844547808 0.6995919035326216 0.3744894440116006 0.9984036098118372 0.2940640584540283 0.396195039491976 0.011455402504241033 0.4680005248709589 0.06917475957125618 0.2458280835769923 0.5570661330940377 0.04258917616117439 0.3246246789927608 0.0030861959806443248 0.7097984614099814 0.949432479099358 0.22913101436454308 0.9799363654724493 0.9975856549054279 0.6621206113569277
56 2464 0.8257306460575178 0 0.4609686056694161 0.0761153611525649 0.9999869340745062 0.9312705734352311 0.1446949392627056 0.8838936064122246 0.008683685064250747 0.29557612697858715 0.9763706787860851 0.4236425577160953 0.299978367750215 0.9813898300546097 0.21959456389783244 0.6595769356809533 0.00023590506784427573 0.17595205739607067 0.13206351819080778 0.47387420477644926 0.07443844248857008 0.19285719343201504 0.904151904622495 0.012307216941213405 0.28716560980093175 0.0013731157639144443 0.8144808480800226 0.9722305008984475 0.21960934122055153 0.9733239430796725 0.9994455122097069 0.6129982270285982
57 2508 0.8307615710396697 0 0.4675350065517998 0.3875777132199477 0.9928579686760698 0.5204410384813318 0.2570388939315641 0.7865585267297691 0.007027455155183314 0.22605868993569533 0.9921651370107938 0.3608709709848251 0.07769296883955139 0.8228463176193556 0.20854510586682587 0.7263584881138 0.023604906941219635 0.12394606149446386 0.0009374882306897103 0.29522997566769826 0.0040452901621837725 0.3215887355781878 0.8456296495799932 0.2897651026460272 0.05737059991013024 0.05054355021667886 0.7403200867848837 0.8070047234309808 0.2983873978148342 0.919870529033927 0.9574728943321825 0.6025019734787752
58 2552 0.8607220761182428 0 0.44850622610138546 0.38953115560339746 0.9721918425039456 0.8553156115218928 0.18525201437760364 0.7570961728143432 0.005170593929601035 0.4867435672265077 0.9885319062277733 0.41240648626570864 0.23387653231927702 0.9298429593593321 0.24982738218094772 0.49082762732970064 0.23008240560584495 0.0019525415003003328 0.17314276462320505 0.43121966645984544 0.0002625270728497681 0.4390830319792314 0.8862654353460309 0.04256855730528479 0.020857359728153935 1.173303259212952e-05 0.4864174112408033 0.7929448191184155 0.23583896600743276 0.6316843364248735 0.9768096818141738 0.24082254591497793
59 2596 0.8923353243655957 0 0.4394340277586552 0.03584565781373396 0.9773012697054001 0.9854013912532992 0.036396592079353196 0.805926973835107 0.005718752621625933 0.5184812432451309 0.43514559754032667 0.5689082397405277 0.021083348248641866 0.9281747936532575 0.2565737257041796 0.9591065005343816 0.015291988584879495 0.05599040261137986 0.0479360045098554 0.4202776803264424 0.06670829242866677 0.055393662873886335 0.6601280938929708 0.13010545761052938 0.328937545798647 0.5530808588239389 0.8951759073407491 0.8595730101646792 0.5457026170279449 0.7700493570568252 0.997157565112634 0.5620200095495417
60 2640 0.9266865697406809 0 0.47330651333253676 0.17272404010928394 0.8574396153283209 0.8809325965248878 0.3696151668882006 0.9319017781420631 0.009287766177001939 0.35451317114996306 0.3978224150758891 0.7154641796402723 0.0001873225564826066 0.7799899945050907 0.4080771787369019 0.6597101433172976 0.009792100656154046 0.009022437728878337 0.1531288539642478 0.47179559083207945 0.007408816076529079 0.011390196512893807 0.6447800785487762 0.20188007747697778 0.3513556749450615 0.399856411592104 0.6819855951810482 0.9804565529083378 0.0029533851602227337 0.941577372874459 0.9988608601500452 0.7314812289603297
61 2684 0.9249435103405826 0 0.475935756912491 0.40923914819499996 0.6823229477562546 0.7547684366284195 0.0031428001149870844 0.9898987840999635 0.007040068357912337 0.7291938967517106 0.8052295196373827 0.6573553428687063 0.015065902149428339 0.9903743022068655 0.5796941894766618 0.8587619264970761 0.25401933577578867 0.02211279523438534 0.07133164919455773 0.4864805108731802 0.06539707847603585 0.6458842282132313 0.8641128309758305 0.00016211302012435067 0.12566512799186924 0.3628515353928679 0.5666717782145628 0.39463424353956145 0.11025848526608276 0.9459104999907838 0.9916049865938611 0.605743281898396
62 2728 0.9147547049049758 0 0.4461626537794963 0.2707636751452359 0.9053910788520244 0.9307103956126337 0.1764300293299601 0.9072159083830509 0.008088532117529123 0.48632416794774397 0.9380605692210804 0.5010215402632038 0.0011163025708223902 0.7893462091187206 0.3092761980312013 0.914164134283545 0.01745337059552787 0.20610432461150419 0.02241457709137224 0.298927443632785 0.013669138540644506 0.31238132206113967 0.8016570070190886 0.13362973411646228 0.06682543293923934 0.009081931017134913 0.654108651350254 0.992811357693702 0.042865485120071274 0.8633817406310144 0.9961349383364223 0.37731539895718
63 2772 0.9035512669339731 0 0.4677352181816867 0.3282920528281473 0.9069541875905117 0.8049277948210972 0.3355291358032807 0.7871651742645055 0.0061476488648820535 0.6751989299782554 0.9247353892087048 0.39051714655884323 7.028398890934309e-05 0.9994894300927412 0.39515564733934744 0.5086317452680993 0.36832591437573803 0.3229937493676962 0.1612409903482373 0.6139748960721091 0.09690804255760782 0.3448475663133497 0.9911727430318564 0.23105326743567056 0.13837985807850617 0.3258504658016428 0.5749896052919444 0.82394078327775 0.0005144738711171064 0.7017715224101425 0.9748626982760725 0.3797451560310172
64 2816 0.8356731336920193 0 0.450494942504665 0.4680652380030623 0.7115911800653446 0.7044293656224317 0.013726085493116191 0.9564464598136181 0.0041098906142573 0.8830068115378763 0.9415803505334719 0.6963754893664031 0.010345513357386751 0.8044481360357624 0.1338816520203278 0.5782729716825045 1.5883376853829237e-05 0.26781147960505036 0.0007414496661319228 0.5134340747897037 0.01648446336934731 0.07291698967908322 0.6062840641808089 0.2149736291233939 0.10501409105827131 0.29106722047438716 0.7013226771570763 0.9126809060591013 0.19205638272320402 0.8226324400415715 0.9864408596375119 0.4936590162822667
65 2860 0.8136552847966174 0 0.45420029820385693 0.28930024938119314 0.8777896329241813 0.6347389667167901 0.027087457193281882 0.8630059400373219 0.004944884550627971 0.5838808936473607 0.8237518611236838 0.3539403712337968 0.39225011799892257 0.996821450829553 0.36839589319398 0.6455729334199399 0.01780932205071642 0.0012880835674952181 0.2905678155869946 0.7766034381722408 0.02144667806721637 0.43870609930142057 0.669395327616762 0.059899220629998945 0.0006891342760329594 0.28648262160966803 0.5135894414915549 0.9161191738243802 0.006765351402927408 0.5894927271697291 0.9960501338963125 0.3549274523103728
66 2904 0.807663360969826 0 0.464733333936852 0.21901215730362883 0.8289669011614241 0.7380475541635335 0.21434939406935916 0.5948890715145964 0.012204711015864024 0.3705177063841996 0.9772808970938739 0.10480240014975223 0.007493042141485346 0.9617465289806477 0.2116570902984192 0.7453638257430671 0.30316407560979064 0.13724572890758724 0.08766548274887806 0.7163022172822203 0.36126806433792646 0.3301491547427374 0.5563860367914543 0.038191181050531355 0.015912498147506747 0.08443799279198796 0.7154444419363516 0.9365937229904256 0.09070490960372299 0.5528259716573748 0.9983199325056762 0.3232825154512745
67 2948 0.810495775238993 0 0.4670811581238137 0.06096000017501549 0.8869102971811583 0.9987990504452611 0.09419699390245839 0.8499950795008764 0.006427668316121008 0.3173219207212017 0.8586230949937776 0.6755700398247925 0.29954629032832897 0.7202392658059047 0.09598541196040733 0.6078042439722906 0.1841123870697656 0.002982509578709923 0.15195461176379457 0.7024265436473861 0.38816894083094267 0.3206388189609276 0.6471267661761377 0.05974755115091135 0.008615836532100627 0.02175859707548313 0.8719040049885035 0.8703772501391334 0.4613564977603061 0.2039446147206232 0.9699347218439497 0.503146126023228
68 2992 0.8253159164000201 0 0.46171285390297373 0.4769398644246121 0.7606498937918086 0.8790046924475218 0.08130471972374453 0.8946350297622748 0.005931460318029108 0.5801617756398001 0.943356842795368 0.5865246297169011 0.0011980572088854304 0.8702701597639709 0.14718699326830803 0.6539511173653496 0.08671271127846517 0.04919765112402264 0.27678343294593294 0.9999117329049343 0.0019215171522218672 0.5823868572788924 0.7350544120676183 0.15812047761423997 0.5164882791370164 0.31282318486501204 0.9423960587080044 0.9212583273818123 0.20682676473383305 0.887818334101064 0.9808872316807955 0.48236464297416337
69 3036 0.8435777508331315 0 0.4483237575558682 0.38818617471993044 0.9433092105827602 0.7535715802091647 0.006686593365670802 0.9468007052840649 0.007062320437966002 0.7659638652108449 0.9998004808713516 0.5965622333847904 0.16303206869190093 0.9995891545250953 0.23848859199433178 0.8760874569525794 0.4217664704981657 0.1658400014036171 0.373616355692775 0.9995314598889021 0.04391394117122071 0.40609881213073135 0.7185880265887834 0.04785729650394683 0.3812319658528214 0.18172748307371356 0.936502184368949 0.6702022108690726 0.13815504048378857 0.5282933274943755 0.9833451625859995 0.2459474310399844
70 3080 0.8416852508003413 0 0.45956024639007487 0.3632743685414314 0.8472851920286565 0.957293521743513 0.09251986753385044 0.6369094319332158 0.004581377650331041 0.7712451567048642 0.8295180592296951 0.41135503558782965 0.31750457516822184 0.89418922868448 0.04485802393241484 0.7206420468367887 0.2114113111040911 0.31775764510363536 0.22672819131697286 0.9564216225195399 0.31822603669819594 0.2501954955154142 0.9021823656310147 0.04337574336473627 0.11681851234650387 0.006039323097789182 0.7214782640325391 0.9988301891725605 0.054027270902579194 0.7052142591163623 0.9572203914648808 0.28808807554026206
70 3080 0.8416852508003413 0 0.45956024639007487 0.3632743685414314 0.8472851920286565 0.957293521743513 0.09251986753385044 0.6369094319332158 0.004581377650331041 0.7712451567048642 0.8295180592296951 0.41135503558782965 0.31750457516822184 0.89418922868448 0.04485802393241484 0.7206420468367887 0.2114113111040911 0.31775764510363536 0.22672819131697286 0.9564216225195399 0.31822603669819594 0.2501954955154142 0.9021823656310147 0.04337574336473627 0.11681851234650387 0.006039323097789182 0.7214782640325391 0.9988301891725605 0.054027270902579194 0.7052142591163623 0.9572203914648808 0.28808807554026206
