Time(s)              GasTemp(K)           NearWallTemp(K)      [O2(X)](m^-3)        [O2(a1Dg)](m^-3)     [O2(b1Sg+)](m^-3)    [O2(A3Su+_C3Du_c1Su-)](m^-3) [O2(+,X)](m^-3)      [O(3P)](m^-3)        [O(1D)](m^-3)        [O(+,gnd)](m^-3)     [O(-,gnd)](m^-3)     [O3(X)](m^-3)        [O3(exc)](m^-3)      [CO2(X)](m^-3)       [CO2(e1)](m^-3)      [CO2(+,X)](m^-3)     [CO(X)](m^-3)        [CO(a3P)](m^-3)      [CO(+,X)](m^-3)      [C(X)](m^-3)        
0.00000000000000e+00 6.38706218750000e+02 4.40400298437500e+02 5.25512715565971e+20 5.25512715565971e-05 5.25512715565971e-05 5.25512715565971e-05 0.00000000000000e+00 0.00000000000000e+00 0.00000000000000e+00 0.00000000000000e+00 0.00000000000000e+00 0.00000000000000e+00 0.00000000000000e+00 5.25512715565971e+20 5.25512715565971e-05 0.00000000000000e+00 0.00000000000000e+00 0.00000000000000e+00 0.00000000000000e+00 0.00000000000000e+00 
6.00629376172450e-15 6.38706218710480e+02 5.09917855107533e+02 5.25512715565951e+20 7.79155509086721e+06 1.79653372159184e+06 2.96322718239326e+06 4.86872259193200e+03 1.20262565981233e+07 4.23542887402384e+06 1.14498073995397e+00 4.05526993445625e+05 1.08016877635881e-06 2.03823001728834e-12 5.25512715565966e+20 4.60010838596078e+06 1.82964727567134e+03 8.63076317742000e+05 3.11408093716226e+05 1.39248302472282e-12 2.89187724514138e-11 
1.20125875234490e-14 6.38706218670960e+02 5.09917855076947e+02 5.25512715565931e+20 1.55831101816938e+07 3.59306744345859e+06 5.92645436430220e+06 9.73744518416200e+03 2.40525131989103e+07 8.47085774544973e+06 2.28996147658745e+00 8.11053986884882e+05 3.40914027305239e-06 6.43289473879336e-12 5.25512715565960e+20 9.20021677145699e+06 3.65929454995575e+03 1.72615263554443e+06 6.22816187365296e+05 4.39484093275165e-12 9.12710624223342e-11 
1.80188812851735e-14 6.38706218631440e+02 5.09917855046362e+02 5.25512715565910e+20 2.33746652725325e+07 5.38960116565971e+06 8.88968154577027e+06 1.46061677766963e+04 3.60787698024173e+07 1.27062866142229e+07 3.43494220983043e+00 1.21658098031764e+06 7.01324130832568e-06 1.32336716901725e-11 5.25512715565954e+20 1.38003251565325e+07 5.48894182282398e+03 2.58922895340858e+06 9.34224280945795e+05 9.04101253128854e-12 1.87761703532811e-10 
4.42246050426694e-14 6.38706218459013e+02 5.09917855015776e+02 5.25512715565822e+20 5.73695627005936e+07 1.32279567863876e+07 2.18183720161224e+07 3.58486185114328e+04 8.85498561443801e+07 3.11856489562606e+07 8.43054345262673e+00 2.98591308215427e+06 3.66607335465970e-05 6.91771594093339e-11 5.25512715565929e+20 3.38708002862118e+07 1.34717733018826e+04 6.35486887527906e+06 2.29291148398046e+06 4.72606223605924e-11 9.81497923961649e-10 
7.04303288001653e-14 6.38706218286586e+02 5.09917854882330e+02 5.25512715565733e+20 9.13644601288820e+07 2.10663124133645e+07 3.47470624782350e+07 5.70910692518561e+04 1.41020942537176e+08 4.96650112487211e+07 1.34261446320571e+01 4.75524518386939e+06 9.01394840238216e-05 1.70089162304045e-10 5.25512715565904e+20 5.39412754080285e+07 2.14546047544740e+04 1.01205087983029e+07 3.65159868573358e+06 1.16201932605267e-10 2.41325548855134e-09 
9.66360525576613e-14 6.38706218114159e+02 5.09917854748885e+02 5.25512715565645e+20 1.25359357557401e+08 2.89046680466891e+07 4.76757529319779e+07 7.83335199980560e+04 1.93492028981609e+08 6.81443734908213e+07 1.84217457471207e+01 6.52457728546107e+06 1.67825859043719e-04 3.16679866770826e-10 5.25512715565878e+20 7.40117505218583e+07 2.94374361801801e+04 1.38861487224982e+07 5.01028588618490e+06 2.16350129540603e-10 4.49311064830711e-09 
1.22841776315157e-13 6.38706217941732e+02 5.09917854615439e+02 5.25512715565556e+20 1.59354254986152e+08 3.67430236863963e+07 6.06044433773052e+07 9.95759707500643e+04 2.45963115477961e+08 8.66237356822850e+07 2.34173467974644e+01 8.29390938692864e+06 2.69852685745127e-04 5.09199911731918e-10 5.25512715565853e+20 9.40822256276576e+07 3.74202675788535e+04 1.76517886478714e+07 6.36897308532729e+06 3.47876444631742e-10 7.22461951234703e-09 
2.00616126310536e-13 6.38706217429996e+02 5.09917854481993e+02 5.25512715565293e+20 2.60245612736205e+08 6.00059956057459e+07 9.89747056788406e+07 1.62620129184003e+05 4.01688814626367e+08 1.41467493795871e+08 3.82434824204951e+01 1.35450009183756e+07 7.16143092682591e-04 1.35132989018245e-09 5.25512715565778e+20 1.53648149799656e+08 6.11120199885046e+04 2.88275989557534e+07 1.04013369511755e+07 9.23204847918445e-10 1.91729103921940e-08 
2.78390476305915e-13 6.38706216918260e+02 5.09917854085947e+02 5.25512715565030e+20 3.61136970488303e+08 8.32689675813722e+07 1.37344967906173e+08 2.25664287669156e+05 5.57414514232562e+08 1.96311251462980e+08 5.30696174728722e+01 1.87960924487282e+07 1.37705017811120e-03 2.59843191650090e-09 5.25512715565704e+20 2.13214073900846e+08 8.48037721598003e+04 4.00034092740216e+07 1.44337008054825e+07 1.77520301307626e-09 3.68670171490282e-08 
3.56164826301294e-13 6.38706216406524e+02 5.09917853689902e+02 5.25512715564767e+20 4.62028328242448e+08 1.06531939613277e+08 1.75715230059301e+08 2.88708446205524e+05 7.13140214296561e+08 2.51155008683599e+08 6.78957519545781e+01 2.40471839779865e+07 2.25258061578664e-03 4.25051858556479e-09 5.25512715565629e+20 2.72779997931226e+08 1.08495524092733e+05 5.11792196026765e+07 1.84660646482479e+07 2.90387952805209e-09 6.03071184611122e-08 
4.33939176296673e-13 6.38706215894788e+02 5.09917853293856e+02 5.25512715564505e+20 5.62919685998639e+08 1.29794911701460e+08 2.14085492138224e+08 3.51752604793107e+05 8.68865914818362e+08 3.05998765457730e+08 8.27218858656167e+01 2.92982755061504e+07 3.34273288991038e-03 6.30758703898508e-09 5.25512715565554e+20 3.32345921890796e+08 1.32187275787305e+05 6.23550299417179e+07 2.24984284794717e+07 4.30923242288435e-09 8.94931737523824e-08 
1.21168267625046e-12 6.38706210777430e+02 5.09917852897811e+02 5.25512715561876e+20 1.57183326367310e+09 3.62424635678548e+08 5.97788108846251e+08 9.82194193485729e+05 2.42612294521515e+09 8.54436308642491e+08 2.30983193589656e+02 8.18091907276009e+07 2.60483277394869e-02 4.91520271606370e-08 5.25512715564806e+20 9.28005157591985e+08 3.69104779623304e+05 1.74113133903385e+08 6.28220661569329e+07 3.35797903626748e-08 6.97377746666030e-07 
1.98942617620425e-12 6.38706205660073e+02 5.09917848937355e+02 5.25512715559247e+20 2.58074684155219e+09 5.95054365283391e+08 9.81490718133895e+08 1.61263578729980e+06 3.98338002139162e+09 1.40287380717890e+09 3.79244444247508e+02 1.34320105839617e+08 7.02159143851798e-02 1.32494285821859e-07 5.25512715564058e+20 1.52366438621224e+09 6.06022259623408e+05 2.85871238903698e+08 1.03145702680251e+08 9.05177208566624e-08 1.87985258760553e-06 
2.76716967615804e-12 6.38706200542715e+02 5.09917844976900e+02 5.25512715556618e+20 3.58966041963592e+09 8.27684100515985e+08 1.36519332000116e+09 2.24307738623532e+06 5.54063714334774e+09 1.95131126106699e+09 5.27505637839244e+02 1.86831020842200e+08 1.35845474220387e-01 2.56334329679677e-07 5.25512715563310e+20 2.11932360775156e+09 8.42939715787645e+05 3.97629344942654e+08 1.43469338049428e+08 1.75122984779066e-07 3.63691720374970e-06 
3.54491317611183e-12 6.38706195425357e+02 5.09917841016444e+02 5.25512715553989e+20 4.59857399792428e+09 1.06031384137633e+09 1.74889591444805e+09 2.87351899029228e+06 7.09789431108349e+09 2.49974867030679e+09 6.75766774364893e+02 2.39341935735349e+08 2.22937004217011e-01 4.20672154870766e-07 5.25512715562562e+20 2.71498282220995e+09 1.07985714811602e+06 5.09387452020253e+08 1.83792972264464e+08 2.87395562369645e-07 5.96857151960441e-06 
1.13223481756497e-11 6.38706144251785e+02 5.09917837055989e+02 5.25512715527699e+20 1.46877097920627e+10 3.38661155950575e+09 5.58592145079631e+09 9.17793531254120e+06 2.26704685063197e+10 7.98412030704930e+09 2.15837500099453e+03 7.64451078647974e+08 2.27426071395544e+00 4.29142914571803e-06 5.25512715555082e+20 8.67157457734274e+09 3.44903016043007e+06 1.62696857992164e+09 5.87029250937045e+08 2.93181791839707e-06 6.08875515421212e-05 
1.90997831751876e-11 6.38706093078220e+02 5.09917797451440e+02 5.25512715501410e+20 2.47768456066646e+10 5.71290984040948e+09 9.42294624510717e+09 1.54823521469340e+07 3.82430472795152e+10 1.34684874789656e+10 3.64097752104074e+03 1.28956021061721e+09 6.47178149916912e+00 1.22119664959345e-05 5.25512715547603e+20 1.46281656243826e+10 5.81820078916607e+06 2.74454981168735e+09 9.90265414195511e+08 8.34295360319999e-06 1.73265509493634e-04 
2.68772181747255e-11 6.38706041904664e+02 5.09917757846899e+02 5.25512715475121e+20 3.48659814417297e+10 8.03920868408701e+09 1.32599702973808e+10 2.17867694934702e+07 5.38156306306666e+10 1.89528501860592e+10 5.12357433452476e+03 1.81466933164306e+09 1.28154993389523e+01 2.41822859329463e-05 5.25512715540123e+20 2.05847559633297e+10 8.18736903433052e+06 3.86213114731736e+09 1.39350146203989e+09 1.65207874504345e-05 3.43102450137791e-04 
3.46546531742634e-11 6.38705990731115e+02 5.09917718242364e+02 5.25512715448831e+20 4.49551172972581e+10 1.03655080905378e+10 1.70969936076175e+10 2.80911873521491e+07 6.93882185597701e+10 2.44372084283339e+10 6.60616544146888e+03 2.33977844172552e+09 2.13054142019724e+01 4.02023892481912e-05 5.25512715532643e+20 2.65413455941841e+10 1.05565348959302e+07 4.97971258681165e+09 1.79673739447022e+09 2.74653035633338e-05 5.70398378211218e-04 
1.12429003169642e-10 6.38705478996049e+02 5.09917678637836e+02 5.25512715185938e+20 1.45846476978019e+11 3.36285331073887e+10 5.54671858980277e+10 9.11353941065981e+07 2.25114349636818e+11 7.92805452873762e+10 2.14317626592785e+04 7.59086894066382e+09 2.24245387014854e+02 4.23142182449137e-04 5.25512715457845e+20 8.61072029576665e+10 3.42480624183344e+07 1.61555326942786e+10 5.82909037101265e+09 2.89072236787929e-04 6.00360366104810e-03 
1.90203353165021e-10 6.38704967261758e+02 5.09917282592950e+02 5.25512714923044e+20 2.46737838705092e+11 5.68916144009743e+10 9.38373039849857e+10 1.54179652074710e+08 3.80840938504808e+11 1.34123435668751e+11 3.62567892485563e+04 1.28419583452634e+10 6.41805024003806e+02 1.21106240556465e-03 5.25512715383048e+20 1.45672989511996e+11 5.79393515920548e+07 2.73313631881387e+10 9.86143180618766e+09 8.27329234193482e-04 1.71827130348961e-02 
2.67977703160400e-10 6.38704455528241e+02 5.09916886548770e+02 5.25512714660150e+20 3.47629202478463e+11 8.01547519707982e+10 1.32207347868698e+11 2.17223961255968e+08 5.36567985160174e+11 1.88965879575995e+11 5.10812452305784e+04 1.80930466555242e+10 1.27398429331630e+03 2.40396476535378e-03 5.25512715308250e+20 2.05238705257271e+11 8.16304024236014e+07 3.85072040683636e+10 1.38937617000267e+10 1.64222111717899e-03 3.41077309702600e-02 
3.45752053155779e-10 6.38703943795498e+02 5.09916490505298e+02 5.25512714397256e+20 4.48520568298114e+11 1.03417945816341e+11 1.70577317549381e+11 2.80268321649830e+08 6.92295489599179e+11 2.43807877012812e+11 6.59051306276278e+04 2.33441338714464e+10 2.12078316159535e+03 4.00185104941867e-03 5.25512715233453e+20 2.64804350193593e+11 1.05321214919792e+08 4.96830553349234e+10 1.79260800525629e+10 2.73373198915068e-03 5.67786621494677e-02 
1.12348640273813e-09 6.38698826570839e+02 5.09916094462534e+02 5.25512711768350e+20 1.45742246888048e+12 3.36050242272165e+11 5.54268418993751e+11 9.10707324752657e+08 2.24957738892304e+12 7.92196844557671e+11 2.14110863955315e+05 7.58543280381905e+10 2.23924776964872e+04 4.22545344165398e-02 5.25512714485490e+20 8.60449897108502e+11 3.42213445939113e+08 1.61440824359188e+11 5.82481544141583e+10 2.88589215449347e-02 5.99504466184439e-01 
1.90122075232047e-09 6.38693709423573e+02 5.09912134120394e+02 5.25512709139444e+20 2.46632457406825e+12 5.68688165595021e+11 9.37952100547923e+11 1.54115144839892e+09 3.80690506142109e+12 1.34054117018825e+12 3.62259564657188e+05 1.28364412773676e+11 6.41255903909620e+04 1.21006625531736e-01 5.25512713737535e+20 1.45608836340784e+12 5.79081851487981e+08 2.73199631959787e+11 9.85690747089506e+10 8.26278640223690e-02 1.71681322960094e+00 
2.67895510190282e-09 6.38688592353699e+02 5.09908173848997e+02 5.25512706510540e+20 3.47522688384518e+12 8.01331715264253e+11 1.32162836242851e+12 2.17160069204618e+09 5.36427850335243e+12 1.88884085761381e+12 5.10351255038992e+05 1.80874388077934e+11 1.27320087834582e+05 2.40259914817333e-01 5.25512712989587e+20 2.05171974919442e+12 8.15926438390034e+08 3.84959478106949e+11 1.38888840969989e+11 1.64024653667657e-01 3.40870964175821e+00 
3.45668945148516e-09 6.38683475361216e+02 5.09904213648343e+02 5.25512703881636e+20 4.48412939819501e+12 1.03398089075938e+12 1.70529720485208e+12 2.80205505515228e+09 6.92169771097747e+12 2.43709591054232e+12 6.58385957391646e+05 2.33384253950995e+11 2.11975936625672e+05 4.00016192164174e-01 5.25512712241647e+20 2.64734405457105e+12 1.05274721346369e+09 4.96720362770914e+11 1.79207453230314e+11 2.73033399789842e-01 5.67519839037929e+00 
4.23442380106751e-09 6.38678358446121e+02 5.09900253518430e+02 5.25512701252734e+20 5.49303211710149e+12 1.26663569156012e+12 2.08895862803510e+12 3.43251453717539e+09 8.47916268055793e+12 2.98530633268049e+12 8.06363693991356e+05 2.85894010392892e+11 3.18093103371127e+05 6.00277246938456e-01 5.25512711493713e+20 3.24296127964048e+12 1.28954418352217e+09 6.08482285921926e+11 2.19524911522955e+11 4.09638226650870e-01 8.51628416156837e+00 
1.20117672968910e-08 6.38627193551328e+02 5.09896293459257e+02 5.25512674963763e+20 1.55820705532111e+13 3.59349297697235e+12 5.92516484925107e+12 9.73739077883992e+09 2.40563284619310e+13 8.46495667562200e+12 2.28301283310305e+06 8.10985556104677e+11 2.55962991221747e+06 4.83104411447507e+00 5.25512704014776e+20 9.19874413604365e+12 3.65620610291163e+09 1.72615862767535e+12 6.22636033491781e+11 3.28999171843060e+00 6.85310084980843e+01 
1.97891107927144e-08 6.38576036394152e+02 5.09856696757955e+02 5.25512648674890e+20 2.56711294271304e+13 5.92091222099178e+12 9.76062938448175e+12 1.60427783174594e+10 3.96380663294089e+13 1.39401480142139e+13 3.75398982974600e+06 1.33606615873438e+12 6.94726178511378e+06 1.31142564700748e+01 5.25512696536561e+20 1.51538190747493e+13 6.02049498833210e+09 2.84393878541265e+12 1.02563179501654e+12 8.91257520657045e+00 1.86010586429712e+02 
2.75664542885379e-08 6.38524886973397e+02 5.09817107129311e+02 5.25512622386117e+20 3.57602087226375e+13 8.24889290403096e+12 1.35953524500887e+13 2.23486766136806e+10 5.52243725498124e+13 1.94108840500516e+13 5.21931682183860e+06 1.86113581831320e+12 1.34809553295332e+07 2.54517026625817e+01 5.25512689059068e+20 2.11081861984885e+13 8.38241760037241e+09 3.96182272939477e+12 1.42851222911138e+12 1.72616794096049e+01 3.60959697629107e+02 
3.53437977843614e-08 6.38473745287866e+02 5.09777524572110e+02 5.25512596097443e+20 4.58493084235240e+13 1.05774345069525e+13 1.74293342623543e+13 2.86550851297490e+10 7.08152433932118e+13 2.48771684814903e+13 6.67901585825934e+06 2.38619453487228e+12 2.21606771526898e+07 4.18451704143297e+01 5.25512681582296e+20 2.70618456099724e+13 1.07419806657704e+10 5.07981042989158e+12 1.83127736878065e+12 2.83217021780702e+01 5.93383017677999e+02 
4.31211412801848e-08 6.38422611336364e+02 5.09737949085137e+02 5.25512569808869e+20 5.59384285135952e+13 1.29065365110665e+13 2.12625750374827e+13 3.49620033294960e+10 8.64106751329093e+13 3.03390050036633e+13 8.13310889947067e+06 2.91124230844268e+12 3.29863938615001e+07 6.22964468260077e+01 5.25512674106246e+20 3.30147974118927e+13 1.30991908777576e+10 6.19790185718180e+12 2.23392724701902e+12 4.20771472984356e+01 8.83285218087851e+02 
1.12772561873744e-07 6.37965016479703e+02 5.09698380667178e+02 5.25512334381241e+20 1.46294293076185e+14 3.37901334647383e+13 5.55588628806579e+13 9.14673966477866e+10 2.26281132743696e+14 7.90557922882982e+13 2.09091247809790e+07 7.61291573755417e+12 2.25601023736551e+08 4.26639223201535e+02 5.25512607185257e+20 8.62960163729580e+13 3.41058021572319e+10 1.62157932115411e+13 5.83479881171634e+12 2.82952750373584e+02 6.04272261223137e+03 
1.82423982467304e-07 6.37508040971137e+02 5.09344333409870e+02 5.25512098961880e+20 2.36651780070170e+14 5.47182649275875e+13 8.97958886578163e+13 1.48013247977133e+11 3.66514433201111e+14 1.27418773609140e+14 3.32526401999278e+07 1.23137115168789e+13 5.90306904259286e+08 1.11785954460782e+03 5.25512540322046e+20 1.39520563941913e+14 5.49288956474836e+10 2.62419802057498e+13 9.42645221912908e+12 7.28122210245665e+02 1.58159214725107e+04 
2.52075403060863e-07 6.37051683953774e+02 5.08990852149010e+02 5.25511863551021e+20 3.27010878001973e+14 7.56905629661496e+13 1.23973806848681e+14 2.04599188068001e+11 5.07107933126272e+14 1.75430569774124e+14 4.51785379173974e+07 1.70136296679442e+13 1.12708004686977e+09 2.13723461817704e+03 5.25512473516532e+20 1.92688513674735e+14 7.55729489675161e+10 3.62764415835145e+13 1.30089110675693e+13 1.36749135608507e+03 3.02061949376559e+04 
3.21726823654423e-07 6.36595944571930e+02 5.08637936014525e+02 5.25511628148902e+20 4.17371575460364e+14 9.67066623912264e+13 1.58092771447025e+14 2.61224856683389e+11 6.48059008948483e+14 2.23093781843406e+14 5.67011904613769e+07 2.17126702118173e+13 1.83589646131343e+09 3.48603784050653e+03 5.25512406768635e+20 2.45799939004670e+14 9.60422562978572e+10 4.63191561433887e+13 1.65821988950120e+13 2.19153657080837e+03 4.92168309158656e+04 
3.91378244247982e-07 6.36140821971129e+02 5.08285584137551e+02 5.25511392755755e+20 5.07733861115907e+14 1.17766200739489e+14 1.92152935961866e+14 3.17889902221373e+11 7.89365056769404e+14 2.70410991265061e+14 6.78344781311848e+07 2.64108331691097e+13 2.71673215561844e+09 5.16553882611229e+03 5.25512340078275e+20 2.98854913242350e+14 1.16340939002304e+11 5.63701027386717e+13 2.01463391791858e+13 3.19126745562487e+03 7.28510921196113e+04 
4.61029664841542e-07 6.35686315298101e+02 5.07933795650434e+02 5.25511157371811e+20 5.98097723720472e+14 1.38868818257022e+14 2.26154453418476e+14 3.74593981381455e+11 9.31023492241434e+14 3.17384759996614e+14 7.85918052020230e+07 3.11081185599812e+13 3.76956313607141e+09 7.17700343320788e+03 5.25512273445373e+20 3.51853509575878e+14 1.36472954782985e+11 6.64292602773263e+13 2.37013553376432e+13 4.35819478062526e+03 1.01112216092196e+05 
7.00590398306223e-07 6.34127764895336e+02 5.07582569686727e+02 5.25510347860141e+20 9.08909202519801e+14 2.11773625656710e+14 3.42654436824965e+14 5.69916744955669e+11 1.42090181334844e+15 4.76360473918737e+14 1.12896265769885e+08 4.72573728276732e+13 8.70346555453687e+09 1.66471084359750e+04 5.25512044704172e+20 5.33708719435022e+14 2.04494627698247e+11 1.01089359129513e+14 3.58592259138480e+13 9.54039854133094e+03 2.33682365616357e+05 
9.40151131770904e-07 6.32576456065973e+02 5.06378837484220e+02 5.25509538469099e+20 1.21973875757305e+15 2.85169558518874e+14 4.58468609821643e+14 7.65684383311457e+11 1.91481597111677e+15 6.31405023763781e+14 1.43390428840170e+08 6.33962467971251e+13 1.56707489277295e+10 3.01101361114605e+04 5.25511816638543e+20 7.14900824214381e+14 2.70730627264603e+11 1.35845491078133e+14 4.79103820625981e+13 1.63205617250605e+04 4.21152797436585e+05 
1.17971186523558e-06 6.31032354417126e+02 5.05181714409538e+02 5.25508729207458e+20 1.53058595260923e+15 3.59042691780116e+14 5.73603069362944e+14 9.61884865074027e+11 2.41266595266445e+15 7.82617527532224e+14 1.70506952071810e+08 7.95247411715311e+13 2.46704365368645e+10 4.76166060974847e+04 5.25511589245323e+20 8.95432768805468e+14 3.35305821467631e+11 1.70696812586832e+14 5.98557604448956e+13 2.44606010078705e+04 6.63648491179704e+05 
1.41927259870027e-06 6.29495425721758e+02 5.03991165534606e+02 5.25507920083684e+20 1.84145036200500e+15 4.33379454877376e+14 6.88063846818203e+14 1.15850699815778e+12 2.91435429974550e+15 9.30094556784962e+14 1.94629318793488e+08 9.56428565968665e+13 3.57015514054689e+10 6.92165502076256e+04 5.25511362521382e+20 1.07530748126438e+15 3.98330624338424e+11 2.05642487574966e+14 7.16962894952600e+13 3.37629348450300e+04 9.61290986618087e+05 
1.65883333216495e-06 6.27965635917567e+02 5.02807156097908e+02 5.25507111105947e+20 2.15233157050448e+15 5.08166622292889e+14 8.01856908784600e+14 1.35554032619274e+12 3.41978603932900e+15 1.07393020597761e+15 2.16097775747138e+08 1.11750593664139e+14 4.87631162937649e+10 9.49595268793678e+04 5.25511136463617e+20 1.25452787293114e+15 4.59903359528592e+11 2.40681687343745e+14 8.34328894966844e+13 4.40625524348448e+04 1.31419841561600e+06 
1.89839406562963e-06 6.26442951105950e+02 5.01629651503521e+02 5.25506302282130e+20 2.46322917296059e+15 5.83391304825293e+14 9.14988157847694e+14 1.55297504536144e+12 3.92886861957951e+15 1.21421615639880e+15 2.35214264697040e+08 1.27847952911444e+14 6.38541536935619e+10 1.24894634471057e+05 5.25510911068956e+20 1.43309683854208e+15 5.20111987807732e+11 2.75813590507478e+14 9.50664726511464e+13 5.52214657752833e+04 1.72248553239895e+06 
2.38682959012556e-06 6.23360250319507e+02 5.00458617320234e+02 5.25504653695918e+20 3.09716114292930e+15 7.38068726951334e+14 1.14362319036315e+15 1.95672621578951e+12 4.97776311160615e+15 1.48961574511187e+15 2.67995095822816e+08 1.60636384411892e+14 1.00906100434424e+11 1.99118219969015e+05 5.25510453557930e+20 1.79517138186570e+15 6.38967777931545e+11 3.47727118901544e+14 1.18470570706356e+14 8.01663025328977e+04 2.72695877021954e+06 
2.87526511462149e-06 6.20306661277821e+02 4.98090921753660e+02 5.25503005841896e+20 3.73115640158245e+15 8.94410618908732e+14 1.36957994612298e+15 2.36203638645436e+12 6.04072644792823e+15 1.75135615175101e+15 2.93995545173647e+08 1.93381680483911e+14 1.46382270484679e+11 2.91377258383879e+05 5.25509998765287e+20 2.15457405934433e+15 7.53051234176319e+11 4.20015833041952e+14 1.41457736637402e+14 1.07461102268513e+05 3.96300836119116e+06 
3.36370063911742e-06 6.17281902881060e+02 4.95749693263097e+02 5.25501358776633e+20 4.36521187886290e+15 1.05231982843813e+15 1.59290606186683e+15 2.76884156709714e+12 7.11706112986550e+15 2.00012779801870e+15 3.14693367352129e+08 2.26083843853978e+14 2.00274367907146e+11 4.02071500208133e+05 5.25509546665912e+20 2.51132877658284e+15 8.62833546411312e+11 4.92673046380396e+14 1.64035397391593e+14 1.36575846558051e+05 5.43147975915396e+06 
3.85213616361334e-06 6.14285696752660e+02 4.93434646288974e+02 5.25499712552530e+20 4.99932465435338e+15 1.21170417027744e+15 1.81364814606420e+15 3.17708408647467e+12 8.20610531044438e+15 2.23658558435012e+15 3.31243127764672e+08 2.58742876531151e+14 2.62574091643102e+11 5.31594056541567e+05 5.25509097235052e+20 2.86545916403952e+15 9.68708685632860e+11 5.65692191791827e+14 1.86210847595353e+14 1.67122483748773e+05 7.13316328356079e+06 
4.34057168810927e-06 6.11317767205482e+02 4.91145498027539e+02 5.25498067218074e+20 5.63349194948198e+15 1.37247616348887e+15 2.03185180400268e+15 3.58671137763811e+12 9.30723087879071e+15 2.46135080282835e+15 3.44551367220916e+08 2.91358779865312e+14 3.33273135371586e+11 6.80331798961054e+05 5.25508650448299e+20 3.21698858090022e+15 1.07101114506224e+12 6.39066819330224e+14 2.07991251958312e+14 1.98813290436959e+05 9.06879520001940e+06 
4.82900721260520e-06 6.08377841210247e+02 4.88881968401949e+02 5.25496422818054e+20 6.26771112047510e+15 1.53455279407885e+15 2.24756166120975e+15 3.99767512189624e+12 1.04198417316180e+16 2.67501286317866e+15 3.55333294735800e+08 3.23931554598941e+14 4.12363187385706e+11 8.48665721182070e+05 5.25508206281572e+20 3.56594011874425e+15 1.17002724261051e+12 7.12790594128081e+14 2.29383647540056e+14 2.31438407594348e+05 1.12390587528572e+07 
5.73683334671914e-06 6.02987047116940e+02 4.86643780035177e+02 5.25493369090688e+20 7.44662596847109e+15 1.83899442470131e+15 2.64201232245822e+15 4.76490896450496e+12 1.25163832934928e+16 3.04452887417473e+15 3.70516368879770e+08 3.84358063880789e+14 5.81626244748172e+11 1.21487663925391e+06 5.25507387614579e+20 4.20774508099659e+15 1.34616134953970e+12 8.50722961984367e+14 2.68137172133594e+14 2.94044565172651e+05 1.58982406436282e+07 
6.64465948083308e-06 5.97690347755604e+02 4.82550176763847e+02 5.25490318967754e+20 8.62569635441840e+15 2.14720388252416e+15 3.02827016204295e+15 5.53634968911963e+12 1.46472918541719e+16 3.38093424743223e+15 3.81396901503070e+08 4.44635580460385e+14 7.79794228299061e+11 1.65244154025649e+06 5.25506577766874e+20 4.84086751915634e+15 1.51308643287002e+12 9.89801118846910e+14 3.05617351343001e+14 3.58706063868260e+05 2.13737039208424e+07 
7.55248561494702e-06 5.92486060996547e+02 4.78541429264708e+02 5.25487272649769e+20 9.80490854754954e+15 2.45875541762427e+15 3.40659639780766e+15 6.31177033701459e+12 1.68095068608551e+16 3.68724982701212e+15 3.89575998341682e+08 5.04764095785000e+14 1.00681361432639e+12 2.16366937158329e+06 5.25505776592092e+20 5.46544859787786e+15 1.67182757804335e+12 1.12998740888600e+15 3.41866017403386e+14 4.25026696278597e+05 2.76684523441649e+07 
8.46031174906096e-06 5.87372534375781e+02 4.74615828969370e+02 5.25484230306099e+20 1.09842500118530e+16 2.77326266042236e+15 3.77724206760188e+15 7.09096744321104e+12 1.90002485933885e+16 3.96621695559932e+15 3.96113915711938e+08 5.64743597011054e+14 1.26263080797841e+12 2.75082067962570e+06 5.25504983947139e+20 6.08162653403794e+15 1.82322121891908e+12 1.27124541269011e+15 3.76923629248076e+14 4.92722805467588e+05 3.47849280026479e+07 
9.36813788317489e-06 5.82348144486210e+02 4.70771697775156e+02 5.25481192078326e+20 1.21637092967910e+16 3.09037495036808e+15 4.14044847347785e+15 7.87375670075749e+12 2.12169916267478e+16 4.22032396361329e+15 4.01700411997154e+08 6.24574067742869e+14 1.54719214167931e+12 3.41611333893703e+06 5.25504199692069e+20 6.68953667214421e+15 1.96796288373870e+12 1.41353990615754e+15 4.10829317973537e+14 5.61589661321124e+05 4.27250336201684e+07 
1.02759640172888e-05 5.77411296416447e+02 4.67007387524823e+02 5.25478158083129e+20 1.33432759429972e+16 3.40977417095583e+15 4.49644758797886e+15 8.65997013328098e+12 2.34574420157545e+16 4.45182893991974e+15 4.06743601873623e+08 6.84255488648001e+14 1.86044387388565e+12 4.16172748352284e+06 5.25503423689978e+20 7.28931155498424e+15 2.10663458292016e+12 1.55683682231734e+15 4.43620929148715e+14 6.31490290069002e+05 5.14901536693763e+07 
1.18604920744583e-05 5.68999548271727e+02 4.63321279523919e+02 5.25472872934864e+20 1.54023314068688e+16 3.97188515189113e+15 5.10120631236694e+15 1.00399820035885e+13 2.74186004132076e+16 4.80778929820364e+15 4.14902769406177e+08 7.88066809275954e+14 2.47577551710512e+12 5.66198405460519e+06 5.25502088623184e+20 8.31705950428442e+15 2.33558205979203e+12 1.80925232225060e+15 4.98295309523857e+14 7.55685387516660e+05 6.87679616282950e+07 
1.34450201316277e-05 5.60841598931218e+02 4.57070140340414e+02 5.25467601323752e+20 1.74616401871528e+16 4.53875155939450e+15 5.68580821885543e+15 1.14292222190746e+13 3.14359842569216e+16 5.11061049223282e+15 4.22852705269141e+08 8.91423861909717e+14 3.17806041058927e+12 7.42467995831601e+06 5.25500777600330e+20 9.32108890687163e+15 2.54964852271900e+12 2.06445443041280e+15 5.49872566423957e+14 8.82379158326537e+05 8.85629062235278e+07 
1.50295481887972e-05 5.52929561592324e+02 4.51044166270890e+02 5.25462343462029e+20 1.95211638174702e+16 5.10924188430419e+15 6.25130391894986e+15 1.28270376444284e+13 3.55013690992411e+16 5.36835104340861e+15 4.30771034400521e+08 9.94326507447886e+14 3.96701112409288e+12 9.46081877923019e+06 5.25499489954942e+20 1.03020470589027e+16 2.75050680701330e+12 2.32228526999461e+15 5.98528082066040e+14 1.01129391219843e+06 1.10872173497723e+08 
1.66140762459667e-05 5.45255787502822e+02 4.45235369350775e+02 5.25457099443684e+20 2.15808692528063e+16 5.68240019919746e+15 6.79867600176468e+15 1.42328392429581e+13 3.96077732216141e+16 5.58783615578318e+15 4.38761636603306e+08 1.09677460185129e+15 4.84233950406596e+12 1.17812498478217e+07 5.25498225044413e+20 1.12605586799258e+16 2.93953183620685e+12 2.58259588388463e+15 6.44427326425724e+14 1.14218733870093e+06 1.35689181128200e+08 
1.81986043031361e-05 5.37812858652013e+02 4.39636012248326e+02 5.25451869267859e+20 2.36407280542956e+16 6.25741898170617e+15 7.32884394920347e+15 1.56460912045644e+13 4.37492643032629e+16 5.77485048235208e+15 4.47049788844803e+08 1.19876800044129e+15 5.80375667081692e+12 1.43967089574282e+07 5.25496982248895e+20 1.21972268900820e+16 3.11787384963833e+12 2.84524572831937e+15 6.87726419665860e+14 1.27486925136709e+06 1.63003878503608e+08 
1.97831323603056e-05 5.30593581123647e+02 4.34238601843446e+02 5.25446652856658e+20 2.57007157507616e+16 6.83361788952639e+15 7.84266847635620e+15 1.70663042979335e+13 4.79208088339502e+16 5.93428820614423e+15 4.55764746095333e+08 1.30030656109108e+15 6.85097301896335e+12 1.73178495776000e+07 5.25495760970315e+20 1.31126341074532e+16 3.28649873095820e+12 3.11010221424391e+15 7.28572642030924e+14 1.40919657351500e+06 1.92803022468330e+08 
2.29898756156316e-05 5.16639542957050e+02 4.29035883276260e+02 5.25436137404630e+20 2.98700016249164e+16 8.00120066797322e+15 8.83571007535031e+15 1.99600457407225e+13 5.64391028543323e+16 6.18802628436599e+15 4.74058324853110e+08 1.50440648759351e+15 9.23164338220786e+12 2.42083793589908e+07 5.25493352883904e+20 1.49024279738424e+16 3.60110609392228e+12 3.65237092275024e+15 8.04281802839370e+14 1.68559848883126e+06 2.60638679745800e+08 
2.61966188709577e-05 5.03518043646079e+02 4.19074052059133e+02 5.25425676071227e+20 3.40395901591310e+16 9.16765522719703e+15 9.77111408709953e+15 2.28771527722424e+13 6.50355825064825e+16 6.37219456356252e+15 4.93152356550929e+08 1.70664195839823e+15 1.19601159954815e+13 3.24819364253987e+07 5.25491026048237e+20 1.66118496193315e+16 3.88472315232610e+12 4.20222407237884e+15 8.71558978886760e+14 1.96734517349325e+06 3.38414490128243e+08 
2.94033621262838e-05 4.91177033581136e+02 4.09825755800326e+02 5.25415266754315e+20 3.82093730421210e+16 1.03303186691782e+16 1.06542562263641e+16 2.58146937257831e+13 7.36895833264543e+16 6.50656093829595e+15 5.12919576891062e+08 1.90701211051943e+15 1.50339641394789e+13 4.22260625222508e+07 5.25488776209760e+20 1.82450540556889e+16 4.14172451001889e+12 4.75881068008882e+15 9.31349322641255e+14 2.25371044871107e+06 4.25930262258834e+08 
3.26101053816099e-05 4.79567792473703e+02 4.01239080212584e+02 5.25404907067310e+20 4.23792706354183e+16 1.14874084775304e+16 1.14898297044400e+16 2.87701081752405e+13 8.23867101823093e+16 6.60472771690763e+15 5.33312801174812e+08 2.10551628120025e+15 1.84507490043813e+13 5.35285356980827e+07 5.25486599410238e+20 1.98059131127032e+16 4.37549323747718e+12 5.32137992839278e+15 9.84486673290860e+14 2.54410762613874e+06 5.22953574875700e+08 
3.58168486369360e-05 4.68644647914995e+02 3.93265669413530e+02 5.25394594555163e+20 4.65492223205178e+16 1.26377088381274e+16 1.22819612440512e+16 3.17411124857772e+13 9.11166421876541e+16 6.67631117337188e+15 5.54260059001883e+08 2.30215402912464e+15 2.22080203198486e+13 6.64775862727968e+07 5.25484491952714e+20 2.12980474931773e+16 4.58877521787589e+12 5.88926648188203e+15 1.03170987511294e+15 2.83803850756352e+06 6.29227832826296e+08 
4.12357339351588e-05 4.51628778872320e+02 3.85860472408841e+02 5.25377268704991e+20 5.35957757907103e+16 1.45640038510442e+16 1.35315358383171e+16 3.67914903160918e+13 1.05924093718376e+17 6.75447618953778e+15 5.90663347976786e+08 2.63019835211622e+15 2.93241426546731e+13 9.23499716963073e+07 5.25481078843484e+20 2.36725810828777e+16 4.90869720654873e+12 6.85940789658177e+15 1.09982397816391e+15 3.34161218228071e+06 8.29056561511082e+08 
4.66546192333816e-05 4.36261103289828e+02 3.74523499115717e+02 5.25360059938357e+20 6.06421745848614e+16 1.64659614909103e+16 1.46824084157585e+16 4.18717051427119e+13 1.20778141107212e+17 6.79942566189098e+15 6.28072635020282e+08 2.95291315750589e+15 3.73935677668826e+13 1.23607577063847e+08 5.25477838590868e+20 2.58755516008422e+16 5.18576148723469e+12 7.84062046275907e+15 1.15561622125658e+15 3.85231931642568e+06 1.05312350726961e+09 
5.20735045316045e-05 4.22370555568734e+02 3.64506677280083e+02 5.25342958393385e+20 6.76882931424928e+16 1.83422917591593e+16 1.57470853018754e+16 4.69740642972911e+13 1.35662981659892e+17 6.82477670806138e+15 6.66240878981280e+08 3.27030086672487e+15 4.64042756971808e+13 1.60679724574059e+08 5.25474757286599e+20 2.79206370270446e+16 5.42707298960249e+12 8.83087595050855e+15 1.20133801789349e+15 4.36878365023289e+06 1.29998179391367e+09 
5.74923898298273e-05 4.09804955397969e+02 3.55647198843195e+02 5.25325955445278e+20 7.47340415276215e+16 2.01925550358953e+16 1.67357266526416e+16 5.20918979592143e+13 1.50569666385797e+17 6.83769184406867e+15 7.04982368987129e+08 3.58236584991353e+15 5.63441682648325e+13 2.03991976367832e+08 5.25471822441109e+20 2.98201416373372e+16 5.63804995781434e+12 9.82853560615446e+15 1.23880799605230e+15 4.88991008934341e+06 1.56816008485704e+09 
6.29112751280502e-05 3.98428542630793e+02 3.47802472145610e+02 5.25309043666433e+20 8.17793489433437e+16 2.20166792114763e+16 1.76567358492244e+16 5.72193023800945e+13 1.65492532360025e+17 6.84235655730763e+15 7.44159619339457e+08 3.88911443187357e+15 6.72010768420360e+13 2.53962140427627e+08 5.25469022755135e+20 3.15852140260671e+16 5.82304607831236e+12 1.08322626001877e+16 1.26950930299771e+15 5.41480022007211e+06 1.85620332304086e+09 
7.28217608897054e-05 3.80318655813697e+02 3.40847586660989e+02 5.25278330387983e+20 9.46630380643003e+16 2.52855193584785e+16 1.91876746843726e+16 6.66047834820208e+13 1.92814744808315e+17 6.83754044773340e+15 8.16589520259946e+08 4.43639810063702e+15 8.93887458990624e+13 3.63883694799065e+08 5.25464219617857e+20 3.44976759920280e+16 6.10524496383676e+12 1.26803248477761e+16 1.31183959348512e+15 6.38225816220990e+06 2.42979686467949e+09 
8.27322466513606e-05 3.65153867531981e+02 3.30084942116338e+02 5.25247869421781e+20 1.07544753965772e+17 2.84682918357838e+16 2.05498034394727e+16 7.59767300029358e+13 2.20161605173145e+17 6.82461966745115e+15 8.89631196805830e+08 4.96599547481006e+15 1.14527392469106e+14 4.99733486700983e+08 5.25459779342639e+20 3.70487280371024e+16 6.32990919305911e+12 1.45399348060153e+16 1.34122751597256e+15 7.35649411028912e+06 3.05704062081205e+09 
9.26427324130158e-05 3.52412083181870e+02 3.21385456943049e+02 5.25217635617753e+20 1.20424254026219e+17 3.15666096522954e+16 2.17693980775784e+16 8.53114331966300e+13 2.47524073851359e+17 6.80822398553701e+15 9.62957027456471e+08 5.47799281902676e+15 1.42541208658530e+14 6.63605379716212e+08 5.25455654318447e+20 3.92855741301136e+16 6.50994731160163e+12 1.64074292945970e+16 1.36173041363897e+15 8.33512000498330e+06 3.73056199385954e+09 
1.02553218174671e-04 3.41675714558994e+02 3.14312924771490e+02 5.25187609694121e+20 1.33301338368466e+17 3.45822391079060e+16 2.28659562826797e+16 9.45891543722702e+13 2.74897292049970e+17 6.79006718319763e+15 1.03632922417733e+09 5.97249707460141e+15 1.73353932219925e+14 8.57297305580598e+08 5.25451804249370e+20 4.12482426585468e+16 6.65454896816932e+12 1.82803726287301e+16 1.37604231245355e+15 9.31652796731702e+06 4.44383379860856e+09 
1.12463703936326e-04 3.32606833108595e+02 3.08531963890129e+02 5.25157776320653e+20 1.46175831648507e+17 3.75168714544610e+16 2.38546224855508e+16 1.03793137545233e+14 3.02277791489207e+17 6.77126802764110e+15 1.10957774513444e+09 6.44963460216730e+15 2.06888983458105e+14 1.08227905950912e+09 5.25448194572765e+20 4.29711155269753e+16 6.77062998190115e+12 2.01570956314982e+16 1.38600621699906e+15 1.02996043278827e+07 5.19115149582229e+09 
1.29093994784161e-04 3.20427105391032e+02 3.03782584500710e+02 5.25108114307124e+20 1.67773634801314e+17 4.22637526261194e+16 2.53026354568763e+16 1.19034870620090e+14 3.48232751341615e+17 6.74083674156323e+15 1.23192727621198e+09 7.21169136342655e+15 2.69067847663570e+14 1.53281453650789e+09 5.25442599281436e+20 4.54012891305323e+16 6.91527870752522e+12 2.33119160996966e+16 1.39615750567733e+15 1.19510492189592e+07 6.50877234116757e+09 
1.45724285631995e-04 3.11161030552288e+02 2.97606464807454e+02 5.25058909878579e+20 1.89363052955841e+17 4.67948623383925e+16 2.65268040478533e+16 1.33974013320730e+14 3.94191069939255e+17 6.71400926738297e+15 1.35333225148098e+09 7.92605610426471e+15 3.38333280760809e+14 2.07767077783699e+09 5.25437479862180e+20 4.73565429048600e+16 7.01411118455903e+12 2.64704396126923e+16 1.40169925997669e+15 1.36026573777665e+07 7.88933243336997e+09 
1.62354576479829e-04 3.04060418860805e+02 2.93070587374648e+02 5.25010122529960e+20 2.10943533190152e+17 5.11181576626484e+16 2.75628597024750e+16 1.48568175320003e+14 4.40147166420789e+17 6.69154587249659e+15 1.47368933087381e+09 8.59364486067660e+15 4.14322931913050e+14 2.71798934338439e+09 5.25432741415649e+20 4.89315781961392e+16 7.08042833714688e+12 2.96306315235651e+16 1.40485084170774e+15 1.52532176365443e+07 9.31784144875465e+09 
1.78984867327663e-04 2.99031778675261e+02 2.89694061975331e+02 5.24961715194040e+20 2.32514629708521e+17 5.52444580476149e+16 2.84392655511876e+16 1.62787394136714e+14 4.86096328542455e+17 6.67479373103245e+15 1.59295454882912e+09 9.21549763617337e+15 4.96676298551212e+14 3.45177317103025e+09 5.25428307235838e+20 5.02030202742442e+16 7.12234779419797e+12 3.27915272512745e+16 1.40664946092080e+15 1.69015985380424e+07 1.07830663289562e+10 
1.95615158175498e-04 2.95460259871302e+02 2.85649456747365e+02 5.24913666443395e+20 2.54075917340580e+17 5.91799295901373e+16 2.91732424300213e+16 1.76611240421873e+14 5.32036276010663e+17 6.66295850522558e+15 1.71094203123749e+09 9.79276229103491e+15 5.85036085897225e+14 4.27427483446715e+09 5.25424120511448e+20 5.12276458095467e+16 7.14534218256080e+12 3.59526107144889e+16 1.40764036288063e+15 1.85473465885396e+07 1.22764745128907e+10 
2.17109648495757e-04 2.92056258676393e+02 2.84257657679047e+02 5.24852059768593e+20 2.81928528419785e+17 6.39931609584602e+16 2.99395883805728e+16 1.93871976095006e+14 5.91397701362283e+17 6.65235700339167e+15 1.86186097702267e+09 1.04748493954816e+16 7.07566645868152e+14 5.46165426005783e+09 5.25419003993009e+20 5.22581009390474e+16 7.15560277561101e+12 4.00380494031854e+16 1.40825275833071e+15 2.06719221111407e+07 1.42381944519371e+10 
2.38604138816015e-04 2.89429554486694e+02 2.82971378456460e+02 5.24790961479629e+20 3.09763417436495e+17 6.85129449771969e+16 3.05391198927863e+16 2.10433361971373e+14 6.50738902020980e+17 6.64502748543415e+15 2.01138323899275e+09 1.10873843493410e+16 8.38794516339319e+14 6.78293694091840e+09 5.25414143640370e+20 5.30334104211339e+16 7.15298858018564e+12 4.41228073488841e+16 1.40853859504043e+15 2.27943581374746e+07 1.62254833817631e+10 
2.60098629136274e-04 2.87348611028648e+02 2.82006423782081e+02 5.24730318607415e+20 3.37580016129175e+17 7.27567138804202e+16 3.10096958001594e+16 2.26292464662584e+14 7.10056498744655e+17 6.63999362606360e+15 2.15982910177375e+09 1.16334016730185e+16 9.77989708678157e+14 8.23262970667187e+09 5.25409475439264e+20 5.36175916157068e+16 7.14385774324497e+12 4.82066757394339e+16 1.40869723913175e+15 2.49148103896172e+07 1.82308086055102e+10 
2.81593119456533e-04 2.85732591203856e+02 2.81259437680882e+02 5.24670086673521e+20 3.65377863260669e+17 7.67415581687016e+16 3.13805063937618e+16 2.41458370915337e+14 7.69346985486485e+17 6.63698826144702e+15 2.30743922347441e+09 1.21160860023368e+16 1.12444388295801e+15 9.80509747661048e+09 5.25404951683209e+20 5.40583610476242e+16 7.13135274571191e+12 5.22895775453614e+16 1.40879254035478e+15 2.70334769045548e+07 2.02489896928618e+10 
3.03087609776792e-04 2.84501476103521e+02 2.80690196420560e+02 5.24610229988380e+20 3.93156576714022e+17 8.04833666370764e+16 3.16727708617576e+16 2.55949143346424e+14 8.28607250193588e+17 6.63576725070669e+15 2.45440853207302e+09 1.25387293692521e+16 1.27747285715755e+15 1.14941421249240e+10 5.25400537089988e+20 5.43910073615359e+16 7.11704549597687e+12 5.63714804769436e+16 1.40884879428948e+15 2.91507077164751e+07 2.22763645945917e+10 
3.48161855254043e-04 2.82791207981867e+02 2.80262995669288e+02 5.24485806494942e+20 4.51345510421652e+17 8.76038434339190e+16 3.20932933477323e+16 2.84266825514663e+14 9.52768081738450e+17 6.63739702132888e+15 2.76127688908464e+09 1.32450706386513e+16 1.61688987901113e+15 1.53869299707927e+10 5.25391533660108e+20 5.48378925782117e+16 7.08587499851559e+12 6.49279923159109e+16 1.40890851271513e+15 3.35873564017280e+07 2.65477958987564e+10 
3.93236100731295e-04 2.81807842071369e+02 2.79678917526499e+02 5.24362677921749e+20 5.09446674478348e+17 9.38444213570824e+16 3.23453082111571e+16 3.10011743395858e+14 1.07676520054140e+18 6.64262135910060e+15 3.06736875703421e+09 1.37334378574554e+16 1.97673034409311e+15 1.97119918400522e+10 5.25382734058640e+20 5.50854230103654e+16 7.05902433184983e+12 7.34800370986255e+16 1.40895732682451e+15 3.80219975038252e+07 3.08330971038436e+10 
4.38310346208546e-04 2.81212072898019e+02 2.79348086635869e+02 5.24240666069104e+20 5.67458485857298e+17 9.93168400482916e+16 3.24971609297552e+16 3.33508564539323e+14 1.20058355476063e+18 6.64980235016098e+15 3.37342110287721e+09 1.40347115801455e+16 2.35190132121162e+15 2.44236749922141e+10 5.25374044327314e+20 5.52273882621803e+16 7.03915448063350e+12 8.20277657136498e+16 1.40901036031347e+15 4.24568459139652e+07 3.51245508059955e+10 
4.83384591685798e-04 2.80844467924245e+02 2.79149448181362e+02 5.24119633326620e+20 6.25379942082590e+17 1.04118961535502e+17 3.25867703503603e+16 3.55098631348065e+14 1.32421281813340e+18 6.65818686817637e+15 3.67986841436893e+09 1.41785815916111e+16 2.73794108781300e+15 2.94830009745453e+10 5.25365419385164e+20 5.53086255012615e+16 7.02624183579665e+12 9.05714301204320e+16 1.40905947819484e+15 4.68934493962454e+07 3.94192553644680e+10 
5.28458837163049e-04 2.80625462282514e+02 2.79027564598345e+02 5.23999467101192e+20 6.83210412971253e+17 1.08336442060338e+17 3.26367207778530e+16 3.75110702932422e+14 1.44764681174245e+18 6.66735729548713e+15 3.98717615345954e+09 1.41927664725822e+16 3.13100972423035e+15 3.48561537164814e+10 5.25356835147676e+20 5.53529255931815e+16 7.01970947815411e+12 9.91113261440598e+16 1.40910308118457e+15 5.13328752230614e+07 4.37159289260042e+10 
6.09325677849767e-04 2.80454113170607e+02 2.78955202170859e+02 5.23785765216109e+20 7.86733933525266e+17 1.14661769924105e+17 3.26680228155179e+16 4.07960512785046e+14 1.66860325814043e+18 6.68488673209819e+15 4.54202268323220e+09 1.39695123568840e+16 3.84432635625661e+15 4.51934256140843e+10 5.25341494085907e+20 5.53810592046611e+16 7.02203174559815e+12 1.14424168268754e+17 1.40917907226793e+15 5.93065398337405e+07 5.14272439439870e+10 
6.90192518536486e-04 2.80394277405559e+02 2.78898728660475e+02 5.23574097111717e+20 8.89962369943293e+17 1.19702926890576e+17 3.26700273254860e+16 4.38097912634191e+14 1.88892583197765e+18 6.70288153922818e+15 5.10104858259439e+09 1.35311252340312e+16 4.55571825357314e+15 5.63061629640851e+10 5.25326184183685e+20 5.53873007476131e+16 7.03751683622990e+12 1.29727729514811e+17 1.40925529914316e+15 6.72924133545995e+07 5.91401982348500e+10 
7.71059359223204e-04 2.80365407096782e+02 2.78879051284623e+02 5.23364113218184e+20 9.92895687035999e+17 1.23746587107827e+17 3.26630838208747e+16 4.66602107132014e+14 2.10863283406487e+18 6.72096661285653e+15 5.66313224716835e+09 1.29741273320221e+16 5.25528730457145e+15 6.80743235300164e+10 5.25310886934112e+20 5.53884141025689e+16 7.06024456944407e+12 1.45023758359203e+17 1.40933222292431e+15 7.52891973300504e+07 6.68548601292297e+10 
8.51926199909922e-04 2.80351166183438e+02 2.78869575358779e+02 5.23155550516715e+20 1.09553438946332e+18 1.27012099725308e+17 3.26514712921647e+16 4.94192589608688e+14 2.32775153538200e+18 6.73906485222950e+15 6.22751653832945e+09 1.23662995304853e+16 5.93731509805790e+15 8.04018505733710e+10 5.25295599146192e+20 5.53861085743400e+16 7.08567201818920e+12 1.60313741846600e+17 1.40940903080881e+15 8.32942093273817e+07 7.45721334528383e+10 
9.32793040596640e-04 2.80348399601991e+02 2.78864915510020e+02 5.22948204928979e+20 1.19787911150743e+18 1.29669098688726e+17 3.26365075880260e+16 5.21313796507177e+14 2.54631118116714e+18 6.75716031818375e+15 6.79297419669685e+09 1.17520243262059e+16 6.59902200765994e+15 9.32079723806044e+10 5.25280319170795e+20 5.53808591989449e+16 7.11085728463713e+12 1.75598856621905e+17 1.40948611370617e+15 9.13047561642158e+07 8.22927448746658e+10 
1.03835388744237e-03 2.80352584646883e+02 2.78864031614053e+02 5.22679108484981e+20 1.33103511205254e+18 1.32441605670481e+17 3.26148812262175e+16 5.56438480265305e+14 2.83081512548293e+18 6.78073973061896e+15 7.53088878611355e+09 1.09851989512869e+16 7.43070664469095e+15 1.10527703493267e+11 5.25260380773464e+20 5.53723083852085e+16 7.14042104357877e+12 1.95545663020547e+17 1.40958820177758e+15 1.01765755780829e+08 9.23767212559696e+10 
1.14391473428810e-03 2.80358825592438e+02 2.78865443357099e+02 5.22411544148251e+20 1.46369253625076e+18 1.34625181280173e+17 3.25928327639073e+16 5.91461804316598e+14 3.11446643328715e+18 6.80424674819948e+15 8.26707773273565e+09 1.02828262618525e+16 8.22729342880339e+15 1.28408510936633e+11 5.25240447680399e+20 5.53638546215012e+16 7.16459706593268e+12 2.15487071258530e+17 1.40969251465234e+15 1.12228176886702e+08 1.02467858289863e+11 
1.24947558113382e-03 2.80363423400476e+02 2.78867531886787e+02 5.22145320451697e+20 1.59585269620738e+18 1.36379442781361e+17 3.25711986319050e+16 6.26447214991681e+14 3.39730899744795e+18 6.82766897916712e+15 9.00035344905046e+09 9.65291909711696e+15 8.99154307821441e+15 1.46739369907340e+11 5.25220518559113e+20 5.53559313952120e+16 7.18294331179239e+12 2.35423980891762e+17 1.40979893871440e+15 1.22689436792670e+08 1.12566724087651e+11 
1.35503642797955e-03 2.80367024056811e+02 2.78869079808119e+02 5.21880297806101e+20 1.72751694069994e+18 1.37821760664154e+17 3.25497823367313e+16 6.61383298486703e+14 3.67937781481550e+18 6.85101535865809e+15 9.73001016472250e+09 9.09376635403010e+15 9.72660709646840e+15 1.65428185136550e+11 5.25200593382481e+20 5.53479723318657e+16 7.19575450747125e+12 2.55356985068678e+17 1.40990752869594e+15 1.33147934861700e+08 1.22673749763517e+11 
1.46059727482528e-03 2.80370913124021e+02 2.78870299618033e+02 5.21616373658894e+20 1.85868668505137e+18 1.39038227792717e+17 3.25283373051418e+16 6.96225849261835e+14 3.96070098084667e+18 6.87429798286861e+15 1.04556284791852e+10 8.59900529218433e+15 1.04355933448728e+16 1.84398089506297e+11 5.25180671954759e+20 5.53397747138489e+16 7.20365218626888e+12 2.75286481404509e+17 1.41001850933240e+15 1.43602767780663e+08 1.32789190246850e+11 
1.56615812167101e-03 2.80375040634365e+02 2.78871614474351e+02 5.21353473125545e+20 1.98936342115754e+18 1.40090883529530e+17 3.25069173996534e+16 7.30914824304822e+14 4.24130133361908e+18 6.89752025073541e+15 1.11769878541790e+10 8.16003092959904e+15 1.11214187261598e+16 2.03584740365521e+11 5.25160753768624e+20 5.53315770109193e+16 7.20738406813879e+12 2.95212737959220e+17 1.41013192625660e+15 1.54053552476378e+08 1.42913179025092e+11 
1.76867643197340e-03 2.80382171426278e+02 2.78873007951755e+02 5.20851790770345e+20 2.23869221826545e+18 1.41790609009736e+17 3.24661733993001e+16 7.96842543163275e+14 4.77767185743005e+18 6.94190336606747e+15 1.25489141376239e+10 7.44372498296162e+15 1.23810468446453e+16 2.40822920866009e+11 5.25122549002669e+20 5.53160637929371e+16 7.20536663141283e+12 3.33432775483348e+17 1.41035612487694e+15 1.74091710053804e+08 1.62360260987712e+11 
1.97119474227578e-03 2.80388551674092e+02 2.78875422239610e+02 5.20353414890796e+20 2.48622416474481e+18 1.43250002367271e+17 3.24258320544852e+16 8.61725077470727e+14 5.31155511486614e+18 6.98607819534620e+15 1.39049453557355e+10 6.85246456894101e+15 1.35789907714634e+16 2.78375580755513e+11 5.25084354220115e+20 5.53007560120651e+16 7.19457856028508e+12 3.71642624254355e+17 1.41058897790039e+15 1.94114754256736e+08 1.81839613329139e+11 
2.17371305257817e-03 2.80394704152258e+02 2.78877589690657e+02 5.19858175827976e+20 2.73197209412059e+18 1.44581760130718e+17 3.23857631048461e+16 9.25451737275972e+14 5.84303944937114e+18 7.03005742320350e+15 1.52464767574271e+10 6.35605653986714e+15 1.47257809656593e+16 3.16033212113055e+11 5.25046168613079e+20 5.52854454438767e+16 7.17703269122916e+12 4.09843298548939e+17 1.41083030147933e+15 2.14122397758917e+08 2.01351590849771e+11 
2.37623136288056e-03 2.80400848756678e+02 2.78879682401624e+02 5.19365972945978e+20 2.97594918970712e+18 1.45837127050699e+17 3.23459202930653e+16 9.87990381239254e+14 6.37219496360394e+18 7.07384898298874e+15 1.65731434476035e+10 5.93465870555635e+15 1.58291317460880e+16 3.53655741008531e+11 5.25007991345702e+20 5.52701277884996e+16 7.15443372442882e+12 4.48035637075879e+17 1.41107984092003e+15 2.34114753504278e+08 2.20896472486498e+11 
2.57874967318294e-03 2.80406917101158e+02 2.78881772789997e+02 5.18876742142832e+20 3.21816831374441e+18 1.47042727318749e+17 3.23063241093707e+16 1.04930443507873e+15 6.89907265303479e+18 7.11745705000213e+15 1.78843482884117e+10 5.56885923776267e+15 1.68950995563854e+16 3.91147394039820e+11 5.24969821855850e+20 5.52548695350469e+16 7.12881087551522e+12 4.86220133685881e+17 1.41133736084487e+15 2.54093239491704e+08 2.40474410324894e+11 
2.96949805060409e-03 2.80418315515300e+02 2.78883838320001e+02 5.17941013510339e+20 3.68059659189499e+18 1.49281876130582e+17 3.22306387682788e+16 1.16422907782994e+15 7.90937291454006e+18 7.20109031452210e+15 2.03751060425033e+10 4.98515277712580e+15 1.88613361532046e+16 4.62904444618546e+11 5.24896196034770e+20 5.52256014981565e+16 7.07238658401125e+12 5.59874722599456e+17 1.41185608275451e+15 2.92599506044652e+08 2.78342667328105e+11 
3.36024642802523e-03 2.80429423732650e+02 2.78887722170026e+02 5.17015850443763e+20 4.13661966581226e+18 1.51465550501254e+17 3.21558569146370e+16 1.27487637920163e+15 8.91162499418834e+18 7.28407606111471e+15 2.28147635917654e+10 4.51719055991871e+15 2.07295340683810e+16 5.33635744059148e+11 5.24822594193600e+20 5.51965366992269e+16 7.01044594524206e+12 6.33505106055139e+17 1.41240251116782e+15 3.31054721888080e+08 3.16334683637003e+11 
3.75099480544638e-03 2.80440369117433e+02 2.78891511265721e+02 5.16101022001537e+20 4.58632749347375e+18 1.53614162443074e+17 3.20819328982783e+16 1.38152064154293e+15 9.90604660053342e+18 7.36643179031228e+15 2.52066876869998e+10 4.13768460610439e+15 2.25173130270190e+16 6.03204044697562e+11 5.24749013758534e+20 5.51676362693068e+16 6.94470199116172e+12 7.07113896103627e+17 1.41297555004051e+15 3.69455632469275e+08 3.54450632504525e+11 
4.14174318286752e-03 2.80451170724391e+02 2.78895247536573e+02 5.15196354150354e+20 5.02980749588850e+18 1.55728144364937e+17 3.20088504697254e+16 1.48435330659823e+15 1.08927986356943e+19 7.44816960435935e+15 2.75519903551468e+10 3.82122490442030e+15 2.42373777979905e+16 6.71573541959050e+11 5.24675453111212e+20 5.51389065533886e+16 6.87815640107218e+12 7.80702702646456e+17 1.41357431371309e+15 4.07814270660319e+08 3.92690250040084e+11 
4.53249156028867e-03 2.80461819887621e+02 2.78898937223763e+02 5.14301686672501e+20 5.46714542441559e+18 1.57808192593156e+17 3.19366004787664e+16 1.58358316545845e+15 1.18720160708480e+19 7.52929948325223e+15 2.98539105293105e+10 3.55354301764205e+15 2.58989804690393e+16 7.38744582167396e+11 5.24601910917297e+20 5.51103535757266e+16 6.81090254641971e+12 8.54272854634447e+17 1.41419807021336e+15 4.46123504677280e+08 4.31053020302802e+11 
4.97660434707282e-03 2.80473757885153e+02 2.78902577427072e+02 5.13296788658321e+20 5.95685948055223e+18 1.60135132343871e+17 3.18554753249269e+16 1.69222822192419e+15 1.29759598901101e+19 7.62078207434629e+15 3.24188414150000e+10 3.29451185594311e+15 2.77254905090785e+16 8.13648286361216e+11 5.24518346250500e+20 5.50781086369913e+16 6.73509206796729e+12 9.37869059878388e+17 1.41493657605127e+15 4.89615508671393e+08 4.74803700193809e+11 
5.42071713385697e-03 2.80485540798184e+02 2.78906661096298e+02 5.12304411980178e+20 6.43886912332530e+18 1.62425509509987e+17 3.17753850544257e+16 1.79672973478580e+15 1.40704648774580e+19 7.71150184777546e+15 3.49324013455215e+10 3.07306179962840e+15 2.94939782065924e+16 8.87043265304722e+11 5.24434802950134e+20 5.50460786141721e+16 6.66045811876383e+12 1.02144365176475e+18 1.41570576060247e+15 5.33055085228798e+08 5.18711584180397e+11 
5.86482992064111e-03 2.80497177919521e+02 2.78910694543294e+02 5.11324364688817e+20 6.91329351975768e+18 1.64680381443868e+17 3.16963117947788e+16 1.89733369026625e+15 1.51556624006747e+19 7.80146875898965e+15 3.73971048830792e+10 2.88235829882734e+15 3.12109240932434e+16 9.58963739945466e+11 5.24351280027378e+20 5.50142608505973e+16 6.58712414883187e+12 1.10499762236735e+18 1.41650490454556e+15 5.76443168454947e+08 5.62775500836011e+11 
6.30894270742526e-03 2.80508673967741e+02 2.78914680786788e+02 5.10356466195518e+20 7.38024966029283e+18 1.66899972325826e+17 3.16182395791326e+16 1.99425077934072e+15 1.62316697235201e+19 7.89069167394347e+15 3.98150091229640e+10 2.71653134470997e+15 3.28815692851081e+16 1.02944825516069e+12 5.24267776716800e+20 5.49826531056643e+16 6.51543038262135e+12 1.18853173966635e+18 1.41733336035005e+15 6.19782366820791e+08 6.06994182362749e+11 
6.75305549420941e-03 2.80520034997959e+02 2.78918621337509e+02 5.09400544382693e+20 7.83985248655687e+18 1.69084761984516e+17 3.15411527597869e+16 2.08767117161025e+15 1.72985928271370e+19 7.97917863567900e+15 4.21888510751328e+10 2.57046495642825e+15 3.45101642268657e+16 1.09853549303070e+12 5.24184292439521e+20 5.49512525610389e+16 6.44563964709988e+12 1.27204658568693e+18 1.41819053871688e+15 6.63077559217813e+08 6.51366268690080e+11 
7.66177986162286e-03 2.80542881089089e+02 2.78922518149722e+02 5.07481218069311e+20 8.75782605149180e+18 1.73449903536773e+17 3.13864298377353e+16 2.26865248560702e+15 1.94537713644412e+19 8.15797354015827e+15 4.69153542902386e+10 2.32057819843460e+15 3.77245119049026e+16 1.23569709963372e+12 5.24013528075277e+20 5.48876373082867e+16 6.30872862408907e+12 1.44287276950977e+18 1.42003177067398e+15 7.51531310303337e+08 7.42630555745141e+11 
8.57050422903631e-03 2.80565215915300e+02 2.78930361892898e+02 5.05609987020883e+20 9.64642843207200e+18 1.77677996348298e+17 3.12356482911599e+16 2.43713987106894e+15 2.15720902344242e+19 8.33377688995070e+15 5.14779810817383e+10 2.11886886335750e+15 4.07994848348726e+16 1.36746263135640e+12 5.23842838529702e+20 5.48248590683890e+16 6.18017669988874e+12 1.61362317486077e+18 1.42198681002663e+15 8.39828729330347e+08 8.34518696385326e+11 
9.47922859644976e-03 2.80587062159382e+02 2.78938039828737e+02 5.03785559789785e+20 1.05065757232436e+19 1.81773905731173e+17 3.10886938434596e+16 2.59435969063941e+15 2.36542518154202e+19 8.50664264959913e+15 5.58899166110736e+10 1.95347003651762e+15 4.37518384711794e+16 1.49411118996192e+12 5.23672221739613e+20 5.47628996545975e+16 6.05929167750680e+12 1.78429988760005e+18 1.42405187102227e+15 9.27975362642055e+08 9.27017889402211e+11 
1.03879529638632e-02 2.80608438562511e+02 2.78945559124274e+02 5.02006709146247e+20 1.13391536087273e+19 1.85741985248579e+17 3.09454585096097e+16 2.74133602573870e+15 2.57009019179094e+19 8.67662062488662e+15 6.01621392867865e+10 1.81559749246806e+15 4.65938251013952e+16 1.61590157647828e+12 5.23501676441541e+20 5.47017420590364e+16 5.94563052040200e+12 1.95490419209186e+18 1.42622352197535e+15 1.01598193822851e+09 1.02011508069396e+12 
1.12966773312767e-02 2.80629361592960e+02 2.78952925663752e+02 5.00272258387732e+20 1.21450196148002e+19 1.89586408262966e+17 3.08058392629947e+16 2.87896654374561e+15 2.77126484103988e+19 8.84375789894398e+15 6.43038725678681e+10 1.69844884957290e+15 4.93347959057621e+16 1.73307543678984e+12 5.23331201900932e+20 5.46413702228754e+16 5.83884175080345e+12 2.12543684248258e+18 1.42849859410907e+15 1.10386656123138e+09 1.11379710716340e+12 
1.26170660135036e-02 2.80658982701250e+02 2.78960144598652e+02 4.97828895447955e+20 1.32700401368558e+19 1.94960248927552e+17 3.06092138792907e+16 3.06389387642013e+15 3.05747238790055e+19 9.08164005308230e+15 7.01061125499371e+10 1.55695172307963e+15 5.31519015677386e+16 1.89556255295006e+12 5.23083625420629e+20 5.45550181584188e+16 5.69465428841130e+12 2.37309619778415e+18 1.43198258584220e+15 1.23135701314912e+09 1.25093357539753e+12 
1.39374546957305e-02 2.80687713273339e+02 2.78970379328427e+02 4.95473534056260e+20 1.43428685794488e+19 2.00093293131973e+17 3.04197249756092e+16 3.23295583309625e+15 3.33660501089516e+19 9.31375416584241e+15 7.56719785616013e+10 1.44056655145982e+15 5.67891649385382e+16 2.04942463255104e+12 5.22836196909487e+20 5.44702473951939e+16 5.56239196203608e+12 2.62060578590419e+18 1.43567020900536e+15 1.35864125428278e+09 1.38923690262605e+12 
1.52578433779574e-02 2.80715586240152e+02 2.78980323089658e+02 4.93202970586337e+20 1.53658546856803e+19 2.04996635701263e+17 3.02370969131194e+16 3.38802385457175e+15 3.60882738436229e+19 9.54022965923085e+15 8.10198280098362e+10 1.34331068989074e+15 6.02603782455354e+16 2.19525053442809e+12 5.22588916528691e+20 5.43870146737408e+16 5.44061058326958e+12 2.86796549825193e+18 1.43955361193221e+15 1.48573508605954e+09 1.52866745654689e+12 
1.65782320601843e-02 2.80742631567230e+02 2.78989986039259e+02 4.91014142011212e+20 1.63412407685756e+19 2.09680777889941e+17 3.00610673973027e+16 3.53066048942433e+15 3.87429838962390e+19 9.76119190200411e+15 8.61654766417778e+10 1.26103209178735e+15 6.35763673880137e+16 2.33357947275901e+12 5.22341784879989e+20 5.43052784551342e+16 5.32806546268285e+12 3.11517478322116e+18 1.44362547340986e+15 1.61264981271985e+09 1.66918618420462e+12 
1.78986207424112e-02 2.80768877382305e+02 2.78999377409514e+02 4.88904110900546e+20 1.72711694124214e+19 2.14155725869805e+17 2.98913860760994e+16 3.66220229979976e+15 4.13317234177888e+19 9.97676317909096e+15 9.11224430131279e+10 1.19040031057071e+15 6.67460357088877e+16 2.46490861003247e+12 5.22094802857358e+20 5.42249986611479e+16 5.22380250121464e+12 3.36223279476835e+18 1.44787892599101e+15 1.73940812626616e+09 1.81075475127465e+12 
2.00813521686719e-02 2.80810580136651e+02 2.79008505877741e+02 4.85581396394835e+20 1.87141255394204e+19 2.21119534832312e+17 2.96241770186072e+16 3.85830130848421e+15 4.54704768917968e+19 1.03216177844312e+16 9.89339584246615e+10 1.09328400383886e+15 7.16839638464989e+16 2.66785962364396e+12 5.21686848615498e+20 5.40953794985513e+16 5.06730335498581e+12 3.77030916338799e+18 1.45529139342358e+15 1.94864557848141e+09 2.04698345753317e+12 
2.22640835949326e-02 2.80850280496691e+02 2.79023040942087e+02 4.82454244321884e+20 2.00471391355036e+19 2.27577958589884e+17 2.93726448710132e+16 4.03171376283796e+15 4.94396439009990e+19 1.06525939084360e+16 1.06307465474736e+11 1.01423678861264e+15 7.62705505730453e+16 2.85479263805261e+12 5.21279311986076e+20 5.39694665188087e+16 4.92784384646162e+12 4.17796374222421e+18 1.46315537076284e+15 2.15756959041597e+09 2.28581413294584e+12 
2.44468150211933e-02 2.80888081033057e+02 2.79036914013317e+02 4.79511262702564e+20 2.12783360764083e+19 2.33568455693622e+17 2.91358362186218e+16 4.18605056781683e+15 5.32456037257468e+19 1.09702049768293e+16 1.13280841223329e+11 9.48828231130950e+14 8.05293329835958e+16 3.02733760639179e+12 5.20872199127304e+20 5.38470991869092e+16 4.80271824999655e+12 4.58519056136077e+18 1.47144596507897e+15 2.36620496485446e+09 2.52708919402113e+12 
2.66295464474541e-02 2.80924077490410e+02 2.79050156980618e+02 4.76741785603051e+20 2.24152330223897e+19 2.39125587995939e+17 2.89128632867958e+16 4.32412457331912e+15 5.68945178883012e+19 1.12749487297296e+16 1.19886271823502e+11 8.93957572473548e+14 8.44805118044806e+16 3.18692746658108e+12 5.20465516241711e+20 5.37281243616198e+16 4.68978888173424e+12 4.99198359665046e+18 1.48014023212423e+15 2.57457109126510e+09 2.77065792122237e+12 
2.88122778737148e-02 2.80958360137077e+02 2.79062799745447e+02 4.74135799661198e+20 2.34647992980525e+19 2.44281344000818e+17 2.87028973898160e+16 4.44822153603554e+15 6.03923495250402e+19 1.15673088046497e+16 1.26151337816191e+11 8.47149618718076e+14 8.81420793324694e+16 3.33483282197877e+12 5.20059269535464e+20 5.36123957158763e+16 4.58739286230556e+12 5.39833681129211e+18 1.48921694349747e+15 2.78271402732197e+09 3.01637672511179e+12 
3.23566841747167e-02 2.81010593386891e+02 2.79074870641479e+02 4.70228687360298e+20 2.49992938220692e+19 2.51872702207718e+17 2.83877022650670e+16 4.62460314182373e+15 6.57650995449545e+19 1.20168656181795e+16 1.35660258052760e+11 7.84319959837093e+14 9.35119805575781e+16 3.55293889710599e+12 5.19400534801066e+20 5.34310306264894e+16 4.44004672935133e+12 6.05723715078473e+18 1.50472070337080e+15 3.12027811896303e+09 3.41961503812438e+12 
3.59010904757187e-02 2.81058868645830e+02 2.79093321284880e+02 4.66690819450884e+20 2.63455572648696e+19 2.58597963111317e+17 2.81017359333461e+16 4.77567577025778e+15 7.07783363750779e+19 1.24369415032924e+16 1.44422816992801e+11 7.33453212978834e+14 9.82248314835876e+16 3.74729535921814e+12 5.18742992089838e+20 5.32572926682933e+16 4.31215857455530e+12 6.71493693575130e+18 1.52110446871698e+15 3.45742273477085e+09 3.82762079089639e+12 
3.94454967767206e-02 2.81103496617515e+02 2.79110441657037e+02 4.63488307818951e+20 2.75259971318214e+19 2.64559113814753e+17 2.78422530305216e+16 4.90637031622428e+15 7.54546160125704e+19 1.28293903619626e+16 1.52512778002118e+11 6.91583017409965e+14 1.02338625282773e+17 3.92128084827370e+12 5.18086665930367e+20 5.30906539912384e+16 4.20018066702240e+12 7.37141223853522e+18 1.53829919568618e+15 3.79417418653235e+09 4.23990027870900e+12 
4.29899030777226e-02 2.81144761660489e+02 2.79126331122794e+02 4.60590598197398e+20 2.85603196403389e+19 2.69845752544978e+17 2.76067922758228e+16 5.02026753067208e+15 7.98152711443202e+19 1.31959686360800e+16 1.59993334728600e+11 6.56616839516316e+14 1.05906745706698e+17 4.07770995351741e+12 5.17431578969417e+20 5.29306235751676e+16 4.10140378967070e+12 8.02664096890693e+18 1.55624252537763e+15 4.13055775041915e+09 4.65600527959909e+12 
4.65343093787245e-02 2.81182925296163e+02 2.79141081256142e+02 4.57970034179907e+20 2.94659273729565e+19 2.74536914926440e+17 2.73931390116242e+16 5.12015127403363e+15 8.38804810748948e+19 1.35383411817931e+16 1.66919225725845e+11 6.26928166475171e+14 1.08978631709289e+17 4.21894723555071e+12 5.16777752436754e+20 5.27767443596250e+16 4.01371570422417e+12 8.68060241326953e+18 1.57487786740516e+15 4.46663889913132e+09 5.07553172216074e+12 
5.22695581784233e-02 2.81238707157465e+02 2.79154776845027e+02 4.54254752565944e+20 3.06963835878524e+19 2.81037806442404e+17 2.70886706895256e+16 5.25752071953838e+15 8.98803789319138e+19 1.40449980023326e+16 1.77070799452282e+11 5.87409554208599e+14 1.13012126484205e+17 4.42020941197097e+12 5.15722507393243e+20 5.25397149185209e+16 3.89116759275645e+12 9.73605243201120e+18 1.60636891865761e+15 5.00988194363289e+09 5.76069599185009e+12 
5.80048069781221e-02 2.81287908627023e+02 2.79174899282999e+02 4.51106307575986e+20 3.16854324695138e+19 2.86412862587493e+17 2.68287054055592e+16 5.37133210305661e+15 9.52312408001173e+19 1.44985813142910e+16 1.86069860894605e+11 5.55873317255448e+14 1.16042084970118e+17 4.59355471944542e+12 5.14670691951396e+20 5.23160439580784e+16 3.78791880826582e+12 1.07880579812678e+19 1.63934333225796e+15 5.55245253599816e+09 6.45255643357194e+12 
6.37400557778209e-02 2.81331337893131e+02 2.79192765415713e+02 4.48443844926974e+20 3.24792190186075e+19 2.90870744625098e+17 2.66068949205251e+16 5.46680622559316e+15 1.00001525832563e+20 1.49047692107227e+16 1.94064197223737e+11 5.30089338479368e+14 1.18225900446005e+17 4.74409675106515e+12 5.13622376283333e+20 5.21042631003313e+16 3.70003030352732e+12 1.18365505343699e+19 1.67362904741533e+15 6.09447289935697e+09 7.15003369600306e+12 
6.94753045775197e-02 2.81369698873281e+02 2.79208643260907e+02 4.46198858129855e+20 3.31149641677852e+19 2.94580160772939e+17 2.64178770541506e+16 5.54763287301506e+15 1.04252993181673e+20 1.52686727827064e+16 2.01179111666916e+11 5.08716042930887e+14 1.19701116383684e+17 4.87584168409425e+12 5.12577623169387e+20 5.19030707179806e+16 3.62455666398177e+12 1.28814687684717e+19 1.70907403761789e+15 6.63597173291173e+09 7.85223755268152e+12 
7.52105533772184e-02 2.81403607848668e+02 2.79222768008026e+02 4.44312870833865e+20 3.36229372685915e+19 2.97678605135142e+17 2.62570897226496e+16 5.61659083240521e+15 1.08041366810417e+20 1.55948967280926e+16 2.07522413860565e+11 4.90795685454391e+14 1.20587914889032e+17 4.99195587774085e+12 5.11536488177634e+20 5.17113114037167e+16 3.55925657069919e+12 1.39227584092140e+19 1.74554294685362e+15 7.17695496122810e+09 8.55844465065896e+12 
8.43499712030060e-02 2.81449730247246e+02 2.79235346980609e+02 4.41931179184877e+20 3.42258159511565e+19 3.01615906014410e+17 2.60499859708523e+16 5.70710195225527e+15 1.13241390833470e+20 1.60467580577009e+16 2.16258907564920e+11 4.67591738722576e+14 1.21030348450094e+17 5.15067037853565e+12 5.09884981985621e+20 5.14227722966784e+16 3.47201299768810e+12 1.55744921505198e+19 1.80548701111113e+15 8.03811564186187e+09 9.69064314987969e+12 
9.34893890287935e-02 2.81487763064604e+02 2.79252633422532e+02 4.40167899007738e+20 3.46439262950209e+19 3.04639110834667e+17 2.58917985895141e+16 5.77959978540545e+15 1.17569109077304e+20 1.64279772485079e+16 2.23586036030167e+11 4.49459569026619e+14 1.20589493916925e+17 5.28364200198327e+12 5.08242959383861e+20 5.11520467111748e+16 3.40103264558819e+12 1.72167225995640e+19 1.86729627312558e+15 8.89796977639929e+09 1.08298019502590e+13 
1.02628806854581e-01 2.81519234721968e+02 2.79267087673315e+02 4.38890195664068e+20 3.49340171486546e+19 3.07009490456770e+17 2.57722317202213e+16 5.83880123087838e+15 1.21175203055277e+20 1.67509396972498e+16 2.29765210665662e+11 4.34746541510804e+14 1.19539566754492e+17 5.39642107784330e+12 5.06610568629920e+20 5.08961655228991e+16 3.34230321988410e+12 1.88493048458795e+19 1.93059799217849e+15 9.75696482965024e+09 1.19747681742361e+13 
1.11768224680369e-01 2.81545366246048e+02 2.79279234743917e+02 4.37995814137766e+20 3.51353389885759e+19 3.08910742164987e+17 2.56833297029598e+16 5.88773023720358e+15 1.24184580424441e+20 1.70258421246576e+16 2.35001686599336e+11 4.22968613613746e+14 1.18089549091154e+17 5.49314086352024e+12 5.04987919370939e+20 5.06527032019412e+16 3.29337302540257e+12 2.04721319949540e+19 1.99506833934116e+15 1.06145114907964e+10 1.31246763001238e+13 
1.20907642506156e-01 2.81567151877352e+02 2.79289496676781e+02 4.37404792643923e+20 3.52755243004879e+19 3.10474435872366e+17 2.56188420063451e+16 5.92876298744610e+15 1.26701084252792e+20 1.72611325462947e+16 2.39468784897647e+11 4.13152017218996e+14 1.16394564211141e+17 5.57701389919975e+12 5.03375100886664e+20 5.04196673138388e+16 3.25189088260587e+12 2.20851170296012e+19 2.06044010224225e+15 1.14710791481404e+10 1.42789493394661e+13 
1.33993116478365e-01 2.81592313880832e+02 2.79298218948069e+02 4.36967241328618e+20 3.54063140375937e+19 3.12303699344865e+17 2.55596339105324e+16 5.97736068289414e+15 1.29610870088063e+20 1.75423743085698e+16 2.44785662388006e+11 4.01697802471839e+14 1.13749864167153e+17 5.67938215937101e+12 5.01083185236198e+20 5.01010417198942e+16 3.20268181759277e+12 2.43772549861945e+19 2.15514812250641e+15 1.26956396879440e+10 1.59382764819305e+13 
1.47078590450574e-01 2.81612070058581e+02 2.79308562885425e+02 4.36881389830858e+20 3.54910533016063e+19 3.13830385265918e+17 2.55292600127952e+16 6.01732634817527e+15 1.31889634167526e+20 1.77731241456371e+16 2.49128134540069e+11 3.92677480796770e+14 1.11062683354295e+17 5.76574715270950e+12 4.98811718715569e+20 4.97966491370366e+16 3.16242683718364e+12 2.66489287960452e+19 2.25062388278264e+15 1.39175063684530e+10 1.76048614519970e+13 
1.60164064422782e-01 2.81627821493220e+02 2.79316976762214e+02 4.37045058387139e+20 3.55531254529862e+19 3.15176651203961e+17 2.55196101318704e+16 6.05106276597503e+15 1.33694230985683e+20 1.79660089020687e+16 2.52741685067465e+11 3.85347516079292e+14 1.08475731596249e+17 5.84005005276270e+12 4.96560769619728e+20 4.95035854726016e+16 3.12870990096351e+12 2.89000735612605e+19 2.34637739135298e+15 1.51366516836164e+10 1.92781302620682e+13 
1.73249538394991e-01 2.81640582166615e+02 2.79323954445868e+02 4.37387411999388e+20 3.56048831301471e+19 3.16412951384202e+17 2.55249983838748e+16 6.08021943050938e+15 1.35141265786325e+20 1.81303971001090e+16 2.55807801542267e+11 3.79283568476695e+14 1.06062794969767e+17 5.90514223438803e+12 4.94330336414053e+20 4.92197244606314e+16 3.09989734374981e+12 3.11306933602402e+19 2.44199289823893e+15 1.63528267265907e+10 2.09578823523965e+13 
1.86335012367200e-01 2.81651109392565e+02 2.79329854730563e+02 4.37857912369847e+20 3.56529602075136e+19 3.17581712386763e+17 2.55412948750466e+16 6.10611522368492e+15 1.36318400302311e+20 1.82731875238072e+16 2.58461323893456e+11 3.74070472250922e+14 1.03853999388491e+17 5.96336388729066e+12 4.92120391751998e+20 4.89434165571824e+16 3.07459860952582e+12 3.33408174112877e+19 2.53725102760544e+15 1.75662949312069e+10 2.26426199695601e+13 
2.10597815158723e-01 2.81666396569281e+02 2.79334946359783e+02 4.38959558871329e+20 3.57421450148193e+19 3.19644810595355e+17 2.55913915013723e+16 6.14805825598011e+15 1.37987066650507e+20 1.84967719288223e+16 2.62597462122825e+11 3.66144444691504e+14 1.00298846717466e+17 6.05792337691452e+12 4.88076701171825e+20 4.84474422480142e+16 3.03454345383869e+12 3.73848259524242e+19 2.71216571140791e+15 1.98077373551008e+10 2.57788484759059e+13 
2.34860617950245e-01 2.81678306893970e+02 2.79342844356355e+02 4.40222601440231e+20 3.58408699281012e+19 3.21656841503588e+17 2.56560787530366e+16 6.18508207266742e+15 1.39242481882264e+20 1.86872556314249e+16 2.66109431349205e+11 3.59664772290136e+14 9.74092170987601e+16 6.14119196544186e+12 4.84102490606830e+20 4.79681249871835e+16 3.00020273106063e+12 4.13593410942394e+19 2.88378823265190e+15 2.20375451639713e+10 2.89285838555520e+13 
2.59123420741768e-01 2.81688275792085e+02 2.79349496672785e+02 4.41560006377184e+20 3.59489885540635e+19 3.23649496653944e+17 2.57280161509903e+16 6.21900518874217e+15 1.40260299630413e+20 1.88585347901174e+16 2.69267425408331e+11 3.54077629299602e+14 9.50644163725376e+16 6.21764505101334e+12 4.80196766284120e+20 4.75021893697839e+16 2.96935310345488e+12 4.52653605544195e+19 3.05145519439952e+15 2.42550380915637e+10 3.20880998069480e+13 
2.83386223533291e-01 2.81697037056916e+02 2.79355418212330e+02 4.42930566422241e+20 3.60625630134653e+19 3.25624239011170e+17 2.58036245875312e+16 6.25081366722350e+15 1.41132382276685e+20 1.90178281345012e+16 2.72212245981937e+11 3.49079296929243e+14 9.31279224154565e+16 6.28973949054688e+12 4.76358362815530e+20 4.70478298431249e+16 2.94082329098919e+12 4.91040518156722e+19 3.21488290981072e+15 2.64599231256451e+10 3.52533164974418e+13 
3.07649026324813e-01 2.81704998181838e+02 2.79360872947743e+02 4.44312276344666e+20 3.61786285771919e+19 3.27579016800729e+17 2.58809637554443e+16 6.28108685314964e+15 1.41910236745457e+20 1.91691772139777e+16 2.75022799101871e+11 3.44507007730919e+14 9.14881534859128e+16 6.35886178240193e+12 4.72586051986055e+20 4.66039424985939e+16 2.91396196256221e+12 5.28766442889422e+19 3.37398397652760e+15 2.86519266391561e+10 3.84202916648059e+13 
3.52854057091709e-01 2.81718451140542e+02 2.79366007853299e+02 4.46875599716524e+20 3.63976835449515e+19 3.31170479422681e+17 2.60261032160176e+16 6.33443094653653e+15 1.43202197169998e+20 1.94373939878896e+16 2.80044940843540e+11 3.36788705287838e+14 8.89884046354063e+16 6.48218885577698e+12 4.65729800715560e+20 4.58025103638491e+16 2.86711684516979e+12 5.97334061096002e+19 3.65901622249667e+15 3.27012829561441e+10 4.43123830251172e+13 
3.98059087858604e-01 2.81730947648358e+02 2.79374994602489e+02 4.49381042737092e+20 3.66147530517151e+19 3.34694590778444e+17 2.61687084567298e+16 6.38487457486640e+15 1.44395415201182e+20 1.96961142577815e+16 2.84951712618088e+11 3.29800400584222e+14 8.69198247514920e+16 6.60127341111588e+12 4.59090853827874e+20 4.50315120575243e+16 2.82316157857744e+12 6.63728478021273e+19 3.92938388542404e+15 3.67043940416061e+10 5.01773588925160e+13 
4.43264118625500e-01 2.81742822937629e+02 2.79383532067081e+02 4.51814446421771e+20 3.68270423228435e+19 3.38148737137159e+17 2.63074239281547e+16 6.43282343881276e+15 1.45532176444385e+20 1.99486428391935e+16 2.89805777776710e+11 3.23424447661579e+14 8.51099614215871e+16 6.71728219203375e+12 4.52661356513317e+20 4.42889559093926e+16 2.78154730845127e+12 7.28028254745583e+19 4.18579694215357e+15 4.06600319576719e+10 5.59992861230340e+13 
4.88469149392395e-01 2.81754137389437e+02 2.79391743960575e+02 4.54177277397512e+20 3.70336923226212e+19 3.41530823216861e+17 2.64422690579483e+16 6.47846649726485e+15 1.46619092718393e+20 2.01954057000870e+16 2.94612528041708e+11 3.17580239644694e+14 8.34880152297401e+16 6.83041125822277e+12 4.46433698966963e+20 4.35734800096053e+16 2.74204358469179e+12 7.90309493341588e+19 4.42923037713673e+15 4.45678768115815e+10 6.17634254042377e+13 
5.33674180159291e-01 2.81764932299647e+02 2.79399653818690e+02 4.56471542645567e+20 3.72345705017191e+19 3.44841068646632e+17 2.65733338625507e+16 6.52206257660249e+15 1.47659657211408e+20 2.04366068088513e+16 2.99372933039407e+11 3.12163125014176e+14 8.20152016309619e+16 6.94075184247332e+12 4.40400755470825e+20 4.28838605070851e+16 2.70442473098500e+12 8.50643454132725e+19 4.66060696055039e+15 4.84281597819723e+10 6.74568733036877e+13 
6.18991449366845e-01 2.81784085510725e+02 2.79407278153516e+02 4.60616068396370e+20 3.75980406362372e+19 3.50897188694647e+17 2.68102609369094e+16 6.59941117250701e+15 1.49517600596009e+20 2.08781032412530e+16 3.08249685548408e+11 3.02907399182513e+14 7.95428983548723e+16 7.14191738879009e+12 4.29522309256027e+20 4.16487505483732e+16 2.63795791745844e+12 9.59436097905877e+19 5.06709531487550e+15 5.55824822389052e+10 7.79750055366834e+13 
7.04308718574399e-01 2.81801807864260e+02 2.79420966691693e+02 4.64527184251564e+20 3.79414189274436e+19 3.56708347074216e+17 2.70339354025091e+16 6.67066499818531e+15 1.51254205047421e+20 2.13027210994677e+16 3.16993396494690e+11 2.94901080954857e+14 7.73859458233722e+16 7.33428491596754e+12 4.19271722434477e+20 4.04945729871747e+16 2.57694682446751e+12 1.06194969826645e+20 5.43792893072644e+15 6.25598491469092e+10 8.81586308038794e+13 
7.89625987781952e-01 2.81818267934450e+02 2.79433809154697e+02 4.68217423576440e+20 3.82657158352316e+19 3.62281384735225e+17 2.72450227567314e+16 6.73682731312681e+15 1.52881127835496e+20 2.17110647916009e+16 3.25595546708859e+11 2.87682489890206e+14 7.54708116365392e+16 7.51818300371121e+12 4.09610459574564e+20 3.94151897035847e+16 2.52048118189422e+12 1.15856963131372e+20 5.77710113770314e+15 6.93615021639718e+10 9.79747127260191e+13 
8.74943256989506e-01 2.81833535336630e+02 2.79445878525461e+02 4.71700332784386e+20 3.85720829938549e+19 3.67622753160672e+17 2.74443104545173e+16 6.79808035651976e+15 1.54404895833285e+20 2.21033687748653e+16 3.34046924997429e+11 2.81389026573778e+14 7.37726355944614e+16 7.69380790769691e+12 4.00502662624945e+20 3.84050403253550e+16 2.46836870179216e+12 1.24965449819456e+20 6.08813028425586e+15 7.59800986238525e+10 1.07401968189131e+14 
9.60260526197060e-01 2.81847725063544e+02 2.79457212106655e+02 4.74987828056313e+20 3.88615627416507e+19 3.72739211051237e+17 2.76324726348237e+16 6.85504682971405e+15 1.55832680189882e+20 2.24799977754017e+16 3.42336214607443e+11 2.75714738273002e+14 7.22595816275439e+16 7.86141335015439e+12 3.91915327727504e+20 3.74591345839453e+16 2.41997121619372e+12 1.33553435853582e+20 6.37390816563413e+15 8.24169284039461e+10 1.16433037078791e+14 
1.07623478823335e+00 2.81865451761129e+02 2.79467863479223e+02 4.79166066391607e+20 3.92299021434500e+19 3.79351044703440e+17 2.78716733997923e+16 6.92625510319438e+15 1.57634714258844e+20 2.29680744350168e+16 3.53346158605895e+11 2.68970420246966e+14 7.04456725093421e+16 8.07708284091607e+12 3.81012457140349e+20 3.62671323306538e+16 2.35962441062754e+12 1.44457133969027e+20 6.72678970251937e+15 9.08744372315949e+10 1.28075746895201e+14 
1.19220905026964e+00 2.81881548806147e+02 2.79481336388367e+02 4.83029048446777e+20 3.95709047597476e+19 3.85576640103456e+17 2.80928766994021e+16 6.99104373093027e+15 1.59288936797126e+20 2.34290856389211e+16 3.64031273501362e+11 2.63095262135239e+14 6.88673843884797e+16 8.27915245891223e+12 3.70942624289361e+20 3.51750100661194e+16 2.30478521455039e+12 1.54527731661962e+20 7.04320442242093e+15 9.89881904117874e+10 1.38987508006105e+14 
1.30818331230593e+00 2.81896182940179e+02 2.79493732510510e+02 4.86599754150450e+20 3.98865159663795e+19 3.91431063111119e+17 2.82973800849851e+16 7.05009979240227e+15 1.60808642205405e+20 2.38639354726287e+16 3.74374672827296e+11 2.57955828356924e+14 6.74829362992986e+16 8.46824782940699e+12 3.61642783613566e+20 3.41738028344533e+16 2.25483968978563e+12 1.63828278913237e+20 7.32768116143992e+15 1.06754051780197e+11 1.49184367488176e+14 
1.42415757434222e+00 2.81909502630541e+02 2.79505140003148e+02 4.89900111373696e+20 4.01785954452258e+19 3.96930484971480e+17 2.84864271957340e+16 7.10400638561066e+15 1.62205756443124e+20 2.42736096015566e+16 3.84363527032119e+11 2.53438877189360e+14 6.62614350307232e+16 8.64502374215031e+12 3.53053498061628e+20 3.32553323687619e+16 2.20925523685131e+12 1.72418217067103e+20 7.58407876924344e+15 1.14171760139052e+11 1.58693050431718e+14 
1.65710655910975e+00 2.81932781981742e+02 2.79515640678015e+02 4.95788247365204e+20 4.07006216339211e+19 4.06961572089920e+17 2.88237618164036e+16 7.19869360729310e+15 1.64681429517870e+20 2.50238857327058e+16 4.03302530900723e+11 2.45873524655132e+14 6.42080840632892e+16 8.96521887395825e+12 3.37743630465834e+20 3.16328489725721e+16 2.12911181111740e+12 1.87729247378816e+20 8.02678143277935e+15 1.28018522684069e+11 1.75824383997556e+14 
1.89005554387728e+00 2.81952163824313e+02 2.79534272582210e+02 5.00811785971619e+20 4.11469746615615e+19 4.15752171274560e+17 2.91116045658938e+16 7.27808574316490e+15 1.66778156038606e+20 2.56846605245276e+16 4.20709400730279e+11 2.39874377406931e+14 6.25656276508826e+16 9.24335599367850e+12 3.24694459891645e+20 3.02645354225835e+16 2.06176372307508e+12 2.00779408082560e+20 8.39025741382255e+15 1.40498774203940e+11 1.90585826630894e+14 
2.12300452864481e+00 2.81968359808656e+02 2.79550066876541e+02 5.05100153318913e+20 4.15287588302629e+19 4.23434411087305e+17 2.93573484753559e+16 7.34487683971970e+15 1.68557413284563e+20 2.62646506268253e+16 4.36588972265171e+11 2.35068982128135e+14 6.12382929185818e+16 9.48443265571824e+12 3.13563485632178e+20 2.91077923195319e+16 2.00491623594678e+12 2.11911225991477e+20 8.69070331748574e+15 1.51680600423748e+11 2.03276919983592e+14 
2.35595351341234e+00 2.81981934721651e+02 2.79563473218211e+02 5.08761665669483e+20 4.18553169964872e+19 4.30128695767990e+17 2.95671877035292e+16 7.40122369122014e+15 1.70069137748105e+20 2.67719617836380e+16 4.50965929077404e+11 2.31178121251526e+14 6.01573200624297e+16 9.69294240851091e+12 3.04065428522206e+20 2.81282387373287e+16 1.95676954363046e+12 2.21410002097928e+20 8.94040949003968e+15 1.61640091080231e+11 2.14165416134575e+14 
2.58890249817987e+00 2.81993341773880e+02 2.79574863033386e+02 5.11887403096945e+20 4.21345364821451e+19 4.35945507403664e+17 2.97463306631988e+16 7.44887670718965e+15 1.71354633556374e+20 2.72142269932197e+16 4.63886559885461e+11 2.27989975573952e+14 5.92672364837765e+16 9.87291238936810e+12 2.95961002060684e+20 2.72978107467576e+16 1.91588272411188e+12 2.29515041299210e+20 9.14880384663181e+15 1.70461436314932e+11 2.23492114346076e+14 
3.05153291839178e+00 2.82010885377596e+02 2.79584545312260e+02 5.16789014806135e+20 4.25732504801377e+19 4.45263628529719e+17 3.00272688716969e+16 7.52271493757174e+15 1.73361245107991e+20 2.79254931716380e+16 4.85473314929560e+11 2.23263935337134e+14 5.79345905140949e+16 1.01587928680116e+13 2.83258990121761e+20 2.60061628228905e+16 1.85215551302042e+12 2.42218012124662e+20 9.46694076540604e+15 1.84926680147953e+11 2.38174398638223e+14 
3.51416333860369e+00 2.82023436026614e+02 2.79599647785847e+02 5.20364285709445e+20 4.28939404923690e+19 4.52218892239755e+17 3.02321843909809e+16 7.57609285903273e+15 1.74819305222279e+20 2.84587077484208e+16 5.02338735862172e+11 2.19932902228171e+14 5.69898845119015e+16 1.03702181816916e+13 2.73997829605073e+20 2.50719105669528e+16 1.80572452135028e+12 2.51479870156262e+20 9.69298680840002e+15 1.96002358990664e+11 2.48896054305450e+14 
3.97679375881560e+00 2.82032474690994e+02 2.79610608441881e+02 5.22979212635688e+20 4.31288709178418e+19 4.57393727850740e+17 3.03820588406875e+16 7.61479261063054e+15 1.75882493941887e+20 2.88566843149334e+16 5.15337681116107e+11 2.17599978589962e+14 5.63193312239211e+16 1.05263901957626e+13 2.67226501864314e+20 2.43927795371009e+16 1.77184988225603e+12 2.58251707110452e+20 9.85503371998647e+15 2.04401697858143e+11 2.56752945909442e+14 
4.43942417902751e+00 2.82039012090434e+02 2.79618590930799e+02 5.24892318005594e+20 4.33009629802177e+19 4.61227687627486e+17 3.04917110398138e+16 7.64293568664272e+15 1.76658487025469e+20 2.91522072626189e+16 5.25226023993527e+11 2.15937745670026e+14 5.58415543725497e+16 1.06414655697432e+13 2.62273809840195e+20 2.38981505811400e+16 1.74708222708851e+12 2.63204771091058e+20 9.97190890675337e+15 2.10713905167708e+11 2.62505415738295e+14 
4.90205459923942e+00 2.82043748499466e+02 2.79624412376293e+02 5.26289873337478e+20 4.34267955581364e+19 4.64054710359802e+17 3.05718133949351e+16 7.66341378195421e+15 1.77224522401847e+20 2.93704867143723e+16 5.32662204826440e+11 2.14745382882511e+14 5.54971622913168e+16 1.07259754527287e+13 2.58656323550332e+20 2.35379856568406e+16 1.72898840716895e+12 2.66822528788968e+20 1.00564088453616e+16 2.15417593831140e+11 2.66709501954357e+14 
5.61530191075429e+00 2.82048583181040e+02 2.79628655459949e+02 5.27726731375978e+20 4.35562734499446e+19 4.66985135381629e+17 3.06541679060901e+16 7.68439464469594e+15 1.77805766224114e+20 2.95970890121874e+16 5.40509434699319e+11 2.13538269282945e+14 5.51469649057979e+16 1.08132543206739e+13 2.54937538610450e+20 2.31687057662095e+16 1.71037764691019e+12 2.70541592400993e+20 1.01425407516692e+16 2.20339662696925e+11 2.71032518133685e+14 
6.32854922226916e+00 2.82051544103457e+02 2.79633009242094e+02 5.28611828190772e+20 4.36360793979406e+19 4.68802337822868e+17 3.07048968829805e+16 7.69728353205611e+15 1.78163499693871e+20 2.97377849669891e+16 5.45446188538425e+11 2.12803965063936e+14 5.49330301079741e+16 1.08672184560341e+13 2.52646968849174e+20 2.29417388242990e+16 1.69890858732042e+12 2.72832333541984e+20 1.01952217795024e+16 2.23415287063286e+11 2.73695861041657e+14 
7.04179653378403e+00 2.82053385957594e+02 2.79635686948261e+02 5.29164505080538e+20 4.36859338036423e+19 4.69941572964684e+17 3.07365736529008e+16 7.70531557836954e+15 1.78386700351820e+20 2.98260495670780e+16 5.48569160952793e+11 2.12349762691283e+14 5.48006231801661e+16 1.09009908321576e+13 2.51216799652662e+20 2.28002197711432e+16 1.69174778709125e+12 2.74262609552831e+20 1.02279601188414e+16 2.25352277726587e+11 2.75359496418457e+14 
7.75504384529890e+00 2.82054533783109e+02 2.79637357162849e+02 5.29509689324734e+20 4.37170789833253e+19 4.70654663718756e+17 3.07563580674230e+16 7.71032600729082e+15 1.78526031910239e+20 2.98813172125535e+16 5.50530310477806e+11 2.12067843296530e+14 5.47183500141209e+16 1.09221137559458e+13 2.50323614087605e+20 2.27119136925483e+16 1.68727757494168e+12 2.75155861729216e+20 1.02483428955578e+16 2.26567074010024e+11 2.76398837782388e+14 
8.46829115681377e+00 2.82055241941938e+02 2.79638399689853e+02 5.29722932102590e+20 4.37363217184052e+19 4.71095805816709e+17 3.07685801274640e+16 7.71341911310784e+15 1.78612086541239e+20 2.99155162293320e+16 5.51745790352854e+11 2.11894305718040e+14 5.46676240491487e+16 1.09351746069596e+13 2.49771848457814e+20 2.26573919003575e+16 1.68451662648063e+12 2.75707668491307e+20 1.02609105685146e+16 2.27319521552091e+11 2.77040998003961e+14 
9.63124536661275e+00 2.82055828596550e+02 2.79639043505440e+02 5.29899841308301e+20 4.37522896941487e+19 4.71462654196367e+17 3.07787196242181e+16 7.71598525803002e+15 1.78683485246194e+20 2.99439704901528e+16 5.52766730517876e+11 2.11749920732505e+14 5.46254566096437e+16 1.09460163199365e+13 2.49314079653926e+20 2.26121686350651e+16 1.68222054791289e+12 2.76165471267008e+20 1.02713402740801e+16 2.27948067667230e+11 2.77573244651174e+14 
1.07941995764117e+01 2.82056098436158e+02 2.79639577393951e+02 5.29981263677710e+20 4.37596396101943e+19 4.71631670369750e+17 3.07833862373179e+16 7.71716619648190e+15 1.78716349586378e+20 2.99570831253509e+16 5.53238928442241e+11 2.11683474822343e+14 5.46060211693630e+16 1.09510084768572e+13 2.49103386634613e+20 2.25913585846204e+16 1.68116309677290e+12 2.76376179688982e+20 1.02761383038855e+16 2.28238123830359e+11 2.77818164919530e+14 
1.19571537862107e+01 2.82056240074352e+02 2.79639823080552e+02 5.30023986285875e+20 4.37634952615467e+19 4.71720146143908e+17 3.07858349099005e+16 7.71778494872000e+15 1.78733579644757e+20 2.99639427939565e+16 5.53481922109257e+11 2.11649045812018e+14 5.45959392227067e+16 1.09536284251261e+13 2.48992850709707e+20 2.25804453156944e+16 1.68061113579919e+12 2.76486723506828e+20 1.02786465273546e+16 2.28388944871797e+11 2.77946950318862e+14 
1.31201079960097e+01 2.82056314023363e+02 2.79639952008749e+02 5.30046261174540e+20 4.37655046319059e+19 4.71766072875866e+17 3.07871116634599e+16 7.71810699417782e+15 1.78742553303973e+20 2.99674994398480e+16 5.53604650905939e+11 2.11631402319640e+14 5.45907607053441e+16 1.09549946947769e+13 2.48935230717319e+20 2.25747594916923e+16 1.68032571743481e+12 2.76544347544602e+20 1.02799471890008e+16 2.28466331528193e+11 2.78014306518322e+14 
1.42830622058086e+01 2.82056344189598e+02 2.79640019262370e+02 5.30056028419242e+20 4.37663911314979e+19 4.71787612166216e+17 3.07876714423998e+16 7.71824289256341e+15 1.78746437010284e+20 2.99691866202243e+16 5.53668264653220e+11 2.11625234416149e+14 5.45888091786220e+16 1.09556204457751e+13 2.48910001172827e+20 2.25723379439164e+16 1.68020232325310e+12 2.76569578816300e+20 1.02804602611922e+16 2.28504822865717e+11 2.78044118168823e+14 
1.73348271266758e+01 2.82056375345159e+02 2.79640047848237e+02 5.30064700933348e+20 4.37671669055460e+19 4.71803805082072e+17 3.07881687015513e+16 7.71837251159773e+15 1.78749965411968e+20 2.99704154758099e+16 5.53701361669239e+11 2.11617333389028e+14 5.45866155159734e+16 1.09561259053177e+13 2.48887550117271e+20 2.25700586845157e+16 1.68009294456297e+12 2.76592031630093e+20 1.02810127175936e+16 2.28528725101902e+11 2.78070429657194e+14 
2.03865920475430e+01 2.82056368745434e+02 2.79640074964580e+02 5.30062696398216e+20 4.37669858859871e+19 4.71799683289644e+17 3.07880537592964e+16 7.71834394872756e+15 1.78749163167456e+20 2.99700968361052e+16 5.53689569406911e+11 2.11618771710921e+14 5.45870309733639e+16 1.09560031002289e+13 2.48892731088832e+20 2.25705693535158e+16 1.68011827403047e+12 2.76586850601136e+20 1.02808979803607e+16 2.28521699525180e+11 2.78064271900237e+14 
2.34383569684102e+01 2.82056366677492e+02 2.79640068936877e+02 5.30061352013157e+20 4.37668590364117e+19 4.71795511630753e+17 3.07879767259334e+16 7.71833055889228e+15 1.78748684327800e+20 2.99697557530147e+16 5.53674415106463e+11 2.11617986522836e+14 5.45869519438394e+16 1.09558913201119e+13 2.48896162468473e+20 2.25708315961338e+16 1.68013214508225e+12 2.76583419251881e+20 1.02808859147808e+16 2.28512907927274e+11 2.78059807786559e+14 
2.64901218892774e+01 2.82056364594937e+02 2.79640065842498e+02 5.30061408434654e+20 4.37668691719205e+19 4.71796933329036e+17 3.07879799525625e+16 7.71832540628932e+15 1.78748646994741e+20 2.99698826886417e+16 5.53683073762257e+11 2.11619802124267e+14 5.45873263939880e+16 1.09559223685679e+13 2.48896063452981e+20 2.25708940819646e+16 1.68013480255334e+12 2.76583518542902e+20 1.02808245464590e+16 2.28517084914504e+11 2.78060441809448e+14 
4.40475749968601e+01 2.82056365493071e+02 2.79640065096676e+02 5.30061763512799e+20 4.37669027984214e+19 4.71797986645552e+17 3.07880002792418e+16 7.71833080389098e+15 1.78748794911166e+20 2.99699698616348e+16 5.53689487631230e+11 2.11619271329717e+14 5.45871947563975e+16 1.09559455498065e+13 2.48895136767593e+20 2.25708038576567e+16 1.68012779507954e+12 2.76584445368528e+20 1.02808497415398e+16 2.28519937656324e+11 2.78061277642792e+14 
6.16050281044428e+01 2.82056365529907e+02 2.79640066065731e+02 5.30061794613575e+20 4.37669058387927e+19 4.71798105995747e+17 3.07880020464732e+16 7.71833120887575e+15 1.78748806868974e+20 2.99699799206408e+16 5.53690095848605e+11 2.11619240581113e+14 5.45871811423606e+16 1.09559483980254e+13 2.48895055712446e+20 2.25707980539543e+16 1.68012725205571e+12 2.76584526201801e+20 1.02808503342408e+16 2.28520241621257e+11 2.78061348494006e+14 
7.91624812120255e+01 2.82056365603639e+02 2.79640066134166e+02 5.30061791875544e+20 4.37669053783194e+19 4.71798047975426e+17 3.07880018840777e+16 7.71833136967396e+15 1.78748807486560e+20 2.99699746672520e+16 5.53689337800795e+11 2.11619186378836e+14 5.45871692645457e+16 1.09559474878950e+13 2.48895061414536e+20 2.25707966893598e+16 1.68012732849280e+12 2.76584520400222e+20 1.02808519621846e+16 2.28519992127929e+11 2.78061322506090e+14 
1.79162481212025e+02 2.82056365614039e+02 2.79640066159052e+02 5.30061791154064e+20 4.37669052671519e+19 4.71798035673940e+17 3.07880018440123e+16 7.71833137681011e+15 1.78748807209666e+20 2.99699735280944e+16 5.53689086636605e+11 2.11619185029900e+14 5.45871687817502e+16 1.09559473677041e+13 2.48895063387640e+20 2.25707967349136e+16 1.68012739892914e+12 2.76584518447820e+20 1.02808519638725e+16 2.28519926345405e+11 2.78061322798664e+14 
2.79162481212025e+02 2.82056365614676e+02 2.79640066161768e+02 5.30061791340048e+20 4.37669052825088e+19 4.71798035848711e+17 3.07880018563153e+16 7.71833137532631e+15 1.78748807261282e+20 2.99699735388349e+16 5.53689104870553e+11 2.11619186646253e+14 5.45871692750403e+16 1.09559473718490e+13 2.48895063071102e+20 2.25707966885924e+16 1.68012739926751e+12 2.76584518840778e+20 1.02808519656709e+16 2.28519928560042e+11 2.78061324229072e+14 
3.79162481212025e+02 2.82056365614006e+02 2.79640066162240e+02 5.30061791322867e+20 4.37669052836798e+19 4.71798036440416e+17 3.07880018557217e+16 7.71833137464868e+15 1.78748807256529e+20 2.99699735952935e+16 5.53689137945055e+11 2.11619186392011e+14 5.45871691943123e+16 1.09559473736536e+13 2.48895063136350e+20 2.25707967001403e+16 1.68012739293366e+12 2.76584518791334e+20 1.02808519615845e+16 2.28519934157996e+11 2.78061324114759e+14 
4.79162481212025e+02 2.82056365613956e+02 2.79640066161939e+02 5.30061791332334e+20 4.37669052846304e+19 4.71798036494247e+17 3.07880018561509e+16 7.71833137434879e+15 1.78748807260224e+20 2.99699736004438e+16 5.53689143372863e+11 2.11619186528526e+14 5.45871692394624e+16 1.09559473735879e+13 2.48895063102548e+20 2.25707966953000e+16 1.68012739235882e+12 2.76584518820074e+20 1.02808519632371e+16 2.28519934801131e+11 2.78061324178112e+14 
5.79162481212025e+02 2.82056365613950e+02 2.79640066161942e+02 5.30061791327553e+20 4.37669052841439e+19 4.71798036467819e+17 3.07880018557978e+16 7.71833137440603e+15 1.78748807258160e+20 2.99699735981726e+16 5.53689140853879e+11 2.11619186495241e+14 5.45871692278145e+16 1.09559473734102e+13 2.48895063110077e+20 2.25707966964728e+16 1.68012739267488e+12 2.76584518809561e+20 1.02808519625834e+16 2.28519934483589e+11 2.78061324171748e+14 
6.79162481212025e+02 2.82056365613960e+02 2.79640066161934e+02 5.30061791328869e+20 4.37669052842320e+19 4.71798036464354e+17 3.07880018558714e+16 7.71833137441545e+15 1.78748807258716e+20 2.99699735978030e+16 5.53689139654365e+11 2.11619186507861e+14 5.45871692320246e+16 1.09559473734293e+13 2.48895063106540e+20 2.25707966959647e+16 1.68012739279436e+12 2.76584518812992e+20 1.02808519628442e+16 2.28519934382766e+11 2.78061324173287e+14 
7.79162481212025e+02 2.82056365613960e+02 2.79640066161940e+02 5.30061791328635e+20 4.37669052842168e+19 4.71798036464971e+17 3.07880018558656e+16 7.71833137441853e+15 1.78748807258592e+20 2.99699735978536e+16 5.53689139668215e+11 2.11619186504308e+14 5.45871692308108e+16 1.09559473734370e+13 2.48895063107704e+20 2.25707966961300e+16 1.68012739278249e+12 2.76584518812127e+20 1.02808519627527e+16 2.28519934392729e+11 2.78061324173634e+14 
8.79162481212025e+02 2.82056365613961e+02 2.79640066161939e+02 5.30061791328883e+20 4.37669052842382e+19 4.71798036465427e+17 3.07880018558827e+16 7.71833137441790e+15 1.78748807258695e+20 2.99699735978840e+16 5.53689139808282e+11 2.11619186505519e+14 5.45871692312393e+16 1.09559473734461e+13 2.48895063107381e+20 2.25707966960784e+16 1.68012739277346e+12 2.76584518812524e+20 1.02808519627849e+16 2.28519934401453e+11 2.78061324173384e+14 
9.79162481212025e+02 2.82056365613960e+02 2.79640066161940e+02 5.30061791328832e+20 4.37669052842340e+19 4.71798036465390e+17 3.07880018558795e+16 7.71833137441776e+15 1.78748807258670e+20 2.99699735978820e+16 5.53689139839036e+11 2.11619186505165e+14 5.45871692311131e+16 1.09559473734452e+13 2.48895063107493e+20 2.25707966960957e+16 1.68012739277262e+12 2.76584518812400e+20 1.02808519627734e+16 2.28519934402149e+11 2.78061324173483e+14 
1.00000000000000e+03 2.82056365613961e+02 2.79640066161940e+02 5.30061791328848e+20 4.37669052842353e+19 4.71798036465386e+17 3.07880018558804e+16 7.71833137441792e+15 1.78748807258677e+20 2.99699735978813e+16 5.53689139825122e+11 2.11619186505252e+14 5.45871692311445e+16 1.09559473734453e+13 2.48895063107466e+20 2.25707966960910e+16 1.68012739277337e+12 2.76584518812425e+20 1.02808519627763e+16 2.28519934401459e+11 2.78061324173448e+14 
