Time(s)              GasTemp(K)           NearWallTemp(K)      [O2(X)](m^-3)        [O2(a1Dg)](m^-3)     [O2(b1Sg+)](m^-3)    [O2(A3Su+_C3Du_c1Su-)](m^-3) [O2(+,X)](m^-3)      [O(3P)](m^-3)        [O(1D)](m^-3)        [O(+,gnd)](m^-3)     [O(-,gnd)](m^-3)     [O3(X)](m^-3)        [O3(exc)](m^-3)      [CO2(X)](m^-3)       [CO2(e1)](m^-3)      [CO2(+,X)](m^-3)     [CO(X)](m^-3)        [CO(a3P)](m^-3)      [CO(+,X)](m^-3)      [C(X)](m^-3)        
0.00000000000000e+00 3.87392145462000e+02 3.52058965457900e+02 3.67825874427907e+22 3.67825874427907e-03 3.67825874427907e-03 3.67825874427907e-03 0.00000000000000e+00 0.00000000000000e+00 0.00000000000000e+00 0.00000000000000e+00 0.00000000000000e+00 0.00000000000000e+00 0.00000000000000e+00 0.00000000000000e+00 0.00000000000000e+00 0.00000000000000e+00 0.00000000000000e+00 0.00000000000000e+00 0.00000000000000e+00 0.00000000000000e+00 
1.01850146110697e-16 3.87392145461996e+02 3.59624340775078e+02 3.67825874427907e+22 8.70443271815600e+06 2.06469385646786e+06 2.62816868860357e+06 7.47208745605956e+01 6.43383818619862e+06 8.27285039804111e+05 9.20837822052120e-04 3.41641688056503e+05 1.08016877636793e-06 1.77632936642039e-10 0.00000000000000e+00 0.00000000000000e+00 0.00000000000000e+00 0.00000000000000e+00 0.00000000000000e+00 0.00000000000000e+00 0.00000000000000e+00 
2.03700292221395e-16 3.87392145461993e+02 3.59624340775076e+02 3.67825874427906e+22 1.74088654326384e+07 4.12938770934952e+06 5.25633737352643e+06 1.49441749121191e+02 1.28676763725174e+07 1.65457007948804e+06 1.84167564404693e-03 6.83283376111755e+05 3.40914027308983e-06 5.60630534215318e-10 0.00000000000000e+00 0.00000000000000e+00 0.00000000000000e+00 0.00000000000000e+00 0.00000000000000e+00 0.00000000000000e+00 0.00000000000000e+00 
3.05550438332092e-16 3.87392145461989e+02 3.59624340775073e+02 3.67825874427906e+22 2.61132981471255e+07 6.19408156232520e+06 7.88450605844677e+06 2.24162623681785e+02 1.93015145589589e+07 2.48185511904926e+06 2.76251346598322e-03 1.02492506416573e+06 7.01324130842117e-06 1.15332221803419e-09 0.00000000000000e+00 0.00000000000000e+00 0.00000000000000e+00 0.00000000000000e+00 0.00000000000000e+00 0.00000000000000e+00 0.00000000000000e+00 
7.49927103737721e-16 3.87392145461973e+02 3.59624340775071e+02 3.67825874427906e+22 6.40911207779607e+07 1.52024316198319e+07 1.93513215803043e+07 5.50173084553782e+02 4.73726334366808e+07 6.09133611757576e+06 6.78016936783741e-03 2.51552276968646e+06 3.66607335420069e-05 6.02882984708308e-09 0.00000000000000e+00 0.00000000000000e+00 0.00000000000000e+00 0.00000000000000e+00 0.00000000000000e+00 0.00000000000000e+00 0.00000000000000e+00 
1.19430376914335e-15 3.87392145461956e+02 3.59624340775061e+02 3.67825874427905e+22 1.02068943408884e+08 2.42107816790957e+07 3.08181371021149e+07 8.76183545425770e+02 7.54437523166959e+07 9.70081711380882e+06 1.07978252685979e-02 4.00612047518333e+06 9.01394840096627e-05 1.48233698322511e-08 0.00000000000000e+00 0.00000000000000e+00 0.00000000000000e+00 0.00000000000000e+00 0.00000000000000e+00 0.00000000000000e+00 0.00000000000000e+00 
1.63868043454898e-15 3.87392145461940e+02 3.59624340775052e+02 3.67825874427904e+22 1.40046766039898e+08 3.32191317401441e+07 4.22849526238778e+07 1.20219400629775e+03 1.03514871199041e+08 1.33102981077122e+07 1.48154811682476e-02 5.49671818065597e+06 1.67825859015896e-04 2.75988353274552e-08 0.00000000000000e+00 0.00000000000000e+00 0.00000000000000e+00 0.00000000000000e+00 0.00000000000000e+00 0.00000000000000e+00 0.00000000000000e+00 
2.08305709995461e-15 3.87392145461924e+02 3.59624340775042e+02 3.67825874427903e+22 1.78024588671002e+08 4.22274818029870e+07 5.37517681455928e+07 1.52820446716972e+03 1.31585990083728e+08 1.69197790992732e+07 1.88331370667801e-02 6.98731588610424e+06 2.69852685700409e-04 4.43770696555505e-08 0.00000000000000e+00 0.00000000000000e+00 0.00000000000000e+00 0.00000000000000e+00 0.00000000000000e+00 0.00000000000000e+00 0.00000000000000e+00 
3.40189517326686e-15 3.87392145461876e+02 3.59624340775032e+02 3.67825874427901e+22 2.90736624038382e+08 6.89628078680011e+07 8.77834220708858e+07 2.49575078894505e+03 2.14896530968999e+08 2.76321349023975e+07 3.07568899863658e-02 1.14111687994403e+07 7.16143091380045e-04 1.17769188661052e-07 0.00000000000000e+00 0.00000000000000e+00 0.00000000000000e+00 0.00000000000000e+00 0.00000000000000e+00 0.00000000000000e+00 0.00000000000000e+00 
4.72073324657912e-15 3.87392145461828e+02 3.59624340775003e+02 3.67825874427899e+22 4.03448659406559e+08 9.56981339488378e+07 1.21815075995756e+08 3.46329711072030e+03 2.98207071874924e+08 3.83444906848678e+07 4.26806428961023e-02 1.58350217125615e+07 1.37705017462308e-03 2.26454857665905e-07 0.00000000000000e+00 0.00000000000000e+00 0.00000000000000e+00 0.00000000000000e+00 0.00000000000000e+00 0.00000000000000e+00 0.00000000000000e+00 
6.03957131989138e-15 3.87392145461780e+02 3.59624340774974e+02 3.67825874427897e+22 5.16160694775534e+08 1.22433460045498e+08 1.55846729920204e+08 4.43084343249546e+03 3.81517612801502e+08 4.90568464466834e+07 5.46043957959894e-02 2.02588746254679e+07 2.25258060920764e-03 3.70435174177987e-07 0.00000000000000e+00 0.00000000000000e+00 0.00000000000000e+00 0.00000000000000e+00 0.00000000000000e+00 0.00000000000000e+00 0.00000000000000e+00 
7.35840939320364e-15 3.87392145461732e+02 3.59624340774945e+02 3.67825874427894e+22 6.28872730145306e+08 1.49168786157980e+08 1.89878383844228e+08 5.39838975427054e+03 4.64828153748734e+08 5.97692021878445e+07 6.65281486860271e-02 2.46827275381595e+07 3.34273287935838e-03 5.49709888939619e-07 0.00000000000000e+00 0.00000000000000e+00 0.00000000000000e+00 0.00000000000000e+00 0.00000000000000e+00 0.00000000000000e+00 0.00000000000000e+00 
2.05467901263262e-14 3.87392145461250e+02 3.59624340774916e+02 3.67825874427872e+22 1.75599308388691e+09 4.16522048153064e+08 5.30194923061224e+08 1.50738529720167e+04 1.29793356435699e+09 1.66892758463471e+08 1.85765677044695e-01 6.89212566532594e+07 2.60483276490570e-02 4.28362774851983e-06 0.00000000000000e+00 0.00000000000000e+00 0.00000000000000e+00 0.00000000000000e+00 0.00000000000000e+00 0.00000000000000e+00 0.00000000000000e+00 
3.37351708594488e-14 3.87392145460768e+02 3.59624340774625e+02 3.67825874427850e+22 2.88311343770829e+09 6.83875311730432e+08 8.70511462235942e+08 2.47493161897544e+04 2.13103897703057e+09 2.74016312673664e+08 3.05003204418435e-01 1.13159785746876e+08 7.02159141530856e-02 1.15469538999113e-05 0.00000000000000e+00 0.00000000000000e+00 0.00000000000000e+00 0.00000000000000e+00 0.00000000000000e+00 0.00000000000000e+00 0.00000000000000e+00 
4.69235515925714e-14 3.87392145460287e+02 3.59624340774335e+02 3.67825874427828e+22 4.01023379160944e+09 9.51228576890085e+08 1.21082800136839e+09 3.44247794074837e+04 2.96414439176950e+09 3.81139864818428e+08 4.24240730807248e-01 1.57398314819010e+08 1.35845473806929e-01 2.23396852968396e-05 0.00000000000000e+00 0.00000000000000e+00 0.00000000000000e+00 0.00000000000000e+00 0.00000000000000e+00 0.00000000000000e+00 0.00000000000000e+00 
6.01119323256940e-14 3.87392145459805e+02 3.59624340774044e+02 3.67825874427805e+22 5.13735414559036e+09 1.21858184363202e+09 1.55114454045855e+09 4.41002426252045e+04 3.79724980857375e+09 4.88263414897762e+08 5.43478256211134e-01 2.01636843869660e+08 2.22937003605624e-01 3.66618214555463e-05 0.00000000000000e+00 0.00000000000000e+00 0.00000000000000e+00 0.00000000000000e+00 0.00000000000000e+00 0.00000000000000e+00 0.00000000000000e+00 
1.91995739656920e-13 3.87392145454990e+02 3.59624340773754e+02 3.67825874427583e+22 1.64085576897872e+10 3.89211459807698e+09 4.95430992903503e+09 1.40854874801948e+05 1.21283040902097e+10 1.55949880209246e+09 1.73585345607902e+00 6.44022133194593e+08 2.27426071882393e+00 3.74000458451411e-04 0.00000000000000e+00 0.00000000000000e+00 0.00000000000000e+00 0.00000000000000e+00 0.00000000000000e+00 0.00000000000000e+00 0.00000000000000e+00 
3.23879546988146e-13 3.87392145450174e+02 3.59624340770848e+02 3.67825874427360e+22 2.76797612419616e+10 6.56564751075028e+09 8.35747531338388e+09 2.37609506977846e+05 2.04593585783790e+10 2.63073398274421e+09 2.92822855745421e+00 1.08640742037121e+09 6.47178153428892e+00 1.06427959761596e-03 0.00000000000000e+00 0.00000000000000e+00 0.00000000000000e+00 0.00000000000000e+00 0.00000000000000e+00 0.00000000000000e+00 0.00000000000000e+00 
4.55763354319372e-13 3.87392145445359e+02 3.59624340767942e+02 3.67825874427137e+22 3.89509648021133e+10 9.23918058165189e+09 1.17606406935051e+10 3.34364139152899e+05 2.87904132730817e+10 3.70196895685304e+09 4.12060356033674e+00 1.52879270539952e+09 1.28154994511825e+01 2.10749924907862e-03 0.00000000000000e+00 0.00000000000000e+00 0.00000000000000e+00 0.00000000000000e+00 0.00000000000000e+00 0.00000000000000e+00 0.00000000000000e+00 
5.87647161650598e-13 3.87392145440543e+02 3.59624340765037e+02 3.67825874426914e+22 5.02221683702426e+10 1.19127138107818e+10 1.51638060693987e+10 4.31118771327108e+05 3.71214681743177e+10 4.77320372441899e+09 5.31297846472659e+00 1.97117798827952e+09 2.13054144613056e+01 3.50365942189674e-03 0.00000000000000e+00 0.00000000000000e+00 0.00000000000000e+00 0.00000000000000e+00 0.00000000000000e+00 0.00000000000000e+00 0.00000000000000e+00 
1.90648523496286e-12 3.87392145392389e+02 3.59624340762131e+02 3.67825874424687e+22 1.62934204490295e+11 3.86480548046252e+10 4.91954595958158e+10 1.39866509302271e+06 1.20432028545996e+11 1.54855400402346e+10 1.72367220915315e+01 6.39503069892227e+09 2.24245400965077e+02 3.68769929770125e-02 0.00000000000000e+00 0.00000000000000e+00 0.00000000000000e+00 0.00000000000000e+00 0.00000000000000e+00 0.00000000000000e+00 0.00000000000000e+00 
3.22532330827512e-12 3.87392145344234e+02 3.59624340733075e+02 3.67825874422460e+22 2.75646241408093e+11 6.53834116212619e+10 8.32271126994710e+10 2.36621141463382e+06 2.03742609570959e+11 2.61978557018078e+10 2.91604558690793e+01 1.08188831947338e+10 6.41805085072174e+02 1.05544388627785e-01 0.00000000000000e+00 0.00000000000000e+00 0.00000000000000e+00 0.00000000000000e+00 0.00000000000000e+00 0.00000000000000e+00 0.00000000000000e+00 
4.54416138158738e-12 3.87392145296079e+02 3.59624340704018e+02 3.67825874420233e+22 3.88358279123635e+11 9.21187842606629e+10 1.17258765380364e+11 3.33375773616042e+06 2.87053211249171e+11 3.69101507091767e+10 4.10841797973781e+01 1.52427354757140e+10 1.27398445701763e+03 2.09505854703423e-01 0.00000000000000e+00 0.00000000000000e+00 0.00000000000000e+00 0.00000000000000e+00 0.00000000000000e+00 0.00000000000000e+00 0.00000000000000e+00 
5.86299945489964e-12 3.87392145247924e+02 3.59624340674962e+02 3.67825874418006e+22 5.01070317636920e+11 1.18854172722798e+11 1.51290417638496e+11 4.30130405760252e+06 3.70363833580590e+11 4.76224250623809e+10 5.30078938764363e+01 1.96665875418630e+10 2.12078350657823e+03 3.48761399928329e-01 0.00000000000000e+00 0.00000000000000e+00 0.00000000000000e+00 0.00000000000000e+00 0.00000000000000e+00 0.00000000000000e+00 0.00000000000000e+00 
1.90513801880222e-11 3.87392144766376e+02 3.59624340645905e+02 3.67825874395736e+22 1.62819074664531e+12 3.86208927583476e+11 4.91606916967905e+11 1.39767672673755e+07 1.20347119280683e+12 1.54744032629763e+11 1.72244492961841e+02 6.39050963876374e+10 2.23928525724049e+04 3.68249436207378e+00 0.00000000000000e+00 0.00000000000000e+00 0.00000000000000e+00 0.00000000000000e+00 0.00000000000000e+00 0.00000000000000e+00 0.00000000000000e+00 
3.22397609211448e-11 3.87392144284827e+02 3.59624340355341e+02 3.67825874373466e+22 2.75531125542694e+12 6.53565264682718e+11 8.31923374021128e+11 2.36522304686969e+07 2.03658061730843e+12 2.61863574826130e+11 2.91480107132830e+02 1.08143583750297e+11 6.41268777218538e+04 1.05456452059084e+01 0.00000000000000e+00 0.00000000000000e+00 0.00000000000000e+00 0.00000000000000e+00 0.00000000000000e+00 0.00000000000000e+00 0.00000000000000e+00 
4.54281416542674e-11 3.87392143803279e+02 3.59624340064777e+02 3.67825874351195e+22 3.88243184398089e+12 9.20923183991426e+11 1.17223978879817e+12 3.33276936615660e+07 2.86969210704741e+12 3.68981051689460e+11 4.10714736397464e+02 1.52382049629850e+11 1.27322849194952e+05 2.09382222611616e+01 0.00000000000000e+00 0.00000000000000e+00 0.00000000000000e+00 0.00000000000000e+00 0.00000000000000e+00 0.00000000000000e+00 0.00000000000000e+00 
5.86165223873900e-11 3.87392143321731e+02 3.59624339774214e+02 3.67825874328925e+22 5.00955251230621e+12 1.18828268547913e+12 1.51255616129904e+12 4.30031568459817e+07 3.70280566198399e+12 4.76096463259531e+11 5.29948380764185e+02 1.96620494026306e+11 2.11980756769447e+05 3.48602342519496e+01 0.00000000000000e+00 0.00000000000000e+00 0.00000000000000e+00 0.00000000000000e+00 0.00000000000000e+00 0.00000000000000e+00 0.00000000000000e+00 
1.90500329718616e-10 3.87392138506259e+02 3.59624339483650e+02 3.67825874106220e+22 1.62807635826392e+13 3.86196470917607e+12 4.91571756111988e+12 1.39757788224857e+08 1.20340547828264e+13 1.54713700222181e+12 1.72223065810024e+03 6.39003756423668e+11 2.23896261948180e+06 3.68202431782316e+02 0.00000000000000e+00 0.00000000000000e+00 0.00000000000000e+00 0.00000000000000e+00 0.00000000000000e+00 0.00000000000000e+00 0.00000000000000e+00 
3.22384137049842e-10 3.87392133690800e+02 3.59624336578016e+02 3.67825873883513e+22 2.75519826290181e+13 6.53580491596251e+12 8.31887473332903e+12 2.36512418757299e+08 2.03655103779889e+13 2.61797105729629e+12 2.91441445528794e+03 1.08138487052128e+12 6.41212641447725e+06 1.05449808749803e+03 0.00000000000000e+00 0.00000000000000e+00 0.00000000000000e+00 0.00000000000000e+00 0.00000000000000e+00 0.00000000000000e+00 0.00000000000000e+00 
4.54267944381068e-10 3.87392128875356e+02 3.59624333672391e+02 3.67825873660805e+22 3.88232096505312e+13 9.20980327675336e+12 1.17220276779314e+13 3.33267048442391e+08 2.86971724095049e+13 3.68859866644838e+12 4.10649978038564e+03 1.52376383632750e+12 1.27314623818515e+07 2.09375552815284e+03 0.00000000000000e+00 0.00000000000000e+00 0.00000000000000e+00 0.00000000000000e+00 0.00000000000000e+00 0.00000000000000e+00 0.00000000000000e+00 
5.86151751712294e-10 3.87392124059925e+02 3.59624330766775e+02 3.67825873438095e+22 5.00944446462236e+13 1.18839597610914e+13 1.51251763949322e+13 4.30021677279170e+08 3.70290408376165e+13 4.75901986943452e+12 5.29848664183266e+03 1.96614065385110e+12 2.11969602994595e+07 3.48598347340513e+03 0.00000000000000e+00 0.00000000000000e+00 0.00000000000000e+00 0.00000000000000e+00 0.00000000000000e+00 0.00000000000000e+00 0.00000000000000e+00 
1.90498982502455e-09 3.87392075906398e+02 3.59624327861167e+02 3.67825871210907e+22 1.62807232837991e+14 3.86342103929844e+13 4.91564310487247e+13 1.39756791864192e+09 1.20359062563858e+14 1.54518939273048e+13 1.72129428073599e+04 6.38979067671164e+12 2.23887148253415e+08 3.68247916845165e+04 0.00000000000000e+00 0.00000000000000e+00 0.00000000000000e+00 0.00000000000000e+00 0.00000000000000e+00 0.00000000000000e+00 0.00000000000000e+00 
3.22382789833681e-09 3.87392027754278e+02 3.59624298805556e+02 3.67825868983555e+22 2.75520817358064e+14 6.54002386192315e+13 8.31872629482685e+13 2.36511407407517e+09 2.03709678574620e+14 2.61241727420514e+13 2.91175622447041e+04 1.08132258813152e+13 6.41181853884043e+08 1.05470593736348e+05 0.00000000000000e+00 0.00000000000000e+00 0.00000000000000e+00 0.00000000000000e+00 0.00000000000000e+00 0.00000000000000e+00 0.00000000000000e+00 
4.54266597164907e-09 3.87391979603564e+02 3.59624269750798e+02 3.67825866756039e+22 3.88235197298161e+14 9.21820154651716e+13 1.17217672098503e+14 3.33266014266110e+09 2.87080851047327e+14 3.67758941349344e+13 4.10123529984411e+04 1.52364462760231e+13 1.27307131799771e+09 2.09431686692427e+05 0.00000000000000e+00 0.00000000000000e+00 0.00000000000000e+00 0.00000000000000e+00 0.00000000000000e+00 0.00000000000000e+00 0.00000000000000e+00 
5.86150404496133e-09 3.87391931454254e+02 3.59624240696890e+02 3.67825864528361e+22 5.00950371708690e+14 1.18979510638529e+14 1.51247658504601e+14 4.30020612343849e+09 3.70472540439436e+14 4.74070976471237e+13 5.28973234873360e+04 1.96594518695921e+13 2.11954531951391e+09 3.48716745770526e+05 0.00000000000000e+00 0.00000000000000e+00 0.00000000000000e+00 0.00000000000000e+00 0.00000000000000e+00 0.00000000000000e+00 0.00000000000000e+00 
1.51132782246597e-08 3.87391593721523e+02 3.59624211643831e+02 3.67825848896428e+22 1.29168026741149e+15 3.07405844766358e+14 3.89959356673122e+14 1.10876304034973e+10 9.56046646686101e+14 1.21412476312940e+14 1.35996144817962e+05 5.06812176052890e+13 1.40894652679571e+10 2.31961332664849e+06 0.00000000000000e+00 0.00000000000000e+00 0.00000000000000e+00 0.00000000000000e+00 0.00000000000000e+00 0.00000000000000e+00 0.00000000000000e+00 
2.43650524043580e-08 3.87391256056919e+02 3.59624007857612e+02 3.67825833256594e+22 2.08244888917550e+15 4.96593865651935e+14 6.28650252986688e+14 1.78750499831429e+10 1.54261497135992e+15 1.94423588703045e+14 2.18615003487761e+05 8.16924160968810e+13 3.66153908513966e+10 6.03224605069707e+06 0.00000000000000e+00 0.00000000000000e+00 0.00000000000000e+00 0.00000000000000e+00 0.00000000000000e+00 0.00000000000000e+00 0.00000000000000e+00 
3.36168265840563e-08 3.87390918459636e+02 3.59623804112610e+02 3.67825817608964e+22 2.87325591556757e+15 6.86533320419558e+14 8.67320349234884e+14 2.46624645301241e+10 2.13016413069064e+15 2.66453818113573e+14 3.00756783601100e+05 1.12693050370184e+14 6.96937874085482e+10 1.14895500547914e+07 0.00000000000000e+00 0.00000000000000e+00 0.00000000000000e+00 0.00000000000000e+00 0.00000000000000e+00 0.00000000000000e+00 0.00000000000000e+00 
4.28686007637546e-08 3.87390580928882e+02 3.59623600408341e+02 3.67825801953642e+22 3.66410102977266e+15 8.77214104103446e+14 1.10596964720620e+15 3.14498737125602e+10 2.71868093398353e+15 3.37516354766424e+14 3.82424349648854e+05 1.43683123447069e+14 1.13321123159742e+11 1.86944178597273e+07 0.00000000000000e+00 0.00000000000000e+00 0.00000000000000e+00 0.00000000000000e+00 0.00000000000000e+00 0.00000000000000e+00 0.00000000000000e+00 
5.21203749434529e-08 3.87390243463873e+02 3.59623396744325e+02 3.67825786290732e+22 4.45498391949662e+15 1.06862625653298e+15 1.34459814868811e+15 3.82372771989244e+10 3.30815237955346e+15 4.07624199875115e+14 4.63620546858840e+05 1.74662638345635e+14 1.67493869050805e+11 2.76497004057847e+07 0.00000000000000e+00 0.00000000000000e+00 0.00000000000000e+00 0.00000000000000e+00 0.00000000000000e+00 0.00000000000000e+00 0.00000000000000e+00 
1.30529891429898e-07 3.87387385955303e+02 3.59623193120091e+02 3.67825653255538e+22 1.11592533215997e+16 2.71887745426133e+15 3.36615878596315e+15 9.57607823859808e+10 8.34054080575129e+15 9.65220283918697e+14 1.13323132141351e+06 4.36792973526678e+14 1.04952642025234e+12 1.74212960591073e+08 0.00000000000000e+00 0.00000000000000e+00 0.00000000000000e+00 0.00000000000000e+00 0.00000000000000e+00 0.00000000000000e+00 0.00000000000000e+00 
2.08939407916343e-07 3.87384532676287e+02 3.59621468922080e+02 3.67825519740024e+22 1.78660391551831e+16 4.41538397008106e+15 5.38622689051474e+15 1.53283653552792e+11 1.34333049103903e+16 1.46243683359817e+15 1.77085477658098e+06 6.98166992573867e+14 2.68660582827164e+12 4.48298826475055e+08 0.00000000000000e+00 0.00000000000000e+00 0.00000000000000e+00 0.00000000000000e+00 0.00000000000000e+00 0.00000000000000e+00 0.00000000000000e+00 
2.87348924402788e-07 3.87381683233723e+02 3.59619747284087e+02 3.67825385795841e+22 2.45751843035322e+16 6.15313938191216e+15 7.40480354886740e+15 2.10805690560221e+11 1.85799094620806e+16 1.90580880131104e+15 2.37807955989507e+06 9.58786514662350e+14 5.07659292767373e+12 8.51339323027119e+08 0.00000000000000e+00 0.00000000000000e+00 0.00000000000000e+00 0.00000000000000e+00 0.00000000000000e+00 0.00000000000000e+00 0.00000000000000e+00 
3.65758440889233e-07 3.87378837277144e+02 3.59618027968904e+02 3.67825251469032e+22 3.12865486151874e+16 7.92768071916917e+15 9.42188984714371e+15 2.68326694157393e+11 2.37745286285734e+16 2.30116174463629e+15 2.95641522482139e+06 1.21865335039622e+15 8.21735289265024e+12 1.38461143453357e+09 0.00000000000000e+00 0.00000000000000e+00 0.00000000000000e+00 0.00000000000000e+00 0.00000000000000e+00 0.00000000000000e+00 0.00000000000000e+00 
4.44167957375678e-07 3.87375994493783e+02 3.59616310765051e+02 3.67825116800687e+22 3.80000069404739e+16 9.73502556013910e+15 1.14374868708767e+16 3.25846466011653e+11 2.90119638663741e+16 2.65369393647125e+15 3.50729627068582e+06 1.47776930238946e+15 1.21067556043446e+13 2.04925459179324e+09 0.00000000000000e+00 0.00000000000000e+00 0.00000000000000e+00 0.00000000000000e+00 0.00000000000000e+00 0.00000000000000e+00 0.00000000000000e+00 
5.22577473862124e-07 3.87373154604524e+02 3.59614595483797e+02 3.67824981827471e+22 4.47154475213516e+16 1.15716204466427e+16 1.34515957047828e+16 3.83364808746334e+11 3.42875765834543e+16 2.96804370211553e+15 4.03208556567077e+06 1.73613616558532e+15 1.67426760943867e+13 2.84628476970609e+09 0.00000000000000e+00 0.00000000000000e+00 0.00000000000000e+00 0.00000000000000e+00 0.00000000000000e+00 0.00000000000000e+00 0.00000000000000e+00 
7.37854508856956e-07 3.87365370485193e+02 3.59612881956716e+02 3.67824609940669e+22 6.31624179579545e+16 1.67396560886696e+16 1.89737835986973e+16 5.41275195731562e+11 4.89359218197182e+16 3.66717721081006e+15 5.34908701664064e+06 2.44165747272216e+15 3.32920267924030e+13 5.72237207124199e+09 0.00000000000000e+00 0.00000000000000e+00 0.00000000000000e+00 0.00000000000000e+00 0.00000000000000e+00 0.00000000000000e+00 0.00000000000000e+00 
9.53131543851787e-07 3.87357602200963e+02 3.59608185230049e+02 3.67824236541226e+22 8.16219313381727e+16 2.20520677949267e+16 2.44847840454501e+16 6.99169303547175e+11 6.37726955106123e+16 4.17783768674284e+15 6.50332667995333e+06 3.14158235186193e+15 5.54090098825247e+13 9.61814709408964e+09 0.00000000000000e+00 0.00000000000000e+00 0.00000000000000e+00 0.00000000000000e+00 0.00000000000000e+00 0.00000000000000e+00 0.00000000000000e+00 
1.16840857884662e-06 3.87349846713917e+02 3.59603498117506e+02 3.67823862027978e+22 1.00092764550347e+17 2.74702223068326e+16 2.99846194081360e+16 8.57043154704627e+11 7.87474663091124e+16 4.55045132501501e+15 7.51598108559032e+06 3.83594726645422e+15 8.30502230383906e+13 1.45446174414084e+10 0.00000000000000e+00 0.00000000000000e+00 0.00000000000000e+00 0.00000000000000e+00 0.00000000000000e+00 0.00000000000000e+00 0.00000000000000e+00 
1.38368561384145e-06 3.87342101787210e+02 3.59598818785939e+02 3.67823486694458e+22 1.18574013273850e+17 3.29656972665929e+16 3.54733120085795e+16 1.01489282287295e+12 9.38231317840024e+16 4.82211554325212e+15 8.40546993943028e+06 4.52478842384260e+15 1.16172540302267e+14 2.05098358207239e+10 0.00000000000000e+00 0.00000000000000e+00 0.00000000000000e+00 0.00000000000000e+00 0.00000000000000e+00 0.00000000000000e+00 0.00000000000000e+00 
1.59896264883628e-06 3.87334365762836e+02 3.59594145885577e+02 3.67823110758112e+22 1.37065003552075e+17 3.85174485350561e+16 4.09508841266812e+16 1.17271443230923e+12 1.08972220756640e+17 5.02029662662895e+15 9.18783093621875e+06 5.20814180432789e+15 1.54733111346600e+14 2.75197295967159e+10 0.00000000000000e+00 0.00000000000000e+00 0.00000000000000e+00 0.00000000000000e+00 0.00000000000000e+00 0.00000000000000e+00 0.00000000000000e+00 
1.81423968383112e-06 3.87326637428450e+02 3.59589478415925e+02 3.67822734377803e+22 1.55565238799032e+17 4.41101125964300e+16 4.64173579999148e+16 1.33050415736362e+12 1.24174677331725e+17 5.16504568506902e+15 9.87701655761931e+06 5.88604317661229e+15 1.98689360670106e+14 3.55786143697250e+10 0.00000000000000e+00 0.00000000000000e+00 0.00000000000000e+00 0.00000000000000e+00 0.00000000000000e+00 0.00000000000000e+00 0.00000000000000e+00 
2.14252442053889e-06 3.87314865042410e+02 3.59584815645397e+02 3.67822159819036e+22 1.83793997695006e+17 5.26928564356275e+16 5.47320910450135e+16 1.57105423794421e+12 1.47428279558480e+17 5.31488908286018e+15 1.07756797565574e+07 6.90938688460802e+15 2.76012149295519e+14 4.98943723317799e+10 0.00000000000000e+00 0.00000000000000e+00 0.00000000000000e+00 0.00000000000000e+00 0.00000000000000e+00 0.00000000000000e+00 0.00000000000000e+00 
2.47080915724666e-06 3.87303106476285e+02 3.59577713073374e+02 3.67821584758949e+22 2.12042555775261e+17 6.13194810651252e+16 6.30211458546804e+16 1.81150823307104e+12 1.70739067469864e+17 5.40736985831191e+15 1.15216616772590e+07 7.92026017607752e+15 3.65635191385118e+14 6.66639148488774e+10 0.00000000000000e+00 0.00000000000000e+00 0.00000000000000e+00 0.00000000000000e+00 0.00000000000000e+00 0.00000000000000e+00 0.00000000000000e+00 
2.79909389395443e-06 3.87291360427820e+02 3.59570618977060e+02 3.67821009366934e+22 2.40310345047761e+17 6.99737038579245e+16 7.12846007107205e+16 2.05185323296816e+12 1.94085783310314e+17 5.46372991926864e+15 1.21440968104019e+07 8.91878728045203e+15 4.67411151152212e+14 8.58915867615978e+10 0.00000000000000e+00 0.00000000000000e+00 0.00000000000000e+00 0.00000000000000e+00 0.00000000000000e+00 0.00000000000000e+00 0.00000000000000e+00 
3.12737863066220e-06 3.87279626006843e+02 3.59563532570405e+02 3.67820433758208e+22 2.68596961674410e+17 7.86444937729514e+16 7.95225336609742e+16 2.29207658576631e+12 2.17454024706350e+17 5.49835614468571e+15 1.26666400404123e+07 9.90509141977205e+15 5.81194139788467e+14 1.07580091307188e+11 0.00000000000000e+00 0.00000000000000e+00 0.00000000000000e+00 0.00000000000000e+00 0.00000000000000e+00 0.00000000000000e+00 0.00000000000000e+00 
3.45566336736998e-06 3.87267902643356e+02 3.59556453315998e+02 3.67819858005894e+22 2.96902129407541e+17 8.73249001411935e+16 8.77350225194873e+16 2.53216589437613e+12 2.40834715811116e+17 5.52030922787872e+15 1.31084764093927e+07 1.08792948258929e+16 7.06839704366757e+14 1.31731013896433e+11 0.00000000000000e+00 0.00000000000000e+00 0.00000000000000e+00 0.00000000000000e+00 0.00000000000000e+00 0.00000000000000e+00 0.00000000000000e+00 
3.78394810407775e-06 3.87256190022624e+02 3.59549380869606e+02 3.67819282149549e+22 3.25225673764189e+17 9.60112254077823e+16 9.59221448666530e+16 2.77210901359308e+12 2.64223027433493e+17 5.53440353484315e+15 1.34850984881083e+07 1.18415187468758e+16 8.44204816982230e+14 1.58345156855320e+11 0.00000000000000e+00 0.00000000000000e+00 0.00000000000000e+00 0.00000000000000e+00 0.00000000000000e+00 0.00000000000000e+00 0.00000000000000e+00 
4.37003532406866e-06 3.87235305506160e+02 3.59542315041002e+02 3.67818253895726e+22 3.75837009372187e+17 1.11526127203482e+17 1.10475800062256e+17 3.20007917240212e+12 3.05987332916667e+17 5.54980975415033e+15 1.40337146303258e+07 1.35299705522369e+16 1.11813787101087e+15 2.11984829229327e+11 0.00000000000000e+00 0.00000000000000e+00 0.00000000000000e+00 0.00000000000000e+00 0.00000000000000e+00 0.00000000000000e+00 0.00000000000000e+00 
4.95612254405958e-06 3.87214453977602e+02 3.59529716457039e+02 3.67817225458732e+22 4.26505984448721e+17 1.27046703248587e+17 1.24949289206839e+17 3.62747985450634e+12 3.47758688451269e+17 5.55728001346015e+15 1.44666266446125e+07 1.51812993108926e+16 1.42817934766420e+15 2.73476624247222e+11 0.00000000000000e+00 0.00000000000000e+00 0.00000000000000e+00 0.00000000000000e+00 0.00000000000000e+00 0.00000000000000e+00 0.00000000000000e+00 
5.54220976405050e-06 3.87193635124913e+02 3.59517138207277e+02 3.67816196869075e+22 4.77232198988781e+17 1.42570743468477e+17 1.39343048207232e+17 4.05424776334453e+12 3.89534198491891e+17 5.55963230065159e+15 1.48197808839235e+07 1.67961715166850e+16 1.77354855512828e+15 3.42819618776791e+11 0.00000000000000e+00 0.00000000000000e+00 0.00000000000000e+00 0.00000000000000e+00 0.00000000000000e+00 0.00000000000000e+00 0.00000000000000e+00 
6.12829698404141e-06 3.87172848701576e+02 3.59504580101511e+02 3.67815168148570e+22 5.28015280918678e+17 1.58096864542800e+17 1.53657510615824e+17 4.48032200495500e+12 4.31312048305317e+17 5.55860649527679e+15 1.51180256779904e+07 1.83752437956261e+16 2.15347863565582e+15 4.20012855506155e+11 0.00000000000000e+00 0.00000000000000e+00 0.00000000000000e+00 0.00000000000000e+00 0.00000000000000e+00 0.00000000000000e+00 0.00000000000000e+00 
6.71438420403233e-06 3.87152094387838e+02 3.59492041989081e+02 3.67814139328588e+22 5.78854830834676e+17 1.73622740052977e+17 1.67893107641088e+17 4.90564404086696e+12 4.73089193624844e+17 5.55717460642274e+15 1.53790518844609e+07 1.99191629457594e+16 2.56721636318531e+15 5.05055056469377e+11 0.00000000000000e+00 0.00000000000000e+00 0.00000000000000e+00 0.00000000000000e+00 0.00000000000000e+00 0.00000000000000e+00 0.00000000000000e+00 
7.30047142402324e-06 3.87131371901536e+02 3.59479523675182e+02 3.67813110435494e+22 6.29750466087694e+17 1.89146513302736e+17 1.82050268161461e+17 5.33015764372727e+12 5.14863204850897e+17 5.55769653542261e+15 1.56151080874272e+07 2.14285660676445e+16 3.01402194764665e+15 5.97944308422430e+11 0.00000000000000e+00 0.00000000000000e+00 0.00000000000000e+00 0.00000000000000e+00 0.00000000000000e+00 0.00000000000000e+00 0.00000000000000e+00 
8.34618189609155e-06 3.87094477254499e+02 3.59467024987705e+02 3.67811274465727e+22 7.20698049469378e+17 2.16842564165768e+17 2.07116313099325e+17 6.08541109427696e+12 5.89394003810591e+17 5.55885469171506e+15 1.59954761260256e+07 2.40378977719517e+16 3.89110193764093e+15 7.83163624114718e+11 0.00000000000000e+00 0.00000000000000e+00 0.00000000000000e+00 0.00000000000000e+00 0.00000000000000e+00 0.00000000000000e+00 0.00000000000000e+00 
9.39189236815985e-06 3.87057683078954e+02 3.59444773185645e+02 3.67809438278536e+22 8.11821475156175e+17 2.44536368765359e+17 2.31936419651412e+17 6.83763204273607e+12 6.63920602264813e+17 5.55988197394667e+15 1.63488828659549e+07 2.65428290045396e+16 4.86712612602476e+15 9.93345611521137e+11 0.00000000000000e+00 0.00000000000000e+00 0.00000000000000e+00 0.00000000000000e+00 0.00000000000000e+00 0.00000000000000e+00 0.00000000000000e+00 
1.04376028402282e-05 3.87020988625908e+02 3.59422583334042e+02 3.67807601909842e+22 9.03118950754143e+17 2.72228067578632e+17 2.56512970413306e+17 7.58655200366179e+12 7.38443182453540e+17 5.56025605392538e+15 1.66893661187443e+07 2.89467599848822e+16 5.93819280816358e+15 1.22847924507312e+12 0.00000000000000e+00 0.00000000000000e+00 0.00000000000000e+00 0.00000000000000e+00 0.00000000000000e+00 0.00000000000000e+00 0.00000000000000e+00 
1.14833133122965e-05 3.86984393091402e+02 3.59400454970502e+02 3.67805765402147e+22 9.94588680228114e+17 2.99917010425810e+17 2.80848324097730e+17 8.33192426064855e+12 8.12960908205053e+17 5.56049655387362e+15 1.70226814777867e+07 3.12529945643961e+16 7.10053117278177e+15 1.48855338109771e+12 0.00000000000000e+00 0.00000000000000e+00 0.00000000000000e+00 0.00000000000000e+00 0.00000000000000e+00 0.00000000000000e+00 0.00000000000000e+00 
1.25290237843648e-05 3.86947895689686e+02 3.59378387599621e+02 3.67803928794980e+22 1.08622889224842e+18 3.27602692203890e+17 3.04944816377559e+17 9.07352240622898e+12 8.87473145325935e+17 5.56094297227184e+15 1.73517634673426e+07 3.34647448055313e+16 8.35049425164098e+15 1.77355653390563e+12 0.00000000000000e+00 0.00000000000000e+00 0.00000000000000e+00 0.00000000000000e+00 0.00000000000000e+00 0.00000000000000e+00 0.00000000000000e+00 
1.49749517477192e-05 3.86862906870988e+02 3.59356380737113e+02 3.67799632751456e+22 1.30123231251779e+18 3.92346219479220e+17 3.60386985674816e+17 1.07922999935671e+13 1.06173578655590e+18 5.56217254679762e+15 1.81136267769318e+07 3.82863644225400e+16 1.15969114121250e+16 2.53746218318535e+12 0.00000000000000e+00 0.00000000000000e+00 0.00000000000000e+00 0.00000000000000e+00 0.00000000000000e+00 0.00000000000000e+00 0.00000000000000e+00 
1.74208797110736e-05 3.86778441310128e+02 3.59305140136086e+02 3.67795336768933e+22 1.51713707972901e+18 4.57068389004373e+17 4.14564069327315e+17 1.24870729619237e+13 1.23596474100344e+18 5.56363587166609e+15 1.88742546679681e+07 4.26460608068969e+16 1.52609980405189e+16 3.43753448932726e+12 0.00000000000000e+00 0.00000000000000e+00 0.00000000000000e+00 0.00000000000000e+00 0.00000000000000e+00 0.00000000000000e+00 0.00000000000000e+00 
1.98668076744280e-05 3.86694489672448e+02 3.59254222173410e+02 3.67791041230292e+22 1.73392183423782e+18 5.21766696893807e+17 4.67504580554130e+17 1.41560271452754e+13 1.41015771229598e+18 5.56501403911873e+15 1.96357678603737e+07 4.65796557383933e+16 1.93030615596538e+16 4.47361436632536e+12 0.00000000000000e+00 0.00000000000000e+00 0.00000000000000e+00 0.00000000000000e+00 0.00000000000000e+00 0.00000000000000e+00 0.00000000000000e+00 
2.23127356377825e-05 3.86611042813191e+02 3.59203621094378e+02 3.67786746482695e+22 1.95156577691483e+18 5.86438512509280e+17 5.19236366077663e+17 1.57978107041537e+13 1.58431250939777e+18 5.56637826729847e+15 2.03972330867570e+07 5.01205044068131e+16 2.36866023284923e+16 5.64553778579496e+12 0.00000000000000e+00 0.00000000000000e+00 0.00000000000000e+00 0.00000000000000e+00 0.00000000000000e+00 0.00000000000000e+00 0.00000000000000e+00 
2.47586636011369e-05 3.86528091789362e+02 3.59153331262443e+02 3.67782452838797e+22 2.17004864378249e+18 6.51081337408431e+17 5.69786637667721e+17 1.74114654452658e+13 1.75842733952850e+18 5.56782645328517e+15 2.11586341479364e+07 5.32996904382079e+16 2.83780151643065e+16 6.95313620547149e+12 0.00000000000000e+00 0.00000000000000e+00 0.00000000000000e+00 0.00000000000000e+00 0.00000000000000e+00 0.00000000000000e+00 0.00000000000000e+00 
3.11865523106423e-05 3.86312397577275e+02 3.59103347166247e+02 3.67771176294678e+22 2.74807807496925e+18 8.20808383277914e+17 6.97191691693572e+17 2.15154474591538e+13 2.21580252150273e+18 5.57186094521381e+15 2.31628990668212e+07 6.01309026581966e+16 4.19629749887276e+16 1.10349924393109e+13 0.00000000000000e+00 0.00000000000000e+00 0.00000000000000e+00 0.00000000000000e+00 0.00000000000000e+00 0.00000000000000e+00 0.00000000000000e+00 
3.76144410201476e-05 3.86099915839647e+02 3.58973407836660e+02 3.67759913410013e+22 3.33142444293563e+18 9.90282377125427e+17 8.17081255737238e+17 2.54187903106625e+13 2.67287911308367e+18 5.57621020782061e+15 2.51727204674841e+07 6.51196579750913e+16 5.69844867673213e+16 1.60494109780023e+13 0.00000000000000e+00 0.00000000000000e+00 0.00000000000000e+00 0.00000000000000e+00 0.00000000000000e+00 0.00000000000000e+00 0.00000000000000e+00 
4.40423297296530e-05 3.85890502141379e+02 3.58845449453744e+02 3.67748667368074e+22 3.91976507592759e+18 1.15947007824602e+18 9.29893799270331e+17 2.91266948637261e+13 3.12965251350640e+18 5.58077481773308e+15 2.71886005290572e+07 6.86530957446368e+16 7.30478146573595e+16 2.19929979473383e+13 0.00000000000000e+00 0.00000000000000e+00 0.00000000000000e+00 0.00000000000000e+00 0.00000000000000e+00 0.00000000000000e+00 0.00000000000000e+00 
5.04702184391584e-05 3.85684020577531e+02 3.58719383082214e+02 3.67737440385598e+22 4.51279834291856e+18 1.32834236668941e+18 1.03604118802424e+18 3.26508563700060e+13 3.58612671595186e+18 5.58556318178456e+15 2.92103413390581e+07 7.10437121483409e+16 8.98455961268451e+16 2.88622179087362e+13 0.00000000000000e+00 0.00000000000000e+00 0.00000000000000e+00 0.00000000000000e+00 0.00000000000000e+00 0.00000000000000e+00 0.00000000000000e+00 
5.68981071486638e-05 3.85480343071634e+02 3.58595125063276e+02 3.67726233957189e+22 5.11024144057013e+18 1.49687330736049e+18 1.13591091141123e+18 3.60060869812676e+13 4.04231087644867e+18 5.59056553453903e+15 3.12376002964518e+07 7.25432690080948e+16 1.07138714461048e+17 3.66534163672221e+13 0.00000000000000e+00 0.00000000000000e+00 0.00000000000000e+00 0.00000000000000e+00 0.00000000000000e+00 0.00000000000000e+00 0.00000000000000e+00 
6.68804379735270e-05 3.85169317649283e+02 3.58472596580709e+02 3.67708873371980e+22 6.04618386209553e+18 1.75786713634730e+18 1.27940221872660e+18 4.09194037270104e+13 4.75020732263837e+18 5.59869395649283e+15 3.43961193116930e+07 7.35539268033668e+16 1.34570418670926e+17 5.05717124754732e+13 0.00000000000000e+00 0.00000000000000e+00 0.00000000000000e+00 0.00000000000000e+00 0.00000000000000e+00 0.00000000000000e+00 0.00000000000000e+00 
7.68627687983901e-05 3.84864344353749e+02 3.58285570405992e+02 3.67691566451006e+22 6.99120314192528e+18 2.01790259912881e+18 1.40989636065189e+18 4.55194260528707e+13 5.45748241756297e+18 5.60720205650557e+15 3.75644213628212e+07 7.34773152616676e+16 1.62244378539287e+17 6.66899360357218e+13 0.00000000000000e+00 0.00000000000000e+00 0.00000000000000e+00 0.00000000000000e+00 0.00000000000000e+00 0.00000000000000e+00 0.00000000000000e+00 
8.68450996232533e-05 3.84565036747376e+02 3.58102278406432e+02 3.67674313533154e+22 7.94445622315532e+18 2.27690894934606e+18 1.52855455019772e+18 4.98556017097611e+13 6.16418426328266e+18 5.61603240514320e+15 4.07400288872691e+07 7.27195700740508e+16 1.89821650466200e+17 8.49930309122528e+13 0.00000000000000e+00 0.00000000000000e+00 0.00000000000000e+00 0.00000000000000e+00 0.00000000000000e+00 0.00000000000000e+00 0.00000000000000e+00 
9.68274304481165e-05 3.84271042909164e+02 3.57922483051552e+02 3.67657113841676e+22 8.90517863164639e+18 2.53482338195828e+18 1.63643072194371e+18 5.39698235015301e+13 6.87035839634558e+18 5.62513416904366e+15 4.39210897210940e+07 7.15474756285024e+16 2.17098811777588e+17 1.05465391562954e+14 0.00000000000000e+00 0.00000000000000e+00 0.00000000000000e+00 0.00000000000000e+00 0.00000000000000e+00 0.00000000000000e+00 0.00000000000000e+00 
1.06809761272980e-04 3.83982041343147e+02 3.57745968081305e+02 3.67639966013271e+22 9.87267469874047e+18 2.79158956687602e+18 1.73448429865666e+18 5.78965355298581e+13 7.57604583895461e+18 5.63446230367107e+15 4.71060202713269e+07 7.01377416912542e+16 2.43955897388225e+17 1.28090888321401e+14 0.00000000000000e+00 0.00000000000000e+00 0.00000000000000e+00 0.00000000000000e+00 0.00000000000000e+00 0.00000000000000e+00 0.00000000000000e+00 
1.20806021473747e-04 3.83584687729789e+02 3.57572535983130e+02 3.67616007130341e+22 1.12394255834500e+19 3.14957420824925e+18 1.85705952872314e+18 6.31376519651210e+13 8.56474020530717e+18 5.64784876069949e+15 5.15758542192058e+07 6.79688569981527e+16 2.80789154676983e+17 1.63408035363539e+14 0.00000000000000e+00 0.00000000000000e+00 0.00000000000000e+00 0.00000000000000e+00 0.00000000000000e+00 0.00000000000000e+00 0.00000000000000e+00 
1.34802281674514e-04 3.83195842967361e+02 3.57334219579075e+02 3.67592142175658e+22 1.26166865519410e+19 3.50507897618250e+18 1.96419477819764e+18 6.81243712843695e+13 9.55263159278567e+18 5.66151321655760e+15 5.60476366216239e+07 6.57631791456611e+16 3.16576224127633e+17 2.02877660626654e+14 0.00000000000000e+00 0.00000000000000e+00 0.00000000000000e+00 0.00000000000000e+00 0.00000000000000e+00 0.00000000000000e+00 0.00000000000000e+00 
1.48798541875282e-04 3.82814858755004e+02 3.57101162070152e+02 3.67568366301378e+22 1.40030747257372e+19 3.85799691026835e+18 2.05779644223705e+18 7.29002319813941e+13 1.05397866024111e+19 5.67538187929806e+15 6.05191745384368e+07 6.36193626418472e+16 3.51307550972292e+17 2.46450352605564e+14 0.00000000000000e+00 0.00000000000000e+00 0.00000000000000e+00 0.00000000000000e+00 0.00000000000000e+00 0.00000000000000e+00 0.00000000000000e+00 
1.62794802076049e-04 3.82441165162884e+02 3.56872965442445e+02 3.67544674883680e+22 1.53973833427462e+19 4.20823764326439e+18 2.13952797578279e+18 7.74968726311425e+13 1.15262588087131e+19 5.68939413491293e+15 6.49893922167518e+07 6.15738249364958e+16 3.85017226041891e+17 2.94074752605647e+14 0.00000000000000e+00 0.00000000000000e+00 0.00000000000000e+00 0.00000000000000e+00 0.00000000000000e+00 0.00000000000000e+00 0.00000000000000e+00 
1.76791062276817e-04 3.82074258641474e+02 3.56649279751368e+02 3.67521063676605e+22 1.67985550932646e+19 4.55572559764531e+18 2.21084723194668e+18 8.19389619590524e+13 1.25120936550981e+19 5.70350085902551e+15 6.94577452874439e+07 5.96382945215890e+16 4.17752665140747e+17 3.45697657951857e+14 0.00000000000000e+00 0.00000000000000e+00 0.00000000000000e+00 0.00000000000000e+00 0.00000000000000e+00 0.00000000000000e+00 0.00000000000000e+00 
2.02913724416370e-04 3.81406164903170e+02 3.56429795760555e+02 3.67477197565832e+22 1.94290566624444e+19 5.19671920175120e+18 2.32025689148513e+18 8.98807484073887e+13 1.43504851305971e+19 5.72994769384666e+15 7.77913910916840e+07 5.63232733372569e+16 4.76410380715460e+17 4.52550089398931e+14 0.00000000000000e+00 0.00000000000000e+00 0.00000000000000e+00 0.00000000000000e+00 0.00000000000000e+00 0.00000000000000e+00 0.00000000000000e+00 
2.29036386555924e-04 3.80757734556315e+02 3.56030495892042e+02 3.67433576026669e+22 2.20752693822692e+19 5.82761022500096e+18 2.40470908001364e+18 9.74544081102050e+13 1.61870130310602e+19 5.75640417183725e+15 8.61150859558937e+07 5.33765852699984e+16 5.32147882938075e+17 5.72765623337016e+14 0.00000000000000e+00 0.00000000000000e+00 0.00000000000000e+00 0.00000000000000e+00 0.00000000000000e+00 0.00000000000000e+00 0.00000000000000e+00 
2.55159048695477e-04 3.80126972732181e+02 3.55643387357783e+02 3.67390180986305e+22 2.47331938501585e+19 6.44820179900405e+18 2.46973010459418e+18 1.04731278127724e+14 1.80218532942823e+19 5.78275935953231e+15 9.44277119024900e+07 5.07420457172408e+16 5.85243796607494e+17 7.05954349870988e+14 0.00000000000000e+00 0.00000000000000e+00 0.00000000000000e+00 0.00000000000000e+00 0.00000000000000e+00 0.00000000000000e+00 0.00000000000000e+00 
2.81281710835031e-04 3.79512303141599e+02 3.55267243110831e+02 3.67346997733872e+22 2.73997681351185e+19 7.05839479393875e+18 2.51955694310511e+18 1.11761643064996e+14 1.98551490385311e+19 5.80894457346126e+15 1.02729279463956e+08 4.83643368935694e+16 6.35932698130126e+17 8.51708964409995e+14 0.00000000000000e+00 0.00000000000000e+00 0.00000000000000e+00 0.00000000000000e+00 0.00000000000000e+00 0.00000000000000e+00 0.00000000000000e+00 
3.07404372974584e-04 3.78912457441766e+02 3.54901091335932e+02 3.67304014016513e+22 3.00726181408134e+19 7.65816283229152e+18 2.55748122398484e+18 1.18585756842640e+14 2.16870257071281e+19 5.83492198286976e+15 1.11020168368772e+08 4.62076683606623e+16 6.84407865233776e+17 1.00960726301739e+15 0.00000000000000e+00 0.00000000000000e+00 0.00000000000000e+00 0.00000000000000e+00 0.00000000000000e+00 0.00000000000000e+00 0.00000000000000e+00 
3.56075344280602e-04 3.77831111443322e+02 3.54544148053873e+02 3.67224426914266e+22 3.50635840057567e+19 8.74798265876331e+18 2.60438607467434e+18 1.30852897905790e+14 2.50966952289996e+19 5.88269517830467e+15 1.26438425234048e+08 4.26959137972360e+16 7.69352559966316e+17 1.33467600055380e+15 0.00000000000000e+00 0.00000000000000e+00 0.00000000000000e+00 0.00000000000000e+00 0.00000000000000e+00 0.00000000000000e+00 0.00000000000000e+00 
4.04746315586620e-04 3.76792506219649e+02 3.53901630689254e+02 3.67145442234615e+22 4.00613324450964e+19 9.80222815576387e+18 2.63084504217799e+18 1.42673313344947e+14 2.85024045130360e+19 5.92972418341995e+15 1.41819083941246e+08 3.97149289117048e+16 8.48066810621473e+17 1.69747645932411e+15 0.00000000000000e+00 0.00000000000000e+00 0.00000000000000e+00 0.00000000000000e+00 0.00000000000000e+00 0.00000000000000e+00 0.00000000000000e+00 
4.53417286892638e-04 3.75792864985907e+02 3.53285660635147e+02 3.67067017255356e+22 4.50602417987098e+19 1.08217109890209e+19 2.64471009398639e+18 1.54153160565302e+14 3.19046190691436e+19 5.97621349243276e+15 1.57162570944081e+08 3.71469821880508e+16 9.21257708554717e+17 2.09501727059543e+15 0.00000000000000e+00 0.00000000000000e+00 0.00000000000000e+00 0.00000000000000e+00 0.00000000000000e+00 0.00000000000000e+00 0.00000000000000e+00 
5.02088258198656e-04 3.74829501899218e+02 3.52693869766127e+02 3.66989119014050e+22 5.00570355095788e+19 1.18074514825470e+19 2.65058686542558e+18 1.65359728200212e+14 3.53036961706764e+19 6.02207985549957e+15 1.72470162126063e+08 3.49066995523206e+16 9.89468888399766e+17 2.52424114798630e+15 0.00000000000000e+00 0.00000000000000e+00 0.00000000000000e+00 0.00000000000000e+00 0.00000000000000e+00 0.00000000000000e+00 0.00000000000000e+00 
5.50759229504674e-04 3.73900343862294e+02 3.52124553913113e+02 3.66911720482721e+22 5.50497094341778e+19 1.27605602669423e+19 2.65131331205428e+18 1.76340260347500e+14 3.86999198358309e+19 6.06745874937137e+15 1.87743191362723e+08 3.29342373147250e+16 1.05313420333482e+18 2.98206347498567e+15 0.00000000000000e+00 0.00000000000000e+00 0.00000000000000e+00 0.00000000000000e+00 0.00000000000000e+00 0.00000000000000e+00 0.00000000000000e+00 
6.28924701525485e-04 3.72475577895003e+02 3.51576384405420e+02 3.66788408525783e+22 6.30563863661767e+19 1.42258255273419e+19 2.64587479700642e+18 1.93583425729453e+14 4.41488055081565e+19 6.13950557029389e+15 2.12201917086859e+08 3.02108461434749e+16 1.14671855523624e+18 3.76945110708920e+15 0.00000000000000e+00 0.00000000000000e+00 0.00000000000000e+00 0.00000000000000e+00 0.00000000000000e+00 0.00000000000000e+00 0.00000000000000e+00 
7.07090173546295e-04 3.71128707311395e+02 3.50737611224528e+02 3.66666243233287e+22 7.10458235637274e+19 1.56145590435362e+19 2.63661225841260e+18 2.10448285809968e+14 4.95916771774603e+19 6.21089922621340e+15 2.36581886991970e+08 2.79372835559171e+16 1.23072414469494e+18 4.61016789890716e+15 0.00000000000000e+00 0.00000000000000e+00 0.00000000000000e+00 0.00000000000000e+00 0.00000000000000e+00 0.00000000000000e+00 0.00000000000000e+00 
7.85255645567105e-04 3.69854843209045e+02 3.49946696007569e+02 3.66545154716927e+22 7.90164975520984e+19 1.69313706268393e+19 2.62574980560652e+18 2.27007161761517e+14 5.50290778344163e+19 6.28174867646983e+15 2.60885880923107e+08 2.59935942406376e+16 1.30614086457665e+18 5.49214785449854e+15 0.00000000000000e+00 0.00000000000000e+00 0.00000000000000e+00 0.00000000000000e+00 0.00000000000000e+00 0.00000000000000e+00 0.00000000000000e+00 
8.63421117587915e-04 3.68649803529791e+02 3.49200451685007e+02 3.66425082780986e+22 8.69678898853502e+19 1.81806704793477e+19 2.61408897930905e+18 2.43309724783644e+14 6.04613974929105e+19 6.35212717648008e+15 2.85121298610768e+08 2.43171915857180e+16 1.37375510168872e+18 6.40398729624906e+15 0.00000000000000e+00 0.00000000000000e+00 0.00000000000000e+00 0.00000000000000e+00 0.00000000000000e+00 0.00000000000000e+00 0.00000000000000e+00 
9.41586589608725e-04 3.67509774146041e+02 3.48496145112725e+02 3.66305973482893e+22 9.48997837217352e+19 1.93666100609697e+19 2.60199326369904e+18 2.59390866413022e+14 6.58889120526817e+19 6.42208028375513e+15 3.09292181228213e+08 2.28598479717921e+16 1.43423227175104e+18 7.33511129259673e+15 0.00000000000000e+00 0.00000000000000e+00 0.00000000000000e+00 0.00000000000000e+00 0.00000000000000e+00 0.00000000000000e+00 0.00000000000000e+00 
1.07401903494911e-03 3.65716867718998e+02 3.47831292330783e+02 3.66106235366051e+22 1.08293582320581e+20 2.12419298424977e+19 2.58114738985214e+18 2.86194240457617e+14 7.50739772442119e+19 6.53965873693306e+15 3.50108536667517e+08 2.07702775296329e+16 1.52194723623736e+18 8.93066313442356e+15 0.00000000000000e+00 0.00000000000000e+00 0.00000000000000e+00 0.00000000000000e+00 0.00000000000000e+00 0.00000000000000e+00 0.00000000000000e+00 
1.20645148028949e-03 3.64084520122272e+02 3.46788573066939e+02 3.65908906843784e+22 1.21630658271090e+20 2.29637770096827e+19 2.56042850388810e+18 3.12528016156052e+14 8.42462648764915e+19 6.65623070580195e+15 3.90772655222136e+08 1.90551674571202e+16 1.59321514210702e+18 1.05141666600272e+16 0.00000000000000e+00 0.00000000000000e+00 0.00000000000000e+00 0.00000000000000e+00 0.00000000000000e+00 0.00000000000000e+00 0.00000000000000e+00 
1.33888392562987e-03 3.62598379917605e+02 3.45842319404921e+02 3.65713799434444e+22 1.34911007923079e+20 2.45478002377018e+19 2.53999451262712e+18 3.38456931507089e+14 9.34059326736137e+19 6.77184700798751e+15 4.31300108434227e+08 1.76158845909860e+16 1.65007849154570e+18 1.20535178324718e+16 0.00000000000000e+00 0.00000000000000e+00 0.00000000000000e+00 0.00000000000000e+00 0.00000000000000e+00 0.00000000000000e+00 0.00000000000000e+00 
1.47131637097026e-03 3.61245551646621e+02 3.44983398526190e+02 3.65520748235308e+22 1.48134755428868e+20 2.60079251768713e+19 2.51981105394194e+18 3.64025420936392e+14 1.02552859750202e+20 6.88652501347833e+15 4.71705341001823e+08 1.63890369925970e+16 1.69427212157617e+18 1.35251579635945e+16 0.00000000000000e+00 0.00000000000000e+00 0.00000000000000e+00 0.00000000000000e+00 0.00000000000000e+00 0.00000000000000e+00 0.00000000000000e+00 
1.60374881631064e-03 3.60014342784850e+02 3.44203676143226e+02 3.65329606662072e+22 1.61302016585662e+20 2.73565831568159e+19 2.49986528853754e+18 3.89267784948079e+14 1.11686775447942e+20 7.00028253059931e+15 5.12000379343922e+08 1.53343038592026e+16 1.72733173432592e+18 1.49131110726304e+16 0.00000000000000e+00 0.00000000000000e+00 0.00000000000000e+00 0.00000000000000e+00 0.00000000000000e+00 0.00000000000000e+00 0.00000000000000e+00 
1.78431964652992e-03 3.58512727253429e+02 3.43495842489681e+02 3.65071831817090e+22 1.79164665289423e+20 2.90355055108222e+19 2.47309498002482e+18 4.23206923350122e+14 1.24119170575805e+20 7.15395280307519e+15 5.66782482270766e+08 1.41114376394337e+16 1.75691395800270e+18 1.66554499875871e+16 0.00000000000000e+00 0.00000000000000e+00 0.00000000000000e+00 0.00000000000000e+00 0.00000000000000e+00 0.00000000000000e+00 0.00000000000000e+00 
1.96489047674921e-03 3.57193419803192e+02 3.42634873350443e+02 3.64817072657204e+22 1.96922799897976e+20 3.05525682626820e+19 2.44683706218408e+18 4.56645609863135e+14 1.36525646928011e+20 7.30601096021541e+15 6.21398721908241e+08 1.30789563238530e+16 1.77145083491983e+18 1.82153348727545e+16 0.00000000000000e+00 0.00000000000000e+00 0.00000000000000e+00 0.00000000000000e+00 0.00000000000000e+00 0.00000000000000e+00 0.00000000000000e+00 
2.14546130696849e-03 3.56035128529469e+02 3.41880551374112e+02 3.64565075700918e+22 2.14576800214642e+20 3.19292089127447e+19 2.42109037339586e+18 4.89630129017179e+14 1.48905140271698e+20 7.45649758102587e+15 6.75866238051128e+08 1.22050869909323e+16 1.77365911938436e+18 1.95959741450794e+16 0.00000000000000e+00 0.00000000000000e+00 0.00000000000000e+00 0.00000000000000e+00 0.00000000000000e+00 0.00000000000000e+00 0.00000000000000e+00 
2.32603213718778e-03 3.55019234253015e+02 3.41219932664078e+02 3.64315624550560e+22 2.32127088438569e+20 3.31837260717264e+19 2.39584332269431e+18 5.22193403450421e+14 1.61256559702437e+20 7.60544473557577e+15 7.30196887714975e+08 1.14439126251889e+16 1.76585930867528e+18 2.08094772344335e+16 0.00000000000000e+00 0.00000000000000e+00 0.00000000000000e+00 0.00000000000000e+00 0.00000000000000e+00 0.00000000000000e+00 0.00000000000000e+00 
2.50660296740706e-03 3.54129364107870e+02 3.40641795952335e+02 3.64068532733139e+22 2.49574121642975e+20 3.43318265821394e+19 2.37108872960995e+18 5.54365418097870e+14 1.73578895619935e+20 7.75288404220975e+15 7.84401677399362e+08 1.07781880993009e+16 1.75003762280317e+18 2.18722512874198e+16 0.00000000000000e+00 0.00000000000000e+00 0.00000000000000e+00 0.00000000000000e+00 0.00000000000000e+00 0.00000000000000e+00 0.00000000000000e+00 
2.72675567716701e-03 3.53191404340687e+02 3.40136353450582e+02 3.63770207057798e+22 2.70706768601506e+20 3.56095178909988e+19 2.34156826195938e+18 5.93101164353293e+14 1.88561575517901e+20 7.93063911755586e+15 8.50325660997628e+08 1.00741645493228e+16 1.72267310751991e+18 2.29928890435498e+16 0.00000000000000e+00 0.00000000000000e+00 0.00000000000000e+00 0.00000000000000e+00 0.00000000000000e+00 0.00000000000000e+00 0.00000000000000e+00 
2.94690838692695e-03 3.52396561569841e+02 3.39604582486242e+02 3.63474900128506e+22 2.91687653228078e+20 3.67697040951118e+19 2.31276218811799e+18 6.31329633914827e+14 2.03498386490778e+20 8.10625474472508e+15 9.16084777686206e+08 9.46416729136881e+15 1.68852104695636e+18 2.39460482468579e+16 0.00000000000000e+00 0.00000000000000e+00 0.00000000000000e+00 0.00000000000000e+00 0.00000000000000e+00 0.00000000000000e+00 0.00000000000000e+00 
3.16706109668690e-03 3.51725879306406e+02 3.39154740954965e+02 3.63182409065708e+22 3.12517737227770e+20 3.78291519894180e+19 2.28465470733824e+18 6.69081447697571e+14 2.18388256323013e+20 8.27978565581371e+15 9.81688332661139e+08 8.92962092053515e+15 1.64963501632251e+18 2.47585494735394e+16 0.00000000000000e+00 0.00000000000000e+00 0.00000000000000e+00 0.00000000000000e+00 0.00000000000000e+00 0.00000000000000e+00 0.00000000000000e+00 
3.38721380644685e-03 3.51162509789374e+02 3.38775728031145e+02 3.62892557376363e+22 3.33198036084584e+20 3.88023487977767e+19 2.25722889715513e+18 7.06383665323425e+14 2.33230308437300e+20 8.45128270309018e+15 1.04714233824311e+09 8.45736656345182e+15 1.60773008156831e+18 2.54542164840892e+16 0.00000000000000e+00 0.00000000000000e+00 0.00000000000000e+00 0.00000000000000e+00 0.00000000000000e+00 0.00000000000000e+00 0.00000000000000e+00 
3.70478219431566e-03 3.50511645383939e+02 3.38457750094211e+02 3.62478820261373e+22 3.62767316502895e+20 4.00768977435307e+19 2.21883340358780e+18 7.59443142619532e+14 2.54554346767888e+20 8.69519033351033e+15 1.14130657548363e+09 7.86222384082833e+15 1.54448246189790e+18 2.62891835009072e+16 0.00000000000000e+00 0.00000000000000e+00 0.00000000000000e+00 0.00000000000000e+00 0.00000000000000e+00 0.00000000000000e+00 0.00000000000000e+00 
4.02235058218446e-03 3.50017641623705e+02 3.38090819804409e+02 3.62069902275466e+22 3.92030219729713e+20 4.12264641506841e+19 2.18176615263236e+18 8.11673768242281e+14 2.75776155870250e+20 8.93511638732035e+15 1.23517645017142e+09 7.35546250865286e+15 1.48085222359454e+18 2.69679841677485e+16 0.00000000000000e+00 0.00000000000000e+00 0.00000000000000e+00 0.00000000000000e+00 0.00000000000000e+00 0.00000000000000e+00 0.00000000000000e+00 
4.33991897005327e-03 3.49649537862308e+02 3.37812611672035e+02 3.61665500171218e+22 4.20990108981184e+20 4.22750284687769e+19 2.14597281831701e+18 8.63124167478313e+14 2.96895038460535e+20 9.17119784267683e+15 1.32875273272417e+09 6.91594459544255e+15 1.41906795717114e+18 2.75250254886899e+16 0.00000000000000e+00 0.00000000000000e+00 0.00000000000000e+00 0.00000000000000e+00 0.00000000000000e+00 0.00000000000000e+00 0.00000000000000e+00 
4.65748735792208e-03 3.49383140888585e+02 3.37605446615897e+02 3.61265382022465e+22 4.49650358451453e+20 4.32404887613408e+19 2.11139925483279e+18 9.13833996270498e+14 3.17910874669162e+20 9.40357330006183e+15 1.42203594736114e+09 6.53051399577580e+15 1.36046635257564e+18 2.79842230382041e+16 0.00000000000000e+00 0.00000000000000e+00 0.00000000000000e+00 0.00000000000000e+00 0.00000000000000e+00 0.00000000000000e+00 0.00000000000000e+00 
4.97505574579089e-03 3.49199362342900e+02 3.37455567821532e+02 3.60869366219303e+22 4.78014317825470e+20 4.41364544264564e+19 2.07799156908754e+18 9.63835906857216e+14 3.38823927514366e+20 9.63237922976492e+15 1.51502605882115e+09 6.19062905229135e+15 1.30578183850240e+18 2.83634557287790e+16 0.00000000000000e+00 0.00000000000000e+00 0.00000000000000e+00 0.00000000000000e+00 0.00000000000000e+00 0.00000000000000e+00 0.00000000000000e+00 
5.48948569784736e-03 3.49040073296551e+02 3.37352159119462e+02 3.60236208175322e+22 5.23340925174469e+20 4.54659138813394e+19 2.02621432561837e+18 1.04339912501494e+15 3.72484295181203e+20 9.99578991657411e+15 1.66503950636355e+09 5.71705619388465e+15 1.22617337727747e+18 2.88429318143724e+16 0.00000000000000e+00 0.00000000000000e+00 0.00000000000000e+00 0.00000000000000e+00 0.00000000000000e+00 0.00000000000000e+00 0.00000000000000e+00 
6.00391564990383e-03 3.49006779869187e+02 3.37262411070963e+02 3.59612928174095e+22 5.67912698232114e+20 4.66756173088194e+19 1.97714724120169e+18 1.12127564204431e+15 4.05878916606994e+20 1.03507032495962e+16 1.81427032794886e+09 5.31838985639847e+15 1.15796899113072e+18 2.91966575804160e+16 0.00000000000000e+00 0.00000000000000e+00 0.00000000000000e+00 0.00000000000000e+00 0.00000000000000e+00 0.00000000000000e+00 0.00000000000000e+00 
6.51834560196030e-03 3.49062386083362e+02 3.37243395885746e+02 3.58999136099048e+22 6.11743371697700e+20 4.77905372642859e+19 1.93059445810865e+18 1.19754666413743e+15 4.39010920338262e+20 1.06976086124434e+16 1.96270490850027e+09 4.97911070061315e+15 1.10043134697784e+18 2.94575797600247e+16 0.00000000000000e+00 0.00000000000000e+00 0.00000000000000e+00 0.00000000000000e+00 0.00000000000000e+00 0.00000000000000e+00 0.00000000000000e+00 
7.03277555401677e-03 3.49181213564763e+02 3.37274273771046e+02 3.58394529840330e+22 6.54846380708971e+20 4.88279606720473e+19 1.88637560048908e+18 1.27227898646593e+15 4.71883517536797e+20 1.10369587597169e+16 2.11032763630467e+09 4.68587417005242e+15 1.05225130104434e+18 2.96482404263779e+16 0.00000000000000e+00 0.00000000000000e+00 0.00000000000000e+00 0.00000000000000e+00 0.00000000000000e+00 0.00000000000000e+00 0.00000000000000e+00 
7.54720550607324e-03 3.49345033734606e+02 3.37340644092371e+02 3.57798859823411e+22 6.97234802654830e+20 4.98005708149236e+19 1.84432383795172e+18 1.34553225613017e+15 5.04499671196993e+20 1.13691964728843e+16 2.25714265027068e+09 4.42923234261752e+15 1.01200217649941e+18 2.97863546298443e+16 0.00000000000000e+00 0.00000000000000e+00 0.00000000000000e+00 0.00000000000000e+00 0.00000000000000e+00 0.00000000000000e+00 0.00000000000000e+00 
8.34728579294904e-03 3.49660700396994e+02 3.37432295236466e+02 3.56889693476060e+22 7.61770223055619e+20 5.12058690791504e+19 1.78287825379560e+18 1.45664388867173e+15 5.54723148768761e+20 1.18726628437904e+16 2.48383145859485e+09 4.08890849417034e+15 9.62151495336091e+17 2.99238261498950e+16 0.00000000000000e+00 0.00000000000000e+00 0.00000000000000e+00 0.00000000000000e+00 0.00000000000000e+00 0.00000000000000e+00 0.00000000000000e+00 
9.14736607982485e-03 3.50019537235467e+02 3.37609106378111e+02 3.56000911652921e+22 8.24654043281335e+20 5.25050135976569e+19 1.72580670912810e+18 1.56447675824558e+15 6.04341067834175e+20 1.23611310078859e+16 2.70848516648625e+09 3.80596999578284e+15 9.24159240468289e+17 2.99954036086360e+16 0.00000000000000e+00 0.00000000000000e+00 0.00000000000000e+00 0.00000000000000e+00 0.00000000000000e+00 0.00000000000000e+00 0.00000000000000e+00 
9.94744636670065e-03 3.50400986542232e+02 3.37810305533359e+02 3.55131898658817e+22 8.85930713048040e+20 5.37169792423872e+19 1.67266860822041e+18 1.66918316072810e+15 6.53360378297077e+20 1.28357582203306e+16 2.93107433007043e+09 3.56526445383302e+15 8.94748558463810e+17 3.00228863854644e+16 0.00000000000000e+00 0.00000000000000e+00 0.00000000000000e+00 0.00000000000000e+00 0.00000000000000e+00 0.00000000000000e+00 0.00000000000000e+00 
1.07475266535765e-02 3.50793895397127e+02 3.38024376769687e+02 3.54282110702731e+22 9.45642823705869e+20 5.48546612969662e+19 1.62308386515758e+18 1.77089806963009e+15 7.01786690934354e+20 1.32975436400205e+16 3.15158080188782e+09 3.35930517638496e+15 8.71554243140739e+17 3.00183289098444e+16 0.00000000000000e+00 0.00000000000000e+00 0.00000000000000e+00 0.00000000000000e+00 0.00000000000000e+00 0.00000000000000e+00 0.00000000000000e+00 
1.15476069404523e-02 3.51191792792950e+02 3.38245068309296e+02 3.53451049161543e+22 1.00383126044668e+21 5.59275557204499e+19 1.57671429073742e+18 1.86974760226098e+15 7.49624628452214e+20 1.37473904520996e+16 3.36998938045441e+09 3.17994852419990e+15 8.52907613464082e+17 2.99914080488290e+16 0.00000000000000e+00 0.00000000000000e+00 0.00000000000000e+00 0.00000000000000e+00 0.00000000000000e+00 0.00000000000000e+00 0.00000000000000e+00 
1.28043747756896e-02 3.51818178106585e+02 3.38468748139920e+02 3.52182326402878e+22 1.09225059471303e+21 5.74987186219285e+19 1.50967504613019e+18 2.01951905389240e+15 8.23589779831003e+20 1.44317417912556e+16 3.70880153300649e+09 2.94071062110053e+15 8.30227374938490e+17 2.99182542774510e+16 0.00000000000000e+00 0.00000000000000e+00 0.00000000000000e+00 0.00000000000000e+00 0.00000000000000e+00 0.00000000000000e+00 0.00000000000000e+00 
1.40611426109269e-02 3.52437740622635e+02 3.38821241853166e+02 3.50956979750873e+22 1.17715226966943e+21 5.89497507812804e+19 1.44888097298091e+18 2.16292308474845e+15 8.96126691722859e+20 1.50910850500537e+16 4.04236239292713e+09 2.74370495402547e+15 8.12940198753736e+17 2.98198551392420e+16 0.00000000000000e+00 0.00000000000000e+00 0.00000000000000e+00 0.00000000000000e+00 0.00000000000000e+00 0.00000000000000e+00 0.00000000000000e+00 
1.53179104461642e-02 3.53046739495150e+02 3.39170328343971e+02 3.49773447566381e+22 1.25867419814687e+21 6.02960497855010e+19 1.39352190835944e+18 2.30034045709034e+15 9.67247866876847e+20 1.57275952812840e+16 4.37064050331336e+09 2.57654356244163e+15 7.99313612954549e+17 2.97066874535252e+16 0.00000000000000e+00 0.00000000000000e+00 0.00000000000000e+00 0.00000000000000e+00 0.00000000000000e+00 0.00000000000000e+00 0.00000000000000e+00 
1.65746782814016e-02 3.53644291241028e+02 3.39513876431688e+02 3.48630274531549e+22 1.33694695976955e+21 6.15486786368418e+19 1.34293879725019e+18 2.43211899959629e+15 1.03696526142960e+21 1.63430071996418e+16 4.69361690000452e+09 2.43371426878113e+15 7.88390917970233e+17 2.95832366904406e+16 0.00000000000000e+00 0.00000000000000e+00 0.00000000000000e+00 0.00000000000000e+00 0.00000000000000e+00 0.00000000000000e+00 0.00000000000000e+00 
1.78314461166389e-02 3.54230182035095e+02 3.39851363447282e+02 3.47526084608362e+22 1.41209474757168e+21 6.27165057570312e+19 1.29655944658465e+18 2.55856875406217e+15 1.10529097199954e+21 1.69388604722251e+16 5.01127686482193e+09 2.31052729329137e+15 7.79545985435427e+17 2.94539545311954e+16 0.00000000000000e+00 0.00000000000000e+00 0.00000000000000e+00 0.00000000000000e+00 0.00000000000000e+00 0.00000000000000e+00 0.00000000000000e+00 
2.01510097274261e-02 3.55280410007255e+02 3.40182644589133e+02 3.45586179335226e+22 1.54297558915360e+21 6.46736586460095e+19 1.22040757744198e+18 2.77889693502645e+15 1.22778487082281e+21 1.79914730544049e+16 5.58358038815080e+09 2.12157732870968e+15 7.67179452370033e+17 2.92092515371473e+16 0.00000000000000e+00 0.00000000000000e+00 0.00000000000000e+00 0.00000000000000e+00 0.00000000000000e+00 0.00000000000000e+00 0.00000000000000e+00 
2.24705733382134e-02 3.56290232634751e+02 3.40777414536378e+02 3.43766887475540e+22 1.66431122429388e+21 6.64069352171862e+19 1.15455146319084e+18 2.98365675040402e+15 1.34566324102883e+21 1.89881250257852e+16 6.13771956385681e+09 1.97051479660571e+15 7.58302592282492e+17 2.89645938001149e+16 0.00000000000000e+00 0.00000000000000e+00 0.00000000000000e+00 0.00000000000000e+00 0.00000000000000e+00 0.00000000000000e+00 0.00000000000000e+00 
2.47901369490007e-02 3.57260435992141e+02 3.41350432499732e+02 3.42060986467889e+22 1.77675298997940e+21 6.79468793994893e+19 1.09712932826948e+18 3.17425419146680e+15 1.45901368730999e+21 1.99339338150248e+16 6.67372470125695e+09 1.84678799724350e+15 7.51866048431053e+17 2.87266486953675e+16 0.00000000000000e+00 0.00000000000000e+00 0.00000000000000e+00 0.00000000000000e+00 0.00000000000000e+00 0.00000000000000e+00 0.00000000000000e+00 
2.71097005597879e-02 3.58192032837576e+02 3.41902008339220e+02 3.40461759817930e+22 1.88090380641967e+21 6.93177563787197e+19 1.04670734667124e+18 3.35189456036828e+15 1.56792979680912e+21 2.08328377611145e+16 7.19167908068796e+09 1.74393118389399e+15 7.47269203538596e+17 2.84989266571490e+16 0.00000000000000e+00 0.00000000000000e+00 0.00000000000000e+00 0.00000000000000e+00 0.00000000000000e+00 0.00000000000000e+00 0.00000000000000e+00 
2.94292641705752e-02 3.59085889569997e+02 3.42432590915917e+02 3.38962910194879e+22 1.97732520666606e+21 7.05401411734389e+19 1.00215360124103e+18 3.51765013445782e+15 1.67251052575878e+21 2.16880797963419e+16 7.69171296332441e+09 1.65665074136089e+15 7.44029003212074e+17 2.82836579336217e+16 0.00000000000000e+00 0.00000000000000e+00 0.00000000000000e+00 0.00000000000000e+00 0.00000000000000e+00 0.00000000000000e+00 0.00000000000000e+00 
3.32340184778387e-02 3.60472415048028e+02 3.42942555183707e+02 3.36706466823808e+22 2.12009328902123e+21 7.22684345217961e+19 9.39482549541755e+17 3.76624996918438e+15 1.83494087729600e+21 2.30032952952747e+16 8.47358995701344e+09 1.53896801047108e+15 7.40758511988981e+17 2.79603449425257e+16 0.00000000000000e+00 0.00000000000000e+00 0.00000000000000e+00 0.00000000000000e+00 0.00000000000000e+00 0.00000000000000e+00 0.00000000000000e+00 
3.70387727851021e-02 3.61763326777523e+02 3.43735287195113e+02 3.34680002444449e+22 2.24559263127946e+21 7.37080090915522e+19 8.87243274836177e+17 3.98900983078936e+15 1.98646412784035e+21 2.42177241216788e+16 9.20872713775741e+09 1.44602385730450e+15 7.39279215826734e+17 2.76740438824645e+16 0.00000000000000e+00 0.00000000000000e+00 0.00000000000000e+00 0.00000000000000e+00 0.00000000000000e+00 0.00000000000000e+00 0.00000000000000e+00 
4.08435270923656e-02 3.62962771790216e+02 3.44475190277106e+02 3.32861349813654e+22 2.35574479474087e+21 7.49090884934464e+19 8.43126304503292e+17 4.18903209840954e+15 2.12757669087342e+21 2.53397263031225e+16 9.89836270849272e+09 1.36931047517439e+15 7.38950425459754e+17 2.74248405512585e+16 0.00000000000000e+00 0.00000000000000e+00 0.00000000000000e+00 0.00000000000000e+00 0.00000000000000e+00 0.00000000000000e+00 0.00000000000000e+00 
4.46482813996291e-02 3.64075017076245e+02 3.45164246427868e+02 3.31230400542818e+22 2.45226812540321e+21 7.59110372674778e+19 8.05689455854541e+17 4.36889093296922e+15 2.25878871143429e+21 2.63754865885698e+16 1.05439469880355e+10 1.30596364867992e+15 7.39437777756443e+17 2.72095942982651e+16 0.00000000000000e+00 0.00000000000000e+00 0.00000000000000e+00 0.00000000000000e+00 0.00000000000000e+00 0.00000000000000e+00 0.00000000000000e+00 
4.84530357068926e-02 3.65104496625278e+02 3.45804559005869e+02 3.29768849842002e+22 2.53670395123408e+21 7.67468064327325e+19 7.73565573307513e+17 4.53078397569469e+15 2.38061605411720e+21 2.73315248645688e+16 1.11470922199681e+10 1.25262810988504e+15 7.40497384560185e+17 2.70262504505856e+16 0.00000000000000e+00 0.00000000000000e+00 0.00000000000000e+00 0.00000000000000e+00 0.00000000000000e+00 0.00000000000000e+00 0.00000000000000e+00 
5.56692510048763e-02 3.66845420206697e+02 3.46398375906551e+02 3.27405334708376e+22 2.66832520200453e+21 7.79672254383248e+19 7.24061475726105e+17 4.79494189534960e+15 2.58772469187570e+21 2.89444554342720e+16 1.21806885263735e+10 1.17184569376300e+15 7.43432502766354e+17 2.67568764963513e+16 0.00000000000000e+00 0.00000000000000e+00 0.00000000000000e+00 0.00000000000000e+00 0.00000000000000e+00 0.00000000000000e+00 0.00000000000000e+00 
6.28854663028600e-02 3.68335386956066e+02 3.47405065447742e+02 3.25492849624574e+22 2.76943201616185e+21 7.88274461821894e+19 6.85996089956920e+17 5.01204469113192e+15 2.76635173934479e+21 3.03227345233111e+16 1.30804423120152e+10 1.11095854949025e+15 7.47044055030459e+17 2.65715484430124e+16 0.00000000000000e+00 0.00000000000000e+00 0.00000000000000e+00 0.00000000000000e+00 0.00000000000000e+00 0.00000000000000e+00 0.00000000000000e+00 
7.01016816008437e-02 3.69604729345349e+02 3.48269117881004e+02 3.23947737036230e+22 2.84664833890828e+21 7.94284119243277e+19 6.56157352559785e+17 5.19085325103394e+15 2.91978689326163e+21 3.14970854787788e+16 1.38594037598172e+10 1.06313714993119e+15 7.50823205543391e+17 2.64524189853420e+16 0.00000000000000e+00 0.00000000000000e+00 0.00000000000000e+00 0.00000000000000e+00 0.00000000000000e+00 0.00000000000000e+00 0.00000000000000e+00 
7.73178968988274e-02 3.70681679009813e+02 3.49007015245171e+02 3.22701604786367e+22 2.90520529438964e+21 7.98422903930429e+19 6.32499999590655e+17 5.33828358541801e+15 3.05110679884091e+21 3.24943156014312e+16 1.45305290151819e+10 1.02515516160391e+15 7.54537173460195e+17 2.63841438145664e+16 0.00000000000000e+00 0.00000000000000e+00 0.00000000000000e+00 0.00000000000000e+00 0.00000000000000e+00 0.00000000000000e+00 0.00000000000000e+00 
8.45341121968111e-02 3.71592073687997e+02 3.49634349673913e+02 3.21698372048332e+22 2.94924854451210e+21 8.01211085425832e+19 6.13639668361397e+17 5.45978947983968e+15 3.16313513852839e+21 3.33383658117400e+16 1.51062619518099e+10 9.95033227802224e+14 7.58145436385769e+17 2.63542430494302e+16 0.00000000000000e+00 0.00000000000000e+00 0.00000000000000e+00 0.00000000000000e+00 0.00000000000000e+00 0.00000000000000e+00 0.00000000000000e+00 
9.47393792376783e-02 3.72639114571320e+02 3.50165572616462e+02 3.20608667781547e+22 2.99283089957862e+21 8.03563655978850e+19 5.92903366013394e+17 5.59596756974254e+15 3.29346707881864e+21 3.43117675768489e+16 1.57797101179711e+10 9.61567115163557e+14 7.62788643118594e+17 2.63607400726057e+16 0.00000000000000e+00 0.00000000000000e+00 0.00000000000000e+00 0.00000000000000e+00 0.00000000000000e+00 0.00000000000000e+00 0.00000000000000e+00 
1.04944646278545e-01 3.73456666090330e+02 3.50777549045455e+02 3.19810373748750e+22 3.02099279846860e+21 8.04713274909955e+19 5.77630963394028e+17 5.69975546038003e+15 3.39658956881321e+21 3.50735060410795e+16 1.63152743738652e+10 9.36352956228540e+14 7.66814411385502e+17 2.64001901833200e+16 0.00000000000000e+00 0.00000000000000e+00 0.00000000000000e+00 0.00000000000000e+00 0.00000000000000e+00 0.00000000000000e+00 0.00000000000000e+00 
1.15149913319413e-01 3.74092863241415e+02 3.51256144054760e+02 3.19225737861587e+22 3.03879075462217e+21 8.05147756914849e+19 5.66103756375782e+17 5.77893302959222e+15 3.47784572843174e+21 3.56682962572480e+16 1.67389846034214e+10 9.17266879281915e+14 7.70266918074617e+17 2.64576004430524e+16 0.00000000000000e+00 0.00000000000000e+00 0.00000000000000e+00 0.00000000000000e+00 0.00000000000000e+00 0.00000000000000e+00 0.00000000000000e+00 
1.25355180360280e-01 3.74586086768835e+02 3.51629025000350e+02 3.18798262320080e+22 3.04964809039018e+21 8.05173920992628e+19 5.57423233784869e+17 5.83931897357318e+15 3.54162885518430e+21 3.61306717178316e+16 1.70725497451242e+10 9.02576703045134e+14 7.73158685123969e+17 2.65225670757268e+16 0.00000000000000e+00 0.00000000000000e+00 0.00000000000000e+00 0.00000000000000e+00 0.00000000000000e+00 0.00000000000000e+00 0.00000000000000e+00 
1.35560447401147e-01 3.74967199548651e+02 3.51918375634338e+02 3.18486425466992e+22 3.05590769597768e+21 8.04977493973534e+19 5.50762195865626e+17 5.88532934765338e+15 3.59152179230955e+21 3.64893390940104e+16 1.73340413072868e+10 8.91319829662463e+14 7.75555963779460e+17 2.65889042312120e+16 0.00000000000000e+00 0.00000000000000e+00 0.00000000000000e+00 0.00000000000000e+00 0.00000000000000e+00 0.00000000000000e+00 0.00000000000000e+00 
1.51333420372492e-01 3.75389151908143e+02 3.52142113875787e+02 3.18166068684856e+22 3.05993704820851e+21 8.04469891665643e+19 5.43506812367104e+17 5.93562515082743e+15 3.64764118545291e+21 3.68881052833396e+16 1.76286671658793e+10 8.78679377747004e+14 7.78393370457768e+17 2.66860608670892e+16 0.00000000000000e+00 0.00000000000000e+00 0.00000000000000e+00 0.00000000000000e+00 0.00000000000000e+00 0.00000000000000e+00 0.00000000000000e+00 
1.67106393343836e-01 3.75669963940914e+02 3.52389983351841e+02 3.17970069542888e+22 3.06060969362006e+21 8.03931215811594e+19 5.38739994935188e+17 5.96876053357800e+15 3.68560634811551e+21 3.71547959249679e+16 1.78283383212704e+10 8.70231138206310e+14 7.80418719586099e+17 2.67670848097576e+16 0.00000000000000e+00 0.00000000000000e+00 0.00000000000000e+00 0.00000000000000e+00 0.00000000000000e+00 0.00000000000000e+00 0.00000000000000e+00 
1.82879366315181e-01 3.75857236343817e+02 3.52555030895752e+02 3.17848797880731e+22 3.05995272953657e+21 8.03462782585888e+19 5.35578975748376e+17 5.99067510848871e+15 3.71126990469819e+21 3.73333436831898e+16 1.79634422002606e+10 8.64557302042402e+14 7.81853876188177e+17 2.68305172821424e+16 0.00000000000000e+00 0.00000000000000e+00 0.00000000000000e+00 0.00000000000000e+00 0.00000000000000e+00 0.00000000000000e+00 0.00000000000000e+00 
1.98652339286525e-01 3.75981771740260e+02 3.52665138664982e+02 3.17773899810044e+22 3.05883749901205e+21 8.03085648237997e+19 5.33479493420115e+17 6.00513186316282e+15 3.72855632068595e+21 3.74525494682610e+16 1.80544918405154e+10 8.60728325635337e+14 7.82852489804213e+17 2.68787538537396e+16 0.00000000000000e+00 0.00000000000000e+00 0.00000000000000e+00 0.00000000000000e+00 0.00000000000000e+00 0.00000000000000e+00 0.00000000000000e+00 
2.14425312257870e-01 3.76064058164688e+02 3.52738375718914e+02 3.17728248317658e+22 3.05764521487633e+21 8.02792564369102e+19 5.32089882701130e+17 6.01462864170686e+15 3.74013031604415e+21 3.75316544744588e+16 1.81154644130650e+10 8.58156684268796e+14 7.83540333593826e+17 2.69148239740636e+16 0.00000000000000e+00 0.00000000000000e+00 0.00000000000000e+00 0.00000000000000e+00 0.00000000000000e+00 0.00000000000000e+00 0.00000000000000e+00 
2.43930585251957e-01 3.76145931876067e+02 3.52786772942543e+02 3.17689181443332e+22 3.05570180034810e+21 8.02428865700852e+19 5.30682917389072e+17 6.02404922021830e+15 3.75190368583882e+21 3.76109948338998e+16 1.81774749041416e+10 8.55485785803534e+14 7.84260990335224e+17 2.69581560470496e+16 0.00000000000000e+00 0.00000000000000e+00 0.00000000000000e+00 0.00000000000000e+00 0.00000000000000e+00 0.00000000000000e+00 0.00000000000000e+00 
2.73435858246044e-01 3.76183552219601e+02 3.52834929989153e+02 3.17673500828081e+22 3.05453745885328e+21 8.02236048917950e+19 5.30028197790340e+17 6.02840338220251e+15 3.75740722291779e+21 3.76476833920644e+16 1.82064569473660e+10 8.54218050492253e+14 7.84604114169747e+17 2.69807292249077e+16 0.00000000000000e+00 0.00000000000000e+00 0.00000000000000e+00 0.00000000000000e+00 0.00000000000000e+00 0.00000000000000e+00 0.00000000000000e+00 
3.02941131240131e-01 3.76203111566434e+02 3.52857058514840e+02 3.17665132424869e+22 3.05395868096601e+21 8.02137820454772e+19 5.29696953261859e+17 6.03065418205967e+15 3.76025815926337e+21 3.76667040903216e+16 1.82214728414141e+10 8.53582112528831e+14 7.84787711196836e+17 2.69920486819942e+16 0.00000000000000e+00 0.00000000000000e+00 0.00000000000000e+00 0.00000000000000e+00 0.00000000000000e+00 0.00000000000000e+00 0.00000000000000e+00 
3.32446404234218e-01 3.76213313742576e+02 3.52868564169463e+02 3.17660825861959e+22 3.05365027770133e+21 8.02085522377994e+19 5.29529810795510e+17 6.03180082337971e+15 3.76174673938624e+21 3.76766088810335e+16 1.82293117341110e+10 8.53263230463035e+14 7.84888709477208e+17 2.69979023280209e+16 0.00000000000000e+00 0.00000000000000e+00 0.00000000000000e+00 0.00000000000000e+00 0.00000000000000e+00 0.00000000000000e+00 0.00000000000000e+00 
3.61951677228305e-01 3.76217832689445e+02 3.52874565657252e+02 3.17659411841784e+22 3.05345472671241e+21 8.02056601331663e+19 5.29455858349150e+17 6.03230017575018e+15 3.76242641572611e+21 3.76810397188661e+16 1.82328867825119e+10 8.53117576581100e+14 7.84937670942030e+17 2.70010373322389e+16 0.00000000000000e+00 0.00000000000000e+00 0.00000000000000e+00 0.00000000000000e+00 0.00000000000000e+00 0.00000000000000e+00 0.00000000000000e+00 
4.36611482532802e-01 3.76221673841326e+02 3.52877223660481e+02 3.17658674749443e+22 3.05323322512664e+21 8.02026444880845e+19 5.29398066558839e+17 6.03271800463250e+15 3.76302282042202e+21 3.76848303139141e+16 1.82360201657578e+10 8.53002362584407e+14 7.84987776509165e+17 2.70041083399563e+16 0.00000000000000e+00 0.00000000000000e+00 0.00000000000000e+00 0.00000000000000e+00 0.00000000000000e+00 0.00000000000000e+00 0.00000000000000e+00 
5.11271287837299e-01 3.76220828217454e+02 3.52879482707292e+02 3.17659355425563e+22 3.05322003588979e+21 8.02027099886581e+19 5.29409893466048e+17 6.03262276336236e+15 3.76291293164575e+21 3.76840449530653e+16 1.82354390423346e+10 8.53021467627379e+14 7.84980835926251e+17 2.70040261686675e+16 0.00000000000000e+00 0.00000000000000e+00 0.00000000000000e+00 0.00000000000000e+00 0.00000000000000e+00 0.00000000000000e+00 0.00000000000000e+00 
5.85931093141796e-01 3.76220226622689e+02 3.52878985037037e+02 3.17659579317085e+22 3.05324161467047e+21 8.02030723121240e+19 5.29415766316157e+17 6.03256326467212e+15 3.76282429023089e+21 3.76834718253795e+16 1.82349728647404e+10 8.53030822815062e+14 7.84971216416770e+17 2.70037299431626e+16 0.00000000000000e+00 0.00000000000000e+00 0.00000000000000e+00 0.00000000000000e+00 0.00000000000000e+00 0.00000000000000e+00 0.00000000000000e+00 
6.60590898446294e-01 3.76220223899836e+02 3.52878631152142e+02 3.17659521139948e+22 3.05324834855985e+21 8.02031337297449e+19 5.29412312589567e+17 6.03257256965080e+15 3.76282235296197e+21 3.76834787950876e+16 1.82349562293236e+10 8.53023663053586e+14 7.84967546507029e+17 2.70037631120968e+16 0.00000000000000e+00 0.00000000000000e+00 0.00000000000000e+00 0.00000000000000e+00 0.00000000000000e+00 0.00000000000000e+00 0.00000000000000e+00 
1.31230266499713e+00 3.76220391161795e+02 3.52878629575188e+02 3.17659445952187e+22 3.05324415313718e+21 8.02030749390696e+19 5.29410519458316e+17 6.03258878623522e+15 3.76284589469079e+21 3.76836345814556e+16 1.82350875005268e+10 8.53019908489584e+14 7.84970027494690e+17 2.70038053400950e+16 0.00000000000000e+00 0.00000000000000e+00 0.00000000000000e+00 0.00000000000000e+00 0.00000000000000e+00 0.00000000000000e+00 0.00000000000000e+00 
1.96401443154797e+00 3.76220402745518e+02 3.52878727983789e+02 3.17659446499606e+22 3.05324337769513e+21 8.02030600024617e+19 5.29411137487752e+17 6.03258721883837e+15 3.76284736277039e+21 3.76836431424011e+16 1.82350978167809e+10 8.53021525097789e+14 7.84970756992604e+17 2.70037988045312e+16 0.00000000000000e+00 0.00000000000000e+00 0.00000000000000e+00 0.00000000000000e+00 0.00000000000000e+00 0.00000000000000e+00 0.00000000000000e+00 
2.61572619809881e+00 3.76220401581542e+02 3.52878734801655e+02 3.17659446448823e+22 3.05324326729779e+21 8.02030622326279e+19 5.29410465146987e+17 6.03258909589297e+15 3.76284759183461e+21 3.76836447517841e+16 1.82350965814388e+10 8.53019956899621e+14 7.84970304602284e+17 2.70038165917838e+16 0.00000000000000e+00 0.00000000000000e+00 0.00000000000000e+00 0.00000000000000e+00 0.00000000000000e+00 0.00000000000000e+00 0.00000000000000e+00 
9.13284386360720e+00 3.76220401678541e+02 3.52878734110551e+02 3.17659446427865e+22 3.05324325514945e+21 8.02030615933196e+19 5.29410488406718e+17 6.03258921386854e+15 3.76284762057652e+21 3.76836447951254e+16 1.82350965261586e+10 8.53020012189317e+14 7.84970321231990e+17 2.70038165130712e+16 0.00000000000000e+00 0.00000000000000e+00 0.00000000000000e+00 0.00000000000000e+00 0.00000000000000e+00 0.00000000000000e+00 0.00000000000000e+00 
1.56499615291156e+01 3.76220401780171e+02 3.52878734167377e+02 3.17659446292530e+22 3.05324326356366e+21 8.02030610382303e+19 5.29410577916832e+17 6.03258895728570e+15 3.76284763136133e+21 3.76836446093484e+16 1.82350965768373e+10 8.53020310109908e+14 7.84970430197589e+17 2.70038153768893e+16 0.00000000000000e+00 0.00000000000000e+00 0.00000000000000e+00 0.00000000000000e+00 0.00000000000000e+00 0.00000000000000e+00 0.00000000000000e+00 
2.21670791946240e+01 3.76220401758115e+02 3.52878734227223e+02 3.17659446316916e+22 3.05324326232500e+21 8.02030611420651e+19 5.29410561118856e+17 6.03258900692171e+15 3.76284762872924e+21 3.76836446412739e+16 1.82350965649417e+10 8.53020240886803e+14 7.84970404811688e+17 2.70038155318387e+16 0.00000000000000e+00 0.00000000000000e+00 0.00000000000000e+00 0.00000000000000e+00 0.00000000000000e+00 0.00000000000000e+00 0.00000000000000e+00 
8.73382558497079e+01 3.76220401768443e+02 3.52878734214239e+02 3.17659446301867e+22 3.05324326292339e+21 8.02030610843151e+19 5.29410569337693e+17 6.03258898136138e+15 3.76284763004609e+21 3.76836446259214e+16 1.82350965710004e+10 8.53020270431929e+14 7.84970415629521e+17 2.70038154543006e+16 0.00000000000000e+00 0.00000000000000e+00 0.00000000000000e+00 0.00000000000000e+00 0.00000000000000e+00 0.00000000000000e+00 0.00000000000000e+00 
1.52509432504792e+02 3.76220401770976e+02 3.52878734220317e+02 3.17659446298903e+22 3.05324326292347e+21 8.02030610704315e+19 5.29410570545224e+17 6.03258897364244e+15 3.76284763049297e+21 3.76836446252716e+16 1.82350965730940e+10 8.53020279844456e+14 7.84970418989345e+17 2.70038154566248e+16 0.00000000000000e+00 0.00000000000000e+00 0.00000000000000e+00 0.00000000000000e+00 0.00000000000000e+00 0.00000000000000e+00 0.00000000000000e+00 
2.17680609159876e+02 3.76220401771614e+02 3.52878734221806e+02 3.17659446297715e+22 3.05324326298248e+21 8.02030610667503e+19 5.29410571164456e+17 6.03258897257504e+15 3.76284763056161e+21 3.76836446239518e+16 1.82350965734080e+10 8.53020281198569e+14 7.84970419501526e+17 2.70038154506433e+16 0.00000000000000e+00 0.00000000000000e+00 0.00000000000000e+00 0.00000000000000e+00 0.00000000000000e+00 0.00000000000000e+00 0.00000000000000e+00 
3.17680609159876e+02 3.76220401771825e+02 3.52878734222181e+02 3.17659446297551e+22 3.05324326297431e+21 8.02030610655818e+19 5.29410571223062e+17 6.03258897178084e+15 3.76284763060288e+21 3.76836446240149e+16 1.82350965735844e+10 8.53020282118924e+14 7.84970419826251e+17 2.70038154515437e+16 0.00000000000000e+00 0.00000000000000e+00 0.00000000000000e+00 0.00000000000000e+00 0.00000000000000e+00 0.00000000000000e+00 0.00000000000000e+00 
4.17680609159876e+02 3.76220401771781e+02 3.52878734222306e+02 3.17659446297544e+22 3.05324326297409e+21 8.02030610657736e+19 5.29410571206617e+17 6.03258897189510e+15 3.76284763059613e+21 3.76836446240248e+16 1.82350965735565e+10 8.53020281981980e+14 7.84970419777348e+17 2.70038154514750e+16 0.00000000000000e+00 0.00000000000000e+00 0.00000000000000e+00 0.00000000000000e+00 0.00000000000000e+00 0.00000000000000e+00 0.00000000000000e+00 
5.17680609159876e+02 3.76220401771815e+02 3.52878734222280e+02 3.17659446297519e+22 3.05324326297260e+21 8.02030610655865e+19 5.29410571214855e+17 6.03258897176750e+15 3.76284763060282e+21 3.76836446240401e+16 1.82350965735863e+10 8.53020282132520e+14 7.84970419830353e+17 2.70038154516164e+16 0.00000000000000e+00 0.00000000000000e+00 0.00000000000000e+00 0.00000000000000e+00 0.00000000000000e+00 0.00000000000000e+00 0.00000000000000e+00 
6.17680609159876e+02 3.76220401771805e+02 3.52878734222300e+02 3.17659446297538e+22 3.05324326297323e+21 8.02030610656576e+19 5.29410571211907e+17 6.03258897181480e+15 3.76284763060047e+21 3.76836446240342e+16 1.82350965735753e+10 8.53020282077308e+14 7.84970419810936e+17 2.70038154515679e+16 0.00000000000000e+00 0.00000000000000e+00 0.00000000000000e+00 0.00000000000000e+00 0.00000000000000e+00 0.00000000000000e+00 0.00000000000000e+00 
7.17680609159876e+02 3.76220401771815e+02 3.52878734222293e+02 3.17659446297557e+22 3.05324326297301e+21 8.02030610656254e+19 5.29410571213085e+17 6.03258897178714e+15 3.76284763060212e+21 3.76836446240387e+16 1.82350965735814e+10 8.53020282110228e+14 7.84970419822526e+17 2.70038154516029e+16 0.00000000000000e+00 0.00000000000000e+00 0.00000000000000e+00 0.00000000000000e+00 0.00000000000000e+00 0.00000000000000e+00 0.00000000000000e+00 
8.17680609159876e+02 3.76220401771804e+02 3.52878734222300e+02 3.17659446297508e+22 3.05324326297279e+21 8.02030610656276e+19 5.29410571212679e+17 6.03258897179925e+15 3.76284763060095e+21 3.76836446240356e+16 1.82350965735781e+10 8.53020282094973e+14 7.84970419817105e+17 2.70038154515819e+16 0.00000000000000e+00 0.00000000000000e+00 0.00000000000000e+00 0.00000000000000e+00 0.00000000000000e+00 0.00000000000000e+00 0.00000000000000e+00 
9.17680609159876e+02 3.76220401771796e+02 3.52878734222293e+02 3.17659446297451e+22 3.05324326297224e+21 8.02030610656046e+19 5.29410571212765e+17 6.03258897179150e+15 3.76284763060081e+21 3.76836446240388e+16 1.82350965735807e+10 8.53020282102916e+14 7.84970419819777e+17 2.70038154515839e+16 0.00000000000000e+00 0.00000000000000e+00 0.00000000000000e+00 0.00000000000000e+00 0.00000000000000e+00 0.00000000000000e+00 0.00000000000000e+00 
1.00000000000000e+03 3.76220401771791e+02 3.52878734222288e+02 3.17659446297428e+22 3.05324326297208e+21 8.02030610656003e+19 5.29410571212740e+17 6.03258897179316e+15 3.76284763060048e+21 3.76836446240383e+16 1.82350965735802e+10 8.53020282100468e+14 7.84970419818884e+17 2.70038154515786e+16 0.00000000000000e+00 0.00000000000000e+00 0.00000000000000e+00 0.00000000000000e+00 0.00000000000000e+00 0.00000000000000e+00 0.00000000000000e+00 
