Time(s)              GasTemp(K)           NearWallTemp(K)      [O2(X)](m^-3)        [O2(a1Dg)](m^-3)     [O2(b1Sg+)](m^-3)    [O2(A3Su+_C3Du_c1Su-)](m^-3) [O2(+,X)](m^-3)      [O(3P)](m^-3)        [O(1D)](m^-3)        [O(+,gnd)](m^-3)     [O(-,gnd)](m^-3)     [O3(X)](m^-3)        [O3(exc)](m^-3)      [CO2(X)](m^-3)       [CO2(e1)](m^-3)      [CO2(+,X)](m^-3)     [CO(X)](m^-3)        [CO(a3P)](m^-3)      [CO(+,X)](m^-3)      [C(X)](m^-3)        
0.00000000000000e+00 3.46618599392000e+02 3.19960869726400e+02 1.08312027183212e+22 1.08312027183212e-03 1.08312027183212e-03 1.08312027183212e-03 0.00000000000000e+00 0.00000000000000e+00 0.00000000000000e+00 0.00000000000000e+00 0.00000000000000e+00 0.00000000000000e+00 0.00000000000000e+00 0.00000000000000e+00 0.00000000000000e+00 0.00000000000000e+00 0.00000000000000e+00 0.00000000000000e+00 0.00000000000000e+00 0.00000000000000e+00 
2.37002544829888e-16 3.46618599391979e+02 3.24503423065919e+02 1.08312027183211e+22 1.13721978619417e+07 2.68992345471897e+06 3.92434095227738e+06 5.39254218576005e+02 1.13289110715522e+07 2.02324503771588e+06 2.34886008171607e-02 4.98614599812860e+05 1.08016877636911e-06 7.71852562171075e-11 0.00000000000000e+00 0.00000000000000e+00 0.00000000000000e+00 0.00000000000000e+00 0.00000000000000e+00 0.00000000000000e+00 0.00000000000000e+00 
4.74005089659776e-16 3.46618599391958e+02 3.24503423065907e+02 1.08312027183211e+22 2.27443957228070e+07 5.37984690851140e+06 7.84868190346678e+06 1.07850843715199e+03 2.26578221433118e+07 4.04649007522437e+06 4.69772016333518e-02 9.97229199624461e+05 3.40914027309502e-06 2.43605787555826e-10 0.00000000000000e+00 0.00000000000000e+00 0.00000000000000e+00 0.00000000000000e+00 0.00000000000000e+00 0.00000000000000e+00 0.00000000000000e+00 
7.11007634489664e-16 3.46618599391936e+02 3.24503423065895e+02 1.08312027183211e+22 3.41165935836790e+07 8.06977036246373e+06 1.17730228546512e+07 1.61776265572797e+03 3.39867332152831e+07 6.06973511252107e+06 7.04658024485529e-02 1.49584379943478e+06 7.01324130843496e-06 5.01142820597624e-10 0.00000000000000e+00 0.00000000000000e+00 0.00000000000000e+00 0.00000000000000e+00 0.00000000000000e+00 0.00000000000000e+00 0.00000000000000e+00 
1.74506015756951e-15 3.46618599391843e+02 3.24503423065883e+02 1.08312027183210e+22 8.37339928375816e+07 1.98060246582194e+07 2.88950949610822e+07 3.97055252007366e+03 8.34152703083146e+07 1.48972421613550e+07 1.72947600487664e-01 3.67132122034203e+06 3.66607335412350e-05 2.61965368146794e-09 0.00000000000000e+00 0.00000000000000e+00 0.00000000000000e+00 0.00000000000000e+00 0.00000000000000e+00 0.00000000000000e+00 0.00000000000000e+00 
2.77911268064936e-15 3.46618599391751e+02 3.24503423065830e+02 1.08312027183209e+22 1.33351392091611e+08 3.15422789569634e+07 4.60171670674205e+07 6.32334238441906e+03 1.32843807405303e+08 2.37247492062310e+07 2.75429398508272e-01 5.84679864122527e+06 9.01394840072910e-05 6.44106673060426e-09 0.00000000000000e+00 0.00000000000000e+00 0.00000000000000e+00 0.00000000000000e+00 0.00000000000000e+00 0.00000000000000e+00 0.00000000000000e+00 
3.81316520372920e-15 3.46618599391658e+02 3.24503423065776e+02 1.08312027183208e+22 1.82968791345768e+08 4.32785332587427e+07 6.31392391736646e+07 8.67613224876415e+03 1.82272344506310e+08 3.25522562470865e+07 3.77911196510084e-01 8.02227606208411e+06 1.67825859011243e-04 1.19922758483470e-08 0.00000000000000e+00 0.00000000000000e+00 0.00000000000000e+00 0.00000000000000e+00 0.00000000000000e+00 0.00000000000000e+00 0.00000000000000e+00 
4.84721772680905e-15 3.46618599391565e+02 3.24503423065723e+02 1.08312027183207e+22 2.32586190600056e+08 5.50147875635741e+07 8.02613112798140e+07 1.10289221131089e+04 2.31700881611359e+08 4.13797632838995e+07 4.80392994492998e-01 1.01977534829184e+07 2.69852685692938e-04 1.92827724190224e-08 0.00000000000000e+00 0.00000000000000e+00 0.00000000000000e+00 0.00000000000000e+00 0.00000000000000e+00 0.00000000000000e+00 0.00000000000000e+00 
7.91611837554947e-15 3.46618599391289e+02 3.24503423065670e+02 1.08312027183203e+22 3.79842606848193e+08 8.98460922261358e+07 1.31076852097084e+08 1.80116219082123e+04 3.78396785568740e+08 6.75783764517351e+07 7.84542396171270e-01 1.66542186227008e+07 7.16143091162538e-04 5.11731955242804e-08 0.00000000000000e+00 0.00000000000000e+00 0.00000000000000e+00 0.00000000000000e+00 0.00000000000000e+00 0.00000000000000e+00 0.00000000000000e+00 
1.09850190242899e-14 3.46618599391014e+02 3.24503423065511e+02 1.08312027183200e+22 5.27099023097470e+08 1.24677396915608e+08 1.81892392913518e+08 2.49943217033130e+04 5.25092689561755e+08 9.37769895839268e+07 1.08869179768291e+00 2.31106837622669e+07 1.37705017404061e-03 9.83994102281035e-08 0.00000000000000e+00 0.00000000000000e+00 0.00000000000000e+00 0.00000000000000e+00 0.00000000000000e+00 0.00000000000000e+00 0.00000000000000e+00 
1.40539196730303e-14 3.46618599390739e+02 3.24503423065353e+02 1.08312027183197e+22 6.74355439347888e+08 1.59508701631993e+08 2.32707933729118e+08 3.19770214984111e+04 6.71788593590404e+08 1.19975602680473e+08 1.39284119902790e+00 2.95671489016166e+07 2.25258060810903e-03 1.60961893420730e-07 0.00000000000000e+00 0.00000000000000e+00 0.00000000000000e+00 0.00000000000000e+00 0.00000000000000e+00 0.00000000000000e+00 0.00000000000000e+00 
1.71228203217707e-14 3.46618599390463e+02 3.24503423065195e+02 1.08312027183194e+22 8.21611855599446e+08 1.94340006375289e+08 2.83523474543882e+08 3.89597212935065e+04 8.18484497654687e+08 1.46174215741375e+08 1.69699060020626e+00 3.60236140407501e+07 3.34273287759630e-03 2.38860536794368e-07 0.00000000000000e+00 0.00000000000000e+00 0.00000000000000e+00 0.00000000000000e+00 0.00000000000000e+00 0.00000000000000e+00 0.00000000000000e+00 
4.78118268091749e-14 3.46618599387708e+02 3.24503423065037e+02 1.08312027183161e+22 2.29417601817774e+09 5.42653055288369e+08 7.91678882645594e+08 1.08786719244314e+05 2.28544354025736e+09 4.08160344389949e+08 4.73848460282475e+00 1.00588265420189e+08 2.60483276339509e-02 1.86132657219180e-06 0.00000000000000e+00 0.00000000000000e+00 0.00000000000000e+00 0.00000000000000e+00 0.00000000000000e+00 0.00000000000000e+00 0.00000000000000e+00 
7.85008332965791e-14 3.46618599384953e+02 3.24503423063455e+02 1.08312027183129e+22 3.76674018087006e+09 8.90966106892582e+08 1.29983429066379e+09 1.78613717194855e+05 3.75240258642340e+09 6.70146469474074e+08 7.77997858877946e+00 1.65152916778000e+08 7.02159141143037e-02 5.01739492378793e-06 0.00000000000000e+00 0.00000000000000e+00 0.00000000000000e+00 0.00000000000000e+00 0.00000000000000e+00 0.00000000000000e+00 0.00000000000000e+00 
1.09189839783983e-13 3.46618599382199e+02 3.24503423061873e+02 1.08312027183097e+22 5.23930434367641e+09 1.23927916118793e+09 1.80798969859848e+09 2.48440715145130e+05 5.21936163615281e+09 9.32132590993753e+08 1.08214725580704e+01 2.29717568114182e+08 1.35845473737818e-01 9.70706426783992e-06 0.00000000000000e+00 0.00000000000000e+00 0.00000000000000e+00 0.00000000000000e+00 0.00000000000000e+00 0.00000000000000e+00 0.00000000000000e+00 
1.39878846271388e-13 3.46618599379444e+02 3.24503423060292e+02 1.08312027183065e+22 6.71186850659679e+09 1.58759221817440e+09 2.31614510644966e+09 3.18267713095138e+05 6.68632068944557e+09 1.19411870894899e+09 1.38629665106975e+01 2.94282219428736e+08 2.22937003503382e-01 1.59303343940688e-05 0.00000000000000e+00 0.00000000000000e+00 0.00000000000000e+00 0.00000000000000e+00 0.00000000000000e+00 0.00000000000000e+00 0.00000000000000e+00 
4.46768911145429e-13 3.46618599351895e+02 3.24503423058710e+02 1.08312027182742e+22 2.14375101420720e+10 5.07072293605130e+09 7.39769918036826e+09 1.01653769258057e+06 2.13559114183581e+10 3.81397969245682e+09 4.42779051204613e+01 9.39928731384696e+08 2.27426071963023e+00 1.62511084519471e-04 0.00000000000000e+00 0.00000000000000e+00 0.00000000000000e+00 0.00000000000000e+00 0.00000000000000e+00 0.00000000000000e+00 0.00000000000000e+00 
7.53658976019471e-13 3.46618599324346e+02 3.24503423042891e+02 1.08312027182419e+22 3.61631517889499e+10 8.55385392304119e+09 1.24792532459357e+10 1.71480767203938e+06 3.60255025036067e+10 6.43384031952013e+09 7.46928420638475e+01 1.58557524117780e+09 6.47178154012473e+00 4.62451924069551e-04 0.00000000000000e+00 0.00000000000000e+00 0.00000000000000e+00 0.00000000000000e+00 0.00000000000000e+00 0.00000000000000e+00 0.00000000000000e+00 
1.06054904089351e-12 3.46618599296797e+02 3.24503423027073e+02 1.08312027182097e+22 5.08887934472304e+10 1.20369851791440e+10 1.75608073031519e+10 2.41307765147155e+06 5.06950939451914e+10 9.05370059013896e+09 1.05107777340856e+02 2.23122174880804e+09 1.28154994698470e+01 9.15752857373401e-04 0.00000000000000e+00 0.00000000000000e+00 0.00000000000000e+00 0.00000000000000e+00 0.00000000000000e+00 0.00000000000000e+00 0.00000000000000e+00 
1.36743910576756e-12 3.46618599269249e+02 3.24503423011255e+02 1.08312027181774e+22 6.56144351169136e+10 1.55201167043598e+10 2.26423613520169e+10 3.11134763087708e+06 6.53646857431120e+10 1.16735605043134e+10 1.35522710951487e+02 2.87686825427542e+09 2.13054145044506e+01 1.52241388829084e-03 0.00000000000000e+00 0.00000000000000e+00 0.00000000000000e+00 0.00000000000000e+00 0.00000000000000e+00 0.00000000000000e+00 0.00000000000000e+00 
4.43633975450798e-12 3.46618598993761e+02 3.24503422995436e+02 1.08312027178548e+22 2.12870852440891e+11 5.03514467577151e+10 7.34579013813509e+10 1.00940474234676e+07 2.12060623320782e+11 3.78721400416314e+10 4.39671955407080e+02 9.33333318999187e+09 2.24245403287782e+02 1.60238309085699e-02 0.00000000000000e+00 0.00000000000000e+00 0.00000000000000e+00 0.00000000000000e+00 0.00000000000000e+00 0.00000000000000e+00 0.00000000000000e+00 
7.50524040324840e-12 3.46618598718273e+02 3.24503422837253e+02 1.08312027175323e+22 3.60127270905134e+11 8.51828037223207e+10 1.24273440575565e+11 1.70767472133947e+07 3.58756596531997e+11 6.40706839345619e+10 7.43821033225052e+02 1.57897979094222e+10 6.41805095240698e+02 4.58612619315112e-02 0.00000000000000e+00 0.00000000000000e+00 0.00000000000000e+00 0.00000000000000e+00 0.00000000000000e+00 0.00000000000000e+00 0.00000000000000e+00 
1.05741410519888e-11 3.46618598442786e+02 3.24503422679070e+02 1.08312027172097e+22 5.07383690509639e+11 1.20014187598141e+11 1.75088978934659e+11 2.40594470006585e+07 5.05452605376710e+11 9.02691921831511e+10 1.04796994440550e+03 2.22462624125665e+10 1.27398448427651e+03 9.10347105039764e-02 0.00000000000000e+00 0.00000000000000e+00 0.00000000000000e+00 0.00000000000000e+00 0.00000000000000e+00 0.00000000000000e+00 0.00000000000000e+00 
1.36430417007292e-11 3.46618598167298e+02 3.24503422520887e+02 1.08312027168871e+22 6.54640111254407e+11 1.54845598385140e+11 2.25904516458633e+11 3.10421467852588e+07 6.52148649854875e+11 1.16467664787447e+11 1.35211868894854e+03 2.87027266994248e+10 2.12078356402447e+03 1.51544180341123e-01 0.00000000000000e+00 0.00000000000000e+00 0.00000000000000e+00 0.00000000000000e+00 0.00000000000000e+00 0.00000000000000e+00 0.00000000000000e+00 
4.43320481881334e-11 3.46618595412423e+02 3.24503422362703e+02 1.08312027136612e+22 2.12720438141610e+12 5.03161186356581e+11 7.34059845766784e+11 1.00869144484765e+08 2.11911105445877e+12 3.78450430411835e+11 4.39359696935882e+03 9.32673576722720e+10 2.23928550459691e+04 1.60012139250360e+00 0.00000000000000e+00 0.00000000000000e+00 0.00000000000000e+00 0.00000000000000e+00 0.00000000000000e+00 0.00000000000000e+00 0.00000000000000e+00 
7.50210546755376e-11 3.46618592657549e+02 3.24503420780871e+02 1.08312027104354e+22 3.59976876560271e+12 8.51479465403698e+11 1.24221509156296e+12 1.70696141917900e+08 3.58607702235237e+12 6.40429631662284e+11 7.43505858614698e+03 1.57831967016509e+11 6.41268883223166e+04 4.58230497535591e+00 0.00000000000000e+00 0.00000000000000e+00 0.00000000000000e+00 0.00000000000000e+00 0.00000000000000e+00 0.00000000000000e+00 0.00000000000000e+00 
1.05710061162942e-10 3.46618589902675e+02 3.24503419199039e+02 1.08312027072095e+22 5.07233326381313e+12 1.19980043549127e+12 1.75037025384717e+12 2.40523139084641e+08 5.05304655348942e+12 9.02405268585049e+11 1.04765035394129e+04 2.22396554732134e+11 1.27322877311354e+05 9.09809847602636e+00 0.00000000000000e+00 0.00000000000000e+00 0.00000000000000e+00 0.00000000000000e+00 0.00000000000000e+00 0.00000000000000e+00 0.00000000000000e+00 
1.36399067650346e-10 3.46618587147803e+02 3.24503417617208e+02 1.08312027039836e+22 6.54489787604622e+12 1.54812409658240e+12 2.25852533261943e+12 3.10350135984963e+08 6.52001964782146e+12 1.16437734122858e+12 1.35179318292613e+04 2.86961120819145e+11 2.11980815643307e+05 1.51475056096074e+01 0.00000000000000e+00 0.00000000000000e+00 0.00000000000000e+00 0.00000000000000e+00 0.00000000000000e+00 0.00000000000000e+00 0.00000000000000e+00 
4.43289132524388e-10 3.46618559599134e+02 3.24503416035377e+02 1.08312026717248e+22 2.12705502692074e+13 5.03150869934354e+12 7.34007152718969e+12 1.00862009032616e+09 2.11899465493363e+13 3.78390204983233e+12 4.39312982776363e+04 9.32605592114706e+11 2.23896510810618e+06 1.59991670832912e+02 0.00000000000000e+00 0.00000000000000e+00 0.00000000000000e+00 0.00000000000000e+00 0.00000000000000e+00 0.00000000000000e+00 0.00000000000000e+00 
7.50179197398430e-10 3.46618532050565e+02 3.24503400217103e+02 1.08312026394657e+22 3.59962140633205e+13 8.51516236032146e+12 1.24216093705805e+13 1.70689001799712e+09 3.58602297150006e+13 6.40307038585119e+12 7.43429985037873e+04 1.57824790054644e+12 6.41213705801743e+06 4.58201442928347e+02 0.00000000000000e+00 0.00000000000000e+00 0.00000000000000e+00 0.00000000000000e+00 0.00000000000000e+00 0.00000000000000e+00 0.00000000000000e+00 
1.05706926227247e-09 3.46618504502095e+02 3.24503384398886e+02 1.08312026072063e+22 5.07218892572871e+13 1.19990850443040e+13 1.75031388628050e+13 2.40515991897416e+09 5.05308690985639e+13 9.02188239552690e+12 1.04753032607607e+05 2.22388804611232e+12 1.27314905836413e+07 9.09780368130057e+02 0.00000000000000e+00 0.00000000000000e+00 0.00000000000000e+00 0.00000000000000e+00 0.00000000000000e+00 0.00000000000000e+00 0.00000000000000e+00 
1.36395932714651e-09 3.46618476953725e+02 3.24503368580727e+02 1.08312025749467e+22 6.54475758499568e+13 1.54832767144157e+13 2.25846600038769e+13 3.10342979323248e+09 6.52018646515914e+13 1.16403381272853e+13 1.35161400693714e+05 2.86952602881025e+12 2.11970193151711e+07 1.51473216019107e+03 0.00000000000000e+00 0.00000000000000e+00 0.00000000000000e+00 0.00000000000000e+00 0.00000000000000e+00 0.00000000000000e+00 0.00000000000000e+00 
4.43285997588693e-09 3.46618201475489e+02 3.24503352762627e+02 1.08312022523350e+22 2.12705068289438e+14 5.03399743218960e+13 7.33994121061492e+13 1.00861270573121e+10 2.11931391992746e+14 3.78053176657652e+13 4.39153488417528e+05 9.32578689728866e+12 2.23889638205394e+08 1.60011002829105e+04 0.00000000000000e+00 0.00000000000000e+00 0.00000000000000e+00 0.00000000000000e+00 0.00000000000000e+00 0.00000000000000e+00 0.00000000000000e+00 
7.50176062462736e-09 3.46617926007191e+02 3.24503194584809e+02 1.08312019296961e+22 3.59963699285904e+14 8.52235284449442e+13 1.24213329108786e+14 1.70688216211865e+10 3.58696480986349e+14 6.39347246960654e+13 7.42979093846988e+05 1.57818314765598e+13 6.41192500699309e+08 4.58289922836609e+04 0.00000000000000e+00 0.00000000000000e+00 0.00000000000000e+00 0.00000000000000e+00 0.00000000000000e+00 0.00000000000000e+00 0.00000000000000e+00 
1.05706612733678e-08 3.46617650548820e+02 3.24503036412784e+02 1.08312016070297e+22 5.07223467743765e+14 1.20133903965732e+14 1.75026411024852e+14 2.40515134611770e+10 5.05497085505883e+14 9.00286053360044e+13 1.04663831674545e+06 2.22376597646049e+13 1.27309952485209e+09 9.10019454699943e+04 0.00000000000000e+00 0.00000000000000e+00 0.00000000000000e+00 0.00000000000000e+00 0.00000000000000e+00 0.00000000000000e+00 0.00000000000000e+00 
1.36395619221082e-08 3.46617375100366e+02 3.24502878246547e+02 1.08312012843361e+22 6.54484372516992e+14 1.55071064149948e+14 2.25838657868030e+14 3.10342025524848e+10 6.52333157301612e+14 1.16087007826213e+14 1.35013126153713e+06 2.86932717593067e+13 2.11960434054224e+09 1.51523660229691e+05 0.00000000000000e+00 0.00000000000000e+00 0.00000000000000e+00 0.00000000000000e+00 0.00000000000000e+00 0.00000000000000e+00 0.00000000000000e+00 
3.52088224218452e-08 3.46615439435428e+02 3.24502720086092e+02 1.08311990155706e+22 1.68951524162003e+15 4.01373696538706e+14 5.82940569896883e+14 8.01107979889047e+10 1.68534277041650e+15 2.98237296530560e+14 3.47849883826379e+06 7.40593702214455e+13 1.41230126682013e+10 1.01023509100491e+06 0.00000000000000e+00 0.00000000000000e+00 0.00000000000000e+00 0.00000000000000e+00 0.00000000000000e+00 0.00000000000000e+00 0.00000000000000e+00 
5.67780829215823e-08 3.46613504256425e+02 3.24501608644143e+02 1.08311967454718e+22 2.72460179026054e+15 6.48984949551609e+14 9.40001236853101e+14 1.29187247809034e+11 2.72008536595819e+15 4.78654062072853e+14 5.59869399227694e+06 1.19414783488845e+14 3.67244844051480e+10 2.62859451896469e+06 0.00000000000000e+00 0.00000000000000e+00 0.00000000000000e+00 0.00000000000000e+00 0.00000000000000e+00 0.00000000000000e+00 0.00000000000000e+00 
7.83473434213193e-08 3.46611569559918e+02 3.24500497485538e+02 1.08311944740526e+22 3.75974362580197e+15 8.97892238767612e+14 1.29702066349652e+15 1.78263543389696e+11 3.75654441452104e+15 6.57353830698129e+14 7.71075278576813e+06 1.64759510811751e+14 6.99218026494159e+10 5.00786927699208e+06 0.00000000000000e+00 0.00000000000000e+00 0.00000000000000e+00 0.00000000000000e+00 0.00000000000000e+00 0.00000000000000e+00 0.00000000000000e+00 
9.99166039210564e-08 3.46609635342507e+02 3.24499386608301e+02 1.08311922013259e+22 4.79494035966222e+15 1.14808311035317e+15 1.65399885458392e+15 2.27339676115616e+11 4.79470355820106e+15 8.34352957156622e+14 9.81471109008381e+06 2.10093551432755e+14 1.13712751361901e+11 8.14931347732330e+06 0.00000000000000e+00 0.00000000000000e+00 0.00000000000000e+00 0.00000000000000e+00 0.00000000000000e+00 0.00000000000000e+00 0.00000000000000e+00 
1.21485864420793e-07 3.46607701600823e+02 3.24498276010476e+02 1.08311899273044e+22 5.83019160723765e+15 1.39954523861592e+15 2.01093581486918e+15 2.76415637379040e+11 5.83454660738307e+15 1.00966762791643e+15 1.19106045892233e+07 2.55416904586958e+14 1.68095115275547e+11 1.20541682919226e+07 0.00000000000000e+00 0.00000000000000e+00 0.00000000000000e+00 0.00000000000000e+00 0.00000000000000e+00 0.00000000000000e+00 0.00000000000000e+00 
3.22559855975403e-07 3.46589697075463e+02 3.24497165690125e+02 1.08311686682608e+22 1.54836151480866e+16 3.80272378602637e+15 5.33640772748255e+15 7.33904097876945e+11 1.56063785600677e+16 2.56581003325782e+15 3.10674157099024e+07 6.77418082601786e+14 1.18424592452344e+12 8.54057026303199e+07 0.00000000000000e+00 0.00000000000000e+00 0.00000000000000e+00 0.00000000000000e+00 0.00000000000000e+00 0.00000000000000e+00 0.00000000000000e+00 
5.23633847530013e-07 3.46571731046039e+02 3.24486828016719e+02 1.08311473074384e+22 2.51414509209042e+16 6.30595998590953e+15 8.65830076749071e+15 1.19136995421524e+12 2.55108624817060e+16 3.98924985954480e+15 4.95544613533410e+07 1.09848974796142e+15 3.11884731535686e+12 2.26149827248935e+08 0.00000000000000e+00 0.00000000000000e+00 0.00000000000000e+00 0.00000000000000e+00 0.00000000000000e+00 0.00000000000000e+00 0.00000000000000e+00 
7.24707839084623e-07 3.46553801158496e+02 3.24476512819901e+02 1.08311258537206e+22 3.48034299261661e+16 8.90064017312944e+15 1.19766187781768e+16 1.64880627623396e+12 3.55366841956794e+16 5.29129879463696e+15 6.73986595817094e+07 1.51863119798148e+15 5.97010139374372e+12 4.35153533742067e+08 0.00000000000000e+00 0.00000000000000e+00 0.00000000000000e+00 0.00000000000000e+00 0.00000000000000e+00 0.00000000000000e+00 0.00000000000000e+00 
9.25781830639233e-07 3.46535905258715e+02 3.24466218745889e+02 1.08311043152333e+22 4.44693059518692e+16 1.15788848317916e+16 1.52913656001213e+16 2.10620615625370e+12 4.56734936825621e+16 6.48230440236428e+15 8.46258137643712e+07 1.93784168876678e+15 9.73620727915057e+12 7.13210007804309e+08 0.00000000000000e+00 0.00000000000000e+00 0.00000000000000e+00 0.00000000000000e+00 0.00000000000000e+00 0.00000000000000e+00 0.00000000000000e+00 
1.12685582219384e-06 3.46518041374530e+02 3.24455944555876e+02 1.08310826994140e+22 5.41388535240315e+16 1.43334825516902e+16 1.86025450705410e+16 2.56356271056329e+12 5.59118183457275e+16 7.57173685560995e+15 1.01260661772910e+08 2.35612044196816e+15 1.44153613630230e+13 1.06104506470514e+09 0.00000000000000e+00 0.00000000000000e+00 0.00000000000000e+00 0.00000000000000e+00 0.00000000000000e+00 0.00000000000000e+00 0.00000000000000e+00 
1.32792981374845e-06 3.46500207700719e+02 3.24445689115687e+02 1.08310610130680e+22 6.38118661954691e+16 1.71578348810584e+16 2.19101610224322e+16 3.02086908123328e+12 6.62429905871648e+16 8.56826135950564e+15 1.17326916692188e+08 2.77346665036410e+15 2.00057576667886e+13 1.47932248173633e+09 0.00000000000000e+00 0.00000000000000e+00 0.00000000000000e+00 0.00000000000000e+00 0.00000000000000e+00 0.00000000000000e+00 0.00000000000000e+00 
2.00051279033646e-06 3.46440753916281e+02 3.24435451387140e+02 1.08309880380895e+22 9.61904674063670e+16 2.70370824543313e+16 3.29481337555531e+16 4.55008429117815e+12 1.01376495133407e+17 1.13248967076974e+16 1.67223835447526e+08 4.16268247349370e+15 4.53037767274936e+13 3.39787551280636e+09 0.00000000000000e+00 0.00000000000000e+00 0.00000000000000e+00 0.00000000000000e+00 0.00000000000000e+00 0.00000000000000e+00 0.00000000000000e+00 
2.67309576692448e-06 3.46381569326726e+02 3.24401323574119e+02 1.08309145331484e+22 1.28599960969439e+17 3.74455559016692e+16 4.39464211136140e+16 6.07840820687998e+12 1.37218803250479e+17 1.33719405293734e+16 2.11783649790777e+08 5.54142257828939e+15 8.07092642731834e+13 6.12985009377475e+09 0.00000000000000e+00 0.00000000000000e+00 0.00000000000000e+00 0.00000000000000e+00 0.00000000000000e+00 0.00000000000000e+00 0.00000000000000e+00 
3.34567874351249e-06 3.46322615958903e+02 3.24367354350667e+02 1.08308406409291e+22 1.61035992843451e+17 4.82449434175689e+16 5.49051656078899e+16 7.60559048040520e+12 1.73588201020257e+17 1.48910234718591e+16 2.51682558318385e+08 6.90965340965421e+15 1.26153990676061e+14 9.68912108257628e+09 0.00000000000000e+00 0.00000000000000e+00 0.00000000000000e+00 0.00000000000000e+00 0.00000000000000e+00 0.00000000000000e+00 0.00000000000000e+00 
4.01826172010050e-06 3.46263865427560e+02 3.24333521873169e+02 1.08307664678221e+22 1.93495301782701e+17 5.93321340496512e+16 6.58245092770890e+16 9.13138409004679e+12 2.10349204078553e+17 1.60175491509617e+16 2.87509698980058e+08 8.26734132476771e+15 1.81569384816897e+14 1.40859818387811e+10 0.00000000000000e+00 0.00000000000000e+00 0.00000000000000e+00 0.00000000000000e+00 0.00000000000000e+00 0.00000000000000e+00 0.00000000000000e+00 
4.69084469668851e-06 3.46205296335409e+02 3.24299809809547e+02 1.08306920937661e+22 2.25975423048804e+17 7.06296714678437e+16 7.67045936826525e+16 1.06555454214064e+13 2.47400020629882e+17 1.68532307930924e+16 3.19779359528005e+08 9.61445330109387e+15 2.46886537151667e+14 1.93281192764262e+10 0.00000000000000e+00 0.00000000000000e+00 0.00000000000000e+00 0.00000000000000e+00 0.00000000000000e+00 0.00000000000000e+00 0.00000000000000e+00 
5.36342767327653e-06 3.46146892687116e+02 3.24266205844401e+02 1.08306175782517e+22 2.58474507696668e+17 8.20799315001078e+16 8.75455599035430e+16 1.21778343431686e+13 2.84664904861360e+17 1.74737375940046e+16 3.48940359667206e+08 1.09509573228888e+16 3.22036207230211e+14 2.54212278675245e+10 0.00000000000000e+00 0.00000000000000e+00 0.00000000000000e+00 0.00000000000000e+00 0.00000000000000e+00 0.00000000000000e+00 0.00000000000000e+00 
6.38502978703768e-06 3.46058472478779e+02 3.24232700766837e+02 1.08305042204295e+22 3.07871385241660e+17 9.96710652103219e+16 1.03937639890792e+17 1.44859630687645e+13 3.41554514564153e+17 1.81268544376809e+16 3.88153975616775e+08 1.29606429632658e+16 4.54836491591086e+14 3.63133437331561e+10 0.00000000000000e+00 0.00000000000000e+00 0.00000000000000e+00 0.00000000000000e+00 0.00000000000000e+00 0.00000000000000e+00 0.00000000000000e+00 
7.40663190079883e-06 3.45970378621573e+02 3.24181983288749e+02 1.08303907396154e+22 3.57305556456197e+17 1.17417731141153e+17 1.20240283957318e+17 1.67884140086306e+13 3.98679134109393e+17 1.85419791100216e+16 4.22246365769663e+08 1.49456826654882e+16 6.09915946352676e+14 4.91881301877984e+10 0.00000000000000e+00 0.00000000000000e+00 0.00000000000000e+00 0.00000000000000e+00 0.00000000000000e+00 0.00000000000000e+00 0.00000000000000e+00 
8.42823401455998e-06 3.45882592536765e+02 3.24131462036357e+02 1.08302772024505e+22 4.06774814796668e+17 1.35255548792682e+17 1.36453979982584e+17 1.90843939127709e+13 4.55953981073936e+17 1.88036454038295e+16 4.52158816911588e+08 1.69059829247241e+16 7.87027830927214e+14 6.40516193215603e+10 0.00000000000000e+00 0.00000000000000e+00 0.00000000000000e+00 0.00000000000000e+00 0.00000000000000e+00 0.00000000000000e+00 0.00000000000000e+00 
9.44983612832113e-06 3.45795101249962e+02 3.24081126262083e+02 1.08301636543799e+22 4.56277593105685e+17 1.53140691932433e+17 1.52579213185735e+17 2.13731298355921e+13 5.13321270059343e+17 1.89693962304521e+16 4.78661573343719e+08 1.88414586987747e+16 9.85923903222127e+14 8.09076173129551e+10 0.00000000000000e+00 0.00000000000000e+00 0.00000000000000e+00 0.00000000000000e+00 0.00000000000000e+00 0.00000000000000e+00 0.00000000000000e+00 
1.04714382420823e-05 3.45707895981592e+02 3.24030968438582e+02 1.08300501249797e+22 5.05812803229250e+17 1.71044721751716e+17 1.68616466128524e+17 2.36538695967219e+13 5.70743427142987e+17 1.90765689358802e+16 5.02384028629510e+08 2.07520336150534e+16 1.20635451016453e+15 9.97584053465537e+10 0.00000000000000e+00 0.00000000000000e+00 0.00000000000000e+00 0.00000000000000e+00 0.00000000000000e+00 0.00000000000000e+00 0.00000000000000e+00 
1.14930403558434e-05 3.45620971235984e+02 3.23980983448052e+02 1.08299366314005e+22 5.55379732349954e+17 1.88951247079934e+17 1.84566218717537e+17 2.59258821888735e+13 6.28198703788553e+17 1.91466811887628e+16 5.23838249974352e+08 2.26376399408388e+16 1.44806867865660e+15 1.20605175733795e+11 0.00000000000000e+00 0.00000000000000e+00 0.00000000000000e+00 0.00000000000000e+00 0.00000000000000e+00 0.00000000000000e+00 0.00000000000000e+00 
1.32593090783333e-05 3.45471336803381e+02 3.23931168058125e+02 1.08297405225905e+22 6.41150416991935e+17 2.19889585457046e+17 2.11937052032275e+17 2.98313550756537e+13 7.27576984448694e+17 1.92152628727291e+16 5.56772951028824e+08 2.58386317771201e+16 1.91544203904157e+15 1.61357846715712e+11 0.00000000000000e+00 0.00000000000000e+00 0.00000000000000e+00 0.00000000000000e+00 0.00000000000000e+00 0.00000000000000e+00 0.00000000000000e+00 
1.50255778008232e-05 3.45322516366838e+02 3.23845435209437e+02 1.08295445841385e+22 7.27012427585156e+17 2.50775931500613e+17 2.39050205195110e+17 3.37051200523529e+13 8.26974428324766e+17 1.92510988046647e+16 5.85785073668709e+08 2.89645648840744e+16 2.44436996786113e+15 2.08078514561926e+11 0.00000000000000e+00 0.00000000000000e+00 0.00000000000000e+00 0.00000000000000e+00 0.00000000000000e+00 0.00000000000000e+00 0.00000000000000e+00 
1.67918465233131e-05 3.45174502077631e+02 3.23760194616586e+02 1.08293488271390e+22 8.12964442351488e+17 2.81600703584084e+17 2.65908102287291e+17 3.75438654235747e+13 9.26377375623946e+17 1.92667628413595e+16 6.12005486573867e+08 3.20152617220639e+16 3.03353241667728e+15 2.60765481144931e+11 0.00000000000000e+00 0.00000000000000e+00 0.00000000000000e+00 0.00000000000000e+00 0.00000000000000e+00 0.00000000000000e+00 0.00000000000000e+00 
1.85581152458030e-05 3.45027287246420e+02 3.23675441381119e+02 1.08291532583977e+22 8.99005280304760e+17 3.12358445949010e+17 2.92513143968616e+17 4.13444830418168e+13 1.02577761568746e+18 1.92694229054941e+16 6.36245219859573e+08 3.49906144617599e+16 3.68160192487777e+15 3.19416665028352e+11 0.00000000000000e+00 0.00000000000000e+00 0.00000000000000e+00 0.00000000000000e+00 0.00000000000000e+00 0.00000000000000e+00 0.00000000000000e+00 
2.03243839682929e-05 3.44880864255891e+02 3.23591171275220e+02 1.08289578883742e+22 9.85133662200623e+17 3.43040124859549e+17 3.18867707656503e+17 4.51040705952837e+13 1.12516226976814e+18 1.92709572130098e+16 6.59091373381965e+08 3.78905821272197e+16 4.38724494741219e+15 3.84029488491730e+11 0.00000000000000e+00 0.00000000000000e+00 0.00000000000000e+00 0.00000000000000e+00 0.00000000000000e+00 0.00000000000000e+00 0.00000000000000e+00 
2.20906526907828e-05 3.44735226427611e+02 3.23507379546428e+02 1.08287627240925e+22 1.07134842373260e+18 3.73640002233619e+17 3.44974147817117e+17 4.88199327349253e+13 1.22452281813880e+18 1.92789279936236e+16 6.80951811120348e+08 4.07151902868385e+16 5.14912307932793e+15 4.54600591976857e+11 0.00000000000000e+00 0.00000000000000e+00 0.00000000000000e+00 0.00000000000000e+00 0.00000000000000e+00 0.00000000000000e+00 0.00000000000000e+00 
2.54712425644182e-05 3.44458655167872e+02 3.23424061986144e+02 1.08283897456585e+22 1.23659898426029e+18 4.31995600618946e+17 3.94257669951361e+17 5.58014303187235e+13 1.41464707662389e+18 1.92907798033939e+16 7.20881516822015e+08 4.59117282940628e+16 6.75926959819264e+15 6.06273794702963e+11 0.00000000000000e+00 0.00000000000000e+00 0.00000000000000e+00 0.00000000000000e+00 0.00000000000000e+00 0.00000000000000e+00 0.00000000000000e+00 
2.88518324380535e-05 3.44184911926549e+02 3.23265907356339e+02 1.08280175105104e+22 1.40215636904275e+18 4.90072242146079e+17 4.42656877281846e+17 6.25985556135391e+13 1.60470040207603e+18 1.92995681059107e+16 7.59384814838779e+08 5.08338955412917e+16 8.56108068768095e+15 7.79734960837095e+11 0.00000000000000e+00 0.00000000000000e+00 0.00000000000000e+00 0.00000000000000e+00 0.00000000000000e+00 0.00000000000000e+00 0.00000000000000e+00 
3.22324223116888e-05 3.43913961927839e+02 3.23109458102576e+02 1.08276460249498e+22 1.56801404193803e+18 5.47870175148808e+17 4.90187607896407e+17 6.91985503782199e+13 1.79467714382007e+18 1.93055005004614e+16 7.97097271438374e+08 5.54837325085969e+16 1.05451311432303e+16 9.74957521500863e+11 0.00000000000000e+00 0.00000000000000e+00 0.00000000000000e+00 0.00000000000000e+00 0.00000000000000e+00 0.00000000000000e+00 0.00000000000000e+00 
3.56130121853241e-05 3.43645770384151e+02 3.22954691761458e+02 1.08272752966091e+22 1.73416557805664e+18 6.05387782187615e+17 5.36865396267268e+17 7.55914034990688e+13 1.98456962447864e+18 1.93113879367727e+16 8.34295533197800e+08 5.98640774013670e+16 1.27020207340535e+16 1.19191331600427e+12 0.00000000000000e+00 0.00000000000000e+00 0.00000000000000e+00 0.00000000000000e+00 0.00000000000000e+00 0.00000000000000e+00 0.00000000000000e+00 
3.89936020589595e-05 3.43380303365006e+02 3.22801585927855e+02 1.08269053310744e+22 1.90060475785020e+18 6.62624850797003e+17 5.82705487167510e+17 8.17696613640204e+13 2.17437241836719e+18 1.93183403677454e+16 8.71130969903258e+08 6.39784948655338e+16 1.50224055944439e+16 1.43057252407746e+12 0.00000000000000e+00 0.00000000000000e+00 0.00000000000000e+00 0.00000000000000e+00 0.00000000000000e+00 0.00000000000000e+00 0.00000000000000e+00 
4.71470891788630e-05 3.42751047801108e+02 3.22650118749688e+02 1.08260161850301e+22 2.30317947701166e+18 7.99525512000483e+17 6.89907624250116e+17 9.57676166728740e+13 2.63176287094676e+18 1.93361128685973e+16 9.59033718355296e+08 7.28362098759317e+16 2.12361134002101e+16 2.09528620268596e+12 0.00000000000000e+00 0.00000000000000e+00 0.00000000000000e+00 0.00000000000000e+00 0.00000000000000e+00 0.00000000000000e+00 0.00000000000000e+00 
5.53005762987666e-05 3.42136995605417e+02 3.22291416761704e+02 1.08251315323381e+22 2.70731196983121e+18 9.34815144686136e+17 7.92526490840185e+17 1.08473059334877e+14 3.08857494515730e+18 1.93552620640065e+16 1.04635602129117e+09 8.02464725536174e+16 2.82208239994418e+16 2.88559828602068e+12 0.00000000000000e+00 0.00000000000000e+00 0.00000000000000e+00 0.00000000000000e+00 0.00000000000000e+00 0.00000000000000e+00 0.00000000000000e+00 
6.34540634186701e-05 3.41537707022670e+02 3.21941832024018e+02 1.08242513893922e+22 3.11292592757175e+18 1.06850987523637e+18 8.90757244966831e+17 1.19918839823921e+14 3.54478322300411e+18 1.93747299147351e+16 1.13357839606677e+09 8.62976877127233e+16 3.58549600433582e+16 3.80100891180624e+12 0.00000000000000e+00 0.00000000000000e+00 0.00000000000000e+00 0.00000000000000e+00 0.00000000000000e+00 0.00000000000000e+00 0.00000000000000e+00 
7.16075505385736e-05 3.40952757799739e+02 3.21601082861730e+02 1.08233757504992e+22 3.51994987508332e+18 1.20062743965020e+18 9.84786161656464e+17 1.30184794826779e+14 4.00037563666324e+18 1.93947925978137e+16 1.22098725617316e+09 9.10917586508911e+16 4.40238699033427e+16 4.84098450178362e+12 0.00000000000000e+00 0.00000000000000e+00 0.00000000000000e+00 0.00000000000000e+00 0.00000000000000e+00 0.00000000000000e+00 0.00000000000000e+00 
7.97610376584772e-05 3.40381738487382e+02 3.21268898252561e+02 1.08225045888789e+22 3.92831672635575e+18 1.33118767754694e+18 1.07479126907383e+18 1.39381323329979e+14 4.45535249656590e+18 1.94157060546415e+16 1.30882702995597e+09 9.47394897521337e+16 5.26210225229658e+16 6.00496351735298e+12 0.00000000000000e+00 0.00000000000000e+00 0.00000000000000e+00 0.00000000000000e+00 0.00000000000000e+00 0.00000000000000e+00 0.00000000000000e+00 
9.74562712428196e-05 3.39188547996891e+02 3.20945017321577e+02 1.08206290665367e+22 4.81891075721616e+18 1.60928822929681e+18 1.25707483007026e+18 1.56287393892625e+14 5.44073360519202e+18 1.94633677853803e+16 1.50184279154639e+09 9.92699724394305e+16 7.23165166178638e+16 8.95484366166259e+12 0.00000000000000e+00 0.00000000000000e+00 0.00000000000000e+00 0.00000000000000e+00 0.00000000000000e+00 0.00000000000000e+00 0.00000000000000e+00 
1.15151504827162e-04 3.38055301570471e+02 3.20269500517806e+02 1.08187736849382e+22 5.71494844108208e+18 1.88039308294801e+18 1.42282014733164e+18 1.70055421643061e+14 6.42349791791899e+18 1.95137554988239e+16 1.69914102014037e+09 1.00115349676942e+17 9.27462828453352e+16 1.24797444511564e+13 0.00000000000000e+00 0.00000000000000e+00 0.00000000000000e+00 0.00000000000000e+00 0.00000000000000e+00 0.00000000000000e+00 0.00000000000000e+00 
1.32846738411504e-04 3.36978428979796e+02 3.19629503942649e+02 1.08169375180156e+22 6.61590043546381e+18 2.14474544814204e+18 1.57351311363265e+18 1.81854155672923e+14 7.40395156527933e+18 1.95663865351700e+16 1.90110624116565e+09 9.83671827530813e+16 1.13261350929241e+17 1.65730988682619e+13 0.00000000000000e+00 0.00000000000000e+00 0.00000000000000e+00 0.00000000000000e+00 0.00000000000000e+00 0.00000000000000e+00 0.00000000000000e+00 
1.50541971995847e-04 3.35954627536121e+02 3.19022781435825e+02 1.08151194856089e+22 7.52129430803323e+18 2.40258600794661e+18 1.71049725026101e+18 1.92598028171790e+14 8.38243925159174e+18 1.96210149818226e+16 2.10745135586705e+09 9.49617221063105e+16 1.33413140443482e+17 2.12280624121381e+13 0.00000000000000e+00 0.00000000000000e+00 0.00000000000000e+00 0.00000000000000e+00 0.00000000000000e+00 0.00000000000000e+00 0.00000000000000e+00 
1.68237205580189e-04 3.34980832329782e+02 3.18447265270607e+02 1.08133184588064e+22 8.43070158330475e+18 2.65414305380627e+18 1.83499157239947e+18 2.02910596644368e+14 9.35928714763698e+18 1.96773826613022e+16 2.31753890081351e+09 9.06347715200478e+16 1.52920724217400e+17 2.64375719573938e+13 0.00000000000000e+00 0.00000000000000e+00 0.00000000000000e+00 0.00000000000000e+00 0.00000000000000e+00 0.00000000000000e+00 0.00000000000000e+00 
1.90899437980371e-04 3.33802178373574e+02 3.17901046036413e+02 1.08110349828011e+22 9.60060961076670e+18 2.96746996407537e+18 1.97795889827117e+18 2.16085848250358e+14 1.06083686435089e+19 1.97517026563464e+16 2.59072786015761e+09 8.45862039727004e+16 1.76717882241489e+17 3.39076502377317e+13 0.00000000000000e+00 0.00000000000000e+00 0.00000000000000e+00 0.00000000000000e+00 0.00000000000000e+00 0.00000000000000e+00 0.00000000000000e+00 
2.13561670380553e-04 3.32695341118717e+02 3.17241473331451e+02 1.08087754381559e+22 1.07757008111611e+19 3.27123937147777e+18 2.10435271778113e+18 2.29578779460721e+14 1.18556540478292e+19 1.98280043233468e+16 2.86723603372035e+09 7.86110267570526e+16 1.99098503936743e+17 4.22596263455027e+13 0.00000000000000e+00 0.00000000000000e+00 0.00000000000000e+00 0.00000000000000e+00 0.00000000000000e+00 0.00000000000000e+00 0.00000000000000e+00 
2.36223902780735e-04 3.31655274759530e+02 3.16623648267611e+02 1.08065379146778e+22 1.19552929691183e+19 3.56581069224580e+18 2.21602555180854e+18 2.43485641120669e+14 1.31014307427526e+19 1.99059242896612e+16 3.14534395837385e+09 7.30517837349489e+16 2.20106334720862e+17 5.14771636390386e+13 0.00000000000000e+00 0.00000000000000e+00 0.00000000000000e+00 0.00000000000000e+00 0.00000000000000e+00 0.00000000000000e+00 0.00000000000000e+00 
2.58886135180918e-04 3.30677354794598e+02 3.16044477648241e+02 1.08043207423702e+22 1.31387691237114e+19 3.85151197015095e+18 2.31462280599646e+18 2.57793395989308e+14 1.43458792025925e+19 1.99851404159736e+16 3.42424966322376e+09 6.80437221159253e+16 2.39845272491421e+17 6.15433137542743e+13 0.00000000000000e+00 0.00000000000000e+00 0.00000000000000e+00 0.00000000000000e+00 0.00000000000000e+00 0.00000000000000e+00 0.00000000000000e+00 
2.81548367581100e-04 3.29757335554977e+02 3.15501142817098e+02 1.08021224452776e+22 1.43255742226449e+19 4.12864999401913e+18 2.40160700019823e+18 2.72464546931564e+14 1.55891203255715e+19 2.00653793396390e+16 3.70357456833347e+09 6.36224787463538e+16 2.58437738649521e+17 7.24405261924611e+13 0.00000000000000e+00 0.00000000000000e+00 0.00000000000000e+00 0.00000000000000e+00 0.00000000000000e+00 0.00000000000000e+00 0.00000000000000e+00 
3.04210599981282e-04 3.28891318212636e+02 3.14991070366806e+02 1.07999417207342e+22 1.55152100753429e+19 4.39751388541189e+18 2.47827624160387e+18 2.87437031210632e+14 1.68312299138320e+19 2.01464167608317e+16 3.98275964539912e+09 5.97584349065864e+16 2.76010891376573e+17 8.41506842456848e+13 0.00000000000000e+00 0.00000000000000e+00 0.00000000000000e+00 0.00000000000000e+00 0.00000000000000e+00 0.00000000000000e+00 0.00000000000000e+00 
3.37218282181730e-04 3.27719237152465e+02 3.14511909501185e+02 1.07967946001017e+22 1.72520733206945e+19 4.77487442623254e+18 2.57384113132335e+18 3.09601135755372e+14 1.86384154198868e+19 2.02654932856127e+16 4.38836432502707e+09 5.49695306015938e+16 3.00027055124680e+17 1.02622415777785e+14 0.00000000000000e+00 0.00000000000000e+00 0.00000000000000e+00 0.00000000000000e+00 0.00000000000000e+00 0.00000000000000e+00 0.00000000000000e+00 
3.70225964382178e-04 3.26644158173332e+02 3.13864914387049e+02 1.07936792901040e+22 1.89927983720190e+19 5.13606450524561e+18 2.65302033045122e+18 3.32003000547748e+14 2.04433459676714e+19 2.03853924254857e+16 4.79317673993886e+09 5.09716901293003e+16 3.22451599738632e+17 1.22719769702118e+14 0.00000000000000e+00 0.00000000000000e+00 0.00000000000000e+00 0.00000000000000e+00 0.00000000000000e+00 0.00000000000000e+00 0.00000000000000e+00 
4.03233646582626e-04 3.25657194975974e+02 3.13272998122691e+02 1.07905931861326e+22 2.07363666781327e+19 5.48184604612672e+18 2.71839636718308e+18 3.54483313162877e+14 2.22460547637918e+19 2.05057541534832e+16 5.19702027478211e+09 4.75624612114276e+16 3.43527032974405e+17 1.44381604764624e+14 0.00000000000000e+00 0.00000000000000e+00 0.00000000000000e+00 0.00000000000000e+00 0.00000000000000e+00 0.00000000000000e+00 0.00000000000000e+00 
4.36241328783074e-04 3.24750419164223e+02 3.12730894775475e+02 1.07875340254380e+22 2.24819159960652e+19 5.81294727841645e+18 2.77214688943380e+18 3.76956882867377e+14 2.40465789578086e+19 2.06263081706541e+16 5.60003057804404e+09 4.46129438591743e+16 3.63430224537765e+17 1.67545370068778e+14 0.00000000000000e+00 0.00000000000000e+00 0.00000000000000e+00 0.00000000000000e+00 0.00000000000000e+00 0.00000000000000e+00 0.00000000000000e+00 
4.69249010983522e-04 3.23916740485459e+02 3.12233935937507e+02 1.07844998129742e+22 2.42287172412013e+19 6.13006476405209e+18 2.81610789367090e+18 3.99385833686196e+14 2.58449645264433e+19 2.07468558021674e+16 6.00243501223835e+09 4.20459395584338e+16 3.82299451551801e+17 1.92147461281269e+14 0.00000000000000e+00 0.00000000000000e+00 0.00000000000000e+00 0.00000000000000e+00 0.00000000000000e+00 0.00000000000000e+00 0.00000000000000e+00 
5.02256693183970e-04 3.23149808330520e+02 3.11777971784249e+02 1.07814888045729e+22 2.59761525496489e+19 6.43386120350217e+18 2.85182447643552e+18 4.21735558364107e+14 2.76412428131190e+19 2.08672528013595e+16 6.40412071007806e+09 3.97872421964974e+16 4.00251960477009e+17 2.18123532523461e+14 0.00000000000000e+00 0.00000000000000e+00 0.00000000000000e+00 0.00000000000000e+00 0.00000000000000e+00 0.00000000000000e+00 0.00000000000000e+00 
5.82328175403429e-04 3.21534505026085e+02 3.11359306308723e+02 1.07742724371356e+22 3.02149607587655e+19 7.11918603343173e+18 2.91121387507903e+18 4.75504571505756e+14 3.19901029683856e+19 2.11580047973511e+16 7.37621660732396e+09 3.52671266439389e+16 4.40500859229426e+17 2.86447647631748e+14 0.00000000000000e+00 0.00000000000000e+00 0.00000000000000e+00 0.00000000000000e+00 0.00000000000000e+00 0.00000000000000e+00 0.00000000000000e+00 
6.48037957688482e-04 3.20428977876308e+02 3.10480015271582e+02 1.07684328865639e+22 3.36899380815495e+19 7.63164626496292e+18 2.93939534311195e+18 5.19092318530468e+14 3.55500336389372e+19 2.13949766270322e+16 8.17214127497515e+09 3.22872537382592e+16 4.70635736696152e+17 3.47621154499856e+14 0.00000000000000e+00 0.00000000000000e+00 0.00000000000000e+00 0.00000000000000e+00 0.00000000000000e+00 0.00000000000000e+00 0.00000000000000e+00 
7.13747739973535e-04 3.19488988972183e+02 3.09880182278064e+02 1.07626591907303e+22 3.71593498744332e+19 8.10355814778193e+18 2.95479495075704e+18 5.62216070843654e+14 3.91021043224227e+19 2.16303606777799e+16 8.96658482948236e+09 2.98124292844203e+16 4.98579709898639e+17 4.12851074124143e+14 0.00000000000000e+00 0.00000000000000e+00 0.00000000000000e+00 0.00000000000000e+00 0.00000000000000e+00 0.00000000000000e+00 0.00000000000000e+00 
7.79457522258588e-04 3.18689852976167e+02 3.09371425207998e+02 1.07569450709945e+22 4.06216875438519e+19 8.53867541240428e+18 2.96101667747649e+18 6.04887753477338e+14 4.26464200206459e+19 2.18640950922095e+16 9.75958305843316e+09 2.77259819928532e+16 5.24623528155502e+17 4.81639680533643e+14 0.00000000000000e+00 0.00000000000000e+00 0.00000000000000e+00 0.00000000000000e+00 0.00000000000000e+00 0.00000000000000e+00 0.00000000000000e+00 
8.45167304543641e-04 3.18010943357739e+02 3.08939814626123e+02 1.07512853007097e+22 4.40758486402415e+19 8.94040574412308e+18 2.96065163927777e+18 6.47113715922770e+14 4.61830512918430e+19 2.20962090946335e+16 1.05513537490199e+10 2.59294197060300e+16 5.48997168910132e+17 5.53503650857298e+14 0.00000000000000e+00 0.00000000000000e+00 0.00000000000000e+00 0.00000000000000e+00 0.00000000000000e+00 0.00000000000000e+00 0.00000000000000e+00 
9.10877086828694e-04 3.17434833006799e+02 3.08573796095548e+02 1.07456754136524e+22 4.75210143912882e+19 9.31184764005977e+18 2.95560091971470e+18 6.88918701460669e+14 4.97120702281003e+19 2.23267812788748e+16 1.13421462580521e+10 2.43689677090890e+16 5.71885225814137e+17 6.27977637191296e+14 0.00000000000000e+00 0.00000000000000e+00 0.00000000000000e+00 0.00000000000000e+00 0.00000000000000e+00 0.00000000000000e+00 0.00000000000000e+00 
9.96038149058380e-04 3.16817706028662e+02 3.08263672504810e+02 1.07384730478833e+22 5.19716876356997e+19 9.75269865752938e+18 2.94422099480633e+18 7.42498854033604e+14 5.42744889205739e+19 2.26234296488116e+16 1.23654664265686e+10 2.26174760669560e+16 5.99576161482208e+17 7.27659862825408e+14 0.00000000000000e+00 0.00000000000000e+00 0.00000000000000e+00 0.00000000000000e+00 0.00000000000000e+00 0.00000000000000e+00 0.00000000000000e+00 
1.08119921128807e-03 3.16322033097180e+02 3.07931947973165e+02 1.07313410584962e+22 5.64053229285111e+19 1.01528589059052e+19 2.92933220677836e+18 7.95452659057576e+14 5.88243033270301e+19 2.29178206361280e+16 1.33873339033401e+10 2.11203798143904e+16 6.25289636024610e+17 8.30071314735629e+14 0.00000000000000e+00 0.00000000000000e+00 0.00000000000000e+00 0.00000000000000e+00 0.00000000000000e+00 0.00000000000000e+00 0.00000000000000e+00 
1.16636027351775e-03 3.15926161386476e+02 3.07665862192082e+02 1.07242735438427e+22 6.08213136979833e+19 1.05171753560732e+19 2.91225686928451e+18 8.47817537809380e+14 6.33615893833799e+19 2.32101545825782e+16 1.44076843583888e+10 1.98245410423784e+16 6.49244756441126e+17 9.34371025284884e+14 0.00000000000000e+00 0.00000000000000e+00 0.00000000000000e+00 0.00000000000000e+00 0.00000000000000e+00 0.00000000000000e+00 0.00000000000000e+00 
1.25152133574744e-03 3.15612620901705e+02 3.07453571303894e+02 1.07172655492305e+22 6.52192749121553e+19 1.08498927731898e+19 2.89381364290782e+18 8.99624936150562e+14 6.78864075073088e+19 2.35003909366373e+16 1.54266081363045e+10 1.86896526328290e+16 6.71619778431900e+17 1.03979132494155e+15 0.00000000000000e+00 0.00000000000000e+00 0.00000000000000e+00 0.00000000000000e+00 0.00000000000000e+00 0.00000000000000e+00 0.00000000000000e+00 
1.33668239797713e-03 3.15367099942799e+02 3.07285562808541e+02 1.07103128303167e+22 6.95989531245309e+19 1.11547418128417e+19 2.87453825068789e+18 9.50903336142220e+14 7.23988080508031e+19 2.37886294553839e+16 1.64441203821862e+10 1.76861149270674e+16 6.92562699942929e+17 1.14563842362632e+15 0.00000000000000e+00 0.00000000000000e+00 0.00000000000000e+00 0.00000000000000e+00 0.00000000000000e+00 0.00000000000000e+00 0.00000000000000e+00 
1.48206145579198e-03 3.15073730789455e+02 3.07154074883561e+02 1.06985615767388e+22 7.70328726739964e+19 1.16196767219377e+19 2.84062343739028e+18 1.03728522950803e+15 8.00733757344547e+19 2.42762010011875e+16 1.81778072055979e+10 1.62130064618056e+16 7.25340364136720e+17 1.32562523672767e+15 0.00000000000000e+00 0.00000000000000e+00 0.00000000000000e+00 0.00000000000000e+00 0.00000000000000e+00 0.00000000000000e+00 0.00000000000000e+00 
1.62744051360683e-03 3.14898807792744e+02 3.06997020758337e+02 1.06869455667110e+22 8.44125678044734e+19 1.20266285693136e+19 2.80643942292192e+18 1.12231407369513e+15 8.77120809963567e+19 2.47583830219047e+16 1.99072022944398e+10 1.49862458703655e+16 7.54817971792876e+17 1.50247965590408e+15 0.00000000000000e+00 0.00000000000000e+00 0.00000000000000e+00 0.00000000000000e+00 0.00000000000000e+00 0.00000000000000e+00 0.00000000000000e+00 
1.77281957142169e-03 3.14808557313120e+02 3.06903365749245e+02 1.06754524730587e+22 9.17378925710885e+19 1.23868344785750e+19 2.77253397744492e+18 1.20607615286445e+15 9.53151072828097e+19 2.52352533380869e+16 2.16320076369800e+10 1.39475098922167e+16 7.81414595183629e+17 1.67415531385033e+15 0.00000000000000e+00 0.00000000000000e+00 0.00000000000000e+00 0.00000000000000e+00 0.00000000000000e+00 0.00000000000000e+00 0.00000000000000e+00 
1.91819862923654e-03 3.14779322643480e+02 3.06854980795966e+02 1.06640725715761e+22 9.90089164043246e+19 1.27091704247623e+19 2.73912737507288e+18 1.28863890258469e+15 1.02882621589177e+20 2.57068704814574e+16 2.33520434717225e+10 1.30547704640519e+16 8.05462361590272e+17 1.83915553522005e+15 0.00000000000000e+00 0.00000000000000e+00 0.00000000000000e+00 0.00000000000000e+00 0.00000000000000e+00 0.00000000000000e+00 0.00000000000000e+00 
2.06357768705139e-03 3.14794080418276e+02 3.06839196567017e+02 1.06527980212489e+22 1.06225812644041e+20 1.30007233289882e+19 2.70633426312502e+18 1.37005880249478e+15 1.10414779730474e+20 2.61733144985402e+16 2.50671024204554e+10 1.22775147099101e+16 8.27231211214178e+17 1.99644566632348e+15 0.00000000000000e+00 0.00000000000000e+00 0.00000000000000e+00 0.00000000000000e+00 0.00000000000000e+00 0.00000000000000e+00 0.00000000000000e+00 
2.28637425159716e-03 3.14875754600014e+02 3.06846911216964e+02 1.06357100997705e+22 1.17181388812985e+20 1.34000628233254e+19 2.65742730534271e+18 1.49272672888555e+15 1.21889705089519e+20 2.68783766289811e+16 2.76854310126234e+10 1.12641047275578e+16 8.56660797111010e+17 2.22125850123112e+15 0.00000000000000e+00 0.00000000000000e+00 0.00000000000000e+00 0.00000000000000e+00 0.00000000000000e+00 0.00000000000000e+00 0.00000000000000e+00 
2.50917081614293e-03 3.15000548371678e+02 3.06890283466208e+02 1.06188364578127e+22 1.28011437374224e+20 1.37561506018951e+19 2.61027263952706e+18 1.61297674341069e+15 1.33282498574133e+20 2.75719977417435e+16 3.02910559411685e+10 1.04223551903887e+16 8.81934810314126e+17 2.42548155257983e+15 0.00000000000000e+00 0.00000000000000e+00 0.00000000000000e+00 0.00000000000000e+00 0.00000000000000e+00 0.00000000000000e+00 0.00000000000000e+00 
2.73196738068871e-03 3.15149258413049e+02 3.06956705501067e+02 1.06021633694898e+22 1.38717176820941e+20 1.40804431274603e+19 2.56487458881226e+18 1.73092556924227e+15 1.44593685493834e+20 2.82546187867053e+16 3.28834164114758e+10 9.70510133618593e+15 9.03591157755280e+17 2.60933929383707e+15 0.00000000000000e+00 0.00000000000000e+00 0.00000000000000e+00 0.00000000000000e+00 0.00000000000000e+00 0.00000000000000e+00 0.00000000000000e+00 
2.95476394523448e-03 3.15311207301802e+02 3.07035931716517e+02 1.05856807438143e+22 1.49299944078316e+20 1.43808536241204e+19 2.52117259139997e+18 1.84667622901230e+15 1.55823797722716e+20 2.89266850962373e+16 3.54622836622227e+10 9.09183785214587e+15 9.22058964586482e+17 2.77396648746058e+15 0.00000000000000e+00 0.00000000000000e+00 0.00000000000000e+00 0.00000000000000e+00 0.00000000000000e+00 0.00000000000000e+00 0.00000000000000e+00 
3.17756050978025e-03 3.15480150597598e+02 3.07122265537268e+02 1.05693808802786e+22 1.59761126652457e+20 1.46629890287192e+19 2.47909431760348e+18 1.96031063264097e+15 1.66973344707644e+20 2.95886216924592e+16 3.80273594771472e+10 8.55896658775029e+15 9.37693415386339e+17 2.92096233144461e+15 0.00000000000000e+00 0.00000000000000e+00 0.00000000000000e+00 0.00000000000000e+00 0.00000000000000e+00 0.00000000000000e+00 0.00000000000000e+00 
3.61083608657133e-03 3.15816744106609e+02 3.07212374434875e+02 1.05381848553554e+22 1.79762305759553e+20 1.51725763025695e+19 2.40164455878829e+18 2.17549997537847e+15 1.88427171695077e+20 3.08484692571766e+16 4.29760197142167e+10 7.70226023213124e+15 9.61036821248623e+17 3.16291974762255e+15 0.00000000000000e+00 0.00000000000000e+00 0.00000000000000e+00 0.00000000000000e+00 0.00000000000000e+00 0.00000000000000e+00 0.00000000000000e+00 
4.04411166336241e-03 3.16150245468588e+02 3.07392022537000e+02 1.05076235981633e+22 1.99319360367331e+20 1.56475597171403e+19 2.32953383505684e+18 2.38344285277851e+15 2.09581663444871e+20 3.20743632205211e+16 4.78713904593230e+10 7.01683686593162e+15 9.76579838803770e+17 3.35712745260721e+15 0.00000000000000e+00 0.00000000000000e+00 0.00000000000000e+00 0.00000000000000e+00 0.00000000000000e+00 0.00000000000000e+00 0.00000000000000e+00 
4.47738724015350e-03 3.16476074694469e+02 3.07570157532431e+02 1.04776728159892e+22 2.18442616225993e+20 1.60985849998640e+19 2.26225045021084e+18 2.58454690682666e+15 2.30440213624711e+20 3.32687490896074e+16 5.27132479924755e+10 6.46090965988700e+15 9.85748441793925e+17 3.51451896456367e+15 0.00000000000000e+00 0.00000000000000e+00 0.00000000000000e+00 0.00000000000000e+00 0.00000000000000e+00 0.00000000000000e+00 0.00000000000000e+00 
4.91066281694458e-03 3.16794624951267e+02 3.07744319586863e+02 1.04483146625713e+22 2.37142200683526e+20 1.65305365946091e+19 2.19933197482949e+18 2.77915292007894e+15 2.51006063371767e+20 3.44337642422846e+16 5.75016124106579e+10 5.99820003326756e+15 9.89662801371218e+17 3.64363022632398e+15 0.00000000000000e+00 0.00000000000000e+00 0.00000000000000e+00 0.00000000000000e+00 0.00000000000000e+00 0.00000000000000e+00 0.00000000000000e+00 
5.34393839373566e-03 3.17106537025435e+02 3.07914710264784e+02 1.04195340214734e+22 2.55427960328373e+20 1.69461470246746e+19 2.14037394639366e+18 2.96757537032116e+15 2.71282331367490e+20 3.55712681280455e+16 6.22365859880284e+10 5.60637856097257e+15 9.89244987502798e+17 3.75063571765846e+15 0.00000000000000e+00 0.00000000000000e+00 0.00000000000000e+00 0.00000000000000e+00 0.00000000000000e+00 0.00000000000000e+00 0.00000000000000e+00 
5.86503056357064e-03 3.17472910015557e+02 3.08081664969562e+02 1.03856655329447e+22 2.76885218180788e+20 1.74270876852652e+19 2.07421650477417e+18 3.18638670039999e+15 2.95288955004531e+20 3.69051654643048e+16 6.78606335970356e+10 5.21179344282451e+15 9.84104233295567e+17 3.85616897621977e+15 0.00000000000000e+00 0.00000000000000e+00 0.00000000000000e+00 0.00000000000000e+00 0.00000000000000e+00 0.00000000000000e+00 0.00000000000000e+00 
6.38612273340561e-03 3.17829884105125e+02 3.08277914881530e+02 1.03525898595304e+22 2.97773814464714e+20 1.78897786209751e+19 2.01273630447482e+18 3.39711396853291e+15 3.18886362320615e+20 3.82040753494005e+16 7.34076726426850e+10 4.87714286492850e+15 9.74998376772334e+17 3.94194363515521e+15 0.00000000000000e+00 0.00000000000000e+00 0.00000000000000e+00 0.00000000000000e+00 0.00000000000000e+00 0.00000000000000e+00 0.00000000000000e+00 
6.90721490324059e-03 3.18177908350099e+02 3.08469279624342e+02 1.03202862199219e+22 3.18109330721665e+20 1.83358399361381e+19 1.95546895893236e+18 3.60018154032034e+15 3.42079747857149e+20 3.94701209806358e+16 7.88779516854364e+10 4.59180348157260e+15 9.62890389451142e+17 4.01205787054610e+15 0.00000000000000e+00 0.00000000000000e+00 0.00000000000000e+00 0.00000000000000e+00 0.00000000000000e+00 0.00000000000000e+00 0.00000000000000e+00 
7.42830707307557e-03 3.18517546397603e+02 3.08655988427853e+02 1.02887351034051e+22 3.37906829313957e+20 1.87663446067541e+19 1.90200955872566e+18 3.79597166783813e+15 3.64874293209163e+20 4.07051777793288e+16 8.42717401129623e+10 4.34552230727783e+15 9.48572807986688e+17 4.06950428705256e+15 0.00000000000000e+00 0.00000000000000e+00 0.00000000000000e+00 0.00000000000000e+00 0.00000000000000e+00 0.00000000000000e+00 0.00000000000000e+00 
7.94939924291054e-03 3.18849252269907e+02 3.08838333375696e+02 1.02579178577593e+22 3.57180885762712e+20 1.91821527920005e+19 1.85199860028122e+18 3.98483319298241e+15 3.87275183207663e+20 4.19109176298745e+16 8.95893707732884e+10 4.13095208361188e+15 9.32700647022341e+17 4.11667976339571e+15 0.00000000000000e+00 0.00000000000000e+00 0.00000000000000e+00 0.00000000000000e+00 0.00000000000000e+00 0.00000000000000e+00 0.00000000000000e+00 
8.80524089951180e-03 3.19377620686389e+02 3.09016548688225e+02 1.02088493384846e+22 3.87737503266326e+20 1.98351831456737e+19 1.77653623534901e+18 4.28085832989387e+15 4.23225846008616e+20 4.38313639253862e+16 9.81586657931182e+10 3.83083149610215e+15 9.04571623276415e+17 4.17649651863582e+15 0.00000000000000e+00 0.00000000000000e+00 0.00000000000000e+00 0.00000000000000e+00 0.00000000000000e+00 0.00000000000000e+00 0.00000000000000e+00 
9.66108255611306e-03 3.19886602604795e+02 3.09300687725384e+02 1.01616360927356e+22 4.16980043301705e+20 2.04536462485832e+19 1.70836493267581e+18 4.56045363152064e+15 4.58151651427680e+20 4.56820112655186e+16 1.06525184980929e+11 3.58317732968110e+15 8.75482111117848e+17 4.21941400149256e+15 0.00000000000000e+00 0.00000000000000e+00 0.00000000000000e+00 0.00000000000000e+00 0.00000000000000e+00 0.00000000000000e+00 0.00000000000000e+00 
1.05169242127143e-02 3.20377206256852e+02 3.09574706659884e+02 1.01162058787770e+22 4.44965724049202e+20 2.10400543211265e+19 1.64652054879710e+18 4.82481162774741e+15 4.92075715334464e+20 4.74675796836974e+16 1.14690907634398e+11 3.37598597773055e+15 8.46708070816573e+17 4.24946657736583e+15 0.00000000000000e+00 0.00000000000000e+00 0.00000000000000e+00 0.00000000000000e+00 0.00000000000000e+00 0.00000000000000e+00 0.00000000000000e+00 
1.13727658693156e-02 3.20850353149497e+02 3.09839114559832e+02 1.00724902129065e+22 4.71748926676038e+20 2.15965849051574e+19 1.59019027515597e+18 5.07504185151055e+15 5.25021133996715e+20 4.91920492741838e+16 1.22658009668757e+11 3.19779796248626e+15 8.19041277216693e+17 4.26974498712706e+15 0.00000000000000e+00 0.00000000000000e+00 0.00000000000000e+00 0.00000000000000e+00 0.00000000000000e+00 0.00000000000000e+00 0.00000000000000e+00 
1.22286075259168e-02 3.21306855296870e+02 3.10094377310259e+02 1.00304237803935e+22 4.97381462125026e+20 2.21251760922102e+19 1.53871188097014e+18 5.31213231933861e+15 5.57010949817191e+20 5.08586723050605e+16 1.30428915581411e+11 3.04512078517290e+15 7.92950169996777e+17 4.28238133453475e+15 0.00000000000000e+00 0.00000000000000e+00 0.00000000000000e+00 0.00000000000000e+00 0.00000000000000e+00 0.00000000000000e+00 0.00000000000000e+00 
1.33902489003687e-02 3.21901297117196e+02 3.10340904776727e+02 9.97583413469385e+21 5.30435445426109e+20 2.28014478085660e+19 1.47555541335794e+18 5.61472331523354e+15 5.98950780276071e+20 5.30340154876986e+16 1.40668985312990e+11 2.86851782005138e+15 7.60495420184349e+17 4.29043387524725e+15 0.00000000000000e+00 0.00000000000000e+00 0.00000000000000e+00 0.00000000000000e+00 0.00000000000000e+00 0.00000000000000e+00 0.00000000000000e+00 
1.45518902748206e-02 3.22468114736996e+02 3.10662284237946e+02 9.92401713612354e+21 5.61579308305484e+20 2.34334132995055e+19 1.41913062527627e+18 5.89672030699158e+15 6.39230401640884e+20 5.51148705251595e+16 1.50559473630332e+11 2.71980390971375e+15 7.31519412117288e+17 4.29059732497253e+15 0.00000000000000e+00 0.00000000000000e+00 0.00000000000000e+00 0.00000000000000e+00 0.00000000000000e+00 0.00000000000000e+00 0.00000000000000e+00 
1.57135316492725e-02 3.23008776759885e+02 3.10969107312363e+02 9.87483640835818e+21 5.90919949254982e+20 2.40246054933845e+19 1.36845507997528e+18 6.15988162560775e+15 6.77904004907464e+20 5.71064565102640e+16 1.60107125042387e+11 2.59280854968820e+15 7.05906822431552e+17 4.28523532139324e+15 0.00000000000000e+00 0.00000000000000e+00 0.00000000000000e+00 0.00000000000000e+00 0.00000000000000e+00 0.00000000000000e+00 0.00000000000000e+00 
1.68751730237244e-02 3.23524641659881e+02 3.11262115872613e+02 9.82815951109668e+21 6.18560606703304e+20 2.45782442226018e+19 1.32272152318230e+18 6.40586937865774e+15 7.15026030577890e+20 5.90136232101084e+16 1.69319287308580e+11 2.48231745331274e+15 6.83367622629229e+17 4.27608535536618e+15 0.00000000000000e+00 0.00000000000000e+00 0.00000000000000e+00 0.00000000000000e+00 0.00000000000000e+00 0.00000000000000e+00 0.00000000000000e+00 
1.87727996686594e-02 3.24317024898512e+02 3.11541998247704e+02 9.75698766890293e+21 6.60294572424897e+20 2.54087927087761e+19 1.25710092381265e+18 6.77416063152189e+15 7.72461771444313e+20 6.19573184362660e+16 1.83664572466357e+11 2.33208447019890e+15 6.52263618993129e+17 4.25550408162318e+15 0.00000000000000e+00 0.00000000000000e+00 0.00000000000000e+00 0.00000000000000e+00 0.00000000000000e+00 0.00000000000000e+00 0.00000000000000e+00 
2.06704263135944e-02 3.25051323787849e+02 3.11972498795748e+02 9.69165907122050e+21 6.98137505410041e+20 2.61573497106624e+19 1.20079246035542e+18 7.10559089820339e+15 8.26121453419489e+20 6.47019614290708e+16 1.97168152597427e+11 2.20999101395798e+15 6.26909745113482e+17 4.23101830596856e+15 0.00000000000000e+00 0.00000000000000e+00 0.00000000000000e+00 0.00000000000000e+00 0.00000000000000e+00 0.00000000000000e+00 0.00000000000000e+00 
2.25680529585293e-02 3.25732020624601e+02 3.12372082672032e+02 9.63168943808172e+21 7.32456724881851e+20 2.68333012903346e+19 1.15209275724005e+18 7.40476048519628e+15 8.76227783043171e+20 6.72616974456351e+16 2.09866323509359e+11 2.10831129658120e+15 6.05915157110149e+17 4.20479070902656e+15 0.00000000000000e+00 0.00000000000000e+00 0.00000000000000e+00 0.00000000000000e+00 0.00000000000000e+00 0.00000000000000e+00 0.00000000000000e+00 
2.44656796034643e-02 3.26363121362275e+02 3.12743047116653e+02 9.57663990963828e+21 7.63580488938749e+20 2.74446046747849e+19 1.10968751853497e+18 7.67547729378156e+15 9.22991830839935e+20 6.96489043466085e+16 2.21795149768732e+11 2.02261876887007e+15 5.88222360056322e+17 4.17816531597426e+15 0.00000000000000e+00 0.00000000000000e+00 0.00000000000000e+00 0.00000000000000e+00 0.00000000000000e+00 0.00000000000000e+00 0.00000000000000e+00 
2.63633062483993e-02 3.26948237679396e+02 3.13087453983372e+02 9.52611167401468e+21 7.91803036224872e+20 2.79981314968913e+19 1.07254169790869e+18 7.92091638388645e+15 9.66613261459583e+20 7.18746517060661e+16 2.32990183282055e+11 1.94969108668034e+15 5.73095291770319e+17 4.15201716963015e+15 0.00000000000000e+00 0.00000000000000e+00 0.00000000000000e+00 0.00000000000000e+00 0.00000000000000e+00 0.00000000000000e+00 0.00000000000000e+00 
2.95717634350359e-02 3.27841955318321e+02 3.13407170280437e+02 9.44997389070895e+21 8.33639842557288e+20 2.88187380364327e+19 1.01947080030169e+18 8.28572724496682e+15 1.03373948462300e+21 7.52983676582512e+16 2.50345882912781e+11 1.84824594070034e+15 5.52006108264289e+17 4.11040285287026e+15 0.00000000000000e+00 0.00000000000000e+00 0.00000000000000e+00 0.00000000000000e+00 0.00000000000000e+00 0.00000000000000e+00 0.00000000000000e+00 
3.27802206216725e-02 3.28627902253370e+02 3.13896259905987e+02 9.38414209794697e+21 8.69071893602900e+20 2.95154614300408e+19 9.76188740806047e+17 8.59695993684070e+15 1.09327960805683e+21 7.83334450281301e+16 2.65870975370136e+11 1.76841541144020e+15 5.35010248707469e+17 4.07279483989249e+15 0.00000000000000e+00 0.00000000000000e+00 0.00000000000000e+00 0.00000000000000e+00 0.00000000000000e+00 0.00000000000000e+00 0.00000000000000e+00 
3.59886778083090e-02 3.29318890745927e+02 3.14327117754844e+02 9.32722798393467e+21 8.99075632898926e+20 3.01083666775293e+19 9.40388471913453e+17 8.86362805514286e+15 1.14602519788705e+21 8.10214874909964e+16 2.79727497605219e+11 1.70289185985375e+15 5.20974332270958e+17 4.03996766025404e+15 0.00000000000000e+00 0.00000000000000e+00 0.00000000000000e+00 0.00000000000000e+00 0.00000000000000e+00 0.00000000000000e+00 0.00000000000000e+00 
3.91971349949456e-02 3.29925937435083e+02 3.14706494402444e+02 9.27803578345202e+21 9.24473265549435e+20 3.06135137110467e+19 9.10702014233182e+17 9.09271167083948e+15 1.19269590197487e+21 8.33974202200490e+16 2.92069143212564e+11 1.64961585218247e+15 5.09246113368440e+17 4.01138188053499e+15 0.00000000000000e+00 0.00000000000000e+00 0.00000000000000e+00 0.00000000000000e+00 0.00000000000000e+00 0.00000000000000e+00 0.00000000000000e+00 
4.24055921815822e-02 3.30459007698712e+02 3.15040226537849e+02 9.23553062580312e+21 9.45961574736904e+20 3.10444958466955e+19 8.85801308360858e+17 9.28990683673605e+15 1.23394474143908e+21 8.54956234389922e+16 3.03040661662802e+11 1.60526160831853e+15 4.99352622415206e+17 3.98698823486193e+15 0.00000000000000e+00 0.00000000000000e+00 0.00000000000000e+00 0.00000000000000e+00 0.00000000000000e+00 0.00000000000000e+00 0.00000000000000e+00 
4.74963907119987e-02 3.31173557334148e+02 3.15333629501162e+02 9.17970579006467e+21 9.73415325987662e+20 3.16026113630151e+19 8.54025729083311e+17 9.54833915544101e+15 1.28966943514826e+21 8.83246134601003e+16 3.17956796001642e+11 1.54921608641525e+15 4.86552209581873e+17 3.95592263988759e+15 0.00000000000000e+00 0.00000000000000e+00 0.00000000000000e+00 0.00000000000000e+00 0.00000000000000e+00 0.00000000000000e+00 0.00000000000000e+00 
5.25871892424152e-02 3.31753425078931e+02 3.15727416038211e+02 9.13548117838565e+21 9.94433855004811e+20 3.20381954026441e+19 8.29514515833719e+17 9.75345116339367e+15 1.33528728236613e+21 9.06340718490788e+16 3.30248751926969e+11 1.50611273386600e+15 4.76407541659959e+17 3.93254310454468e+15 0.00000000000000e+00 0.00000000000000e+00 0.00000000000000e+00 0.00000000000000e+00 0.00000000000000e+00 0.00000000000000e+00 0.00000000000000e+00 
5.76779877728318e-02 3.32223538334233e+02 3.16047396352141e+02 9.10043837768583e+21 1.01052850275908e+21 3.23788818095249e+19 8.10445505290121e+17 9.91681170344121e+15 1.37256257490629e+21 9.25150335964857e+16 3.40346909120610e+11 1.47260594530412e+15 4.68293064793483e+17 3.91514273812995e+15 0.00000000000000e+00 0.00000000000000e+00 0.00000000000000e+00 0.00000000000000e+00 0.00000000000000e+00 0.00000000000000e+00 0.00000000000000e+00 
6.27687863032483e-02 3.32604170269945e+02 3.16307084872855e+02 9.07268401218984e+21 1.02284001533946e+21 3.26456918995463e+19 7.95493267496357e+17 1.00470974256186e+16 1.40296238771063e+21 9.40433928519700e+16 3.48618362898059e+11 1.44627348051894e+15 4.61777352572904e+17 3.90242605346195e+15 0.00000000000000e+00 0.00000000000000e+00 0.00000000000000e+00 0.00000000000000e+00 0.00000000000000e+00 0.00000000000000e+00 0.00000000000000e+00 
6.78595848336648e-02 3.32911909850147e+02 3.16517521875667e+02 9.05071977697870e+21 1.03224148148559e+21 3.28548090821484e+19 7.83707205679291e+17 1.01511020889972e+16 1.42770766329126e+21 9.52824134994101e+16 3.55374970983827e+11 1.42540033225088e+15 4.56511174131446e+17 3.89331866630115e+15 0.00000000000000e+00 0.00000000000000e+00 0.00000000000000e+00 0.00000000000000e+00 0.00000000000000e+00 0.00000000000000e+00 0.00000000000000e+00 
7.69010742023172e-02 3.33317751012073e+02 3.16687774696392e+02 9.02260098565567e+21 1.04365717683979e+21 3.31195259962550e+19 7.68523723991025e+17 1.02864257839003e+16 1.46063408575318e+21 9.69207288906390e+16 3.64398085352997e+11 1.39816421571108e+15 4.49461071551174e+17 3.88371119058665e+15 0.00000000000000e+00 0.00000000000000e+00 0.00000000000000e+00 0.00000000000000e+00 0.00000000000000e+00 0.00000000000000e+00 0.00000000000000e+00 
8.59425635709697e-02 3.33594223849169e+02 3.16912456120514e+02 9.00409116627096e+21 1.05068292820635e+21 3.32916147651520e+19 7.58506632943754e+17 1.03774685073871e+16 1.48329146202482e+21 9.80386926615956e+16 3.70628168085304e+11 1.38020474065391e+15 4.44577313695736e+17 3.87890636717938e+15 0.00000000000000e+00 0.00000000000000e+00 0.00000000000000e+00 0.00000000000000e+00 0.00000000000000e+00 0.00000000000000e+00 0.00000000000000e+00 
9.49840529396221e-02 3.33783037074067e+02 3.17065616541371e+02 8.99182445107872e+21 1.05504979285005e+21 3.34047133298551e+19 7.51654826772465e+17 1.04392822479221e+16 1.49888813578524e+21 9.88037702417404e+16 3.74927204614731e+11 1.36752142248817e+15 4.41131839005425e+17 3.87697831587564e+15 0.00000000000000e+00 0.00000000000000e+00 0.00000000000000e+00 0.00000000000000e+00 0.00000000000000e+00 0.00000000000000e+00 0.00000000000000e+00 
1.04025542308275e-01 3.33911648596574e+02 3.17170261121560e+02 8.98369712005371e+21 1.05775646289495e+21 3.34788650281772e+19 7.47160858288589e+17 1.04810470415764e+16 1.50959665941453e+21 9.93244565538906e+16 3.77882804864453e+11 1.35930182377772e+15 4.38761580991804e+17 3.87619397842384e+15 0.00000000000000e+00 0.00000000000000e+00 0.00000000000000e+00 0.00000000000000e+00 0.00000000000000e+00 0.00000000000000e+00 0.00000000000000e+00 
1.13067031676927e-01 3.33998887376773e+02 3.17241560898144e+02 8.97834463208635e+21 1.05940872820992e+21 3.35274074493892e+19 7.44059401171438e+17 1.05091863533751e+16 1.51691078919835e+21 9.96781700384787e+16 3.79903978440626e+11 1.35345895839121e+15 4.37104566208577e+17 3.87635692385007e+15 0.00000000000000e+00 0.00000000000000e+00 0.00000000000000e+00 0.00000000000000e+00 0.00000000000000e+00 0.00000000000000e+00 0.00000000000000e+00 
1.26713237727827e-01 3.34078402339125e+02 3.17289933414124e+02 8.97365691055632e+21 1.06069202457814e+21 3.35694813476010e+19 7.41290456458470e+17 1.05347480738630e+16 1.52364539128735e+21 1.00000111085166e+17 3.81765837764954e+11 1.34816987851011e+15 4.35527348536304e+17 3.87709386934782e+15 0.00000000000000e+00 0.00000000000000e+00 0.00000000000000e+00 0.00000000000000e+00 0.00000000000000e+00 0.00000000000000e+00 0.00000000000000e+00 
1.40359443778728e-01 3.34122301630435e+02 3.17334028428609e+02 8.97116850772749e+21 1.06128571072254e+21 3.35916478837090e+19 7.39744459601465e+17 1.05489312153137e+16 1.52739615293864e+21 1.00177897626311e+17 3.82803345227421e+11 1.34510299334534e+15 4.34602371272464e+17 3.87792419073302e+15 0.00000000000000e+00 0.00000000000000e+00 0.00000000000000e+00 0.00000000000000e+00 0.00000000000000e+00 0.00000000000000e+00 0.00000000000000e+00 
1.54005649829628e-01 3.34147187933116e+02 3.17358374749933e+02 8.96979098057562e+21 1.06158382846679e+21 3.36038510711910e+19 7.38868609602750e+17 1.05569951256477e+16 1.52953381424504e+21 1.00278647389521e+17 3.83394789017629e+11 1.34336677367004e+15 4.34064341792439e+17 3.87851939977816e+15 0.00000000000000e+00 0.00000000000000e+00 0.00000000000000e+00 0.00000000000000e+00 0.00000000000000e+00 0.00000000000000e+00 0.00000000000000e+00 
1.67651855880529e-01 3.34161290626170e+02 3.17372177152802e+02 8.96902897927152e+21 1.06173201129419e+21 3.36106327956073e+19 7.38330974752568e+17 1.05616276133576e+16 1.53074990326963e+21 1.00335939364616e+17 3.83731491987252e+11 1.34222016464787e+15 4.33728595901508e+17 3.87904483418178e+15 0.00000000000000e+00 0.00000000000000e+00 0.00000000000000e+00 0.00000000000000e+00 0.00000000000000e+00 0.00000000000000e+00 0.00000000000000e+00 
1.81298061931429e-01 3.34169002168896e+02 3.17379998921575e+02 8.96862744579582e+21 1.06179484510694e+21 3.36141366482618e+19 7.38066836159960e+17 1.05641787668708e+16 1.53142135011317e+21 1.00367056789279e+17 3.83917143375375e+11 1.34164526350757e+15 4.33540789548691e+17 3.87931916469750e+15 0.00000000000000e+00 0.00000000000000e+00 0.00000000000000e+00 0.00000000000000e+00 0.00000000000000e+00 0.00000000000000e+00 0.00000000000000e+00 
2.10809246047678e-01 3.34176752423271e+02 3.17384275846510e+02 8.96824197759277e+21 1.06183715036885e+21 3.36174462791954e+19 7.37803246184241e+17 1.05666546661713e+16 1.53210207535966e+21 1.00398309328243e+17 3.84105340418324e+11 1.34112606926998e+15 4.33364747035036e+17 3.87964790262882e+15 0.00000000000000e+00 0.00000000000000e+00 0.00000000000000e+00 0.00000000000000e+00 0.00000000000000e+00 0.00000000000000e+00 0.00000000000000e+00 
2.40320430163927e-01 3.34177985759208e+02 3.17388574108063e+02 8.96819601121213e+21 1.06182604206972e+21 3.36178048834615e+19 7.37762474446081e+17 1.05670245173270e+16 1.53221567618873e+21 1.00403255994544e+17 3.84136729103883e+11 1.34103909256849e+15 4.33333726357548e+17 3.87975426193108e+15 0.00000000000000e+00 0.00000000000000e+00 0.00000000000000e+00 0.00000000000000e+00 0.00000000000000e+00 0.00000000000000e+00 0.00000000000000e+00 
2.69831614280177e-01 3.34177783401436e+02 3.17389257939145e+02 8.96821254734801e+21 1.06181686018237e+21 3.36175945163695e+19 7.37799256834775e+17 1.05668686015254e+16 1.53220122559640e+21 1.00402284161127e+17 3.84132586183206e+11 1.34117697757674e+15 4.33363953837602e+17 3.87966409300939e+15 0.00000000000000e+00 0.00000000000000e+00 0.00000000000000e+00 0.00000000000000e+00 0.00000000000000e+00 0.00000000000000e+00 0.00000000000000e+00 
2.99342798396426e-01 3.34177645924018e+02 3.17389145596417e+02 8.96822013266792e+21 1.06181544096066e+21 3.36175430809824e+19 7.37794041473352e+17 1.05668086300705e+16 1.53218900156493e+21 1.00401788489684e+17 3.84129296993326e+11 1.34117200500600e+15 4.33365848658299e+17 3.87969027869333e+15 0.00000000000000e+00 0.00000000000000e+00 0.00000000000000e+00 0.00000000000000e+00 0.00000000000000e+00 0.00000000000000e+00 0.00000000000000e+00 
4.23290401279166e-01 3.34177714420017e+02 3.17389069356358e+02 8.96821574766526e+21 1.06181710834075e+21 3.36176007267835e+19 7.37782784776467e+17 1.05668736989617e+16 1.53219438180656e+21 1.00402105381413e+17 3.84130814052557e+11 1.34112196761437e+15 4.33353092464580e+17 3.87972525384157e+15 0.00000000000000e+00 0.00000000000000e+00 0.00000000000000e+00 0.00000000000000e+00 0.00000000000000e+00 0.00000000000000e+00 0.00000000000000e+00 
5.47238004161907e-01 3.34177743857829e+02 3.17389107366807e+02 8.96821406431397e+21 1.06181750569235e+21 3.36176127576740e+19 7.37782997197923e+17 1.05668824815034e+16 1.53219693033173e+21 1.00402231670132e+17 3.84131575724181e+11 1.34112362843349e+15 4.33352712969861e+17 3.87972072972589e+15 0.00000000000000e+00 0.00000000000000e+00 0.00000000000000e+00 0.00000000000000e+00 0.00000000000000e+00 0.00000000000000e+00 0.00000000000000e+00 
6.71185607044647e-01 3.34177748583522e+02 3.17389123694302e+02 8.96821387334189e+21 1.06181753193350e+21 3.36176198773550e+19 7.37780139959573e+17 1.05668981160664e+16 1.53219726306831e+21 1.00402258431869e+17 3.84131659733396e+11 1.34110598580340e+15 4.33348753841420e+17 3.87973247576355e+15 0.00000000000000e+00 0.00000000000000e+00 0.00000000000000e+00 0.00000000000000e+00 0.00000000000000e+00 0.00000000000000e+00 0.00000000000000e+00 
1.91066163587205e+00 3.34177748658398e+02 3.17389126318278e+02 8.96821388609499e+21 1.06181753763163e+21 3.36176232532728e+19 7.37779001978698e+17 1.05669109799159e+16 1.53219723211551e+21 1.00402257624984e+17 3.84131621053483e+11 1.34109156073585e+15 4.33345238679012e+17 3.87973797880232e+15 0.00000000000000e+00 0.00000000000000e+00 0.00000000000000e+00 0.00000000000000e+00 0.00000000000000e+00 0.00000000000000e+00 0.00000000000000e+00 
3.15013766469946e+00 3.34177748741729e+02 3.17389126361357e+02 8.96821385764732e+21 1.06181751706884e+21 3.36176188985177e+19 7.37781039069736e+17 1.05668863626110e+16 1.53219731478364e+21 1.00402249446323e+17 3.84131639613332e+11 1.34112065089039e+15 4.33351933819418e+17 3.87972719876651e+15 0.00000000000000e+00 0.00000000000000e+00 0.00000000000000e+00 0.00000000000000e+00 0.00000000000000e+00 0.00000000000000e+00 0.00000000000000e+00 
4.38961369352686e+00 3.34177748446571e+02 3.17389126404484e+02 8.96821388021206e+21 1.06181753690790e+21 3.36176215752208e+19 7.37779933377076e+17 1.05669058897749e+16 1.53219724256598e+21 1.00402252879291e+17 3.84131622187707e+11 1.34109758556055e+15 4.33346658263317e+17 3.87973366901789e+15 0.00000000000000e+00 0.00000000000000e+00 0.00000000000000e+00 0.00000000000000e+00 0.00000000000000e+00 0.00000000000000e+00 0.00000000000000e+00 
1.37219472419053e+01 3.34177748188945e+02 3.17389126242780e+02 8.96821388255523e+21 1.06181754709136e+21 3.36176215835726e+19 7.37780131387177e+17 1.05669111991858e+16 1.53219722048089e+21 1.00402251178445e+17 3.84131617026750e+11 1.34109139094912e+15 4.33345275504063e+17 3.87973313006547e+15 0.00000000000000e+00 0.00000000000000e+00 0.00000000000000e+00 0.00000000000000e+00 0.00000000000000e+00 0.00000000000000e+00 0.00000000000000e+00 
2.30542807902837e+01 3.34177748846183e+02 3.17389126099990e+02 8.96821386332405e+21 1.06181751525293e+21 3.36176198156830e+19 7.37780489113363e+17 1.05668884431654e+16 1.53219730758790e+21 1.00402252167784e+17 3.84131638284018e+11 1.34111807993181e+15 4.33351294927731e+17 3.87972990579161e+15 0.00000000000000e+00 0.00000000000000e+00 0.00000000000000e+00 0.00000000000000e+00 0.00000000000000e+00 0.00000000000000e+00 0.00000000000000e+00 
3.23866143386621e+01 3.34177748326748e+02 3.17389126463019e+02 8.96821387514855e+21 1.06181753924868e+21 3.36176207912099e+19 7.37780431548008e+17 1.05669045607780e+16 1.53219724644529e+21 1.00402250485535e+17 3.84131623388399e+11 1.34109917142792e+15 4.33347050239946e+17 3.87973111314171e+15 0.00000000000000e+00 0.00000000000000e+00 0.00000000000000e+00 0.00000000000000e+00 0.00000000000000e+00 0.00000000000000e+00 0.00000000000000e+00 
1.07535251264318e+02 3.34177748127341e+02 3.17389126175804e+02 8.96821387535947e+21 1.06181754705405e+21 3.36176208850578e+19 7.37780541145852e+17 1.05669092225976e+16 1.53219722817387e+21 1.00402249326053e+17 3.84131618935813e+11 1.34109371192437e+15 4.33345834834926e+17 3.87973058558336e+15 0.00000000000000e+00 0.00000000000000e+00 0.00000000000000e+00 0.00000000000000e+00 0.00000000000000e+00 0.00000000000000e+00 0.00000000000000e+00 
1.82683888189974e+02 3.34177748833014e+02 3.17389126065323e+02 8.96821386256541e+21 1.06181751564601e+21 3.36176199474968e+19 7.37780420014807e+17 1.05668892569398e+16 1.53219730426024e+21 1.00402252428540e+17 3.84131637589128e+11 1.34111710991017e+15 4.33351071188538e+17 3.87973052261270e+15 0.00000000000000e+00 0.00000000000000e+00 0.00000000000000e+00 0.00000000000000e+00 0.00000000000000e+00 0.00000000000000e+00 0.00000000000000e+00 
2.57832525115630e+02 3.34177748317223e+02 3.17389126455795e+02 8.96821387050000e+21 1.06181753815879e+21 3.36176205453403e+19 7.37780550420355e+17 1.05669034072791e+16 1.53219725029273e+21 1.00402250011833e+17 3.84131624433172e+11 1.34110052448284e+15 4.33347363330368e+17 3.87973018524512e+15 0.00000000000000e+00 0.00000000000000e+00 0.00000000000000e+00 0.00000000000000e+00 0.00000000000000e+00 0.00000000000000e+00 0.00000000000000e+00 
3.57832525115630e+02 3.34177748509691e+02 3.17389126170321e+02 8.96821386614341e+21 1.06181752934751e+21 3.36176202937543e+19 7.37780509136342e+17 1.05668979117694e+16 1.53219727103370e+21 1.00402250896428e+17 3.84131629514327e+11 1.34110696390985e+15 4.33348803614040e+17 3.87973022948429e+15 0.00000000000000e+00 0.00000000000000e+00 0.00000000000000e+00 0.00000000000000e+00 0.00000000000000e+00 0.00000000000000e+00 0.00000000000000e+00 
4.57832525115630e+02 3.34177748577230e+02 3.17389126276814e+02 8.96821386471678e+21 1.06181752630063e+21 3.36176202223010e+19 7.37780485784542e+17 1.05668960649035e+16 1.53219727801496e+21 1.00402251248389e+17 3.84131631255406e+11 1.34110912725959e+15 4.33349286884665e+17 3.87973035317982e+15 0.00000000000000e+00 0.00000000000000e+00 0.00000000000000e+00 0.00000000000000e+00 0.00000000000000e+00 0.00000000000000e+00 0.00000000000000e+00 
5.57832525115630e+02 3.34177748596185e+02 3.17389126314196e+02 8.96821386420999e+21 1.06181752540587e+21 3.36176201910788e+19 7.37780484935783e+17 1.05668954922949e+16 1.53219728017542e+21 1.00402251323034e+17 3.84131631786164e+11 1.34110979787331e+15 4.33349437099768e+17 3.87973031191151e+15 0.00000000000000e+00 0.00000000000000e+00 0.00000000000000e+00 0.00000000000000e+00 0.00000000000000e+00 0.00000000000000e+00 0.00000000000000e+00 
6.57832525115630e+02 3.34177748605144e+02 3.17389126324678e+02 8.96821386406132e+21 1.06181752501533e+21 3.36176201864719e+19 7.37780479265904e+17 1.05668952695495e+16 1.53219728101364e+21 1.00402251378951e+17 3.84131631989767e+11 1.34111005880427e+15 4.33349495219180e+17 3.87973036713492e+15 0.00000000000000e+00 0.00000000000000e+00 0.00000000000000e+00 0.00000000000000e+00 0.00000000000000e+00 0.00000000000000e+00 0.00000000000000e+00 
7.57832525115630e+02 3.34177748605793e+02 3.17389126329641e+02 8.96821386400135e+21 1.06181752496992e+21 3.36176201810652e+19 7.37780481475760e+17 1.05668952292652e+16 1.53219728116615e+21 1.00402251372515e+17 3.84131632026992e+11 1.34111010602648e+15 4.33349505925718e+17 3.87973032991001e+15 0.00000000000000e+00 0.00000000000000e+00 0.00000000000000e+00 0.00000000000000e+00 0.00000000000000e+00 0.00000000000000e+00 0.00000000000000e+00 
8.57832525115630e+02 3.34177748608012e+02 3.17389126329996e+02 8.96821386398953e+21 1.06181752488150e+21 3.36176201819641e+19 7.37780479047088e+17 1.05668951841718e+16 1.53219728133653e+21 1.00402251390458e+17 3.84131632068398e+11 1.34111015886398e+15 4.33349517630745e+17 3.87973036305031e+15 0.00000000000000e+00 0.00000000000000e+00 0.00000000000000e+00 0.00000000000000e+00 0.00000000000000e+00 0.00000000000000e+00 0.00000000000000e+00 
9.57832525115630e+02 3.34177748606997e+02 3.17389126331227e+02 8.96821386398603e+21 1.06181752491874e+21 3.36176201805330e+19 7.37780480691605e+17 1.05668952000030e+16 1.53219728127684e+21 1.00402251380079e+17 3.84131632053791e+11 1.34111014031616e+15 4.33349513558005e+17 3.87973033693760e+15 0.00000000000000e+00 0.00000000000000e+00 0.00000000000000e+00 0.00000000000000e+00 0.00000000000000e+00 0.00000000000000e+00 0.00000000000000e+00 
1.00000000000000e+03 3.34177748607614e+02 3.17389126330663e+02 8.96821386398122e+21 1.06181752489377e+21 3.36176201808120e+19 7.37780479989378e+17 1.05668951874740e+16 1.53219728132387e+21 1.00402251385205e+17 3.84131632065301e+11 1.34111015499364e+15 4.33349516810951e+17 3.87973034747126e+15 0.00000000000000e+00 0.00000000000000e+00 0.00000000000000e+00 0.00000000000000e+00 0.00000000000000e+00 0.00000000000000e+00 0.00000000000000e+00 
