Time(s)              GasTemp(K)           NearWallTemp(K)      [O2(X)](m^-3)        [O2(a1Dg)](m^-3)     [O2(b1Sg+)](m^-3)    [O2(A3Su+_C3Du_c1Su-)](m^-3) [O2(+,X)](m^-3)      [O(3P)](m^-3)        [O(1D)](m^-3)        [O(+,gnd)](m^-3)     [O(-,gnd)](m^-3)     [O3(X)](m^-3)        [O3(exc)](m^-3)      [CO2(X)](m^-3)       [CO2(e1)](m^-3)      [CO2(+,X)](m^-3)     [CO(X)](m^-3)        [CO(a3P)](m^-3)      [CO(+,X)](m^-3)      [C(X)](m^-3)        
0.00000000000000e+00 3.84630566220000e+02 3.50816254799000e+02 1.53100540303320e+20 1.53100540303320e-05 1.53100540303320e-05 1.53100540303320e-05 0.00000000000000e+00 0.00000000000000e+00 0.00000000000000e+00 0.00000000000000e+00 0.00000000000000e+00 0.00000000000000e+00 0.00000000000000e+00 0.00000000000000e+00 0.00000000000000e+00 0.00000000000000e+00 0.00000000000000e+00 0.00000000000000e+00 0.00000000000000e+00 0.00000000000000e+00 
9.60429127354914e-15 3.84630566132439e+02 3.57961993698640e+02 1.53100540303302e+20 5.64375652694625e+06 1.32630074874343e+06 2.57467950284671e+06 8.93897578152603e+03 1.13593407457045e+07 3.73812607581405e+06 4.56096675423311e+00 2.98709641964061e+05 3.70657879010444e-07 5.18699228274665e-13 0.00000000000000e+00 0.00000000000000e+00 0.00000000000000e+00 0.00000000000000e+00 0.00000000000000e+00 0.00000000000000e+00 0.00000000000000e+00 
1.92085825470983e-14 3.84630566044878e+02 3.57961993646054e+02 1.53100540303285e+20 1.12875130538806e+07 2.65260149759114e+06 5.14935900469445e+06 1.78779515630440e+04 2.27186814936736e+07 7.47625214936092e+06 9.12193350865675e+00 5.97419283927424e+05 1.16984005696409e-06 1.63707604585639e-12 0.00000000000000e+00 0.00000000000000e+00 0.00000000000000e+00 0.00000000000000e+00 0.00000000000000e+00 0.00000000000000e+00 0.00000000000000e+00 
2.88128738206474e-14 3.84630565957317e+02 3.57961993593468e+02 1.53100540303268e+20 1.69312695808184e+07 3.97890224656095e+06 7.72403850553780e+06 2.68169273445537e+04 3.40780222439549e+07 1.12143782205928e+07 1.36829002632749e+01 8.96128925890074e+05 2.40658053191235e-06 3.36777264463202e-12 0.00000000000000e+00 0.00000000000000e+00 0.00000000000000e+00 0.00000000000000e+00 0.00000000000000e+00 0.00000000000000e+00 0.00000000000000e+00 
8.86670383199118e-14 3.84630565411634e+02 3.57961993540882e+02 1.53100540303160e+20 5.21032902887055e+07 1.22444390746785e+07 2.37695004537710e+07 8.25248303684082e+04 1.04869695568077e+08 3.45104659731453e+07 4.21069501667287e+01 2.75769429684484e+06 1.94979480211028e-05 2.72854597089250e-11 0.00000000000000e+00 0.00000000000000e+00 0.00000000000000e+00 0.00000000000000e+00 0.00000000000000e+00 0.00000000000000e+00 0.00000000000000e+00 
1.48521202819176e-13 3.84630564865951e+02 3.57961993213166e+02 1.53100540303053e+20 8.72753109967261e+07 2.05099759074830e+07 3.98149623634529e+07 1.38232733391947e+05 1.75661368980950e+08 5.78065536368429e+07 7.05310000776497e+01 4.61925966777227e+06 5.33839825178698e-05 7.47056308290738e-11 0.00000000000000e+00 0.00000000000000e+00 0.00000000000000e+00 0.00000000000000e+00 0.00000000000000e+00 0.00000000000000e+00 0.00000000000000e+00 
2.08375367318441e-13 3.84630564320268e+02 3.57961992885450e+02 1.53100540302945e+20 1.22447331704882e+08 2.87755127450264e+07 5.58604242341560e+07 1.93940636415165e+05 2.46453042483559e+08 8.11026412107003e+07 9.89550499961209e+01 6.48082503867206e+06 1.04250908573573e-04 1.45888889076537e-10 0.00000000000000e+00 0.00000000000000e+00 0.00000000000000e+00 0.00000000000000e+00 0.00000000000000e+00 0.00000000000000e+00 0.00000000000000e+00 
2.68229531817705e-13 3.84630563774585e+02 3.57961992557734e+02 1.53100540302838e+20 1.57619352413173e+08 3.70410495873269e+07 7.19058860657301e+07 2.49648539438063e+05 3.17244716076249e+08 1.04398728694372e+08 1.27379099922171e+02 8.34239040954409e+06 1.72164122218814e-04 2.40926749903944e-10 0.00000000000000e+00 0.00000000000000e+00 0.00000000000000e+00 0.00000000000000e+00 0.00000000000000e+00 0.00000000000000e+00 0.00000000000000e+00 
4.93193560519273e-13 3.84630561723615e+02 3.57961992230018e+02 1.53100540302434e+20 2.89814656488997e+08 6.81073669527034e+07 1.32213330756413e+08 4.59028695342326e+05 5.83317766655558e+08 1.91957910061972e+08 2.34211913326787e+02 1.53391507688501e+07 5.79986934623396e-04 8.11634657427186e-10 0.00000000000000e+00 0.00000000000000e+00 0.00000000000000e+00 0.00000000000000e+00 0.00000000000000e+00 0.00000000000000e+00 0.00000000000000e+00 
7.18157589220841e-13 3.84630559672646e+02 3.57961990998285e+02 1.53100540302030e+20 4.22009960566736e+08 9.91736843853300e+07 1.92520774893943e+08 6.68408851242052e+05 8.49390818508313e+08 2.79517090154640e+08 3.41044726838547e+02 2.23359111277639e+07 1.22878768034006e-03 1.71956748661947e-09 0.00000000000000e+00 0.00000000000000e+00 0.00000000000000e+00 0.00000000000000e+00 0.00000000000000e+00 0.00000000000000e+00 0.00000000000000e+00 
9.43121617922409e-13 3.84630557621678e+02 3.57961989766553e+02 1.53100540301626e+20 5.54205264646391e+08 1.30240001885209e+08 2.52828218478303e+08 8.77789007137242e+05 1.11546387163455e+09 3.67076268972337e+08 4.47877540457455e+02 2.93326714862853e+07 2.11857372525269e-03 2.96473555264766e-09 0.00000000000000e+00 0.00000000000000e+00 0.00000000000000e+00 0.00000000000000e+00 0.00000000000000e+00 0.00000000000000e+00 0.00000000000000e+00 
1.16808564662398e-12 3.84630555570709e+02 3.57961988534820e+02 1.53100540301222e+20 6.86400568727960e+08 1.61306319452339e+08 3.13135661509494e+08 1.08716916302789e+06 1.38153692603427e+09 4.54635446515064e+08 5.54710354183512e+02 3.63294318444144e+07 3.24934465842267e-03 4.54713828803879e-09 0.00000000000000e+00 0.00000000000000e+00 0.00000000000000e+00 0.00000000000000e+00 0.00000000000000e+00 0.00000000000000e+00 0.00000000000000e+00 
3.41772593363966e-12 3.84630535061024e+02 3.57961987303088e+02 1.53100540297181e+20 2.00835360964897e+09 4.71969498822478e+08 9.16210061397326e+08 3.18097072168488e+06 4.04226754007250e+09 1.33022715181952e+09 1.62303849733718e+03 1.06297035404129e+08 2.78111323511949e-02 3.89189485636101e-08 0.00000000000000e+00 0.00000000000000e+00 0.00000000000000e+00 0.00000000000000e+00 0.00000000000000e+00 0.00000000000000e+00 0.00000000000000e+00 
5.66736622065534e-12 3.84630514551347e+02 3.57961974985767e+02 1.53100540293140e+20 3.33030665076147e+09 7.82632684917773e+08 1.51928440596858e+09 5.27477227988816e+06 6.70299828145817e+09 2.20581872962779e+09 2.69136665120558e+03 1.76264638924613e+08 7.64712735669127e-02 1.07014045093468e-07 0.00000000000000e+00 0.00000000000000e+00 0.00000000000000e+00 0.00000000000000e+00 0.00000000000000e+00 0.00000000000000e+00 0.00000000000000e+00 
7.91700650767102e-12 3.84630494041677e+02 3.57961962668450e+02 1.53100540289099e+20 4.65225969206546e+09 1.09329587773822e+09 2.12235869522331e+09 7.36857383763775e+06 9.36372915019119e+09 3.08141017993998e+09 3.75969481578872e+03 2.46232242405866e+08 1.49229754975926e-01 2.08832416463062e-07 0.00000000000000e+00 0.00000000000000e+00 0.00000000000000e+00 0.00000000000000e+00 0.00000000000000e+00 0.00000000000000e+00 0.00000000000000e+00 
1.01666467946867e-11 3.84630473532014e+02 3.57961950351138e+02 1.53100540285058e+20 5.97421273356094e+09 1.40395907728382e+09 2.72543292916151e+09 9.46237539493363e+06 1.20244601462715e+10 3.95700150275611e+09 4.82802299108659e+03 3.16199845847889e+08 2.46086574420275e-01 3.44374067234455e-07 0.00000000000000e+00 0.00000000000000e+00 0.00000000000000e+00 0.00000000000000e+00 0.00000000000000e+00 0.00000000000000e+00 0.00000000000000e+00 
3.26630496648435e-11 3.84630268435778e+02 3.57961938033831e+02 1.53100540244649e+20 1.91937431590476e+10 4.51059144262271e+09 8.75617222613738e+09 3.04003909429388e+07 3.86317771111694e+10 1.27129077186427e+10 1.55113053333758e+04 1.01587587811043e+09 2.54006341986962e+00 3.55457376799429e-06 0.00000000000000e+00 0.00000000000000e+00 0.00000000000000e+00 0.00000000000000e+00 0.00000000000000e+00 0.00000000000000e+00 0.00000000000000e+00 
5.51594525350003e-11 3.84630063340257e+02 3.57961814861020e+02 1.53100540204239e+20 3.24132736036831e+10 7.61722448047541e+09 1.47869059914693e+10 5.13384064455737e+07 6.52391068107731e+10 2.14688011849500e+10 2.61945887471388e+04 1.71555190644992e+09 7.24387418549903e+00 1.01371102337542e-05 0.00000000000000e+00 0.00000000000000e+00 0.00000000000000e+00 0.00000000000000e+00 0.00000000000000e+00 0.00000000000000e+00 0.00000000000000e+00 
7.76558554051572e-11 3.84629858245453e+02 3.57961691688682e+02 1.53100540163830e+20 4.56328040674674e+10 1.07238581908408e+10 2.08176342251644e+10 7.22764219028384e+07 9.18464492450605e+10 3.02246819017001e+10 3.68778732323760e+04 2.41522793086635e+09 1.43575189200893e+01 2.00919907718102e-05 0.00000000000000e+00 0.00000000000000e+00 0.00000000000000e+00 0.00000000000000e+00 0.00000000000000e+00 0.00000000000000e+00 0.00000000000000e+00 
1.00152258275314e-10 3.84629653151363e+02 3.57961568516815e+02 1.53100540123421e+20 5.88523345504004e+10 1.38304925737179e+10 2.68483569272299e+10 9.32144373147327e+07 1.18453804414009e+11 3.89805498689161e+10 4.75611587890875e+04 3.11490395135972e+09 2.38809976681673e+01 3.34192230263697e-05 0.00000000000000e+00 0.00000000000000e+00 0.00000000000000e+00 0.00000000000000e+00 0.00000000000000e+00 0.00000000000000e+00 0.00000000000000e+00 
3.25116286976882e-10 3.84627602249827e+02 3.57961445345422e+02 1.53100539719328e+20 1.91047640432899e+11 4.48968733902151e+10 8.71552797109406e+10 3.02594588938286e+08 3.84528056501472e+11 1.26538528325057e+11 1.54394073287411e+05 1.01116639405247e+10 2.51656671470785e+02 3.52173655045182e-04 0.00000000000000e+00 0.00000000000000e+00 0.00000000000000e+00 0.00000000000000e+00 0.00000000000000e+00 0.00000000000000e+00 0.00000000000000e+00 
5.50080315678450e-10 3.84625551419846e+02 3.57960213657466e+02 1.53100539315236e+20 3.23242948230230e+11 7.59633214565753e+10 1.47461649340154e+11 5.11974736024742e+08 6.50603582028615e+11 2.14095231854176e+11 2.61227094933539e+05 1.71084235373823e+10 7.20415795842587e+02 1.00817198903002e-03 0.00000000000000e+00 0.00000000000000e+00 0.00000000000000e+00 0.00000000000000e+00 0.00000000000000e+00 0.00000000000000e+00 0.00000000000000e+00 
7.75044344380018e-10 3.84623500661419e+02 3.57958982016751e+02 1.53100538911145e+20 4.55438257942357e+11 1.07029836771715e+11 2.07767465821935e+11 7.21354878574048e+08 9.16680380973382e+11 3.01650660478327e+11 3.68060223727776e+05 2.41051827419313e+10 1.43015841194066e+03 2.00142152138543e-03 0.00000000000000e+00 0.00000000000000e+00 0.00000000000000e+00 0.00000000000000e+00 0.00000000000000e+00 0.00000000000000e+00 0.00000000000000e+00 
1.00000837308159e-09 3.84621449974542e+02 3.57957750423274e+02 1.53100538507053e+20 5.87633569569240e+11 1.38096419334499e+11 2.68072729163680e+11 9.30735016586149e+08 1.18275845331267e+12 3.89204814220611e+11 4.74893459670440e+05 3.11019415541706e+10 2.38088456287438e+03 3.33192989399817e-03 0.00000000000000e+00 0.00000000000000e+00 0.00000000000000e+00 0.00000000000000e+00 0.00000000000000e+00 0.00000000000000e+00 0.00000000000000e+00 
3.24964866009727e-09 3.84600947040095e+02 3.57956518877034e+02 1.53100534466169e+20 1.90958679113577e+12 4.48765943172274e+11 8.71094942555600e+11 3.02453614714113e+09 3.84360920504718e+12 1.26467624149725e+12 1.54323171237575e+06 1.01069508099083e+11 2.51422560861619e+04 3.51890146066040e-02 0.00000000000000e+00 0.00000000000000e+00 0.00000000000000e+00 0.00000000000000e+00 0.00000000000000e+00 0.00000000000000e+00 0.00000000000000e+00 
5.49928894711295e-09 3.84580451257678e+02 3.57944206011963e+02 1.53100530425333e+20 3.23154020413399e+12 7.59442190478226e+11 1.47406185039379e+12 5.11833682391322e+09 6.50458726984847e+12 2.14002020697073e+12 2.61158068028752e+06 1.71037035411620e+11 7.20020303414305e+04 1.00780712220784e-01 0.00000000000000e+00 0.00000000000000e+00 0.00000000000000e+00 0.00000000000000e+00 0.00000000000000e+00 0.00000000000000e+00 0.00000000000000e+00 
7.74892923412863e-09 3.84559962624761e+02 3.57931897868259e+02 1.53100526384546e+20 4.55349380852710e+12 1.07012516016915e+12 2.07697345973804e+12 7.21213704685023e+09 9.16569262567196e+12 3.01523673268406e+12 3.67994036370965e+06 2.41004523490612e+11 1.42960248488364e+05 2.00114316914442e-01 0.00000000000000e+00 0.00000000000000e+00 0.00000000000000e+00 0.00000000000000e+00 0.00000000000000e+00 0.00000000000000e+00 0.00000000000000e+00 
9.99856952114431e-09 3.84539481138694e+02 3.57919594443994e+02 1.53100522343807e+20 5.87544760427657e+12 1.38081485111067e+12 2.67982977798046e+12 9.30593681589749e+09 1.18269252494352e+13 3.89032584171811e+12 4.74831076296042e+06 3.10971972334837e+11 2.38016953635746e+05 3.33197467203900e-01 0.00000000000000e+00 0.00000000000000e+00 0.00000000000000e+00 0.00000000000000e+00 0.00000000000000e+00 0.00000000000000e+00 0.00000000000000e+00 
2.59711445721380e-08 3.84394266693912e+02 3.57907295737171e+02 1.53100493655722e+20 1.52614008651688e+13 3.58692264824709e+12 6.95855493242854e+12 2.41720221955663e+10 3.07254871363049e+13 1.00998467827495e+13 1.23341100329211e+07 8.07743743328004e+11 1.60589125603317e+06 2.24924194728296e+00 0.00000000000000e+00 0.00000000000000e+00 0.00000000000000e+00 0.00000000000000e+00 0.00000000000000e+00 0.00000000000000e+00 0.00000000000000e+00 
4.19437196231316e-08 3.84249411447555e+02 3.57820109692026e+02 1.53100464970076e+20 2.46473637567593e+13 5.79336880581039e+12 1.12344958329952e+13 3.90380846719395e+10 4.96304552868760e+13 1.63029539613285e+13 1.99204496265523e+07 1.30451353596419e+12 4.18860752598213e+06 5.86974677687790e+00 0.00000000000000e+00 0.00000000000000e+00 0.00000000000000e+00 0.00000000000000e+00 0.00000000000000e+00 0.00000000000000e+00 0.00000000000000e+00 
5.79162946741253e-08 3.84104914453809e+02 3.57733160642822e+02 1.53100436286866e+20 3.40333362652476e+13 8.00015291734695e+12 1.55076551219904e+13 5.39041242253918e+10 6.85418214496995e+13 2.24996556283129e+13 2.75073296579544e+07 1.80128134980397e+12 7.98618122433968e+06 1.11974464713957e+01 0.00000000000000e+00 0.00000000000000e+00 0.00000000000000e+00 0.00000000000000e+00 0.00000000000000e+00 0.00000000000000e+00 0.00000000000000e+00 
7.38888697251189e-08 3.83960774770128e+02 3.57646447877249e+02 1.53100407606092e+20 4.34193183768526e+13 1.02072745769039e+13 1.97780354345741e+13 6.87701408362961e+10 8.74595773953077e+13 2.86899600125760e+13 3.50947502411210e+07 2.29804718440790e+12 1.29986278027256e+07 1.82350707488337e+01 0.00000000000000e+00 0.00000000000000e+00 0.00000000000000e+00 0.00000000000000e+00 0.00000000000000e+00 0.00000000000000e+00 0.00000000000000e+00 
8.98614447761126e-08 3.83816991457164e+02 3.57559970685713e+02 1.53100378927750e+20 5.28053100778117e+13 1.24147333790111e+13 2.40456393989261e+13 8.36361344850224e+10 1.06383714915691e+14 3.48738753215280e+13 4.26827114899434e+07 2.79481103933654e+12 1.92259627041533e+07 2.69853446583124e+01 0.00000000000000e+00 0.00000000000000e+00 0.00000000000000e+00 0.00000000000000e+00 0.00000000000000e+00 0.00000000000000e+00 0.00000000000000e+00 
2.49587195286049e-07 3.82398555397194e+02 3.57473728361288e+02 1.53100092277642e+20 1.46665751488849e+14 3.45077753958185e+13 6.65695511031739e+13 2.32294803719975e+11 2.95974292370843e+14 9.63634134932658e+13 1.18592085586990e+08 7.76234060954027e+12 1.48321565079590e+08 2.09279103965195e+02 0.00000000000000e+00 0.00000000000000e+00 0.00000000000000e+00 0.00000000000000e+00 0.00000000000000e+00 0.00000000000000e+00 0.00000000000000e+00 
4.09312945795986e-07 3.81014744306578e+02 3.56624069814790e+02 1.53099805868402e+20 2.40527136790934e+14 5.66340879591392e+13 1.08818674736327e+14 3.80951155054338e+11 4.86194134321534e+14 1.57222936424088e+14 1.94555651138057e+08 1.27296717271144e+13 3.98922976290107e+08 5.65808426768103e+02 0.00000000000000e+00 0.00000000000000e+00 0.00000000000000e+00 0.00000000000000e+00 0.00000000000000e+00 0.00000000000000e+00 0.00000000000000e+00 
5.69038696305922e-07 3.79664659987824e+02 3.55797138507393e+02 1.53099519697903e+20 3.34389452403808e+14 7.87932700519028e+13 1.50795552989178e+14 5.29605168682576e+11 6.77035295157780e+14 2.17460389060851e+14 2.70573521303480e+08 1.76968039492466e+13 7.71045619307670e+08 1.09924507464492e+03 0.00000000000000e+00 0.00000000000000e+00 0.00000000000000e+00 0.00000000000000e+00 0.00000000000000e+00 0.00000000000000e+00 0.00000000000000e+00 
7.28764446815858e-07 3.78347430168267e+02 3.54992264066153e+02 1.53099233764068e+20 4.28252684862364e+14 1.00984923481257e+14 1.92502675120612e+14 6.78256824688919e+11 8.68489993395739e+14 2.77083552184010e+14 3.46645808802854e+08 2.26637368309659e+13 1.26470490453541e+09 1.81222544707447e+03 0.00000000000000e+00 0.00000000000000e+00 0.00000000000000e+00 0.00000000000000e+00 0.00000000000000e+00 0.00000000000000e+00 0.00000000000000e+00 
8.88490197325795e-07 3.77062207623411e+02 3.54208798452880e+02 1.53098948064868e+20 5.22116820815217e+14 1.23208652867954e+14 2.33942478891068e+14 8.26906103052031e+11 1.06055060613143e+15 3.36100047955799e+14 4.22772625910900e+08 2.76304699251889e+13 1.87991622982763e+09 2.70735004349053e+03 0.00000000000000e+00 0.00000000000000e+00 0.00000000000000e+00 0.00000000000000e+00 0.00000000000000e+00 0.00000000000000e+00 0.00000000000000e+00 
1.85805792663224e-06 3.69901366194994e+02 3.53446115118586e+02 1.53097218735909e+20 1.09190981091118e+15 2.58777036763407e+14 4.79889248146170e+14 1.72918520965321e+12 2.23897721480549e+15 6.81746253444167e+14 8.86054421784198e+08 5.77752347848990e+13 8.22362005602335e+09 1.21949180893253e+04 0.00000000000000e+00 0.00000000000000e+00 0.00000000000000e+00 0.00000000000000e+00 0.00000000000000e+00 0.00000000000000e+00 0.00000000000000e+00 
2.82762565593868e-06 3.63724229038096e+02 3.49228713145531e+02 1.53095497571719e+20 1.66173273502949e+15 3.95427406198167e+14 7.16570421077619e+14 2.63137138974478e+12 3.43790159126062e+15 1.00686672064634e+15 1.35137425548948e+09 8.79125193208335e+13 1.90501932558973e+10 2.90288136894365e+04 0.00000000000000e+00 0.00000000000000e+00 0.00000000000000e+00 0.00000000000000e+00 0.00000000000000e+00 0.00000000000000e+00 0.00000000000000e+00 
3.79719338524513e-06 3.58389519548401e+02 3.45635269651963e+02 1.53093784209484e+20 2.23158284981502e+15 5.33077594321164e+14 9.44433892191284e+14 3.53345997594304e+12 4.65592239080625e+15 1.31286255987908e+15 1.81875620204491e+09 1.18042219176832e+14 3.43630502423716e+10 5.37021252188622e+04 0.00000000000000e+00 0.00000000000000e+00 0.00000000000000e+00 0.00000000000000e+00 0.00000000000000e+00 0.00000000000000e+00 0.00000000000000e+00 
4.76676111455157e-06 3.53777568894179e+02 3.42566104155753e+02 1.53092078325726e+20 2.80145754150354e+15 6.71648956832732e+14 1.16388458023490e+15 4.43544622625665e+12 5.89177554788719e+15 1.60099757596026e+15 2.28822363328885e+09 1.48164227837964e+14 5.41655880447418e+10 8.66559655866841e+04 0.00000000000000e+00 0.00000000000000e+00 0.00000000000000e+00 0.00000000000000e+00 0.00000000000000e+00 0.00000000000000e+00 0.00000000000000e+00 
5.73632884385802e-06 3.49786557698759e+02 3.39938956042889e+02 1.53090379628516e+20 3.37135431874231e+15 8.11066290768071e+14 1.37529230301962e+15 5.33732534550712e+12 7.14431150423761e+15 1.87242104772264e+15 2.75979913730721e+09 1.78278436852025e+14 7.84611859488733e+10 1.28280226887887e+05 0.00000000000000e+00 0.00000000000000e+00 0.00000000000000e+00 0.00000000000000e+00 0.00000000000000e+00 0.00000000000000e+00 0.00000000000000e+00 
6.70589657316446e-06 3.46329749236379e+02 3.37685560310420e+02 1.53088687851984e+20 3.94127080651217e+15 9.51257745564037e+14 1.57899735516199e+15 6.23909250099024e+12 8.41247893279410e+15 2.12818400937374e+15 3.23350444555669e+09 2.08384736006993e+14 1.07253205189524e+11 1.78915739479272e+05 0.00000000000000e+00 0.00000000000000e+00 0.00000000000000e+00 0.00000000000000e+00 0.00000000000000e+00 0.00000000000000e+00 0.00000000000000e+00 
9.72613293593367e-06 3.38216799637428e+02 3.35749100499342e+02 1.53083459653230e+20 5.71668220981908e+15 1.39219060535259e+15 2.16754717191882e+15 9.04735712774602e+12 1.24527905426098e+16 2.83477788014375e+15 4.72298154536475e+09 3.02114954681804e+14 2.25796364029341e+11 3.97446745699338e+05 0.00000000000000e+00 0.00000000000000e+00 0.00000000000000e+00 0.00000000000000e+00 0.00000000000000e+00 0.00000000000000e+00 0.00000000000000e+00 
1.27463692987029e-05 3.32965512329903e+02 3.31261568603127e+02 1.53078289892498e+20 7.49220181620527e+15 1.83812045213576e+15 2.69267700853537e+15 1.18543408070469e+13 1.66107534232539e+16 3.42342657490998e+15 6.23387244086604e+09 3.95763866219594e+14 3.88102442426930e+11 7.12685740858692e+05 0.00000000000000e+00 0.00000000000000e+00 0.00000000000000e+00 0.00000000000000e+00 0.00000000000000e+00 0.00000000000000e+00 0.00000000000000e+00 
1.57666056614721e-05 3.29575493920413e+02 3.28400880333934e+02 1.53073173269071e+20 9.26777687936210e+15 2.28745533062830e+15 3.16133863953022e+15 1.46598961263364e+13 2.08664956034630e+16 3.91399292050807e+15 7.76662112436300e+09 4.89327904105656e+14 5.94269513952981e+11 1.12838346049278e+06 0.00000000000000e+00 0.00000000000000e+00 0.00000000000000e+00 0.00000000000000e+00 0.00000000000000e+00 0.00000000000000e+00 0.00000000000000e+00 
1.87868420242413e-05 3.27399513757750e+02 3.26572992218158e+02 1.53068105132708e+20 1.10433625277827e+16 2.73885295159651e+15 3.57957559844040e+15 1.74638767163529e+13 2.52036933101035e+16 4.32279206948764e+15 9.32155410287509e+09 5.82803426711613e+14 8.44393790836953e+11 1.64643198601298e+06 0.00000000000000e+00 0.00000000000000e+00 0.00000000000000e+00 0.00000000000000e+00 0.00000000000000e+00 0.00000000000000e+00 0.00000000000000e+00 
2.18070783870105e-05 3.25998948669907e+02 3.25407645039965e+02 1.53063081274585e+20 1.28189207337664e+16 3.19119074792385e+15 3.95276312267720e+15 2.02661374135950e+13 2.96087129443546e+16 4.66344968763687e+15 1.08988815987637e+10 6.76186738985670e+14 1.13856957939675e+12 2.26767456619778e+06 0.00000000000000e+00 0.00000000000000e+00 0.00000000000000e+00 0.00000000000000e+00 0.00000000000000e+00 0.00000000000000e+00 0.00000000000000e+00 
2.48273147497797e-05 3.25088370469786e+02 3.24660891502031e+02 1.53058097864938e+20 1.45944194224681e+16 3.64353765522231e+15 4.28569961041699e+15 2.30665339736959e+13 3.40701877728291e+16 4.94732526452784e+15 1.24987049972404e+10 7.69474107320877e+14 1.47688924700077e+12 2.99241548119195e+06 0.00000000000000e+00 0.00000000000000e+00 0.00000000000000e+00 0.00000000000000e+00 0.00000000000000e+00 0.00000000000000e+00 0.00000000000000e+00 
3.03675389655459e-05 3.24119098857172e+02 3.24176794427758e+02 1.53049050190476e+20 1.78510946832609e+16 4.47084894411686e+15 4.80579692190127e+15 2.81981679327111e+13 4.23702816428362e+16 5.35107792068378e+15 1.54918174171897e+10 9.40335537637627e+14 2.21254893491305e+12 4.59127529172523e+06 0.00000000000000e+00 0.00000000000000e+00 0.00000000000000e+00 0.00000000000000e+00 0.00000000000000e+00 0.00000000000000e+00 0.00000000000000e+00 
3.59077631813121e-05 3.23665699136065e+02 3.23662717232653e+02 1.53040108155726e+20 2.11073496483814e+16 5.29206479954602e+15 5.22731214976665e+15 3.33221649177621e+13 5.07839985554723e+16 5.64004960947049e+15 1.85599408801111e+10 1.11083814187910e+15 3.09759194213909e+12 6.53758220332499e+06 0.00000000000000e+00 0.00000000000000e+00 0.00000000000000e+00 0.00000000000000e+00 0.00000000000000e+00 0.00000000000000e+00 0.00000000000000e+00 
4.14479873970783e-05 3.23498935281283e+02 3.23422680388410e+02 1.53031255947919e+20 2.43630887388161e+16 6.10470478889928e+15 5.56866171868368e+15 3.84376509381083e+13 5.92790947156097e+16 5.84645242414558e+15 2.17017398410787e+10 1.28095853051039e+15 4.13253585240790e+12 8.82891494853829e+06 0.00000000000000e+00 0.00000000000000e+00 0.00000000000000e+00 0.00000000000000e+00 0.00000000000000e+00 0.00000000000000e+00 0.00000000000000e+00 
4.69882116128444e-05 3.23458680510114e+02 3.23334462886189e+02 1.53022480329887e+20 2.76182408435563e+16 6.90705062460295e+15 5.84489824697878e+15 4.35437586289715e+13 6.78320668531909e+16 5.99376111727980e+15 2.49154085216899e+10 1.45067337337116e+15 5.31787497152014e+12 1.14624981223763e+07 0.00000000000000e+00 0.00000000000000e+00 0.00000000000000e+00 0.00000000000000e+00 0.00000000000000e+00 0.00000000000000e+00 0.00000000000000e+00 
5.25284358286106e-05 3.23444346938422e+02 3.23313173730293e+02 1.53013770202740e+20 3.08727527952650e+16 7.69793808848357e+15 6.06836280042639e+15 4.86396263078581e+13 7.64257570544834e+16 6.09910754229435e+15 2.81987892206032e+10 1.61995946023110e+15 6.65408011740460e+12 1.44357243581697e+07 0.00000000000000e+00 0.00000000000000e+00 0.00000000000000e+00 0.00000000000000e+00 0.00000000000000e+00 0.00000000000000e+00 0.00000000000000e+00 
5.80686600443768e-05 3.23428639599409e+02 3.23305593655883e+02 1.53005116290106e+20 3.41265851892933e+16 8.47662355209302e+15 6.24913859803155e+15 5.37243980613494e+13 8.50479039191550e+16 6.17472890193297e+15 3.15494583807433e+10 1.78879373319164e+15 8.14159848248741e+12 1.77461214205563e+07 0.00000000000000e+00 0.00000000000000e+00 0.00000000000000e+00 0.00000000000000e+00 0.00000000000000e+00 0.00000000000000e+00 0.00000000000000e+00 
6.76020998924817e-05 3.23395769903754e+02 3.23297287457215e+02 1.52990334728591e+20 3.97240019508846e+16 9.78677323342867e+15 6.48343427489288e+15 6.24456763069259e+13 9.99270180937199e+16 6.25941907993096e+15 3.74651243091116e+10 2.07819437827234e+15 1.10566990031841e+13 2.42237486685787e+07 0.00000000000000e+00 0.00000000000000e+00 0.00000000000000e+00 0.00000000000000e+00 0.00000000000000e+00 0.00000000000000e+00 0.00000000000000e+00 
7.71355397405867e-05 3.23400907792564e+02 3.23279906876751e+02 1.52975667227365e+20 4.53192209006593e+16 1.10586610520408e+16 6.64622027099098e+15 7.11273273189879e+13 1.14838642602256e+17 6.30766298521882e+15 4.35583418809169e+10 2.36607433046050e+15 1.44230787855212e+13 3.16755359045138e+07 0.00000000000000e+00 0.00000000000000e+00 0.00000000000000e+00 0.00000000000000e+00 0.00000000000000e+00 0.00000000000000e+00 0.00000000000000e+00 
8.66689795886916e-05 3.23428846264986e+02 3.23282623122231e+02 1.52961092538788e+20 5.09121758438198e+16 1.22923257684505e+16 6.75888456392972e+15 7.97651723209191e+13 1.29767522019862e+17 6.33460676266687e+15 4.98147806619145e+10 2.65232008943803e+15 1.82425201653291e+13 4.00833833098409e+07 0.00000000000000e+00 0.00000000000000e+00 0.00000000000000e+00 0.00000000000000e+00 0.00000000000000e+00 0.00000000000000e+00 0.00000000000000e+00 
9.62024194367965e-05 3.23440979633328e+02 3.23297395515003e+02 1.52946595235730e+20 5.65028167792683e+16 1.34881694400465e+16 6.83661360036321e+15 8.83551193493747e+13 1.44703210981810e+17 6.35058820081901e+15 5.62200897537716e+10 2.93681996987145e+15 2.25165947199338e+13 4.94293161834654e+07 0.00000000000000e+00 0.00000000000000e+00 0.00000000000000e+00 0.00000000000000e+00 0.00000000000000e+00 0.00000000000000e+00 0.00000000000000e+00 
1.05735859284901e-04 3.23434998820478e+02 3.23303811064308e+02 1.52932163837103e+20 6.20911070520171e+16 1.46469106863926e+16 6.89031599917263e+15 9.68931675474554e+13 1.59639352059331e+17 6.36185939125776e+15 6.27599479558025e+10 3.21946424939180e+15 2.72466626873913e+13 5.96962344561719e+07 0.00000000000000e+00 0.00000000000000e+00 0.00000000000000e+00 0.00000000000000e+00 0.00000000000000e+00 0.00000000000000e+00 0.00000000000000e+00 
1.15269299133006e-04 3.23430305389094e+02 3.23300648052463e+02 1.52917789901772e+20 6.76770224486069e+16 1.57695711079657e+16 6.92754313304247e+15 1.05375418327185e+14 1.74573673162547e+17 6.37058918303592e+15 6.94201482193872e+10 3.50014528727118e+15 3.24338727269484e+13 7.08669309365755e+07 0.00000000000000e+00 0.00000000000000e+00 0.00000000000000e+00 0.00000000000000e+00 0.00000000000000e+00 0.00000000000000e+00 0.00000000000000e+00 
1.33648608175911e-04 3.23424668259463e+02 3.23298165843266e+02 1.52890219149469e+20 7.84392142052919e+16 1.78361001768871e+16 6.97100428901233e+15 1.21556795701774e+14 2.03356937068112e+17 6.38301892726200e+15 8.25489344989079e+10 4.03533498146225e+15 4.37276535111002e+13 9.48888956877482e+07 0.00000000000000e+00 0.00000000000000e+00 0.00000000000000e+00 0.00000000000000e+00 0.00000000000000e+00 0.00000000000000e+00 0.00000000000000e+00 
1.52027917218816e-04 3.23437367842241e+02 3.23295184308426e+02 1.52862812383991e+20 8.91923968901192e+16 1.97802904591913e+16 6.99237950087889e+15 1.37490907603569e+14 2.32127687606926e+17 6.39065167794869e+15 9.59785355213570e+10 4.56210258959482e+15 5.67283092520929e+13 1.22080288814865e+08 0.00000000000000e+00 0.00000000000000e+00 0.00000000000000e+00 0.00000000000000e+00 0.00000000000000e+00 0.00000000000000e+00 0.00000000000000e+00 
1.70407226261720e-04 3.23444373205760e+02 3.23301898724997e+02 1.52835553457540e+20 9.99364682090804e+16 2.16093172683239e+16 7.00147041898905e+15 1.53153554202041e+14 2.60882485053818e+17 6.39622184599124e+15 1.09620148322155e+11 5.07974337771933e+15 7.14374360667498e+13 1.52320360821197e+08 0.00000000000000e+00 0.00000000000000e+00 0.00000000000000e+00 0.00000000000000e+00 0.00000000000000e+00 0.00000000000000e+00 0.00000000000000e+00 
1.88786535304625e-04 3.23440708439093e+02 3.23305602235242e+02 1.52808430191284e+20 1.10671334367857e+17 2.33299508984592e+16 7.00448084243845e+15 1.68522323722427e+14 2.89618039470328e+17 6.40233749686124e+15 1.23391931051425e+11 5.58758508099224e+15 8.78537384641778e+13 1.85497135389288e+08 0.00000000000000e+00 0.00000000000000e+00 0.00000000000000e+00 0.00000000000000e+00 0.00000000000000e+00 0.00000000000000e+00 0.00000000000000e+00 
2.07165844347529e-04 3.23438598008976e+02 3.23303663547198e+02 1.52781432988937e+20 1.21396913927805e+17 2.49487310891137e+16 7.00522443788664e+15 1.83576793697616e+14 3.18333436946313e+17 6.40925297132937e+15 1.37219737077550e+11 6.08498929201828e+15 1.05973060060302e+14 2.21498969002789e+08 0.00000000000000e+00 0.00000000000000e+00 0.00000000000000e+00 0.00000000000000e+00 0.00000000000000e+00 0.00000000000000e+00 0.00000000000000e+00 
2.25545153390434e-04 3.23441404932932e+02 3.23302546790321e+02 1.52754554847002e+20 1.32113134459177e+17 2.64718857631943e+16 7.00519812527131e+15 1.98298574813222e+14 3.47028976225414e+17 6.41603321231231e+15 1.51037414090219e+11 6.57135226864805e+15 1.25788423908160e+14 2.60215467012619e+08 0.00000000000000e+00 0.00000000000000e+00 0.00000000000000e+00 0.00000000000000e+00 0.00000000000000e+00 0.00000000000000e+00 0.00000000000000e+00 
2.58837120421434e-04 3.23446482920658e+02 3.23304030210782e+02 1.52706153549836e+20 1.51500262160892e+17 2.90059472521814e+16 7.00470800915022e+15 2.24066596873912e+14 3.98955036226163e+17 6.42800806218481e+15 1.75857825300063e+11 7.42241706555949e+15 1.65966903774736e+14 3.36931289626943e+08 0.00000000000000e+00 0.00000000000000e+00 0.00000000000000e+00 0.00000000000000e+00 0.00000000000000e+00 0.00000000000000e+00 0.00000000000000e+00 
2.92129087452434e-04 3.23445602326813e+02 3.23306713845445e+02 1.52658097430061e+20 1.70856087626603e+17 3.12766908967345e+16 7.00275491262847e+15 2.48610387991832e+14 4.50811035566804e+17 6.43908133533249e+15 2.00179807469411e+11 8.23235198243888e+15 2.11596181954355e+14 4.21653945051835e+08 0.00000000000000e+00 0.00000000000000e+00 0.00000000000000e+00 0.00000000000000e+00 0.00000000000000e+00 0.00000000000000e+00 0.00000000000000e+00 
3.25421054483434e-04 3.23444734009283e+02 3.23306246720115e+02 1.52610361427399e+20 1.90180282833789e+17 3.33121781856792e+16 6.99974956216250e+15 2.71872750379086e+14 5.02592821693849e+17 6.45032739749077e+15 2.23808277030401e+11 8.99850747861778e+15 2.62567754317215e+14 5.13829632666213e+08 0.00000000000000e+00 0.00000000000000e+00 0.00000000000000e+00 0.00000000000000e+00 0.00000000000000e+00 0.00000000000000e+00 0.00000000000000e+00 
3.58713021514434e-04 3.23446948317474e+02 3.23305786100213e+02 1.52562922107025e+20 2.09472564028378e+17 3.51375050145450e+16 6.99704031069311e+15 2.93818902472727e+14 5.54297366586764e+17 6.46202256610501e+15 2.46624715997777e+11 9.71865837215776e+15 3.18746698145693e+14 6.12922975762510e+08 0.00000000000000e+00 0.00000000000000e+00 0.00000000000000e+00 0.00000000000000e+00 0.00000000000000e+00 0.00000000000000e+00 0.00000000000000e+00 
3.92004988545434e-04 3.23448855955589e+02 3.23306955465078e+02 1.52515759155423e+20 2.28732691184451e+17 3.67752300426902e+16 6.99497328085317e+15 3.14434686322402e+14 6.05922786284202e+17 6.47365445268288e+15 2.68575564224030e+11 1.03910054985826e+16 3.79973481370108e+14 7.18454303227476e+08 0.00000000000000e+00 0.00000000000000e+00 0.00000000000000e+00 0.00000000000000e+00 0.00000000000000e+00 0.00000000000000e+00 0.00000000000000e+00 
4.25296955576434e-04 3.23449420907512e+02 3.23307962663993e+02 1.52468855119271e+20 2.47960462589531e+17 3.82455279068329e+16 6.99300287477601e+15 3.33725164833993e+14 6.57467245325334e+17 6.48502148890566e+15 2.89661448829797e+11 1.10141743122564e+16 4.46065917596869e+14 8.29989118022030e+08 0.00000000000000e+00 0.00000000000000e+00 0.00000000000000e+00 0.00000000000000e+00 0.00000000000000e+00 0.00000000000000e+00 0.00000000000000e+00 
4.94697332488882e-04 3.23451287110503e+02 3.23308259898944e+02 1.52371845422527e+20 2.87937974073540e+17 4.08454602135327e+16 6.98862919449633e+15 3.69820963379952e+14 7.64649228787376e+17 6.50869392047558e+15 3.31113368008139e+11 1.21520879256816e+16 5.98549238086788e+14 1.08001083147905e+09 0.00000000000000e+00 0.00000000000000e+00 0.00000000000000e+00 0.00000000000000e+00 0.00000000000000e+00 0.00000000000000e+00 0.00000000000000e+00 
5.64097709401330e-04 3.23453109400036e+02 3.23309243558594e+02 1.52275766136775e+20 3.27773132420175e+17 4.29308417980002e+16 6.98390047280060e+15 4.00680178171767e+14 8.71461253989206e+17 6.53227511016568e+15 3.69783667026427e+11 1.30697029950754e+16 7.69205808822191e+14 1.35085885213929e+09 0.00000000000000e+00 0.00000000000000e+00 0.00000000000000e+00 0.00000000000000e+00 0.00000000000000e+00 0.00000000000000e+00 0.00000000000000e+00 
6.33498086313778e-04 3.23454744710052e+02 3.23310203986874e+02 1.52180510240717e+20 3.67465372877584e+17 4.46120558406473e+16 6.97933763044120e+15 4.26891082036745e+14 9.77898978860192e+17 6.55577473025352e+15 4.06691469673358e+11 1.37704389474415e+16 9.55735400688883e+14 1.63948020847734e+09 0.00000000000000e+00 0.00000000000000e+00 0.00000000000000e+00 0.00000000000000e+00 0.00000000000000e+00 0.00000000000000e+00 0.00000000000000e+00 
7.02898463226226e-04 3.23456156079051e+02 3.23311065541591e+02 1.52085989563335e+20 4.07014616196448e+17 4.59744718182065e+16 6.97498335520121e+15 4.49175356295646e+14 1.08396429021592e+18 6.57914509991220e+15 4.42934191652260e+11 1.42641196361207e+16 1.15566093619206e+15 1.94324260758692e+09 0.00000000000000e+00 0.00000000000000e+00 0.00000000000000e+00 0.00000000000000e+00 0.00000000000000e+00 0.00000000000000e+00 0.00000000000000e+00 
7.72298840138674e-04 3.23457440476385e+02 3.23311808684837e+02 1.51992129258064e+20 4.46421160479223e+17 4.70849055067741e+16 6.97065641706812e+15 4.68299138888455e+14 1.18966422794395e+18 6.60239703240608e+15 4.79496178897730e+11 1.45656217330455e+16 1.36643814978721e+15 2.25986960941771e+09 0.00000000000000e+00 0.00000000000000e+00 0.00000000000000e+00 0.00000000000000e+00 0.00000000000000e+00 0.00000000000000e+00 0.00000000000000e+00 
9.02405484325058e-04 3.23459597504856e+02 3.23312484691078e+02 1.51817731916385e+20 5.19915466398859e+17 4.86535959291957e+16 6.96254432836020e+15 4.98112974208105e+14 1.38688234604674e+18 6.64574339405655e+15 5.51385656828312e+11 1.46818293535228e+16 1.78228526532654e+15 2.88169078297630e+09 0.00000000000000e+00 0.00000000000000e+00 0.00000000000000e+00 0.00000000000000e+00 0.00000000000000e+00 0.00000000000000e+00 0.00000000000000e+00 
1.03251212851144e-03 3.23461512909404e+02 3.23313619375208e+02 1.51645068637821e+20 5.92915894036938e+17 4.97727410608098e+16 6.95446667179761e+15 5.23542827862804e+14 1.58295519253803e+18 6.68880677976200e+15 6.30821475664238e+11 1.43282695079781e+16 2.21237719387103e+15 3.53124043641357e+09 0.00000000000000e+00 0.00000000000000e+00 0.00000000000000e+00 0.00000000000000e+00 0.00000000000000e+00 0.00000000000000e+00 0.00000000000000e+00 
1.16261877269783e-03 3.23463262800576e+02 3.23314626306937e+02 1.51473851750034e+20 6.65429167854035e+17 5.06098282472809e+16 6.94649905738726e+15 5.47792834591216e+14 1.77799631004777e+18 6.73162153352527e+15 7.20058336054752e+11 1.36507180683900e+16 2.64371610157952e+15 4.20022187922298e+09 0.00000000000000e+00 0.00000000000000e+00 0.00000000000000e+00 0.00000000000000e+00 0.00000000000000e+00 0.00000000000000e+00 0.00000000000000e+00 
1.29272541688421e-03 3.23464909895298e+02 3.23315545728926e+02 1.51303861967241e+20 7.37462415509329e+17 5.12646592002826e+16 6.93860632333309e+15 5.72958322016061e+14 1.97212007663987e+18 6.77422107981651e+15 8.20101633828375e+11 1.27851509042356e+16 3.06637003486614e+15 4.88249802894212e+09 0.00000000000000e+00 0.00000000000000e+00 0.00000000000000e+00 0.00000000000000e+00 0.00000000000000e+00 0.00000000000000e+00 0.00000000000000e+00 
1.42283206107059e-03 3.23466490571029e+02 3.23316410798359e+02 1.51134934211773e+20 8.09022264446625e+17 5.17993494047726e+16 6.93075442646382e+15 6.00184683058248e+14 2.16542570216445e+18 6.81663326364836e+15 9.31065480107740e+11 1.18426857084453e+16 3.47370275584134e+15 5.57348155564270e+09 0.00000000000000e+00 0.00000000000000e+00 0.00000000000000e+00 0.00000000000000e+00 0.00000000000000e+00 0.00000000000000e+00 0.00000000000000e+00 
1.58647252604248e-03 3.23468418005245e+02 3.23317240745279e+02 1.50923796592146e+20 8.98362511913099e+17 5.23614365637138e+16 6.92093799106657e+15 6.37995912474571e+14 2.40750627176055e+18 6.86973891112780e+15 1.08541618476616e+12 1.06671182179934e+16 3.95914130045665e+15 6.44976909258572e+09 0.00000000000000e+00 0.00000000000000e+00 0.00000000000000e+00 0.00000000000000e+00 0.00000000000000e+00 0.00000000000000e+00 0.00000000000000e+00 
1.75011299101437e-03 3.23470311264840e+02 3.23318252526242e+02 1.50713998357233e+20 9.86971873741872e+17 5.28511465259374e+16 6.91118664449928e+15 6.79755340283331e+14 2.64850721299005e+18 6.92260164339247e+15 1.25356821916982e+12 9.58748953123080e+15 4.41246263330773e+15 7.32924388650366e+09 0.00000000000000e+00 0.00000000000000e+00 0.00000000000000e+00 0.00000000000000e+00 0.00000000000000e+00 0.00000000000000e+00 0.00000000000000e+00 
1.91375345598626e-03 3.23472182699442e+02 3.23319246219983e+02 1.50505451825144e+20 1.07485771672676e+18 5.32986010787339e+16 6.90149502800467e+15 7.24967449139776e+14 2.88848272214326e+18 6.97523447095722e+15 1.43308321732150e+12 8.64732566367702e+15 4.83488525526561e+15 8.20828919325485e+09 0.00000000000000e+00 0.00000000000000e+00 0.00000000000000e+00 0.00000000000000e+00 0.00000000000000e+00 0.00000000000000e+00 0.00000000000000e+00 
2.07739392095814e-03 3.23474041726186e+02 3.23320228353903e+02 1.50298116706428e+20 1.16202609191144e+18 5.37194667340849e+16 6.89185877799684e+15 7.72917155021707e+14 3.12745440867702e+18 7.02764295002267e+15 1.62143065739215e+12 7.85377612975793e+15 5.22968272600229e+15 9.08442682316359e+09 0.00000000000000e+00 0.00000000000000e+00 0.00000000000000e+00 0.00000000000000e+00 0.00000000000000e+00 0.00000000000000e+00 0.00000000000000e+00 
2.24103438593003e-03 3.23475892493181e+02 3.23321203906301e+02 1.50091980354116e+20 1.24848222270467e+18 5.41225356729271e+16 6.88227745908538e+15 8.22849537992355e+14 3.36542328585535e+18 7.07982783426646e+15 1.81600353375599e+12 7.19269938487614e+15 5.60082290810443e+15 9.95591383161364e+09 0.00000000000000e+00 0.00000000000000e+00 0.00000000000000e+00 0.00000000000000e+00 0.00000000000000e+00 0.00000000000000e+00 0.00000000000000e+00 
2.43044011018730e-03 3.23478025612321e+02 3.23322175071033e+02 1.49854885436661e+20 1.34766797596458e+18 5.45738584751712e+16 6.87125684452784e+15 8.82244117079677e+14 3.63959670385062e+18 7.13994799822667e+15 2.04610780692043e+12 6.56299233069049e+15 6.00577979455837e+15 1.09572103785495e+10 0.00000000000000e+00 0.00000000000000e+00 0.00000000000000e+00 0.00000000000000e+00 0.00000000000000e+00 0.00000000000000e+00 0.00000000000000e+00 
2.61984583444457e-03 3.23480149010937e+02 3.23323294336467e+02 1.49619401002023e+20 1.44591354245403e+18 5.50141191213733e+16 6.86031073708418e+15 9.42585688981388e+14 3.91240097967961e+18 7.19976385745211e+15 2.27934016386221e+12 6.04753537385946e+15 6.38896417524157e+15 1.19492378694255e+10 0.00000000000000e+00 0.00000000000000e+00 0.00000000000000e+00 0.00000000000000e+00 0.00000000000000e+00 0.00000000000000e+00 0.00000000000000e+00 
2.80925155870183e-03 3.23482262405231e+02 3.23324408439496e+02 1.49385530927114e+20 1.54322653863214e+18 5.54462902600409e+16 6.84943931951884e+15 1.00329759197824e+15 4.18382443135721e+18 7.25927312265043e+15 2.51446219506486e+12 5.61875740848331e+15 6.75420189731894e+15 1.29310914702789e+10 0.00000000000000e+00 0.00000000000000e+00 0.00000000000000e+00 0.00000000000000e+00 0.00000000000000e+00 0.00000000000000e+00 0.00000000000000e+00 
2.99865728295910e-03 3.23484365241875e+02 3.23325517232528e+02 1.49153276567600e+20 1.63961472384732e+18 5.58718905668914e+16 6.83864279754397e+15 1.06398781507612e+15 4.45385919335153e+18 7.31847423959975e+15 2.75080987268417e+12 5.25534636260021e+15 7.10439164602334e+15 1.39022054528223e+10 0.00000000000000e+00 0.00000000000000e+00 0.00000000000000e+00 0.00000000000000e+00 0.00000000000000e+00 0.00000000000000e+00 0.00000000000000e+00 
3.18806300721637e-03 3.23486457141550e+02 3.23326620425303e+02 1.48922636937026e+20 1.73508594601391e+18 5.62917807881443e+16 6.82792123586703e+15 1.12438421844557e+15 4.72250034162709e+18 7.37736626594714e+15 2.98792619971550e+12 4.94072779860122e+15 7.44173329621339e+15 1.48622352996053e+10 0.00000000000000e+00 0.00000000000000e+00 0.00000000000000e+00 0.00000000000000e+00 0.00000000000000e+00 0.00000000000000e+00 0.00000000000000e+00 
3.47675526258401e-03 3.23489622462361e+02 3.23327717819356e+02 1.48574185033907e+20 1.87885746768001e+18 5.69219814552832e+16 6.81172299623202e+15 1.21561347626186e+15 5.12928655179911e+18 7.46653567492062e+15 3.35094329923182e+12 4.53692531059524e+15 7.93451832986640e+15 1.63038266687354e+10 0.00000000000000e+00 0.00000000000000e+00 0.00000000000000e+00 0.00000000000000e+00 0.00000000000000e+00 0.00000000000000e+00 0.00000000000000e+00 
3.76544751795166e-03 3.23492760582048e+02 3.23329378199274e+02 1.48229440141430e+20 2.02054582395765e+18 5.75415325410918e+16 6.79569711578576e+15 1.30553563655136e+15 5.53284645488746e+18 7.55498949385860e+15 3.71549650466028e+12 4.20156334360659e+15 8.40545630593031e+15 1.77189780588962e+10 0.00000000000000e+00 0.00000000000000e+00 0.00000000000000e+00 0.00000000000000e+00 0.00000000000000e+00 0.00000000000000e+00 0.00000000000000e+00 
4.05413977331931e-03 3.23495871229486e+02 3.23331024169752e+02 1.47888370469038e+20 2.16017931282188e+18 5.81511037363043e+16 6.77984218707491e+15 1.39397780639772e+15 5.93319311503572e+18 7.64273062180343e+15 4.08115569987094e+12 3.91780657385318e+15 8.85780158951603e+15 1.91077896410525e+10 0.00000000000000e+00 0.00000000000000e+00 0.00000000000000e+00 0.00000000000000e+00 0.00000000000000e+00 0.00000000000000e+00 0.00000000000000e+00 
4.34283202868695e-03 3.23498954290611e+02 3.23332655592613e+02 1.47550941674170e+20 2.29778600920971e+18 5.87510441512870e+16 6.76415667204813e+15 1.48086197579457e+15 6.33034277511429e+18 7.72976261242484e+15 4.44751286850160e+12 3.67421929601631e+15 9.29394945055733e+15 2.04705899443547e+10 0.00000000000000e+00 0.00000000000000e+00 0.00000000000000e+00 0.00000000000000e+00 0.00000000000000e+00 0.00000000000000e+00 0.00000000000000e+00 
4.63152428405460e-03 3.23502009880179e+02 3.23334272412349e+02 1.47217118022419e+20 2.43339370646504e+18 5.93416211584067e+16 6.74863894025041e+15 1.56615749144404e+15 6.72431348755297e+18 7.81608942796849e+15 4.81423797117287e+12 3.46259459400860e+15 9.71575415661538e+15 2.18078068783096e+10 0.00000000000000e+00 0.00000000000000e+00 0.00000000000000e+00 0.00000000000000e+00 0.00000000000000e+00 0.00000000000000e+00 0.00000000000000e+00 
5.07436603546030e-03 3.23506644090192e+02 3.23335874694102e+02 1.46711970197185e+20 2.63758781447316e+18 6.02298885185140e+16 6.72515765258729e+15 1.69389907750650e+15 7.32251331955941e+18 7.94715021236238e+15 5.37680412810331e+12 3.18639824895904e+15 1.03381255265251e+16 2.38104098490125e+10 0.00000000000000e+00 0.00000000000000e+00 0.00000000000000e+00 0.00000000000000e+00 0.00000000000000e+00 0.00000000000000e+00 0.00000000000000e+00 
5.51720778686601e-03 3.23511214511701e+02 3.23338304522581e+02 1.46215085288032e+20 2.83724053098226e+18 6.10974267421855e+16 6.70206101373869e+15 1.81795616968436e+15 7.91335160828358e+18 8.07657763408711e+15 5.93896089151061e+12 2.95675961576040e+15 1.09343730028370e+16 2.57557024719149e+10 0.00000000000000e+00 0.00000000000000e+00 0.00000000000000e+00 0.00000000000000e+00 0.00000000000000e+00 0.00000000000000e+00 0.00000000000000e+00 
5.96004953827171e-03 3.23515722516902e+02 3.23340700617979e+02 1.45726332189072e+20 3.03244770493657e+18 6.19448345433076e+16 6.67934291072629e+15 1.93839438836403e+15 8.49690062959533e+18 8.20438767117051e+15 6.49964574752587e+12 2.76081764827577e+15 1.15077524834494e+16 2.76455154694570e+10 0.00000000000000e+00 0.00000000000000e+00 0.00000000000000e+00 0.00000000000000e+00 0.00000000000000e+00 0.00000000000000e+00 0.00000000000000e+00 
6.40289128967742e-03 3.23520168227775e+02 3.23343063718968e+02 1.45245577268670e+20 3.22330336942396e+18 6.27726310425966e+16 6.65699715492846e+15 2.05535196670266e+15 9.07323703719348e+18 8.33059701708856e+15 7.05852124808583e+12 2.59274378370116e+15 1.20606150575779e+16 2.94816707785107e+10 0.00000000000000e+00 0.00000000000000e+00 0.00000000000000e+00 0.00000000000000e+00 0.00000000000000e+00 0.00000000000000e+00 0.00000000000000e+00 
6.84573304108313e-03 3.23524553003821e+02 3.23345393902823e+02 1.44772690001935e+20 3.40989960014937e+18 6.35813006917679e+16 6.63501764108229e+15 2.16894679119455e+15 9.64243623951709e+18 8.45522228818742e+15 7.61508362359798e+12 2.44703626237011e+15 1.25948884276035e+16 3.12659387899644e+10 0.00000000000000e+00 0.00000000000000e+00 0.00000000000000e+00 0.00000000000000e+00 0.00000000000000e+00 0.00000000000000e+00 0.00000000000000e+00 
7.94955489381989e-03 3.23535221573266e+02 3.23347691899733e+02 1.43627399432425e+20 3.85704448840526e+18 6.55166948690937e+16 6.58178754608411e+15 2.43815447621142e+15 1.10306334258891e+19 8.75907299971499e+15 8.98962190015402e+12 2.15432720626296e+15 1.38545229958204e+16 3.54984256742777e+10 0.00000000000000e+00 0.00000000000000e+00 0.00000000000000e+00 0.00000000000000e+00 0.00000000000000e+00 0.00000000000000e+00 0.00000000000000e+00 
8.77163722287409e-03 3.23542930584773e+02 3.23353282135319e+02 1.42804515390441e+20 4.17403345224091e+18 6.68867927294782e+16 6.54354412258559e+15 2.62661797070327e+15 1.20366908366464e+19 8.97919325276915e+15 1.00001904140550e+13 1.98434979503928e+15 1.47348387831514e+16 3.84629328638930e+10 0.00000000000000e+00 0.00000000000000e+00 0.00000000000000e+00 0.00000000000000e+00 0.00000000000000e+00 0.00000000000000e+00 0.00000000000000e+00 
9.59371955192829e-03 3.23550443717686e+02 3.23357320729060e+02 1.42006447595528e+20 4.47793512814895e+18 6.81988508659524e+16 6.50645563920476e+15 2.80555781192053e+15 1.30195294224770e+19 9.19415797500993e+15 1.09981352574329e+13 1.84397116690302e+15 1.55715856829105e+16 4.12777934651998e+10 0.00000000000000e+00 0.00000000000000e+00 0.00000000000000e+00 0.00000000000000e+00 0.00000000000000e+00 0.00000000000000e+00 0.00000000000000e+00 
1.04158018809825e-02 3.23557765400794e+02 3.23361256039872e+02 1.41232446363993e+20 4.76926123729119e+18 6.94552841893110e+16 6.47048710429973e+15 2.97557165697623e+15 1.39796153949765e+19 9.40407021004138e+15 1.19824922953750e+13 1.72535277855057e+15 1.63685952789979e+16 4.39518627429198e+10 0.00000000000000e+00 0.00000000000000e+00 0.00000000000000e+00 0.00000000000000e+00 0.00000000000000e+00 0.00000000000000e+00 0.00000000000000e+00 
1.12378842100367e-02 3.23564900294934e+02 3.23365090458129e+02 1.40481782964207e+20 5.04850466212889e+18 7.06584032471149e+16 6.43560449345034e+15 3.13723163246023e+15 1.49174100813812e+19 9.60903216038934e+15 1.29528357253421e+13 1.62390521435875e+15 1.71289213738097e+16 4.64934514613228e+10 0.00000000000000e+00 0.00000000000000e+00 0.00000000000000e+00 0.00000000000000e+00 0.00000000000000e+00 0.00000000000000e+00 0.00000000000000e+00 
1.20599665390909e-02 3.23571853015987e+02 3.23368826490822e+02 1.39753750170394e+20 5.31613995352723e+18 7.18104061504066e+16 6.40177478065569e+15 3.29106348293030e+15 1.58333687540902e+19 9.80914486128557e+15 1.39088656876981e+13 1.53650799661591e+15 1.78551357955604e+16 4.89103267267368e+10 0.00000000000000e+00 0.00000000000000e+00 0.00000000000000e+00 0.00000000000000e+00 0.00000000000000e+00 0.00000000000000e+00 0.00000000000000e+00 
1.33119157307845e-02 3.23582101256311e+02 3.23372466615870e+02 1.38686973695803e+20 5.70243946284084e+18 7.34712734715424e+16 6.35220675889839e+15 3.51134029095526e+15 1.71873395662273e+19 1.01048040646931e+16 1.53365293615092e+13 1.42403294093673e+15 1.89002504658349e+16 5.23675209230769e+10 0.00000000000000e+00 0.00000000000000e+00 0.00000000000000e+00 0.00000000000000e+00 0.00000000000000e+00 0.00000000000000e+00 0.00000000000000e+00 
1.45638649224780e-02 3.23591952351976e+02 3.23377831228764e+02 1.37668772869963e+20 6.06440676914377e+18 7.50254690061996e+16 6.30489815076503e+15 3.71609064700306e+15 1.84932580800351e+19 1.03897931524650e+16 1.67295851873036e+13 1.33092416407380e+15 1.98775730319833e+16 5.55757791201822e+10 0.00000000000000e+00 0.00000000000000e+00 0.00000000000000e+00 0.00000000000000e+00 0.00000000000000e+00 0.00000000000000e+00 0.00000000000000e+00 
1.58158141141716e-02 3.23601421017218e+02 3.23382986988376e+02 1.36696923974828e+20 6.40349309689222e+18 7.64795949260580e+16 6.25974519724640e+15 3.90668521345800e+15 1.97526426030882e+19 1.06644510929830e+16 1.80876621706979e+13 1.25233311249281e+15 2.07922539441715e+16 5.85563435876839e+10 0.00000000000000e+00 0.00000000000000e+00 0.00000000000000e+00 0.00000000000000e+00 0.00000000000000e+00 0.00000000000000e+00 0.00000000000000e+00 
1.70677633058651e-02 3.23610521368967e+02 3.23387941751238e+02 1.35769309411443e+20 6.72106316348428e+18 7.78398307897843e+16 6.21664911946797e+15 4.08434341581444e+15 2.09669743636185e+19 1.09291089433938e+16 1.94106960182773e+13 1.18516980947978e+15 2.16485243330702e+16 6.13283917960337e+10 0.00000000000000e+00 0.00000000000000e+00 0.00000000000000e+00 0.00000000000000e+00 0.00000000000000e+00 0.00000000000000e+00 0.00000000000000e+00 
1.83197124975587e-02 3.23619267080007e+02 3.23392703040841e+02 1.34883909908787e+20 7.01840245043475e+18 7.91119747283843e+16 6.17551574956407e+15 4.25015016420261e+15 2.21376982657289e+19 1.11840900935411e+16 2.06987850142756e+13 1.12720214534970e+15 2.24500527771636e+16 6.39093440175087e+10 0.00000000000000e+00 0.00000000000000e+00 0.00000000000000e+00 0.00000000000000e+00 0.00000000000000e+00 0.00000000000000e+00 0.00000000000000e+00 
2.03355658574923e-02 3.23632636804352e+02 3.23397278130804e+02 1.33542184463671e+20 7.45765741820044e+18 8.09887215223337e+16 6.11318502131914e+15 4.49460375525590e+15 2.39346564874218e+19 1.15751084017257e+16 2.26998435343229e+13 1.04870058213154e+15 2.36335409357236e+16 6.77026783648435e+10 0.00000000000000e+00 0.00000000000000e+00 0.00000000000000e+00 0.00000000000000e+00 0.00000000000000e+00 0.00000000000000e+00 0.00000000000000e+00 
2.23514192174260e-02 3.23645173621827e+02 3.23404270987105e+02 1.32297376674551e+20 7.85226266446710e+18 8.26720567531759e+16 6.05535882718460e+15 4.71439609573996e+15 2.56278796241375e+19 1.19431300984536e+16 2.46120992665699e+13 9.84452228156889e+14 2.46954244057693e+16 7.10995083826143e+10 0.00000000000000e+00 0.00000000000000e+00 0.00000000000000e+00 0.00000000000000e+00 0.00000000000000e+00 0.00000000000000e+00 0.00000000000000e+00 
2.43672725773596e-02 3.23656927352505e+02 3.23410827007901e+02 1.31142443307753e+20 8.20649482941152e+18 8.41810099007564e+16 6.00170908147448e+15 4.91256551421838e+15 2.72228282705769e+19 1.22893833622410e+16 2.64372466391127e+13 9.30860413155342e+14 2.56461963556963e+16 7.41494177205196e+10 0.00000000000000e+00 0.00000000000000e+00 0.00000000000000e+00 0.00000000000000e+00 0.00000000000000e+00 0.00000000000000e+00 0.00000000000000e+00 
2.63831259372932e-02 3.23667944920172e+02 3.23416972549778e+02 1.30070875698067e+20 8.52422063699352e+18 8.55327191029763e+16 5.95193270837326e+15 5.09167055245905e+15 2.87247209095077e+19 1.26150420420234e+16 2.81773406430885e+13 8.85619044625242e+14 2.64951043189444e+16 7.68949383133525e+10 0.00000000000000e+00 0.00000000000000e+00 0.00000000000000e+00 0.00000000000000e+00 0.00000000000000e+00 0.00000000000000e+00 0.00000000000000e+00 
2.83989792972268e-02 3.23678270578309e+02 3.23422732393675e+02 1.29076644779562e+20 8.80894656600239e+18 8.67426656593168e+16 5.90574907390858e+15 5.25390936756131e+15 3.01385438019782e+19 1.29212285242335e+16 2.98345743646864e+13 8.46800454898298e+14 2.72504544796022e+16 7.93728166142067e+10 0.00000000000000e+00 0.00000000000000e+00 0.00000000000000e+00 0.00000000000000e+00 0.00000000000000e+00 0.00000000000000e+00 0.00000000000000e+00 
3.21020145665821e-02 3.23695570796470e+02 3.23428129874886e+02 1.27433812636940e+20 9.25613368985794e+18 8.86405682738672e+16 5.82943611981015e+15 5.51399112467120e+15 3.25217074689784e+19 1.34364217518570e+16 3.26708048219633e+13 7.88222625319609e+14 2.84183092179809e+16 8.33293800084512e+10 0.00000000000000e+00 0.00000000000000e+00 0.00000000000000e+00 0.00000000000000e+00 0.00000000000000e+00 0.00000000000000e+00 0.00000000000000e+00 
3.58050498359374e-02 3.23710914206731e+02 3.23437171867623e+02 1.26002138488592e+20 9.61978182336246e+18 9.01820156004899e+16 5.76292959887747e+15 5.73318053361865e+15 3.46511971724315e+19 1.38957029909098e+16 3.52515786108154e+13 7.42347513092347e+14 2.93376655332746e+16 8.66493308318914e+10 0.00000000000000e+00 0.00000000000000e+00 0.00000000000000e+00 0.00000000000000e+00 0.00000000000000e+00 0.00000000000000e+00 0.00000000000000e+00 
3.95080851052927e-02 3.23724516098175e+02 3.23445189951178e+02 1.24754221154536e+20 9.91447579020358e+18 9.14302891120426e+16 5.70495584203086e+15 5.91911351502603e+15 3.65523943659785e+19 1.43047893537847e+16 3.75933992213900e+13 7.05110393120843e+14 3.00452908448983e+16 8.94552372483298e+10 0.00000000000000e+00 0.00000000000000e+00 0.00000000000000e+00 0.00000000000000e+00 0.00000000000000e+00 0.00000000000000e+00 0.00000000000000e+00 
4.32111203746480e-02 3.23736568526284e+02 3.23452297151418e+02 1.23666399156151e+20 1.01522444685411e+19 9.24373327221415e+16 5.65441539569911e+15 6.07753410757161e+15 3.82483505966132e+19 1.46688585363104e+16 3.97134619927718e+13 6.75035608218486e+14 3.05734376163973e+16 9.18426420920481e+10 0.00000000000000e+00 0.00000000000000e+00 0.00000000000000e+00 0.00000000000000e+00 0.00000000000000e+00 0.00000000000000e+00 0.00000000000000e+00 
4.69141556440032e-02 3.23747242593811e+02 3.23458594175816e+02 1.22718129710050e+20 1.03430756659637e+19 9.32460748205933e+16 5.61035405205946e+15 6.21308861287056e+15 3.97599971870797e+19 1.49926020855794e+16 4.16279992774756e+13 6.49667249273772e+14 3.09498177850634e+16 9.38870842146303e+10 0.00000000000000e+00 0.00000000000000e+00 0.00000000000000e+00 0.00000000000000e+00 0.00000000000000e+00 0.00000000000000e+00 0.00000000000000e+00 
5.19241492902891e-02 3.23759756773589e+02 3.23464170661546e+02 1.21626297065497e+20 1.05408569614161e+19 9.40858169006709e+16 5.55961454764075e+15 6.36646963014261e+15 4.15449294459176e+19 1.53738202017174e+16 4.39199803711434e+13 6.22001786636954e+14 3.12597579717923e+16 9.62101989610522e+10 0.00000000000000e+00 0.00000000000000e+00 0.00000000000000e+00 0.00000000000000e+00 0.00000000000000e+00 0.00000000000000e+00 0.00000000000000e+00 
5.69341429365750e-02 3.23770360063432e+02 3.23470708070403e+02 1.20719455303962e+20 1.06846186103112e+19 9.46984376050703e+16 5.51746391852515e+15 6.49207361487213e+15 4.30690083675608e+19 1.56983242928813e+16 4.59043780793468e+13 5.99860040124833e+14 3.13880256309913e+16 9.81247233595199e+10 0.00000000000000e+00 0.00000000000000e+00 0.00000000000000e+00 0.00000000000000e+00 0.00000000000000e+00 0.00000000000000e+00 0.00000000000000e+00 
6.19441365828609e-02 3.23779339321498e+02 3.23476246923705e+02 1.19965978356636e+20 1.07874923673311e+19 9.51395441295819e+16 5.48243410707547e+15 6.59549991872775e+15 4.43689675805594e+19 1.59742700906415e+16 4.76172104610043e+13 5.81836452692322e+14 3.13775328693583e+16 9.97163819353548e+10 0.00000000000000e+00 0.00000000000000e+00 0.00000000000000e+00 0.00000000000000e+00 0.00000000000000e+00 0.00000000000000e+00 0.00000000000000e+00 
6.69541302291468e-02 3.23786938238851e+02 3.23480937232972e+02 1.19339877666423e+20 1.08594955707346e+19 9.54511649147528e+16 5.45331944094969e+15 6.68098768500919e+15 4.54765486617029e+19 1.62086966772184e+16 4.90917935494564e+13 5.67133308586749e+14 3.12631004242439e+16 1.01046142098873e+11 0.00000000000000e+00 0.00000000000000e+00 0.00000000000000e+00 0.00000000000000e+00 0.00000000000000e+00 0.00000000000000e+00 0.00000000000000e+00 
7.19641238754327e-02 3.23793364557085e+02 3.23484906390623e+02 1.18819635694912e+20 1.09083343251978e+19 9.56655465622651e+16 5.42912149111361e+15 6.75184542902167e+15 4.64192152441063e+19 1.64076579556578e+16 5.03583071409157e+13 5.55062021501521e+14 3.10729700633076e+16 1.02161171765534e+11 0.00000000000000e+00 0.00000000000000e+00 0.00000000000000e+00 0.00000000000000e+00 0.00000000000000e+00 0.00000000000000e+00 0.00000000000000e+00 
8.29319588952293e-02 3.23804122384782e+02 3.23488262969856e+02 1.17972391859377e+20 1.09592434100810e+19 9.59002371590977e+16 5.38969551421543e+15 6.86745362076005e+15 4.80127007016231e+19 1.67424361634901e+16 5.25233312957235e+13 5.35233237922629e+14 3.04880294042899e+16 1.04033557866374e+11 0.00000000000000e+00 0.00000000000000e+00 0.00000000000000e+00 0.00000000000000e+00 0.00000000000000e+00 0.00000000000000e+00 0.00000000000000e+00 
9.38997939150259e-02 3.23811539537402e+02 3.23493881748415e+02 1.17407826363569e+20 1.09688371918131e+19 9.59598064007651e+16 5.36340782916798e+15 6.94544387537220e+15 4.91242268561390e+19 1.69746798135212e+16 5.40521046220862e+13 5.22010082126647e+14 2.98127550169948e+16 1.05338000114378e+11 0.00000000000000e+00 0.00000000000000e+00 0.00000000000000e+00 0.00000000000000e+00 0.00000000000000e+00 0.00000000000000e+00 0.00000000000000e+00 
1.04867628934822e-01 3.23816668232605e+02 3.23497755536078e+02 1.17028412733361e+20 1.09611923718222e+19 9.59440683635678e+16 5.34573145811008e+15 6.99880336886426e+15 4.99001407508739e+19 1.71360735005339e+16 5.51288217978798e+13 5.12890242918411e+14 2.91493424313137e+16 1.06252156831757e+11 0.00000000000000e+00 0.00000000000000e+00 0.00000000000000e+00 0.00000000000000e+00 0.00000000000000e+00 0.00000000000000e+00 0.00000000000000e+00 
1.15835463954619e-01 3.23820212016362e+02 3.23500434031680e+02 1.16772967738721e+20 1.09471655803920e+19 9.58985717518370e+16 5.33382401987492e+15 7.03535643756805e+15 5.04408289265822e+19 1.72480851077174e+16 5.58840545966291e+13 5.06623195591532e+14 2.85462080135652e+16 1.06895371224848e+11 0.00000000000000e+00 0.00000000000000e+00 0.00000000000000e+00 0.00000000000000e+00 0.00000000000000e+00 0.00000000000000e+00 0.00000000000000e+00 
1.26803298974416e-01 3.23822650487708e+02 3.23502284736349e+02 1.16601714405708e+20 1.09316330425473e+19 9.58441346874171e+16 5.32583632326866e+15 7.06036834745232e+15 5.08159766270707e+19 1.73254910178075e+16 5.64106405212963e+13 5.02204184983036e+14 2.80213253778035e+16 1.07348789733976e+11 0.00000000000000e+00 0.00000000000000e+00 0.00000000000000e+00 0.00000000000000e+00 0.00000000000000e+00 0.00000000000000e+00 0.00000000000000e+00 
1.42832767355389e-01 3.23824871471219e+02 3.23503558155699e+02 1.16450974266004e+20 1.09106811362496e+19 9.57679455859863e+16 5.31879943765232e+15 7.08301148144324e+15 5.11612798255042e+19 1.73963716789649e+16 5.68974136867689e+13 4.98292607282462e+14 2.73995261071023e+16 1.07776476055954e+11 0.00000000000000e+00 0.00000000000000e+00 0.00000000000000e+00 0.00000000000000e+00 0.00000000000000e+00 0.00000000000000e+00 0.00000000000000e+00 
1.58862235736363e-01 3.23826149464611e+02 3.23504717935440e+02 1.16366961421680e+20 1.08950854608445e+19 9.57103234603208e+16 5.31487425442069e+15 7.09609474630148e+15 5.13619322671891e+19 1.74373729525273e+16 5.71812487172834e+13 4.95937510300922e+14 2.69403911591147e+16 1.08031191278432e+11 0.00000000000000e+00 0.00000000000000e+00 0.00000000000000e+00 0.00000000000000e+00 0.00000000000000e+00 0.00000000000000e+00 0.00000000000000e+00 
1.74891704117337e-01 3.23826898964150e+02 3.23505385259483e+02 1.16318668878252e+20 1.08846754478714e+19 9.56716317541903e+16 5.31261674210101e+15 7.10383016172006e+15 5.14803594742955e+19 1.74615088423884e+16 5.73492161585822e+13 4.94567339356409e+14 2.66141909110467e+16 1.08183673624855e+11 0.00000000000000e+00 0.00000000000000e+00 0.00000000000000e+00 0.00000000000000e+00 0.00000000000000e+00 0.00000000000000e+00 0.00000000000000e+00 
1.90921172498310e-01 3.23827338030733e+02 3.23505776610354e+02 1.16290885286500e+20 1.08779205153372e+19 9.56464338575309e+16 5.31131728902768e+15 7.10844072751403e+15 5.15501494634968e+19 1.74757002695515e+16 5.74484460255717e+13 4.93672921649691e+14 2.63866697271997e+16 1.08274905677099e+11 0.00000000000000e+00 0.00000000000000e+00 0.00000000000000e+00 0.00000000000000e+00 0.00000000000000e+00 0.00000000000000e+00 0.00000000000000e+00 
2.06950640879284e-01 3.23827589885248e+02 3.23506005862011e+02 1.16275364201246e+20 1.08735119305934e+19 9.56299257873186e+16 5.31059080492602e+15 7.11106032223508e+15 5.15904988113151e+19 1.74838776278949e+16 5.75057707047895e+13 4.93251046267709e+14 2.62304727727203e+16 1.08328556644439e+11 0.00000000000000e+00 0.00000000000000e+00 0.00000000000000e+00 0.00000000000000e+00 0.00000000000000e+00 0.00000000000000e+00 0.00000000000000e+00 
2.30611558145988e-01 3.23827765771233e+02 3.23506137358079e+02 1.16264990768364e+20 1.08698295476158e+19 9.56160735778150e+16 5.31010461159150e+15 7.11286319173466e+15 5.16190518974437e+19 1.74896344152136e+16 5.75466123912511e+13 4.92922327138576e+14 2.60898553467997e+16 1.08367954778920e+11 0.00000000000000e+00 0.00000000000000e+00 0.00000000000000e+00 0.00000000000000e+00 0.00000000000000e+00 0.00000000000000e+00 0.00000000000000e+00 
2.54272475412691e-01 3.23827842866097e+02 3.23506229183125e+02 1.16260599043710e+20 1.08680142937670e+19 9.56092359276255e+16 5.30989854601036e+15 7.11372657640147e+15 5.16317073822299e+19 1.74921767446806e+16 5.75646538881512e+13 4.92695802361473e+14 2.60126883363395e+16 1.08385844428014e+11 0.00000000000000e+00 0.00000000000000e+00 0.00000000000000e+00 0.00000000000000e+00 0.00000000000000e+00 0.00000000000000e+00 0.00000000000000e+00 
2.77933392679395e-01 3.23827882488703e+02 3.23506269429776e+02 1.16258302783036e+20 1.08671347022108e+19 9.56059339580994e+16 5.30979086026563e+15 7.11421495412869e+15 5.16381919553657e+19 1.74934828510697e+16 5.75738739861430e+13 4.92607158717997e+14 2.59699373380926e+16 1.08394870895340e+11 0.00000000000000e+00 0.00000000000000e+00 0.00000000000000e+00 0.00000000000000e+00 0.00000000000000e+00 0.00000000000000e+00 0.00000000000000e+00 
3.01594309946099e-01 3.23827902770449e+02 3.23506290115095e+02 1.16257110400795e+20 1.08667080495888e+19 9.56043366621087e+16 5.30973496761694e+15 7.11439758206934e+15 5.16415009300019e+19 1.74941507158080e+16 5.75786158273631e+13 4.92619287489250e+14 2.59470544511828e+16 1.08399409054362e+11 0.00000000000000e+00 0.00000000000000e+00 0.00000000000000e+00 0.00000000000000e+00 0.00000000000000e+00 0.00000000000000e+00 0.00000000000000e+00 
3.25255227212803e-01 3.23827911054176e+02 3.23506300703679e+02 1.16256646443632e+20 1.08665031684975e+19 9.56035676427614e+16 5.30971318522562e+15 7.11443549602084e+15 5.16428744376069e+19 1.74944264521429e+16 5.75805623944266e+13 4.92609741794982e+14 2.59355232903097e+16 1.08401349974339e+11 0.00000000000000e+00 0.00000000000000e+00 0.00000000000000e+00 0.00000000000000e+00 0.00000000000000e+00 0.00000000000000e+00 0.00000000000000e+00 
3.75864379317758e-01 3.23827912201495e+02 3.23506305028005e+02 1.16256609796879e+20 1.08664384898608e+19 9.56033268843733e+16 5.30971141964622e+15 7.11449689868773e+15 5.16430991859499e+19 1.74944703479725e+16 5.75808237733840e+13 4.92544502501902e+14 2.59282850852654e+16 1.08401748931756e+11 0.00000000000000e+00 0.00000000000000e+00 0.00000000000000e+00 0.00000000000000e+00 0.00000000000000e+00 0.00000000000000e+00 0.00000000000000e+00 
4.26473531422712e-01 3.23827912033875e+02 3.23506305626465e+02 1.16256646699160e+20 1.08664079350043e+19 9.56032114234549e+16 5.30971310889520e+15 7.11457258389334e+15 5.16430973051754e+19 1.74944686283256e+16 5.75808325146512e+13 4.92528974057797e+14 2.59247112829308e+16 1.08401838833949e+11 0.00000000000000e+00 0.00000000000000e+00 0.00000000000000e+00 0.00000000000000e+00 0.00000000000000e+00 0.00000000000000e+00 0.00000000000000e+00 
4.77082683527667e-01 3.23827914258211e+02 3.23506305538579e+02 1.16256521240425e+20 1.08663553432248e+19 9.56030119725485e+16 5.30970722136111e+15 7.11451423424227e+15 5.16434594811344e+19 1.74945412762096e+16 5.75814297386540e+13 4.92598306290570e+14 2.59228144177469e+16 1.08402352472516e+11 0.00000000000000e+00 0.00000000000000e+00 0.00000000000000e+00 0.00000000000000e+00 0.00000000000000e+00 0.00000000000000e+00 0.00000000000000e+00 
5.27691835632622e-01 3.23827915463962e+02 3.23506306699823e+02 1.16256445829080e+20 1.08663350710028e+19 9.56029348474522e+16 5.30970369369631e+15 7.11446340674274e+15 5.16436497711881e+19 1.74945796647115e+16 5.75816928323695e+13 4.92609035019732e+14 2.59232446327544e+16 1.08402587983255e+11 0.00000000000000e+00 0.00000000000000e+00 0.00000000000000e+00 0.00000000000000e+00 0.00000000000000e+00 0.00000000000000e+00 0.00000000000000e+00 
5.78300987737577e-01 3.23827915106212e+02 3.23506307329353e+02 1.16256464756993e+20 1.08663448476024e+19 9.56029722074423e+16 5.30970458378611e+15 7.11449782017249e+15 5.16435907173653e+19 1.74945678688237e+16 5.75815621740073e+13 4.92580466721264e+14 2.59237579626234e+16 1.08402491810722e+11 0.00000000000000e+00 0.00000000000000e+00 0.00000000000000e+00 0.00000000000000e+00 0.00000000000000e+00 0.00000000000000e+00 0.00000000000000e+00 
7.38224710701314e-01 3.23827914737009e+02 3.23506307142591e+02 1.16256486391116e+20 1.08663529001501e+19 9.56030038539189e+16 5.30970559770141e+15 7.11452943621969e+15 5.16435330798934e+19 1.74945563948957e+16 5.75814550671263e+13 4.92566955777941e+14 2.59231445577684e+16 1.08402405303251e+11 0.00000000000000e+00 0.00000000000000e+00 0.00000000000000e+00 0.00000000000000e+00 0.00000000000000e+00 0.00000000000000e+00 0.00000000000000e+00 
8.98148433665051e-01 3.23827914505307e+02 3.23506306949845e+02 1.16256500880297e+20 1.08663570397264e+19 9.56030188257047e+16 5.30970627574488e+15 7.11450277645591e+15 5.16434947947729e+19 1.74945486156749e+16 5.75814324112246e+13 4.92588351638568e+14 2.59234896732303e+16 1.08402360859820e+11 0.00000000000000e+00 0.00000000000000e+00 0.00000000000000e+00 0.00000000000000e+00 0.00000000000000e+00 0.00000000000000e+00 0.00000000000000e+00 
1.05807215662879e+00 3.23827914564709e+02 3.23506306828885e+02 1.16256497254333e+20 1.08663557789251e+19 9.56030146432730e+16 5.30970610468078e+15 7.11450487130086e+15 5.16435045060871e+19 1.74945505202405e+16 5.75814411538654e+13 4.92581539697467e+14 2.59235133501760e+16 1.08402389838169e+11 0.00000000000000e+00 0.00000000000000e+00 0.00000000000000e+00 0.00000000000000e+00 0.00000000000000e+00 0.00000000000000e+00 0.00000000000000e+00 
1.21799587959252e+00 3.23827914636337e+02 3.23506306859891e+02 1.16256493375854e+20 1.08663541003800e+19 9.56030052005463e+16 5.30970592619599e+15 7.11446725461226e+15 5.16435129347572e+19 1.74945521821902e+16 5.75814932445798e+13 4.92610092677790e+14 2.59244299143976e+16 1.08402368830687e+11 0.00000000000000e+00 0.00000000000000e+00 0.00000000000000e+00 0.00000000000000e+00 0.00000000000000e+00 0.00000000000000e+00 0.00000000000000e+00 
2.03602163853598e+00 3.23827914641555e+02 3.23506306897298e+02 1.16256493030443e+20 1.08663539078217e+19 9.56030051259755e+16 5.30970590810962e+15 7.11446777252192e+15 5.16435130720592e+19 1.74945520941870e+16 5.75814870437461e+13 4.92609053275680e+14 2.59247441319914e+16 1.08402390419131e+11 0.00000000000000e+00 0.00000000000000e+00 0.00000000000000e+00 0.00000000000000e+00 0.00000000000000e+00 0.00000000000000e+00 0.00000000000000e+00 
2.85404739747944e+00 3.23827914619530e+02 3.23506306900018e+02 1.16256494148884e+20 1.08663545253732e+19 9.56030085749193e+16 5.30970596052932e+15 7.11449114739280e+15 5.16435119692998e+19 1.74945519892505e+16 5.75814654599563e+13 4.92592137531920e+14 2.59239419068818e+16 1.08402386981242e+11 0.00000000000000e+00 0.00000000000000e+00 0.00000000000000e+00 0.00000000000000e+00 0.00000000000000e+00 0.00000000000000e+00 0.00000000000000e+00 
3.67207315642290e+00 3.23827914630013e+02 3.23506306888515e+02 1.16256493633662e+20 1.08663542353020e+19 9.56030069289311e+16 5.30970593633159e+15 7.11447850322142e+15 5.16435123932207e+19 1.74945520180349e+16 5.75814771575596e+13 4.92601611877960e+14 2.59243443384903e+16 1.08402389011054e+11 0.00000000000000e+00 0.00000000000000e+00 0.00000000000000e+00 0.00000000000000e+00 0.00000000000000e+00 0.00000000000000e+00 0.00000000000000e+00 
8.91958902170431e+00 3.23827914630207e+02 3.23506306893991e+02 1.16256493622117e+20 1.08663542293722e+19 9.56030068950186e+16 5.30970593584608e+15 7.11447886333285e+15 5.16435124050046e+19 1.74945520196017e+16 5.75814768665837e+13 4.92601265211418e+14 2.59243558388274e+16 1.08402388890479e+11 0.00000000000000e+00 0.00000000000000e+00 0.00000000000000e+00 0.00000000000000e+00 0.00000000000000e+00 0.00000000000000e+00 0.00000000000000e+00 
1.41671048869857e+01 3.23827914621446e+02 3.23506306894092e+02 1.16256494063887e+20 1.08663544782378e+19 9.56030083098516e+16 5.30970595652620e+15 7.11448862687481e+15 5.16435120366299e+19 1.74945519960611e+16 5.75814682868735e+13 4.92594187029050e+14 2.59240127340182e+16 1.08402387795450e+11 0.00000000000000e+00 0.00000000000000e+00 0.00000000000000e+00 0.00000000000000e+00 0.00000000000000e+00 0.00000000000000e+00 0.00000000000000e+00 
1.94146207522671e+01 3.23827914626315e+02 3.23506306889516e+02 1.16256493821157e+20 1.08663543409212e+19 9.56030075303532e+16 5.30970594516680e+15 7.11448313801577e+15 5.16435122409069e+19 1.74945520095273e+16 5.75814731191975e+13 4.92598177436633e+14 2.59242023088003e+16 1.08402388433065e+11 0.00000000000000e+00 0.00000000000000e+00 0.00000000000000e+00 0.00000000000000e+00 0.00000000000000e+00 0.00000000000000e+00 0.00000000000000e+00 
7.13921617000557e+01 3.23827914627781e+02 3.23506306892060e+02 1.16256493781371e+20 1.08663543061036e+19 9.56030073435539e+16 5.30970594354774e+15 7.11448171644280e+15 5.16435123080084e+19 1.74945520171137e+16 5.75814743770340e+13 4.92599203382423e+14 2.59242539088751e+16 1.08402388643522e+11 0.00000000000000e+00 0.00000000000000e+00 0.00000000000000e+00 0.00000000000000e+00 0.00000000000000e+00 0.00000000000000e+00 0.00000000000000e+00 
1.23369702647844e+02 3.23827914621797e+02 3.23506306892826e+02 1.16256494076908e+20 1.08663544748769e+19 9.56030083029875e+16 5.30970595728150e+15 7.11448837710935e+15 5.16435120554691e+19 1.74945520006917e+16 5.75814685281690e+13 4.92594386172196e+14 2.59240207725082e+16 1.08402387913610e+11 0.00000000000000e+00 0.00000000000000e+00 0.00000000000000e+00 0.00000000000000e+00 0.00000000000000e+00 0.00000000000000e+00 0.00000000000000e+00 
1.75347243595633e+02 3.23827914625667e+02 3.23506306889700e+02 1.16256493896595e+20 1.08663543679444e+19 9.56030076997468e+16 5.30970594894097e+15 7.11448411847805e+15 5.16435122203673e+19 1.74945520126344e+16 5.75814722618770e+13 4.92597466516278e+14 2.59241695798699e+16 1.08402388412168e+11 0.00000000000000e+00 0.00000000000000e+00 0.00000000000000e+00 0.00000000000000e+00 0.00000000000000e+00 0.00000000000000e+00 0.00000000000000e+00 
2.75347243595633e+02 3.23827914624347e+02 3.23506306891722e+02 1.16256493978659e+20 1.08663544085734e+19 9.56030079361049e+16 5.30970595288030e+15 7.11448567867769e+15 5.16435121672417e+19 1.74945520107997e+16 5.75814709004022e+13 4.92596338631137e+14 2.59241151768375e+16 1.08402388266324e+11 0.00000000000000e+00 0.00000000000000e+00 0.00000000000000e+00 0.00000000000000e+00 0.00000000000000e+00 0.00000000000000e+00 0.00000000000000e+00 
3.75347243595633e+02 3.23827914623747e+02 3.23506306891032e+02 1.16256494013746e+20 1.08663544265959e+19 9.56030080410971e+16 5.30970595452440e+15 7.11448637394374e+15 5.16435121427521e+19 1.74945520098440e+16 5.75814702870633e+13 4.92595836302149e+14 2.59240908309092e+16 1.08402388208368e+11 0.00000000000000e+00 0.00000000000000e+00 0.00000000000000e+00 0.00000000000000e+00 0.00000000000000e+00 0.00000000000000e+00 0.00000000000000e+00 
4.75347243595633e+02 3.23827914623715e+02 3.23506306890719e+02 1.16256494017961e+20 1.08663544280377e+19 9.56030080501306e+16 5.30970595473932e+15 7.11448642346571e+15 5.16435121417847e+19 1.74945520100373e+16 5.75814702441039e+13 4.92595800682266e+14 2.59240891076158e+16 1.08402388206879e+11 0.00000000000000e+00 0.00000000000000e+00 0.00000000000000e+00 0.00000000000000e+00 0.00000000000000e+00 0.00000000000000e+00 0.00000000000000e+00 
5.75347243595633e+02 3.23827914623562e+02 3.23506306890702e+02 1.16256494025851e+20 1.08663544324234e+19 9.56030080751315e+16 5.30970595510967e+15 7.11448659577656e+15 5.16435121353687e+19 1.74945520096450e+16 5.75814700935803e+13 4.92595676114602e+14 2.59240830815091e+16 1.08402388188097e+11 0.00000000000000e+00 0.00000000000000e+00 0.00000000000000e+00 0.00000000000000e+00 0.00000000000000e+00 0.00000000000000e+00 0.00000000000000e+00 
6.75347243595633e+02 3.23827914623641e+02 3.23506306890622e+02 1.16256494022579e+20 1.08663544303122e+19 9.56030080633633e+16 5.30970595496164e+15 7.11448651047601e+15 5.16435121388253e+19 1.74945520099361e+16 5.75814701686136e+13 4.92595737808286e+14 2.59240860634482e+16 1.08402388198711e+11 0.00000000000000e+00 0.00000000000000e+00 0.00000000000000e+00 0.00000000000000e+00 0.00000000000000e+00 0.00000000000000e+00 0.00000000000000e+00 
7.75347243595633e+02 3.23827914623551e+02 3.23506306890664e+02 1.16256494026769e+20 1.08663544328012e+19 9.56030080774044e+16 5.30970595515527e+15 7.11448660955381e+15 5.16435121349826e+19 1.74945520096577e+16 5.75814700817211e+13 4.92595666161101e+14 2.59240825993944e+16 1.08402388187155e+11 0.00000000000000e+00 0.00000000000000e+00 0.00000000000000e+00 0.00000000000000e+00 0.00000000000000e+00 0.00000000000000e+00 0.00000000000000e+00 
8.75347243595633e+02 3.23827914623626e+02 3.23506306890617e+02 1.16256494023439e+20 1.08663544307563e+19 9.56030080659263e+16 5.30970595500265e+15 7.11448652765345e+15 5.16435121382186e+19 1.74945520099086e+16 5.75814701535940e+13 4.92595725392167e+14 2.59240854628100e+16 1.08402388196988e+11 0.00000000000000e+00 0.00000000000000e+00 0.00000000000000e+00 0.00000000000000e+00 0.00000000000000e+00 0.00000000000000e+00 0.00000000000000e+00 
9.75347243595633e+02 3.23827914623557e+02 3.23506306890656e+02 1.16256494026584e+20 1.08663544326582e+19 9.56030080766276e+16 5.30970595514731e+15 7.11448660361396e+15 5.16435121352427e+19 1.74945520096849e+16 5.75814700869452e+13 4.92595670460126e+14 2.59240828071221e+16 1.08402388188003e+11 0.00000000000000e+00 0.00000000000000e+00 0.00000000000000e+00 0.00000000000000e+00 0.00000000000000e+00 0.00000000000000e+00 0.00000000000000e+00 
1.00000000000000e+03 3.23827914623584e+02 3.23506306890620e+02 1.16256494025176e+20 1.08663544318741e+19 9.56030080721501e+16 5.30970595508154e+15 7.11448657274767e+15 5.16435121363912e+19 1.74945520097540e+16 5.75814701140359e+13 4.92595692784974e+14 2.59240838844472e+16 1.08402388191276e+11 0.00000000000000e+00 0.00000000000000e+00 0.00000000000000e+00 0.00000000000000e+00 0.00000000000000e+00 0.00000000000000e+00 0.00000000000000e+00 
