Time(s)              GasTemp(K)           NearWallTemp(K)      [O2(X)](m^-3)        [O2(a1Dg)](m^-3)     [O2(b1Sg+)](m^-3)    [O2(A3Su+_C3Du_c1Su-)](m^-3) [O2(+,X)](m^-3)      [O(3P)](m^-3)        [O(1D)](m^-3)        [O(+,gnd)](m^-3)     [O(-,gnd)](m^-3)     [O3(X)](m^-3)        [O3(exc)](m^-3)      [CO2(X)](m^-3)       [CO2(e1)](m^-3)      [CO2(+,X)](m^-3)     [CO(X)](m^-3)        [CO(a3P)](m^-3)      [CO(+,X)](m^-3)      [C(X)](m^-3)        
0.00000000000000e+00 4.34070842294000e+02 3.73064379032300e+02 1.35799966923838e+20 1.35799966923838e-05 1.35799966923838e-05 1.35799966923838e-05 0.00000000000000e+00 0.00000000000000e+00 0.00000000000000e+00 0.00000000000000e+00 0.00000000000000e+00 0.00000000000000e+00 0.00000000000000e+00 1.35799966923838e+20 1.35799966923838e-05 0.00000000000000e+00 0.00000000000000e+00 0.00000000000000e+00 0.00000000000000e+00 0.00000000000000e+00 
3.09336710142539e-14 4.34070842066837e+02 3.83580382550398e+02 1.35799966923822e+20 5.56016766781083e+06 1.28598990214586e+06 2.26951261707515e+06 6.17127710732278e+03 1.00333612030957e+07 3.75538419657098e+06 2.22280710403081e+00 3.04704349879242e+05 1.08016877635728e-06 9.54015106938363e-13 1.35799966923833e+20 3.70566942469125e+06 2.65544146463360e+03 6.92583533158442e+05 3.33360014814588e+05 6.44294865094056e-12 1.00531445711231e-10 
6.18673420285077e-14 4.34070841839674e+02 3.83580382410851e+02 1.35799966923806e+20 1.11203353356210e+07 2.57197980459629e+06 4.53902523165372e+06 1.23425542152190e+04 2.00667224144301e+07 7.51076838499405e+06 4.44561419954069e+00 6.09408699751964e+05 3.40914027304912e-06 3.01098439038937e-12 1.35799966923828e+20 7.41133884855001e+06 5.31088291728649e+03 1.38516706640302e+06 6.66720029533456e+05 2.03347070611688e-11 3.17289119808607e-10 
9.28010130427616e-14 4.34070841612511e+02 3.83580382271303e+02 1.35799966923791e+20 1.66805030034444e+07 3.85796970737157e+06 6.80853784369695e+06 1.85138313237007e+04 3.01000836341768e+07 1.12661525650975e+07 6.66842128635002e+00 9.14113049618030e+05 7.01324130832208e-06 6.19415994364518e-12 1.35799966923823e+20 1.11170082715726e+07 7.96632435770610e+03 2.07775059973555e+06 1.00008004415459e+06 4.18323083245048e-11 6.52723262636481e-10 
2.27765979717207e-13 4.34070840621390e+02 3.83580382131756e+02 1.35799966923722e+20 4.09397589983370e+07 9.46880019695313e+06 1.67105211244458e+07 4.54393846826595e+04 7.38760798576163e+07 2.76510587624206e+07 1.63666262397184e+01 2.24355152473578e+06 3.66607335458153e-05 3.23791009274147e-11 1.35799966923803e+20 2.72850068796874e+07 1.95521319786384e+04 5.09952300696547e+06 2.45454444348794e+06 2.18672509950679e-10 3.41201914544587e-09 
3.62730946391653e-13 4.34070839630269e+02 3.83580381522904e+02 1.35799966923654e+20 6.51990149934764e+07 1.50796306926060e+07 2.66125043578109e+07 7.23649380525612e+04 1.17652076238277e+08 4.40359648042551e+07 2.60648310304797e+01 3.57298999972911e+06 9.01394840214914e-05 7.96120311291642e-11 1.35799966923782e+20 4.34530054721746e+07 3.11379393709395e+04 8.12129541583915e+06 3.90900884099464e+06 5.37660461227368e-10 8.38929327230608e-09 
4.97695913066099e-13 4.34070838639147e+02 3.83580380914051e+02 1.35799966923586e+20 8.94582709888664e+07 2.06904611944261e+07 3.65144875430438e+07 9.92904914335786e+04 1.61428072778641e+08 6.04208706881451e+07 3.57630356560657e+01 4.90242847459605e+06 1.67825859039203e-04 1.48225360983027e-10 1.35799966923762e+20 5.96210040487875e+07 4.27237465309986e+04 1.11430678263825e+07 5.36347323664583e+06 1.00104109018785e-09 1.56195741042518e-08 
6.32660879740545e-13 4.34070837648026e+02 3.83580380305199e+02 1.35799966923517e+20 1.13717526984509e+08 2.63012917024472e+07 4.64164706798804e+07 1.26216044825773e+05 2.05204069479587e+08 7.68057764132242e+07 4.54612401155701e+01 6.23186694933592e+06 2.69852685737928e-04 2.38336404877149e-10 1.35799966923741e+20 7.57890026094391e+07 5.43095534575415e+04 1.41648402386048e+07 6.81793763043135e+06 1.60960667159882e-09 2.51152238812435e-08 
1.03321507350174e-12 4.34070834706538e+02 3.83580379696347e+02 1.35799966923315e+20 1.85715075431435e+08 4.29533292702855e+07 7.58039549377295e+07 2.06126732800766e+05 3.35124148922871e+08 1.25433525805675e+08 7.42439415216083e+01 1.01774253370020e+07 7.16143092474320e-04 6.32504255091126e-10 1.35799966923680e+20 1.23773007459495e+08 8.86943533140325e+04 2.31329720691626e+07 1.11345527156482e+07 4.27162187623646e-09 6.66515289990297e-08 
1.43376926726293e-12 4.34070831765050e+02 3.83580377889373e+02 1.35799966923112e+20 2.57712623880585e+08 5.96053668928001e+07 1.05191438768855e+08 2.86037420874308e+05 4.65044229782038e+08 1.74061273797844e+08 1.03026641463258e+02 1.41229837235476e+07 1.37705017755348e-03 1.21622356611774e-09 1.35799966923618e+20 1.71757012168816e+08 1.23079151111545e+05 3.21011039145235e+07 1.54511677844148e+07 8.21377379505168e-09 1.28162235809052e-07 
1.83432346102412e-12 4.34070828823562e+02 3.83580376082399e+02 1.35799966922909e+20 3.29710172331956e+08 7.62574045699927e+07 1.34578922173244e+08 3.65948109046402e+05 5.94964312057131e+08 2.22689020389688e+08 1.31809339940475e+02 1.80685421089727e+07 2.25258061473460e-03 1.98950023796888e-09 1.35799966923557e+20 2.19741016737395e+08 1.57463946850015e+05 4.10692357746879e+07 1.97677828367306e+07 1.34361020474222e-08 2.09647965469466e-07 
2.23487765478531e-12 4.34070825882074e+02 3.83580374275424e+02 1.35799966922707e+20 4.01707720785550e+08 9.29094423018630e+07 1.63966405150899e+08 4.45858797317046e+05 7.24884395748142e+08 2.71316765581216e+08 1.60592036953268e+02 2.20141004932773e+07 3.34273288822272e-03 2.95233293773935e-09 1.35799966923496e+20 2.67725021165235e+08 1.91848740529457e+05 5.00373676496558e+07 2.40843978725957e+07 1.99385973982612e-08 3.11108576936512e-07 
6.24041959239723e-12 4.34070796467202e+02 3.83580372468450e+02 1.35799966920679e+20 1.12168320544371e+09 2.59429822627804e+08 4.57841211457353e+08 1.24496568544374e+06 2.02408531053280e+09 7.57594140480016e+08 4.48418926538831e+02 6.14696842746971e+07 2.60483277249710e-02 2.30061297442995e-08 1.35799966922883e+20 7.47565057703036e+08 5.35696564078668e+05 1.39718687213513e+08 6.72505473264709e+07 1.55371902575437e-07 2.42432120605342e-06 
1.02459615300092e-11 4.34070767052337e+02 3.83580354398711e+02 1.35799966918652e+20 1.84165869032410e+09 4.25950208421459e+08 7.51715975090824e+08 2.04407258342545e+06 3.32328636690782e+09 1.24387137534859e+09 7.36245669683471e+02 1.00925267944069e+08 7.02159143478079e-02 6.20153665811347e-08 1.35799966922270e+20 1.22740508016700e+09 8.79544181727206e+05 2.29400008257700e+08 1.10416695135295e+08 4.18820552505523e-07 6.53500419669512e-06 
1.42515034676211e-11 4.34070737637481e+02 3.83580336328977e+02 1.35799966916625e+20 2.56163417542671e+09 5.92470599682821e+08 1.04559069605136e+09 2.84317949126215e+06 4.62248756487302e+09 1.73014847018711e+09 1.02407226638739e+03 1.40380851501392e+08 1.35845474153559e-01 1.19980032598938e-07 1.35799966921657e+20 1.70724508855713e+09 1.22339159347547e+06 3.19081330782213e+08 1.53582841299070e+08 8.10284251681515e-07 1.26431558474387e-05 
1.82570454052330e-11 4.34070708222633e+02 3.83580318259250e+02 1.35799966914598e+20 3.28160966075154e+09 7.58990996411889e+08 1.33946537433897e+09 3.64228640895385e+06 5.92168890442836e+09 2.21642542499562e+09 1.31189871665068e+03 1.79836434946668e+08 2.22937004117718e-01 1.96900130972046e-07 1.35799966921044e+20 2.18708508287344e+09 1.56723879932371e+06 4.08762654787054e+08 1.96748985817796e+08 1.32976278877663e-06 2.07487759081899e-05 
5.83124647813522e-11 4.34070414074609e+02 3.83580300189529e+02 1.35799966894326e+20 1.04813645262223e+10 2.42419526442560e+09 4.27820981020738e+09 1.16333561278931e+07 1.89137100874227e+10 7.07918727144699e+09 4.19015516507640e+03 5.74392263236786e+08 2.27426071466504e+00 2.00865205540815e-06 1.35799966914913e+20 6.98548425197652e+09 5.00569953338790e+06 1.30557597625344e+09 6.28410340527376e+08 1.35652946223329e-05 2.11665755283898e-04 
9.83678841574714e-11 4.34070119927413e+02 3.83580119492645e+02 1.35799966874054e+20 1.76811194139154e+10 4.08940007920746e+09 7.21694997879345e+09 1.96244268323247e+07 3.19057454293784e+10 1.19419351149498e+10 7.06839696952632e+03 9.68948080322104e+08 6.47178150448831e+00 5.71595394943994e-06 1.35799966908783e+20 1.17838820136981e+10 8.44413967771246e+06 2.20238944575247e+09 1.06007153073212e+09 3.86020898194888e-05 6.02329617432400e-04 
1.38423303533591e-10 4.34069825781045e+02 3.83579938796362e+02 1.35799966853781e+20 2.48808743238309e+10 5.75460544075548e+09 1.01556858801056e+10 2.76154985222426e+07 4.48977949302524e+10 1.68046689555473e+10 9.94662413007354e+03 1.36350388620262e+09 1.28154993561098e+01 1.13188113788950e-05 1.35799966902653e+20 1.65822783680391e+10 1.18825592325172e+07 3.09920306328411e+09 1.49173255643207e+09 7.64399637367433e-05 1.19274039070430e-03 
1.78478722909710e-10 4.34069531635506e+02 3.83579758100678e+02 1.35799966833509e+20 3.20806292559686e+10 7.41981134906761e+09 1.30944175141528e+10 3.56065711976411e+07 5.78898585899994e+10 2.16673887932848e+10 1.28248366467946e+04 1.75805968087834e+09 2.13054142417871e+01 1.88172301648881e-05 1.35799966896522e+20 2.13806733150002e+10 1.53209581980322e+07 3.99601682884829e+09 1.92339341762731e+09 1.27078722932181e-04 1.98289810391472e-03 
5.79032916670902e-10 4.34066590225672e+02 3.83579577405594e+02 1.35799966630788e+20 1.04078179799547e+11 2.40719005034649e+10 4.24814991582661e+10 1.15517352150869e+08 1.87811273909070e+11 7.02938170297408e+10 4.16061564312928e+04 5.70361701137142e+09 2.24245389175345e+02 1.98059398151812e-04 1.35799966835219e+20 6.93645453790333e+10 4.97038155255578e+07 1.29641626262596e+10 6.23999298184274e+09 1.33744501781951e-03 2.08705672878836e-02 
9.79587110432094e-10 4.34063648898669e+02 3.83577770487741e+02 1.35799966428068e+20 1.76075732565275e+11 4.07240443319056e+10 7.18681540860342e+10 1.95428231645256e+08 3.17734105063625e+11 1.18918845031926e+11 7.03860119207118e+04 9.64917322138416e+09 6.41805033468465e+02 5.66864349716409e-04 1.35799966773916e+20 1.17348276706066e+11 8.40846141871386e+07 2.19323232268609e+10 1.05565760956577e+10 3.82767887981346e-03 5.97329631648199e-02 
1.38014130419329e-09 4.34060707654493e+02 3.83575963629862e+02 1.35799966225347e+20 2.48073287553086e+11 5.73762428324120e+10 1.01254382305944e+11 2.75339209675049e+08 4.47658352010367e+11 1.67542472843076e+11 9.91644031882015e+04 1.35947283109163e+10 1.27398431869656e+03 1.12523764096242e-03 1.35799966712614e+20 1.65331867296918e+11 1.18463354402560e+08 3.09004986305982e+10 1.48731427591321e+10 7.59759566893763e-03 1.18570113066042e-01 
1.78069549795448e-09 4.34057766493143e+02 3.83574156831957e+02 1.35799966022628e+20 3.20070844762913e+11 7.40284960029127e+10 1.30640183826883e+11 3.55250286234223e+08 5.77584014703952e+11 2.16164700508474e+11 1.27941330310373e+05 1.75402822799674e+10 2.12078321509292e+03 1.87318509113475e-03 1.35799966651311e+20 2.13315317152445e+11 1.52840036401988e+08 3.98686888374150e+10 1.91896929723283e+10 1.26470020345986e-02 1.97382045617570e-01 
4.92831989196759e-09 4.34034657219065e+02 3.83572350094021e+02 1.35799964429632e+20 8.85840226002507e+11 2.04886694909437e+11 3.61544063746069e+11 9.83208827625332e+08 1.59861169752762e+12 5.98197880460693e+11 3.54024469388017e+05 4.85450913509021e+10 1.62448079039726e+04 1.43493900286650e-02 1.35799966169590e+20 5.90372698301529e+11 4.22906362620052e+08 1.10342799640537e+11 5.31093213984435e+10 9.68361108191202e-02 1.51191614258647e+00 
8.07594428598070e-09 4.34011553058168e+02 3.83558154520656e+02 1.35799962836659e+20 1.45160974441582e+12 3.35748268603138e+11 5.92421599487836e+11 1.61117344999716e+09 2.61972677916414e+12 9.80144624947365e+11 5.80017238112826e+05 7.95498312309705e+10 4.36217688256757e+04 3.85351540512271e-02 1.35799965687878e+20 9.67421389388010e+11 6.92845718057089e+08 1.80817824516111e+11 8.70279340394838e+10 2.59929122330369e-01 4.05992656500353e+00 
1.12235686799938e-08 4.33988454009238e+02 3.83543962649326e+02 1.35799961243708e+20 2.01737939996938e+12 4.66613216077265e+11 8.23272795371883e+11 2.23914415042419e+09 3.64092923757707e+12 1.36200495597477e+12 8.05919673709256e+05 1.10554501920023e+11 8.42516515076206e+04 7.44333063416808e-02 1.35799965206174e+20 1.34446139082858e+12 9.62658214413534e+08 2.51293763436677e+11 1.20945530925891e+11 5.01832271406486e-01 7.84142722952892e+00 
1.43711930740069e-08 4.33965360071059e+02 3.83529774478972e+02 1.35799959650779e+20 2.58314919262975e+12 5.97481536325740e+11 1.05409765571490e+12 2.86712092598476e+09 4.66221905074624e+12 1.74377889553290e+12 1.03173181337015e+06 1.41559103417910e+11 1.38134441483263e+05 1.22046674759829e-01 1.35799964724480e+20 1.72149270303967e+12 1.23234396320962e+09 3.21770616374786e+11 1.54862112088093e+11 8.22451987341527e-01 1.28564320458767e+01 
1.75188174680200e-08 4.33942271242419e+02 3.83515590008533e+02 1.35799958057873e+20 3.14891912236350e+12 7.28353228343119e+11 1.28489618483070e+12 3.49510377376101e+09 5.68359619666710e+12 2.12546646559616e+12 1.25745369425790e+06 1.72563635724483e+11 2.05270124291657e+05 1.81378085923205e-01 1.35799964242794e+20 2.09851532643744e+12 1.50190307578956e+09 3.92248383303004e+11 1.88777677556505e+11 1.22169488989348e+00 1.91049549172130e+01 
4.89950614081511e-08 4.33711663714020e+02 3.83501409236949e+02 1.35799942130036e+20 8.80662595139424e+12 2.03725537492354e+12 3.59143420601622e+12 9.77526558469547e+09 1.59021661250739e+13 5.93759666952344e+12 3.50971642639890e+06 4.82605153235005e+11 1.60553287689040e+06 1.41980620164010e+00 1.35799959426430e+20 5.86826376711297e+12 4.19055354261928e+09 1.09707631600679e+12 5.27877475771681e+11 9.51804361592944e+00 1.49436733819791e+02 
8.04713053482822e-08 4.33481565806926e+02 3.83359804725555e+02 1.35799926204425e+20 1.44643464510613e+13 3.34649359435529e+12 5.89534384026467e+12 1.60560314281446e+10 2.61294451789137e+13 9.74111404054140e+12 5.75299403454187e+06 7.92639751449473e+11 4.33106900558381e+06 3.83314675150410e+00 1.35799954610956e+20 9.63714378346116e+12 6.86666183306954e+09 1.80199561755021e+12 8.66875738055027e+11 2.55751861367190e+01 4.03135602792644e+02 
1.11947549288413e-07 4.33251976312339e+02 3.83218568937288e+02 1.35799910281037e+20 2.01220805880641e+13 4.65606688495135e+12 8.19662938320001e+12 2.23373984262910e+10 3.63654114606746e+13 1.35360404460290e+13 7.98732343770388e+06 1.10266743021796e+12 8.38186404822895e+06 7.42422432526380e+00 1.35799949796373e+20 1.34051557901520e+13 9.53033728025619e+09 2.50700626051213e+12 1.20577249480546e+12 4.93020679213414e+01 7.80215448376654e+02 
1.43423793228544e-07 4.33022894024594e+02 3.83077700818177e+02 1.35799894359868e+20 2.57798283291810e+13 5.96597424742795e+12 1.04952951187874e+13 2.86193637268941e+10 4.66100431415224e+13 1.73223976847011e+13 1.02127413985345e+07 1.41268818939017e+12 1.37579035415009e+07 1.21958622608348e+01 1.35799944982680e+20 1.71723002009000e+13 1.21816879336450e+10 3.21210821748034e+12 1.54456777641243e+12 8.06091164896597e+01 1.28069014669374e+03 
1.74900037168676e-07 4.32794317741139e+02 3.82937199317459e+02 1.35799878440917e+20 3.14375896412682e+13 7.27621468488900e+12 1.27913453194190e+13 3.49019245029531e+10 5.68633184607959e+13 2.11002074871116e+13 1.24292845244592e+07 1.72270202881548e+12 2.04591730208712e+07 1.81508826422781e+01 1.35799940169876e+20 2.09385774284715e+13 1.48208205805465e+10 3.91730146105147e+12 1.88326161325596e+12 1.19408208598400e+02 1.90457356350832e+03 
3.53968031689052e-07 4.31503519164422e+02 3.82797063387562e+02 1.35799787920200e+20 6.36247861337498e+13 1.47364466346365e+13 2.58039908080480e+13 7.06545360274386e+10 1.15357491690926e+14 4.24305472131033e+13 2.48720833303317e+07 3.48623557469770e+12 8.37967865239369e+07 7.46823852295747e+01 1.35799912806792e+20 4.23484061507495e+13 2.96074331827380e+10 7.93087337539105e+12 3.80815831920035e+12 4.78524853595159e+02 7.80258616953180e+03 
5.33036026209428e-07 4.30228839612319e+02 3.82006736552807e+02 1.35799697470533e+20 9.58124147386821e+13 2.22072447040428e+13 3.87329003450037e+13 1.06425829330795e+11 1.74126761573408e+14 6.34888973242441e+13 3.70354409997615e+07 5.24954513287261e+12 1.90021795215421e+08 1.70123366128205e+02 1.35799885472387e+20 6.37302573699060e+13 4.40206700131139e+10 1.19473938187786e+13 5.72977837527912e+12 1.06224224318205e+03 1.76976641266987e+04 
7.12104020729805e-07 4.28970063170956e+02 3.81228017326829e+02 1.35799607091337e+20 1.28000469491487e+14 2.96884295551382e+13 5.15788402283479e+13 1.42215326319684e+11 2.33167241172548e+14 8.42791392359000e+13 4.89258259135064e+07 7.01263067498061e+12 3.39131533717458e+08 3.04991061827192e+02 1.35799858166569e+20 8.50842054167516e+13 5.80781032534578e+10 1.59668577615051e+13 7.64812735823706e+12 1.85667592459001e+03 3.15923418476858e+04 
8.91172015250181e-07 4.27726976979588e+02 3.80460718527923e+02 1.35799516782044e+20 1.60188944503876e+14 3.71798241805504e+13 6.43425655526923e+13 1.78022571000413e+11 2.92475109358790e+14 1.04805088570118e+14 6.05495574277340e+07 8.77549217231906e+12 5.31123335433510e+08 4.79801285682210e+02 1.35799830889247e+20 1.06410323702168e+14 7.17962381570663e+10 1.99892601827832e+13 9.56321083529240e+12 2.84909662891359e+03 4.94891432613411e+04 
1.07024000977056e-06 4.26499371190419e+02 3.79704656131981e+02 1.35799426542095e+20 1.92377833962658e+14 4.46812538668662e+13 7.70248204228448e+13 2.13847128090057e+11 3.52046609467310e+14 1.25070496496908e+14 7.19128093046625e+07 1.05381295958489e+13 7.65994532537896e+08 6.95068360880965e+02 1.35799803640332e+20 1.27708684733834e+14 8.51905944866911e+10 2.40145960707260e+13 1.14750343641418e+13 4.02781560254269e+03 7.13905818128333e+04 
1.24930800429093e-06 4.25287038931042e+02 3.78959649223268e+02 1.35799336370937e+20 2.24567132128626e+14 5.21925461609844e+13 8.96263381505619e+13 2.49688581808236e+11 4.11878048067812e+14 1.45079050964342e+14 8.30216128590482e+07 1.23005429162005e+13 1.04374245596597e+09 9.51305057751241e+02 1.35799776419738e+20 1.48979360131728e+14 9.82757757036983e+10 2.80428604223285e+13 1.33836034929656e+13 5.38209058327380e+03 9.72991604642718e+04 
1.76733184424474e-06 4.21864038387075e+02 3.78225519947077e+02 1.35799075898177e+20 3.17689449842265e+14 7.39758620571371e+13 1.25633106400030e+14 3.53465489583132e+11 5.86394336485984e+14 2.01548325146854e+14 1.13778940216237e+08 1.73977469413642e+13 2.08864418298229e+09 1.92794957657185e+03 1.35799697832274e+20 2.10357816593218e+14 1.34512238161474e+11 3.97126261491680e+13 1.88866080131316e+13 1.02003175135721e+04 1.94836245965721e+05 
2.28535568419854e-06 4.18562363710381e+02 3.76161422600890e+02 1.35798815983828e+20 4.10815007018254e+14 9.58362826452804e+13 1.60987216100849e+14 4.57371698776130e+11 7.62970787962817e+14 2.55983076753036e+14 1.42591879604337e+08 2.24930745066668e+13 3.49228589755449e+09 3.26402309249412e+03 1.35799619479133e+20 2.71506838517777e+14 1.68571006324824e+11 5.14067373787864e+13 2.43625570370488e+13 1.62030770023611e+04 3.25988971349893e+05 
2.80337952415235e-06 4.15377406588204e+02 3.74182814188774e+02 1.35798556615645e+20 5.03943674598787e+14 1.17769934958373e+14 1.95704995656478e+14 5.61399402870589e+11 9.41526303086109e+14 3.08464274191423e+14 1.69587883086078e+08 2.75865248574979e+13 5.25460280317131e+09 4.97169097111916e+03 1.35799541358433e+20 3.32428042393643e+14 2.00703868046246e+11 6.31250742293663e+13 2.98115835502337e+13 2.32280894168014e+04 4.90816459897686e+05 
3.32140336410615e-06 4.12304744955941e+02 3.72285797152048e+02 1.35798297781883e+20 5.97075328106873e+14 1.39773086038372e+14 2.29802124218102e+14 6.65541680681994e+11 1.12198355750456e+15 3.59069111631371e+14 1.94886077620635e+08 3.26780972194435e+13 7.37553001300695e+09 7.06297816848848e+03 1.35799463468383e+20 3.93122991136290e+14 2.31125314033214e+11 7.48675174262035e+13 3.52338198814984e+13 3.11447112725894e+04 6.89377109623754e+05 
3.83942720405995e-06 4.09340135125437e+02 3.70466662304580e+02 1.35798039471275e+20 6.90209847436200e+14 1.61842136549156e+14 2.63293668140727e+14 7.69792354825627e+11 1.30426877962033e+15 4.07871231290878e+14 2.18597834329701e+08 3.77677907994304e+13 9.85500254864052e+09 9.54975791827710e+03 1.35799385807274e+20 4.53593197063975e+14 2.60019520964869e+11 8.66339482966696e+13 4.06293977064545e+13 3.98464405701138e+04 9.21728596454639e+05 
4.35745104401376e-06 4.06479504620811e+02 3.68721879736998e+02 1.35797781672997e+20 7.83347116663453e+14 1.83973615078222e+14 2.96194113202937e+14 8.74145882925251e+11 1.48831155521996e+15 4.54940918788886e+14 2.40827270467013e+08 4.28556047867413e+13 1.26929553389102e+10 1.24437415386715e+04 1.35799308373470e+20 5.13840124551418e+14 2.87545374895477e+11 9.84242487657205e+13 4.59984480508246e+13 4.92462000463151e+04 1.18792787726336e+06 
5.42378140377764e-06 4.00901848533765e+02 3.67048090335731e+02 1.35797252574909e+20 9.75074464884869e+14 2.29712712154703e+14 3.62116425664275e+14 1.08925619093617e+12 1.87240510787007e+15 5.46661218277940e+14 2.82327677621491e+08 5.33227363838647e+13 1.96629280417075e+10 1.97316209180620e+04 1.35799149688124e+20 6.37159050869587e+14 3.40471073732600e+11 1.22768726420653e+14 5.69674629885589e+13 7.04954048626052e+04 1.84267455159924e+06 
6.49011176354153e-06 3.95716352907017e+02 3.63812695094250e+02 1.35796725518508e+20 1.16681206875715e+15 2.75674587123589e+14 4.25707404329022e+14 1.30474390376720e+12 2.26311641100861e+15 6.31868566874164e+14 3.18720663440860e+08 6.37818927347398e+13 2.81510252008607e+10 2.88917723833907e+04 1.35798991946424e+20 7.59549677869848e+14 3.89147073945520e+11 1.47212831521426e+14 6.78257547258964e+13 9.39368389434275e+04 2.64156133658443e+06 
7.55644212330542e-06 3.90893590329934e+02 3.60838872283004e+02 1.35796200424691e+20 1.35855906591974e+15 3.21833516274352e+14 4.87073376765341e+14 1.52057837871812e+12 2.65994649406859e+15 7.11060843379285e+14 3.50672860580565e+08 7.42330661653469e+13 3.81566754238331e+10 4.00188410857428e+04 1.35798835136398e+20 8.81023129477113e+14 4.34308624831004e+11 1.71755557647382e+14 7.85744404669276e+13 1.19241988767022e+05 3.58505660139263e+06 
8.62277248306930e-06 3.86406499157162e+02 3.58103269348982e+02 1.35795677220008e+20 1.55031465234088e+15 3.68165565612979e+14 5.46313154311963e+14 1.73673422427249e+12 3.06243948791919e+15 7.84692837895193e+14 3.78764202391249e+08 8.46762487797078e+13 4.96793055438068e+10 5.32036523640876e+04 1.35798679246858e+20 1.00158991589329e+15 4.76523760472032e+11 1.96395908679426e+14 8.92146261116363e+13 1.46159707247289e+05 4.67361614995063e+06 
9.68910284283319e-06 3.82230180716135e+02 3.55584788901035e+02 1.35795155836043e+20 1.74207807743528e+15 4.14648442882575e+14 6.03518809228436e+14 1.95318987984701e+12 3.47017801276041e+15 8.53180863557941e+14 4.03499824705442e+08 9.51114324854043e+13 6.27183405896259e+10 6.85329927330202e+04 1.35798524267284e+20 1.12126000000476e+15 5.16242150780927e+11 2.21132898666989e+14 9.97474063760778e+13 1.74494478364578e+05 5.90768333782368e+06 
1.07554332025971e-05 3.78341723299862e+02 3.53264362271322e+02 1.35794636208902e+20 1.93384863994042e+15 4.61261372639208e+14 6.58776317411940e+14 2.16992671615086e+12 3.88277939685412e+15 9.16906537504084e+14 4.25319709555463e+08 1.05538609015070e+14 7.72732037602364e+10 8.60894496450515e+04 1.35798370187737e+20 1.24004285278592e+15 5.53823535424399e+11 2.45965551707881e+14 1.10173864906156e+14 2.04098922727422e+05 7.28768918474529e+06 
1.32418958209468e-05 3.70277109741356e+02 3.51124750074256e+02 1.35793431039502e+20 2.38104218358009e+15 5.70351818744329e+14 7.80501674761432e+14 2.67631669726374e+12 4.86184310144963e+15 1.04892395312720e+15 4.66950006060636e+08 1.29821484019483e+14 1.17097172811933e+11 1.36109269579826e+05 1.35798014349916e+20 1.51362359715976e+15 6.34723188642736e+11 3.04236386018284e+14 1.34079204300666e+14 2.77427155645215e+05 1.10748080997315e+07 
1.57283584392966e-05 3.63431781792033e+02 3.46752992377226e+02 1.35792234416302e+20 2.82826359412469e+15 6.79827396024786e+14 8.92984107089404e+14 3.18398531616740e+12 5.86159784435267e+15 1.16077818985257e+15 4.98607826781068e+08 1.54060666462646e+14 1.65152571136138e+11 1.99554407889485e+05 1.35797663244586e+20 1.78253538313578e+15 7.08132865465629e+11 3.63010091369490e+14 1.57425628376288e+14 3.55990675791683e+05 1.56627428067011e+07 
1.82148210576463e-05 3.57612603469548e+02 3.43113868861169e+02 1.35791045739615e+20 3.27550649028380e+15 7.89502173976593e+14 9.97022782909884e+14 3.69280725568275e+12 6.87884181081027e+15 1.25565841220043e+15 5.23072099580680e+08 1.78256043818610e+14 2.21431965735423e+11 2.77194443492484e+05 1.35797316771507e+20 2.04687553591337e+15 7.75667286672827e+11 4.22274909837105e+14 1.80226196560328e+14 4.39042336243231e+05 2.10561987010370e+07 
2.07012836759961e-05 3.52658946693845e+02 3.40073679387539e+02 1.35789864476526e+20 3.72276537726849e+15 8.99217700750023e+14 1.09332153436945e+15 4.20268040083874e+12 7.91090731808904e+15 1.33621996785190e+15 5.42370800961385e+08 2.02407501421892e+14 2.85927865853394e+11 3.69672162872473e+05 1.35796974838045e+20 2.30673429629723e+15 8.38446882267908e+11 4.82019359092620e+14 2.02493662958743e+14 5.25952309162655e+05 2.72595393496880e+07 
2.31877462943459e-05 3.48436600262380e+02 3.37525399652609e+02 1.35788690147514e+20 4.17003551270203e+15 1.00883889915210e+15 1.18250649581260e+15 4.71351876703480e+12 8.95555848244977e+15 1.40468670996234e+15 5.57988763789374e+08 2.26514923144128e+14 3.58632722189571e+11 4.77511379080497e+05 1.35796637357437e+20 2.56219636355324e+15 8.97293042441984e+11 5.42232225499547e+14 2.24240483737681e+14 6.16210866879248e+05 3.42767945786922e+07 
2.56742089126956e-05 3.44833376358369e+02 3.35382825798254e+02 1.35787522317846e+20 4.61731279339003e+15 1.11825054573432e+15 1.26513834316713e+15 5.22524911095823e+12 1.00109147513312e+16 1.46292745452435e+15 5.71015525675565e+08 2.50578191848743e+14 4.39538926383276e+11 6.01126316929713e+05 1.35796304247727e+20 2.81334189039386e+15 9.52795480604393e+11 6.02902557719059e+14 2.45478824041420e+14 7.09435261345253e+05 4.21116681876688e+07 
2.98690297034790e-05 3.39900658145356e+02 3.33576306149178e+02 1.35785565748495e+20 5.37190462730876e+15 1.30209554583194e+15 1.39107993439804e+15 6.09042178709478e+12 1.18113457910886e+16 1.54225969164188e+15 5.89108322605379e+08 2.91074052793725e+14 5.94600826114507e+11 8.46295018806928e+05 1.35795751960694e+20 3.22746891862493e+15 1.03997874264071e+12 7.06264496212295e+14 2.80189691798017e+14 8.72597393891834e+05 5.71921213833280e+07 
3.40638504942624e-05 3.36108908080760e+02 3.31136545701276e+02 1.35783624844960e+20 6.12649300609172e+15 1.48469935799451e+15 1.50191946531069e+15 6.95770154746197e+12 1.36318468363715e+16 1.60279989211503e+15 6.04122124574605e+08 3.31443345043915e+14 7.72946214589558e+11 1.13827035133909e+06 1.35795211536532e+20 3.62987641156553e+15 1.12014159723228e+12 8.10848378173508e+14 3.13542298442675e+14 1.04218284000101e+06 7.46234427752091e+07 
3.82586712850458e-05 3.33191006647780e+02 3.29287779647941e+02 1.35781698105596e+20 6.88106699151802e+15 1.66578115147919e+15 1.59947909062625e+15 7.82686456718674e+12 1.54678975963324e+16 1.64901729210481e+15 6.17393466431349e+08 3.71685502898171e+14 9.74537400104061e+11 1.47753779657488e+06 1.35794682638527e+20 4.02089486288698e+15 1.19420394007931e+12 9.16606398855457e+14 3.45589748984171e+14 1.21723551892657e+06 9.44174893882092e+07 
4.24534920758292e-05 3.30943051822777e+02 3.27881135862852e+02 1.35779784192358e+20 7.63561788934530e+15 1.84512930969731e+15 1.68534476558778e+15 8.69770774653460e+12 1.73160264573417e+16 1.68433447940049e+15 6.29845904156741e+08 4.11799963900509e+14 1.19933620235368e+12 1.86420092670170e+06 1.35794164943706e+20 4.40084140664024e+15 1.26291252349705e+12 1.02349261904490e+15 3.76383075352688e+14 1.39698026606200e+06 1.16583817796731e+08 
4.66483128666126e-05 3.29208615941494e+02 3.26807105293303e+02 1.35777881905810e+20 8.39013879521955e+15 2.02258716970599e+15 1.76090600181949e+15 9.57004820370716e+12 1.91735705863690e+16 1.71136720123449e+15 6.42014188327464e+08 4.51786170331427e+14 1.44730395255656e+12 2.29810028772905e+06 1.35793658140180e+20 4.77002243983552e+15 1.32686546273629e+12 1.13146289202575e+15 4.05971317563451e+14 1.58084672942006e+06 1.41129787099968e+08 
5.08431336573960e-05 3.27868764167827e+02 3.25984222461629e+02 1.35775990171455e+20 9.14462420542801e+15 2.19804055573996e+15 1.82738244566422e+15 1.04437218954158e+13 2.10384886224728e+16 1.73211158226927e+15 6.54088153594291e+08 4.91643569805059e+14 1.71840149473349e+12 2.77888698019283e+06 1.35793161926075e+20 5.12873468020818e+15 1.38651762182263e+12 1.24047479450508e+15 4.34401600452241e+14 1.76841878795085e+06 1.68060656868793e+08 
5.92713831471590e-05 3.26012744481924e+02 3.25352030111222e+02 1.35772217358272e+20 1.06604149955320e+16 2.54420633439608e+15 1.93772760616943e+15 1.22025389500298e+13 2.48018505402527e+16 1.76053738577605e+15 6.78342667132423e+08 5.71333616825604e+14 2.33285359271953e+12 3.88497208621738e+06 1.35792195761050e+20 5.81897551943553e+15 1.49488532240009e+12 1.46248763000577e+15 4.88204521816727e+14 2.15498442623397e+06 2.29391344717784e+08 
6.76996326369220e-05 3.24898275185926e+02 3.24481344495386e+02 1.35768476635395e+20 1.21760204222255e+16 2.88163645804163e+15 2.02287703213400e+15 1.39650435219934e+13 2.85806764668871e+16 1.77737555395115e+15 7.02635913292595e+08 6.50497135955640e+14 3.04019039051874e+12 5.17450143922331e+06 1.35791268874131e+20 6.47036872666497e+15 1.58980772347498e+12 1.68823080254980e+15 5.37860066950514e+14 2.55275202120740e+06 3.00364778125079e+08 
7.61278821266850e-05 3.24240670937682e+02 3.23961369261607e+02 1.35764762674933e+20 1.36914240383391e+16 3.21023333075041e+15 2.08844556544726e+15 1.57302733629376e+13 3.23700821104842e+16 1.78720356097744e+15 7.27128256463368e+08 7.29129881002217e+14 3.84007665335407e+12 6.64276303664400e+06 1.35790379096643e+20 7.08504924412316e+15 1.67319496699929e+12 1.91741681725496e+15 5.83687554446616e+14 2.96000382209322e+06 3.80956557366555e+08 
8.45561316164481e-05 3.23858249794287e+02 3.23655556753462e+02 1.35761071207262e+20 1.52066142323251e+16 3.53002632003645e+15 2.13884503081768e+15 1.74973675921780e+13 3.61668940949908e+16 1.79291111909752e+15 7.51984243675011e+08 8.07227717477364e+14 4.73216941299128e+12 8.28549973771156e+06 1.35789524365238e+20 7.66504939537493e+15 1.74670753712230e+12 2.14978023759565e+15 6.25981784318795e+14 3.37542297221688e+06 4.71117264912438e+08 
9.29843811062111e-05 3.23633603401253e+02 3.23478059287819e+02 1.35757398812272e+20 1.67215826195062e+16 3.84112420558778e+15 2.17754316814657e+15 1.92655576838410e+13 3.99690216932913e+16 1.79632661124721e+15 7.77169357058776e+08 8.84786623374944e+14 5.71611805953988e+12 1.00991105484901e+07 1.35788702717030e+20 8.21230357601834e+15 1.81174188361626e+12 2.38507597027086e+15 6.65014944802755e+14 3.79801506610986e+06 5.70775207289683e+08 
1.01412630595974e-04 3.23498792332918e+02 3.23373909682122e+02 1.35753742772580e+20 1.82363232620839e+16 4.14369191624046e+15 2.20723538896154e+15 2.10341574270968e+13 4.37752012907595e+16 1.79847096664854e+15 8.02542853980970e+08 9.61802685655757e+14 6.79156444384478e+12 1.20802806694073e+07 1.35787912291725e+20 8.72864596850934e+15 1.86941431217310e+12 2.62307776261468e+15 7.01038283177424e+14 4.22694565488468e+06 6.79838857704990e+08 
1.17466115276800e-04 3.23357119498412e+02 3.23311451138790e+02 1.35746816760882e+20 2.11208398011521e+16 4.69710032290479e+15 2.24615675281724e+15 2.44017795965521e+13 5.10333726704440e+16 1.80099942232368e+15 8.51237105106367e+08 1.10698167966358e+15 9.09178477093851e+12 1.63060568534084e+07 1.35786486861150e+20 9.63280002251943e+15 1.96214980824051e+12 3.08315048125811e+15 7.62149115476126e+14 5.05883429935206e+06 9.13192613692415e+08 
1.33519599957625e-04 3.23304415686977e+02 3.23245847451598e+02 1.35739931924258e+20 2.40044935972228e+16 5.22174073623140e+15 2.26966356716205e+15 2.77649039301421e+13 5.83006976014514e+16 1.80227036304394e+15 9.00145880438217e+08 1.25015232006659e+15 1.17200246178782e+13 2.11080474896132e+07 1.35785157181159e+20 1.04420996822744e+16 2.03640422238697e+12 3.55100721610718e+15 8.14598190839339e+14 5.90683168548562e+06 1.17936654171508e+09 
1.49573084638450e-04 3.23304635695247e+02 3.23221451095671e+02 1.35733081599220e+20 2.68872694941799e+16 5.71908267453939e+15 2.28364437520925e+15 3.11203106528618e+13 6.55754927341369e+16 1.80276805489375e+15 9.49235687475812e+08 1.39129081293873e+15 1.46735900880264e+13 2.64672699916630e+07 1.35783913207652e+20 1.11664639090620e+16 2.09587845795410e+12 4.02554471624785e+15 8.59610197316649e+14 6.76756568223919e+06 1.47730596814682e+09 
1.65626569319276e-04 3.23319261493234e+02 3.23221553069397e+02 1.35726261284014e+20 2.97691542406777e+16 6.19050900767006e+15 2.29182087023740e+15 3.44651833924249e+13 7.28561235269220e+16 1.80308847640372e+15 9.98437516571948e+08 1.53037478388933e+15 1.79496957836072e+13 3.23648415609398e+07 1.35782745952131e+20 1.18147741314374e+16 2.14345374771998e+12 4.50581463351150e+15 8.98237674517980e+14 7.63825104095910e+06 1.80584608453954e+09 
1.81680054000101e-04 3.23325404493139e+02 3.23228323028829e+02 1.35719467745128e+20 3.26501367794204e+16 6.63736303474598e+15 2.29660626188745e+15 3.77970308091786e+13 8.01413550370771e+16 1.80356662999487e+15 1.04762400210628e+09 1.66738329871581e+15 2.15454673240297e+13 3.87853757829087e+07 1.35781647333263e+20 1.23950199622721e+16 2.18145002449845e+12 4.99100148651260e+15 9.31385503180527e+14 8.51693650946649e+06 2.16374804297764e+09 
1.97733538680927e-04 3.23324869953027e+02 3.23231166700376e+02 1.35712698691609e+20 3.55302081006418e+16 7.06094635631203e+15 2.29944369706958e+15 4.11136506837187e+13 8.74304671412681e+16 1.80414245523314e+15 1.09672036593608e+09 1.80229684334175e+15 2.54579440901587e+13 4.57138393759865e+07 1.35780610117239e+20 1.29143568283035e+16 2.21166203264505e+12 5.48040497018874e+15 9.59830579071137e+14 9.40179437352646e+06 2.54972570336681e+09 
2.28056900891469e-04 3.23317108452679e+02 3.23230919426708e+02 1.35699973704562e+20 4.09678483058650e+16 7.80185496014264e+15 2.30231691482442e+15 4.73299997461876e+13 1.01207274788518e+17 1.80530649207158e+15 1.18912319019210e+09 2.05135562324012e+15 3.37014817686638e+13 6.01313751935433e+07 1.35778796039736e+20 1.37513307859733e+16 2.25213803092423e+12 6.41426414030073e+15 1.00303367584133e+15 1.10843405459283e+07 3.35078729439073e+09 
2.58380263102011e-04 3.23327613668275e+02 3.23227327028631e+02 1.35687322542303e+20 4.64021595828078e+16 8.47173972191559e+15 2.30334911098168e+15 5.34736441022059e+13 1.14992485878531e+17 1.80615255302149e+15 1.28098388538450e+09 2.29276784616198e+15 4.30427912785741e+13 7.62032084170886e+07 1.35777141258211e+20 1.44301765128676e+16 2.27614102248046e+12 7.35780753973062e+15 1.03540118142735e+15 1.27752103540202e+07 4.23852967949175e+09 
2.88703625312554e-04 3.23343700388573e+02 3.23232190094931e+02 1.35674739294464e+20 5.18330971466629e+16 9.07746846389242e+15 2.30328393206956e+15 5.95349989389345e+13 1.28782992978037e+17 1.80691428410292e+15 1.37219992982280e+09 2.52644287269590e+15 5.34596175151348e+13 9.38320334474438e+07 1.35775615757292e+20 1.49806424845909e+16 2.28828991651300e+12 8.30860264852244e+15 1.05962790420079e+15 1.44693566882252e+07 5.20435046604050e+09 
3.19026987523096e-04 3.23348057004231e+02 3.23239637210524e+02 1.35662218327975e+20 5.72606204407497e+16 9.62525962095919e+15 2.30287815976184e+15 6.55058995289394e+13 1.42576284170744e+17 1.80785594190157e+15 1.46268767481209e+09 2.75230743802870e+15 6.49288130444312e+13 1.12930163231282e+08 1.35774195105875e+20 1.54269598422022e+16 2.29205181606738e+12 9.26481136473226e+15 1.07774844718323e+15 1.61633406161158e+07 6.24011352783265e+09 
3.49350349733639e-04 3.23345699056101e+02 3.23241654380234e+02 1.35649754592240e+20 6.26846936686474e+16 1.01207526441331e+16 2.30261101055557e+15 7.13794617659005e+13 1.56370680584172e+17 1.80888104753656e+15 1.55255857498495e+09 2.97030528194059e+15 7.74264070338186e+13 1.33413215208440e+08 1.35772859434733e+20 1.57888479288056e+16 2.29005181319618e+12 1.02250421717101e+16 1.09130159620256e+15 1.78539985253833e+07 7.33831261592449e+09 
3.79673711944181e-04 3.23346806609924e+02 3.23240563136192e+02 1.35637343874865e+20 6.81052847705484e+16 1.05690258070215e+16 2.30246867459682e+15 7.71499659347787e+13 1.70164929336663e+17 1.80983681151797e+15 1.64187320891002e+09 3.18039672233899e+15 9.09276723991506e+13 1.55196039288099e+08 1.35771592670218e+20 1.60822696192334e+16 2.28400654663899e+12 1.11882513279267e+16 1.10144015433767e+15 1.95391915202499e+07 8.49208472077159e+09 
4.35441356838710e-04 3.23350749084455e+02 3.23241076205995e+02 1.35614645121332e+20 7.80650988113221e+16 1.12852552539309e+16 2.30231946989488e+15 8.74778345665414e+13 1.95529724345110e+17 1.81154812894376e+15 1.80456732116441e+09 3.54606593163102e+15 1.18292839879028e+14 1.98404607503665e+08 1.35769400344525e+20 1.64854070436415e+16 2.26595435039314e+12 1.29649228809280e+16 1.11397267236394e+15 2.26233505252047e+07 1.07386338533892e+10 
4.91209001733240e-04 3.23355835199089e+02 3.23242901991137e+02 1.35592091892906e+20 8.80128831475613e+16 1.18817859144160e+16 2.30182266004124e+15 9.74187687928433e+13 2.20884911516875e+17 1.81324097963948e+15 1.96541029984637e+09 3.88491279860547e+15 1.48803073779447e+14 2.45320594903444e+08 1.35767337613139e+20 1.67598449715696e+16 2.24251002342959e+12 1.47458693853475e+16 1.12134068687315e+15 2.56858306668162e+07 1.31188888503646e+10 
5.46976646627769e-04 3.23356680074421e+02 3.23245257289419e+02 1.35569665713933e+20 9.79485107458421e+16 1.23790812508661e+16 2.30120605485274e+15 1.06958425620759e+14 2.46226799475514e+17 1.81498359356703e+15 2.12483095362566e+09 4.19709418107776e+15 1.82289296127103e+14 2.95553001114438e+08 1.35765363876623e+20 1.69460045224008e+16 2.21700288428794e+12 1.65292320948509e+16 1.12557795974962e+15 2.87266216906455e+07 1.56056073982691e+10 
6.02744291522299e-04 3.23356346845540e+02 3.23245649091579e+02 1.35547350909007e+20 1.07871879298665e+17 1.27941465927904e+16 2.30079111991337e+15 1.16089517286682e+14 2.71552668962677e+17 1.81672417295138e+15 2.28317961580661e+09 4.48292184248439e+15 2.18578181632773e+14 3.48750495081670e+08 1.35763450956394e+20 1.70719577203298e+16 2.19165345710020e+12 1.83138348647966e+16 1.12796499664791e+15 3.17478788443499e+07 1.81769497455095e+10 
6.58511936416828e-04 3.23357493024132e+02 3.23245495470913e+02 1.35525134690101e+20 1.17782907682921e+17 1.31410955175675e+16 2.30049444067409e+15 1.24810948622692e+14 2.96860364022833e+17 1.81843562002112e+15 2.44062012414530e+09 4.74284951549934e+15 2.57493516127380e+14 4.04592268412041e+08 1.35761579256020e+20 1.71572381804467e+16 2.16738579882856e+12 2.00989290758881e+16 1.12931232515599e+15 3.47525323478397e+07 2.08154054329928e+10 
7.14279581311358e-04 3.23358732845652e+02 3.23246026774722e+02 1.35503006445446e+20 1.27681533221963e+17 1.34316255749018e+16 2.30013246986212e+15 1.33126870000325e+14 3.22148152917346e+17 1.82014405510861e+15 2.59712215720865e+09 4.97746020694970e+15 2.98857438390458e+14 4.62792405482029e+08 1.35759735507904e+20 1.72150820165581e+16 2.14445505519066e+12 2.18840868584855e+16 1.13007905864850e+15 3.77438811322643e+07 2.35072211992157e+10 
8.12584071161488e-04 3.23359460512755e+02 3.23246601441884e+02 1.35464188378888e+20 1.45100024463070e+17 1.38336270079360e+16 2.29944453852998e+15 1.46830275806644e+14 3.66671975674876e+17 1.82316329293601e+15 2.87213909889431e+09 5.33165649213947e+15 3.77191064114152e+14 5.70385799645017e+08 1.35756530522453e+20 1.72731849798929e+16 2.10885184925338e+12 2.50304852771946e+16 1.13059388057423e+15 4.29948656285745e+07 2.83519548360399e+10 
9.10888561011619e-04 3.23359551186541e+02 3.23246939501233e+02 1.35425576797822e+20 1.62479681536605e+17 1.41310486703183e+16 2.29873624963218e+15 1.59375925175950e+14 4.11124102718721e+17 1.82617922955461e+15 3.14645958637792e+09 5.61397165328875e+15 4.61614888877238e+14 6.83314164843509e+08 1.35753355872998e+20 1.73024679956520e+16 2.07993465327104e+12 2.81757405552587e+16 1.13072902140588e+15 4.82323492663030e+07 3.32849955466607e+10 
1.00919305086175e-03 3.23359926248068e+02 3.23246982642372e+02 1.35387142200935e+20 1.79820445308216e+17 1.43541537454553e+16 2.29806969851424e+15 1.70860210456315e+14 4.55500420226210e+17 1.82918187358467e+15 3.42056853658531e+09 5.82966453790616e+15 5.51185591252638e+14 8.00558174752412e+08 1.35750196382352e+20 1.73180809659368e+16 2.05744296241053e+12 3.13196267529809e+16 1.13073799420569e+15 5.34718681570961e+07 3.82760692006931e+10 
1.10749754071188e-03 3.23360334147674e+02 3.23247157452613e+02 1.35348863377506e+20 1.97122343894321e+17 1.45238369525803e+16 2.29741794961048e+15 1.81396429952330e+14 4.99798232962574e+17 1.83217648256975e+15 3.69498310791340e+09 5.98457952368311e+15 6.44998329016996e+14 9.21287238993016e+08 1.35747045874256e+20 1.73261638381714e+16 2.04084760029272e+12 3.44621336035966e+16 1.13066792717815e+15 5.87264983532869e+07 4.33062136683007e+10 
1.20580203056201e-03 3.23360593280031e+02 3.23247347468330e+02 1.35310724363657e+20 2.14385466942646e+17 1.46548937808483e+16 2.29675810939953e+15 1.91104910093683e+14 5.44015937733537e+17 1.83516595498305e+15 3.97022030198396e+09 6.08489572708436e+15 7.42200468888045e+14 1.04481988260310e+09 1.35743901250502e+20 1.73297569913272e+16 2.02965918839876e+12 3.76032933354268e+16 1.13054492309545e+15 6.40065534742701e+07 4.83630495394425e+10 
1.38759518616323e-03 3.23360994293725e+02 3.23247468604841e+02 1.35240523838816e+20 2.46208268058966e+17 1.48273361477448e+16 2.29553844918039e+15 2.07276726248882e+14 6.25575049594376e+17 1.84067781870287e+15 4.48256125493558e+09 6.14783331558356e+15 9.28328516679915e+14 1.27890574330277e+09 1.35738095270489e+20 1.73304665616743e+16 2.02123202668146e+12 4.34088329074204e+16 1.13027481357438e+15 7.38621760101459e+07 5.77603186099621e+10 
1.56938834176446e-03 3.23361369021861e+02 3.23247656414683e+02 1.35170698777142e+20 2.77900000922816e+17 1.49484617529674e+16 2.29432428241703e+15 2.21721620134342e+14 7.06860240271283e+17 1.84616950005855e+15 4.99946273717583e+09 6.08426034563156e+15 1.11905348810449e+15 1.51795025302620e+09 1.35732295026993e+20 1.73293747415675e+16 2.02539449391167e+12 4.92104185262195e+16 1.13001091089230e+15 8.38588382589259e+07 6.71878161277000e+10 
1.75118149736568e-03 3.23361754664360e+02 3.23247832052973e+02 1.35101206434925e+20 3.09461900443332e+17 1.50431600504119e+16 2.29312019081878e+15 2.35036499940569e+14 7.87878976353864e+17 1.85164226335431e+15 5.52228662000084e+09 5.93001186347867e+15 1.31082679092077e+15 1.75999089819680e+09 1.35726498139196e+20 1.73282443978228e+16 2.03867701038507e+12 5.50086639673928e+16 1.12976087589874e+15 9.40028030021606e+07 7.66302143954249e+10 
1.93297465296691e-03 3.23362127210109e+02 3.23248012745028e+02 1.35032016750906e+20 3.40895255421579e+17 1.51229251371655e+16 2.29192149664371e+15 2.47688556742766e+14 8.68642529460458e+17 1.85709759745625e+15 6.04987935021286e+09 5.71607913176251e+15 1.50097795116532e+15 2.00372148924568e+09 1.35720704228908e+20 1.73268355070509e+16 2.05803999659530e+12 6.08042037674793e+16 1.12951142837062e+15 1.04283793767937e+08 8.60825893867575e+10 
2.11476780856813e-03 3.23362488418584e+02 3.23248187373682e+02 1.34963106321061e+20 3.72201299863786e+17 1.51936959620005e+16 2.29072663921811e+15 2.60017143012780e+14 9.49163644191030e+17 1.86253654230045e+15 6.58162420840547e+09 5.46771958677608e+15 1.68762506183726e+15 2.24825418289878e+09 1.35714912814570e+20 1.73250613549268e+16 2.08095790313605e+12 6.65976109894164e+16 1.12926030852895e+15 1.14683103424097e+08 9.55431529839103e+10 
2.38455606062707e-03 3.23363016573117e+02 3.23248356754100e+02 1.34861316223711e+20 4.18428405716293e+17 1.52894117612093e+16 2.28896194517895e+15 2.78159434273934e+14 1.06824021039382e+18 1.87057984934139e+15 7.37679713953302e+09 5.07457502344897e+15 1.95586068662032e+15 2.61141709191681e+09 1.35706321201541e+20 1.73222744508369e+16 2.11743714764886e+12 7.51923268897240e+16 1.12889379317978e+15 1.30285429784469e+08 1.09596220418679e+11 
2.65434431268600e-03 3.23363536136378e+02 3.23248604470220e+02 1.34760052946171e+20 4.64380760038303e+17 1.53805972691950e+16 2.28720672415501e+15 2.96514233798845e+14 1.18684676664059e+18 1.87859164250227e+15 8.17549808420719e+09 4.69046594253955e+15 2.21178892392765e+15 2.97367845025918e+09 1.35697731929564e+20 1.73195560537308e+16 2.15258662804846e+12 8.37846250462537e+16 1.12853677723093e+15 1.46005482486206e+08 1.23664074403577e+11 
2.92413256474494e-03 3.23364046862563e+02 3.23248848213830e+02 1.34659286224425e+20 5.10060980604988e+17 1.54699837737319e+16 2.28546017496987e+15 3.15240172880912e+14 1.30501190209248e+18 1.88657380998761e+15 8.97442619792918e+09 4.33797250687119e+15 2.45512652458571e+15 3.33429878209349e+09 1.35689144170739e+20 1.73169295762947e+16 2.18367827060481e+12 9.23753139101305e+16 1.12818802578408e+15 1.61772572065533e+08 1.37747478328930e+11 
3.19392081680388e-03 3.23364549034775e+02 3.23249087871747e+02 1.34558998152405e+20 5.55471219102986e+17 1.55581207350793e+16 2.28372188440012e+15 3.34321192068413e+14 1.42275650403409e+18 1.89452762647818e+15 9.77122909988668e+09 4.02466515975915e+15 2.68668818003897e+15 3.69292550289266e+09 1.35680557554746e+20 1.73143060604299e+16 2.20970208123200e+12 1.00964855432023e+17 1.12784587220241e+15 1.77539399868558e+08 1.51847648639226e+11 
3.46370906886281e-03 3.23365043380892e+02 3.23249323575217e+02 1.34459177862372e+20 6.00613327613932e+17 1.56451695305323e+16 2.28199171345641e+15 3.53673358281172e+14 1.54009537169314e+18 1.90245396564490e+15 1.05644294637080e+10 3.75018428296765e+15 2.90769941135341e+15 4.04938431923787e+09 1.35671971868391e+20 1.73116583682437e+16 2.23065215920411e+12 1.09553490139248e+17 1.12751012904499e+15 1.93278116394431e+08 1.65965337227266e+11 
3.96665259167116e-03 3.23365947866297e+02 3.23249555661189e+02 1.34274311702949e+20 6.84059402216438e+17 1.58054257181886e+16 2.27878748189321e+15 3.90096599065457e+14 1.75779955656233e+18 1.91715950405180e+15 1.20311906350391e+10 3.32596299755335e+15 3.29672743026604e+15 4.70781097136132e+09 1.35655968255299e+20 1.73067330015761e+16 2.25810309714146e+12 1.25562583150485e+17 1.12690172984054e+15 2.22503686567456e+08 1.92331409486662e+11 
4.36024179282605e-03 3.23366642506780e+02 3.23249980426013e+02 1.34130739976998e+20 7.48722256802687e+17 1.59292455808017e+16 2.27629899240628e+15 4.18729760653314e+14 1.92723820482493e+18 1.92860413086790e+15 1.31670697400414e+10 3.06177950369631e+15 3.58272610115458e+15 5.21750160811849e+09 1.35643446009273e+20 1.73028926258760e+16 2.27076701840293e+12 1.38089096968078e+17 1.12644095054389e+15 2.45249058912700e+08 2.13008106653387e+11 
4.75383099398095e-03 3.23367327882024e+02 3.23250306744131e+02 1.33988121592416e+20 8.12828934322284e+17 1.60518718042148e+16 2.27382702619785e+15 4.47241640001931e+14 2.09587894238885e+18 1.93999410019952e+15 1.42923080747175e+10 2.84130973736582e+15 3.85574058951457e+15 5.72228150186397e+09 1.35630925227587e+20 1.72990659246549e+16 2.27784870504888e+12 1.50614125389117e+17 1.12599309858854e+15 2.67885862676336e+08 2.33722915084917e+11 
5.14742019513584e-03 3.23368005198485e+02 3.23250628783752e+02 1.33846447773620e+20 8.76384115454078e+17 1.61733444480431e+16 2.27137144000048e+15 4.75500005660454e+14 2.26373444962334e+18 1.95133016066565e+15 1.54073763066664e+10 2.65398463022373e+15 4.11786362118189e+15 6.22220457486820e+09 1.35618405896160e+20 1.72952498254617e+16 2.28070972122676e+12 1.63137684550262e+17 1.12555782666793e+15 2.90419833527098e+08 2.54475696837582e+11 
5.54100939629073e-03 3.23368675392594e+02 3.23250947102985e+02 1.33705709912159e+20 9.39392436131921e+17 1.62936840386325e+16 2.26893208861813e+15 5.03425501387626e+14 2.43081554645058e+18 1.96261297180781e+15 1.65125424230445e+10 2.49235893595722e+15 4.37066701125217e+15 6.71734458934108e+09 1.35605887986940e+20 1.72914435937132e+16 2.28034173794606e+12 1.75659802524988e+17 1.12513485876373e+15 3.12854747236664e+08 2.75266282535960e+11 
6.02204973511239e-03 3.23369485619309e+02 3.23251262134994e+02 1.33534960426846e+20 1.01566415830942e+18 1.64392540111903e+16 2.26597257813157e+15 5.37045940764344e+14 2.63398223793900e+18 1.97633123479928e+15 1.78506739077355e+10 2.32324363931857e+15 4.66860931446358e+15 7.31611047543063e+09 1.35590590594635e+20 1.72868053253437e+16 2.27634531779938e+12 1.90962312190205e+17 1.12463427483798e+15 3.40140191385543e+08 3.00727434915935e+11 
6.50309007393406e-03 3.23370287659112e+02 3.23251643067136e+02 1.33365582634981e+20 1.09113382068508e+18 1.65832072635340e+16 2.26303686102944e+15 5.70044244430963e+14 2.83602047348485e+18 1.98997174857781e+15 1.91738224921123e+10 2.17699876822306e+15 4.95614695938444e+15 7.90797926822419e+09 1.35575295229660e+20 1.72821823078178e+16 2.26993501497952e+12 2.06262764018084e+17 1.12415130564816e+15 3.67295676550191e+08 3.26244548964646e+11 
6.98413041275572e-03 3.23371081644479e+02 3.23252020223286e+02 1.33197561067509e+20 1.16580995726687e+18 1.67255835502712e+16 2.26012467746758e+15 6.02407963133791e+14 3.03694461516949e+18 2.00353543700782e+15 2.04840693677228e+10 2.04915525960924e+15 5.23461529470113e+15 8.49308257531902e+09 1.35560001807874e+20 1.72775744744528e+16 2.26132741410839e+12 2.21561242366051e+17 1.12368558513951e+15 3.94311378253906e+08 3.51817345294132e+11 
7.46517075157739e-03 3.23371868286225e+02 3.23252393664102e+02 1.33030880778445e+20 1.23970089786447e+18 1.68664120137990e+16 2.25723576526594e+15 6.34141280043236e+14 3.23676760835079e+18 2.01702316032450e+15 2.17806809257387e+10 1.93695456067747e+15 5.50503597957107e+15 9.07154174543864e+09 1.35544710242526e+20 1.72729816039351e+16 2.25107625643949e+12 2.36857833983738e+17 1.12323678176305e+15 4.21193556280679e+08 3.77445588980934e+11 
7.94621109039905e-03 3.23372648155442e+02 3.23252763718260e+02 1.32865528495628e+20 1.31281471784168e+18 1.70057159608691e+16 2.25436989135621e+15 6.65245034695749e+14 3.43550017958050e+18 2.03043563779093e+15 2.30649223785512e+10 1.83750154353074e+15 5.76826210713600e+15 9.64347029709566e+09 1.35529420487463e+20 1.72684035548578e+16 2.23982245751133e+12 2.52152584827119e+17 1.12280459427392e+15 4.47959993898597e+08 4.03129032090817e+11 
9.26294700312592e-03 3.23374750408491e+02 3.23253130649727e+02 1.32419608846322e+20 1.50903528697354e+18 1.73794051556956e+16 2.24664135746549e+15 7.47225566983102e+14 3.97397904984466e+18 2.06676919587489e+15 2.65173183081709e+10 1.61469658759578e+15 6.45677899456471e+15 1.11764339872407e+10 1.35487577369013e+20 1.72559473613332e+16 2.20543340284300e+12 2.94009223345274e+17 1.12170445372680e+15 5.20624962150451e+08 4.73711317826548e+11 
1.02754933025156e-02 3.23376336795561e+02 3.23254120073765e+02 1.32083247672452e+20 1.65610616642030e+18 1.76593721703482e+16 2.24081176596894e+15 8.07249817290503e+14 4.38266725257845e+18 2.09433676592344e+15 2.91137749502099e+10 1.47966698686718e+15 6.95984185702820e+15 1.23238399744646e+10 1.35455409287468e+20 1.72464425078822e+16 2.17656638706731e+12 3.26187549975878e+17 1.12093848186829e+15 5.75888001860721e+08 5.28263787397524e+11 
1.12880396019052e-02 3.23377899079128e+02 3.23254866994508e+02 1.31752455966876e+20 1.79993475107878e+18 1.79330908465821e+16 2.23507878325334e+15 8.64797752250566e+14 4.78674612514833e+18 2.12158615316293e+15 3.16623053060906e+10 1.36780606529717e+15 7.44363101951495e+15 1.34448978952173e+10 1.35423248353328e+20 1.72370007134757e+16 2.14744241628323e+12 3.58358598891865e+17 1.12023978081685e+15 6.30715253918260e+08 5.83052974376136e+11 
1.23005859012949e-02 3.23379438318942e+02 3.23255602801120e+02 1.31427132220356e+20 1.94059031495164e+18 1.82007127542513e+16 2.22944064483339e+15 9.19994095978989e+14 5.18627846486680e+18 2.14852177540726e+15 3.41657420707418e+10 1.27311476044883e+15 7.91055713462893e+15 1.45404267824370e+10 1.35391094453761e+20 1.72276211210322e+16 2.11852640118900e+12 3.90522485216115e+17 1.11960645509870e+15 6.85114750182327e+08 6.38075782515689e+11 
1.33131322006845e-02 3.23380955394611e+02 3.23256327980215e+02 1.31107178029264e+20 2.07814066722095e+18 1.84623829653206e+16 2.22389563908404e+15 9.72966654936333e+14 5.58132323546081e+18 2.17514781315916e+15 3.66261511551577e+10 1.19181712232970e+15 8.36246753808822e+15 1.56112045555241e+10 1.35358947501907e+20 1.72183029237634e+16 2.09007850718344e+12 4.22679298127972e+17 1.11903673514435e+15 7.39112587518282e+08 6.93329020960025e+11 
1.43256785000741e-02 3.23382451059746e+02 3.23257042935180e+02 1.30792497668829e+20 2.21265218474507e+18 1.87182388438087e+16 2.21844209900879e+15 1.02383816475050e+15 5.97193666921578e+18 2.20146827097468e+15 3.90457131213581e+10 1.12147207334519e+15 8.80084694863983e+15 1.66579746679736e+10 1.35326807427949e+20 1.72090453249793e+16 2.06229378753096e+12 4.54829109722753e+17 1.11852894860657e+15 7.92723837450522e+08 7.48809490776553e+11 
1.57874834884413e-02 3.23384573825219e+02 3.23257748011238e+02 1.30347312659051e+20 2.40161571350888e+18 1.90776237851247e+16 2.21072696548897e+15 1.09379366960709e+15 6.52815253646348e+18 2.23893553231048e+15 4.24706224558324e+10 1.03534569048892e+15 9.41223877723338e+15 1.81282688765743e+10 1.35280419126885e+20 1.71957855524577e+16 2.02358056981049e+12 5.01231255724042e+17 1.11790192965491e+15 8.69478797471179e+08 8.29300502852184e+11 
1.72492884768084e-02 3.23386654987710e+02 3.23258749070776e+02 1.29912658074459e+20 2.58457089170498e+18 1.94255469659928e+16 2.20319443706104e+15 1.15990642737601e+15 7.07539557446471e+18 2.27578476707425e+15 4.58186449956319e+10 9.62646867198341e+14 1.00008718787253e+16 1.95520386116226e+10 1.35234045092238e+20 1.71826482944780e+16 1.98706781663141e+12 5.47618888818188e+17 1.11739622813885e+15 9.45601916962163e+08 9.10248597303415e+11 
1.87110934651756e-02 3.23388695719313e+02 3.23259730921534e+02 1.29488273286958e+20 2.76170243572022e+18 1.97623745592563e+16 2.19583998111709e+15 1.22246690392221e+15 7.61381209992816e+18 2.31202651668124e+15 4.90941097636992e+10 9.00907469313531e+14 1.05689580332362e+16 2.09312026006339e+10 1.35187685351297e+20 1.71696314249715e+16 1.95232808261914e+12 5.93991988477460e+17 1.11700764836290e+15 1.02106412040476e+09 9.91643940475283e+11 
2.01728984535427e-02 3.23390697309879e+02 3.23260694096143e+02 1.29073907467456e+20 2.93318922541992e+18 2.00884580410635e+16 2.18865923342883e+15 1.28172876224796e+15 8.14354183757863e+18 2.34767088046266e+15 5.23003138907447e+10 8.47741967782217e+14 1.11182450991235e+16 2.22675751539148e+10 1.35141340009864e+20 1.71567328984977e+16 1.91961337002441e+12 6.40350454644642e+17 1.11673224775898e+15 1.09596725784345e+09 1.07347669958618e+12 
2.16347034419098e-02 3.23392660779799e+02 3.23261639182414e+02 1.28669317726466e+20 3.09920467957023e+18 2.04041373727061e+16 2.18164797117202e+15 1.33792302719072e+15 8.66472003459636e+18 2.38272764035069e+15 5.54414779287424e+10 8.01352437756571e+14 1.16501356497599e+16 2.35628809206081e+10 1.35095009211264e+20 1.71439507405757e+16 1.88871703568000e+12 6.86694149923377e+17 1.11656628870195e+15 1.17034617773495e+09 1.15573703102998e+12 
2.40140966564029e-02 3.23395777648094e+02 3.23262566643720e+02 1.28031066949921e+20 3.35815877413235e+18 2.08965600969158e+16 2.17058764468685e+15 1.42336550683097e+15 9.49509619221368e+18 2.43855764040135e+15 6.04199784676068e+10 7.37324518437855e+14 1.24814834552336e+16 2.55876229592233e+10 1.35019627694373e+20 1.71233890293715e+16 1.84215027773833e+12 7.62096185311800e+17 1.11652116471930e+15 1.29040465866978e+09 1.29052203890929e+12 
2.63934898708960e-02 3.23398799694153e+02 3.23264039693561e+02 1.27417114593179e+20 3.60375728368672e+18 2.13636347836168e+16 2.15994850055620e+15 1.50204670149125e+15 1.03037171534467e+19 2.49289604031661e+15 6.52413911242519e+10 6.84787904430860e+14 1.32738084471858e+16 2.75145049947465e+10 1.34944285851769e+20 1.71031224495021e+16 1.79948886287077e+12 8.37457979943982e+17 1.11674240879276e+15 1.40918424946421e+09 1.42637239095710e+12 
2.87728830853892e-02 3.23401730564306e+02 3.23265468849179e+02 1.26826523234035e+20 3.83666474432690e+18 2.18066480245063e+16 2.14971425019960e+15 1.57467532493472e+15 1.10911177254373e+19 2.54578153509178e+15 6.99150170441448e+10 6.40277786503598e+14 1.40303048405941e+16 2.93496301673610e+10 1.34868984541710e+20 1.70831432168040e+16 1.76070558207456e+12 9.12778696613991e+17 1.11721682066912e+15 1.52705870156881e+09 1.56324713490457e+12 
3.11522762998823e-02 3.23404573298867e+02 3.23266855767120e+02 1.26258396813025e+20 4.05751215309827e+18 2.22268173168995e+16 2.13986932981826e+15 1.64187378448722e+15 1.18578176165054e+19 2.59725165363748e+15 7.44473350715331e+10 6.02319221393051e+14 1.47534218068462e+16 3.10986439203772e+10 1.34793724630111e+20 1.70634437914453e+16 1.72510868414923e+12 9.88057489927630e+17 1.11793215249015e+15 1.64397697848516e+09 1.70110598818439e+12 
3.35316695143754e-02 3.23407330932629e+02 3.23268201825542e+02 1.25711877575111e+20 4.26689950285578e+18 2.26252971549943e+16 2.13039884297073e+15 1.70417620291008e+15 1.26043231994339e+19 2.64734289834872e+15 7.88455553643508e+10 5.69665004647784e+14 1.54452121087654e+16 3.27667855293981e+10 1.34718506981106e+20 1.70440168492081e+16 1.69236535785437e+12 1.06329351484829e+18 1.11887700325833e+15 1.76003249852300e+09 1.83990960695995e+12 
3.80382353381403e-02 3.23412330541421e+02 3.23269508402743e+02 1.24733125803537e+20 4.63405130865958e+18 2.33243826068307e+16 2.11343823455117e+15 1.81033878128226e+15 1.39645954845316e+19 2.73856124482682e+15 8.68296037589492e+10 5.18548423193918e+14 1.66753771619996e+16 3.57215581890755e+10 1.34576163832380e+20 1.70079440371454e+16 1.63708549456356e+12 1.20567014488585e+18 1.12125821776319e+15 1.97788499705507e+09 2.10525585295315e+12 
4.25448011619052e-02 3.23417052903501e+02 3.23271879344932e+02 1.23823701356561e+20 4.96572947563369e+18 2.39564816092909e+16 2.09767877624207e+15 1.90329204215014e+15 1.52574404222775e+19 2.82519327712332e+15 9.43870531027583e+10 4.77975467959260e+14 1.78090978566625e+16 3.84332230502893e+10 1.34433981115667e+20 1.69727768583062e+16 1.58913626333105e+12 1.34788470711621e+18 1.12435926595908e+15 2.19340883302174e+09 2.37360143733501e+12 
4.70513669856701e-02 3.23421514707292e+02 3.23274121403813e+02 1.22978713624710e+20 5.26523948269447e+18 2.45279152293025e+16 2.08303563149704e+15 1.98520889015069e+15 1.64859847782224e+19 2.90746266364540e+15 1.01547846658582e+11 4.44962380606076e+14 1.88543801858680e+16 4.09276079598173e+10 1.34291964295648e+20 1.69384710350968e+16 1.54717379903408e+12 1.48993184098380e+18 1.12812188133765e+15 2.40699853720312e+09 2.64470821000730e+12 
5.15579328094350e-02 3.23425731365409e+02 3.23276242184951e+02 1.22193653080372e+20 5.53557369283399e+18 2.50443951902785e+16 2.06943059898465e+15 2.05778979113632e+15 1.76532249156795e+19 2.98558269421210e+15 1.08337364259828e+11 4.17670638036890e+14 1.98178408369787e+16 4.32273228575063e+10 1.34150118488282e+20 1.69049844810916e+16 1.51010328978190e+12 1.63180652587639e+18 1.13249412219557e+15 2.61883696056664e+09 2.91835101606263e+12 
5.60644986331999e-02 3.23429717296513e+02 3.23278248724526e+02 1.21464347991464e+20 5.77944943780876e+18 2.55110995260885e+16 2.05679135863168e+15 2.12241771221736e+15 1.87620360410194e+19 3.05975719028471e+15 1.14778299786745e+11 3.94620757147037e+14 2.07051767062206e+16 4.53522327370713e+10 1.34008448535986e+20 1.68722771551527e+16 1.47715467453692e+12 1.77350400690172e+18 1.13742948975113e+15 2.82927608127601e+09 3.19431800971973e+12 
6.30155513235019e-02 3.23435443512459e+02 3.23280147617477e+02 1.20440021702803e+20 6.10929159709268e+18 2.61439384452200e+16 2.03903828294178e+15 2.20904092336016e+15 2.03640407984078e+19 3.16687406951948e+15 1.24075976682054e+11 3.65355288907824e+14 2.19359002935391e+16 4.83265790643864e+10 1.33790288060802e+20 1.68232692065817e+16 1.43291918659524e+12 1.99170448287190e+18 1.14605080437332e+15 3.15153844221065e+09 3.62407666434165e+12 
6.99666040138040e-02 3.23440698179172e+02 3.23282879477245e+02 1.19526290967769e+20 6.39007566369606e+18 2.66847375480069e+16 2.02320084054426e+15 2.28275180237901e+15 2.18431900280255e+19 3.26574176160350e+15 1.32659710912531e+11 3.42025675999320e+14 2.30143353736983e+16 5.09807547522564e+10 1.33572571810929e+20 1.67758933433598e+16 1.39510607161967e+12 2.20945798425749e+18 1.15577849697372e+15 3.47094298170040e+09 4.05822836793858e+12 
7.69176567041060e-02 3.23445523010075e+02 3.23285390738118e+02 1.18711583184087e+20 6.62881006655421e+18 2.71467608683500e+16 2.00907863949126e+15 2.34609425542718e+15 2.32085238164212e+19 3.35699289125644e+15 1.40590106635936e+11 3.22702893262258e+14 2.39553120330919e+16 5.33596640985270e+10 1.33355313760182e+20 1.67300274193147e+16 1.36244600518463e+12 2.42675077796014e+18 1.16649585235633e+15 3.78867282241480e+09 4.49618314039405e+12 
8.38687093944080e-02 3.23449955547128e+02 3.23287700610022e+02 1.17985639240782e+20 6.83149451021612e+18 2.75413413932894e+16 1.99649406905447e+15 2.40094711312402e+15 2.44684828847073e+19 3.44121431266641e+15 1.47919767761754e+11 3.06668158577661e+14 2.47721025805390e+16 5.55007879179480e+10 1.33138526360093e+20 1.66855585173253e+16 1.33395905767179e+12 2.64357062767789e+18 1.17810206888155e+15 4.10446011251941e+09 4.93741187622848e+12 
9.08197620847101e-02 3.23454030058747e+02 3.23289826422551e+02 1.17339320590691e+20 7.00329178254334e+18 2.78782101948798e+16 1.98528895935353e+15 2.44876563420421e+15 2.56309496703481e+19 3.51895132394304e+15 1.54698172500490e+11 2.93094638334024e+14 2.54767584476380e+16 5.74353845457054e+10 1.32922220867221e+20 1.66423822710266e+16 1.30891016948096e+12 2.85990647108294e+18 1.19050847192722e+15 4.41882897440775e+09 5.38145730093964e+12 
1.04219371560658e-01 3.23460984248448e+02 3.23291784031428e+02 1.16289606260469e+20 7.26259406918077e+18 2.83935383193312e+16 1.96708813817638e+15 2.52501429553293e+15 2.76229317423914e+19 3.65230100079621e+15 1.66367537714840e+11 2.72110707845894e+14 2.65573632719411e+16 6.06759206885289e+10 1.32506642759706e+20 1.65624544269165e+16 1.26826679185732e+12 3.27553778775169e+18 1.21640480826892e+15 5.02151285697955e+09 6.24386246559558e+12 
1.17618981036605e-01 3.23466917182626e+02 3.23295134096970e+02 1.15456223502122e+20 7.44914681735702e+18 2.87733435441701e+16 1.95263683185742e+15 2.58549120704852e+15 2.93270844617506e+19 3.76665807769757e+15 1.76429735111126e+11 2.56195606276815e+14 2.73311193798303e+16 6.33933235178328e+10 1.32092955666089e+20 1.64863606640858e+16 1.23542535037548e+12 3.68927202276813e+18 1.24452044835116e+15 5.61996843821578e+09 7.11283078527718e+12 
1.31018590512553e-01 3.23471994738503e+02 3.23298002750695e+02 1.14798391679382e+20 7.58270331685826e+18 2.90545444816904e+16 1.94122960956850e+15 2.63440259618650e+15 3.07851495210280e+19 3.86485817721909e+15 1.85125858819556e+11 2.43622414034601e+14 2.78572504431407e+16 6.56966135756973e+10 1.31681213500542e+20 1.64135683088940e+16 1.20837557234160e+12 4.10105618478447e+18 1.27446901998132e+15 6.21618286217595e+09 7.98659355616049e+12 
1.44418199988501e-01 3.23476353877601e+02 3.23300467405515e+02 1.14283728406541e+20 7.67759045442462e+18 2.92638668272341e+16 1.93230613493205e+15 2.67449183421458e+15 3.20329869744457e+19 3.94931333763764e+15 1.92658935305663e+11 2.33607975610506e+14 2.81849959222290e+16 6.76681690981579e+10 1.31271460493758e+20 1.63436251959463e+16 1.18577708441855e+12 4.51084681404909e+18 1.30593444271844e+15 6.80984906969706e+09 8.86379746125932e+12 
1.57817809464448e-01 3.23480109240613e+02 3.23302592166911e+02 1.13886171842873e+20 7.74434812492375e+18 2.94209283731891e+16 1.92541530810277e+15 2.70778916593921e+15 3.31014379623590e+19 4.02208245788702e+15 1.99202361310178e+11 2.25370489076394e+14 2.83548685153835e+16 6.93710010957658e+10 1.30863734572097e+20 1.62761469135432e+16 1.16661900468432e+12 4.91860663407720e+18 1.33865327847384e+15 7.40231946241519e+09 9.74343961660907e+12 
1.81619068249746e-01 3.23485568485008e+02 3.23304430833027e+02 1.13408131197452e+20 7.81532772093914e+18 2.96114994706082e+16 1.91713725427979e+15 2.75439738004901e+15 3.46342379087912e+19 4.12763420850421e+15 2.08811805880167e+11 2.14195670665490e+14 2.83644272004665e+16 7.18757796372988e+10 1.30144592182710e+20 1.61614096545315e+16 1.13909863978253e+12 5.63780164838412e+18 1.39922601438314e+15 8.45027549226140e+09 1.13095128331876e+13 
2.05420327035044e-01 3.23489847092732e+02 3.23307121860097e+02 1.13142988999399e+20 7.85191021511990e+18 2.97379161974018e+16 1.91256087665902e+15 2.79009153508966e+15 3.58043075319542e+19 4.20975919446596e+15 2.16424759278939e+11 2.05964144525373e+14 2.81272707747226e+16 7.38815844263907e+10 1.29432075501069e+20 1.60519595405663e+16 1.11751604086590e+12 6.35036339736447e+18 1.46206044431223e+15 9.49424872305863e+09 1.28784007785504e+13 
2.29221585820343e-01 3.23493263884370e+02 3.23309251496149e+02 1.13026106126197e+20 7.87181182857128e+18 2.98328719673057e+16 1.91056562714724e+15 2.81846696739178e+15 3.67050091221199e+19 4.27456753299575e+15 2.22555394467265e+11 1.99718512480494e+14 2.77487367763165e+16 7.55251653954606e+10 1.28726277659735e+20 1.59466743681338e+16 1.10007672357441e+12 7.05620067110553e+18 1.52635922503461e+15 1.05342638564752e+10 1.44487910101820e+13 
2.53022844605641e-01 3.23496045247925e+02 3.23310970566217e+02 1.13014205978844e+20 7.88387981280590e+18 2.99127128813278e+16 1.91040006450551e+15 2.84168825822165e+15 3.74049003596735e+19 4.32649802426634e+15 2.27580378206148e+11 1.94848756747545e+14 2.72978556505280e+16 7.69029139938160e+10 1.28027254052146e+20 1.58447362832837e+16 1.08558657397924e+12 7.75525949568404e+18 1.59152281159018e+15 1.15701781027003e+10 1.60197593335038e+13 
2.76824103390939e-01 3.23498355389641e+02 3.23312386410166e+02 1.13077212772314e+20 7.89267086423052e+18 2.99858651012774e+16 1.91154131151862e+15 2.86125798026155e+15 3.79548369633349e+19 4.36882237968432e+15 2.31779004372841e+11 1.90946727739011e+14 2.68190410518861e+16 7.80836684045592e+10 1.27335032823297e+20 1.57455422444358e+16 1.07322693060862e+12 8.44751278868883e+18 1.65709314008071e+15 1.26019072372597e+10 1.75906456204467e+13 
3.11862114231633e-01 3.23501136833566e+02 3.23313577029289e+02 1.13263992675660e+20 7.90437850253442e+18 3.00901350358023e+16 1.91486359641517e+15 2.88553296234738e+15 3.85664420531715e+19 4.41844764774792e+15 2.36867544949755e+11 1.86412763724718e+14 2.61160805591443e+16 7.95617079695920e+10 1.26328396941654e+20 1.56036234846848e+16 1.05777176342074e+12 9.45419169741527e+18 1.75368762768771e+15 1.41129767729778e+10 1.99017851988653e+13 
3.46900125072326e-01 3.23503430928303e+02 3.23315033188202e+02 1.13519065819882e+20 7.91847208259710e+18 3.01974647102065e+16 1.91938094074788e+15 2.90640420258475e+15 3.90218161377499e+19 4.45807008823372e+15 2.41095659686627e+11 1.82831320688342e+14 2.54637099826262e+16 8.08307035823568e+10 1.25336485317990e+20 1.54656620357504e+16 1.04450218566460e+12 1.04461431268722e+19 1.84954626311085e+15 1.56133016459428e+10 2.22105838944750e+13 
3.81938135913020e-01 3.23505412569470e+02 3.23316255457418e+02 1.13813300069829e+20 7.93571641653084e+18 3.03093393643349e+16 1.92458504515989e+15 2.92506526677557e+15 3.93777266656962e+19 4.49130606237292e+15 2.44778484068595e+11 1.79882550801890e+14 2.48828110715980e+16 8.19633402572305e+10 1.24359195540078e+20 1.53309840177486e+16 1.03268296527100e+12 1.14234707600493e+19 1.94407392146686e+15 1.71010328993394e+10 2.45160207943112e+13 
4.16976146753714e-01 3.23507185908861e+02 3.23317327322350e+02 1.14130278637573e+20 7.95539476523813e+18 3.04245295620507e+16 1.93018879861830e+15 2.94219793479144e+15 3.96685882301588e+19 4.52033340518857e+15 2.48107354671949e+11 1.77348404246060e+14 2.43747411204216e+16 8.30048583282285e+10 1.23396376126760e+20 1.51991681300386e+16 1.02185236483405e+12 1.23863268454826e+19 2.03692641903634e+15 1.85758683522503e+10 2.68166598917457e+13 
4.52014157594408e-01 3.23508816117901e+02 3.23318298550260e+02 1.14460048212158e+20 7.97670120921376e+18 3.05416250407574e+16 1.93601787755595e+15 2.95827255298763e+15 3.99161162280487e+19 4.54652344682238e+15 2.51203447421970e+11 1.75091428609755e+14 2.39326910263389e+16 8.39840565436214e+10 1.22447851840296e+20 1.50699366350869e+16 1.01171978349709e+12 1.33348871012030e+19 2.12790303089312e+15 2.00377810605216e+10 2.91109624688629e+13 
5.15393550777593e-01 3.23511519745327e+02 3.23319200307177e+02 1.15071111688990e+20 8.01789685806060e+18 3.07556975426558e+16 1.94681999219789e+15 2.98545248501419e+15 4.02933423485727e+19 4.58919120479467e+15 2.56433356909909e+11 1.71526961475843e+14 2.32726861693603e+16 8.56489813710435e+10 1.20767776162222e+20 1.48421811403305e+16 9.94686065910554e+11 1.50150268969232e+19 2.28742584892338e+15 2.26469946948917e+10 3.32404216315527e+13 
5.78772943960778e-01 3.23514043569830e+02 3.23320711619638e+02 1.15680823243265e+20 8.06051287233262e+18 3.09692256976689e+16 1.95760181331661e+15 3.01108174795044e+15 4.06250587066330e+19 4.62867446903351e+15 2.61444289460716e+11 1.68342598662369e+14 2.27505518554689e+16 8.72375565864303e+10 1.19132659682878e+20 1.46214933445980e+16 9.78726488672661e+11 1.66502072834409e+19 2.44012370788939e+15 2.52113865667499e+10 3.73365844664426e+13 
6.42152337143963e-01 3.23516454220275e+02 3.23322133778864e+02 1.16280071609848e+20 8.10318774166459e+18 3.11798684363112e+16 1.96820292767140e+15 3.03555731363560e+15 4.09335780271654e+19 4.66638676569864e+15 2.66362173856509e+11 1.65430477154585e+14 2.23226583243585e+16 8.87801542282303e+10 1.17541269467243e+20 1.44074197956977e+16 9.63566757976782e+11 1.82416615965654e+19 2.58605661051010e+15 2.77298253549464e+10 4.13923872273784e+13 
7.05531730327148e-01 3.23518773025533e+02 3.23323498718433e+02 1.16866738400293e+20 8.14528433653033e+18 3.13865513033942e+16 1.97858563786074e+15 3.05906664520304e+15 4.12257230961260e+19 4.70275660374248e+15 2.71223580220648e+11 1.62701982564773e+14 2.19570694313601e+16 9.02862026297747e+10 1.15992391358059e+20 1.41996779346394e+16 9.49048678444819e+11 1.97906039324734e+19 2.72557565518042e+15 3.02048186037794e+10 4.54005290521053e+13 
7.68911123510333e-01 3.23521008871989e+02 3.23324816603664e+02 1.17440204877707e+20 8.18656360926788e+18 3.15888999311688e+16 1.98873871736465e+15 3.08160218686206e+15 4.15044874561360e+19 4.73797037982612e+15 2.76040416404027e+11 1.60232224927078e+14 2.16364190414545e+16 9.17595321581494e+10 1.14484800240948e+20 1.39980295260853e+16 9.35221599687935e+11 2.12982594049382e+19 2.85892228675631e+15 3.26312981822339e+10 4.93583551613822e+13 
8.64706719099816e-01 3.23524254500771e+02 3.23326091642999e+02 1.18280607676971e+20 8.24720651454204e+18 3.18863515142284e+16 2.00362517771198e+15 3.11412802282840e+15 4.19066487952404e+19 4.78940956704513e+15 2.83271610734832e+11 1.56759480094741e+14 2.12115698201319e+16 9.39327355380396e+10 1.12281384013187e+20 1.37042426123931e+16 9.15300875930159e+11 2.35017727987253e+19 3.04968544395640e+15 3.62184218229498e+10 5.52324164988921e+13 
9.60502314689298e-01 3.23527351549597e+02 3.23327948839133e+02 1.19089158530845e+20 8.30564547504493e+18 3.21736346828413e+16 2.01795572550886e+15 3.14494828124844e+15 4.22889904845006e+19 4.83890312968543e+15 2.90450821140954e+11 1.53612599998435e+14 2.08426427578361e+16 9.60446172788576e+10 1.10165745071329e+20 1.34231749894069e+16 8.96518385307135e+11 2.56175085400408e+19 3.22823336027746e+15 3.97062862160101e+10 6.09679907805472e+13 
1.05629791027878e+00 3.23530311714759e+02 3.23329727578738e+02 1.19866430170845e+20 8.36185297665747e+18 3.24508678433424e+16 2.03173960202279e+15 3.17426212398961e+15 4.26539584772890e+19 4.88661106887416e+15 2.97583863771466e+11 1.50697102493368e+14 2.05129841861118e+16 9.80977698963352e+10 1.08134396856849e+20 1.31542209714625e+16 8.78701692950846e+11 2.76489526176309e+19 3.39575757797638e+15 4.31001601990030e+10 6.65491118813811e+13 
1.15209350586826e+00 3.23533141718762e+02 3.23331433355869e+02 1.20613539097692e+20 8.41587926159393e+18 3.27183020252248e+16 2.04499567508754e+15 3.20208482988117e+15 4.30027123671441e+19 4.93261149849045e+15 3.04666897195050e+11 1.48058517496508e+14 2.02150018482680e+16 1.00093170861847e+11 1.06183868952181e+20 1.28968062768167e+16 8.61866453502225e+11 2.95995754278180e+19 3.55285025658206e+15 4.63968765573339e+10 7.19791850767791e+13 
1.35413195836670e+00 3.23538717388447e+02 3.23333069326989e+02 1.22096887713804e+20 8.52313871772599e+18 3.32521089600270e+16 2.07133559598858e+15 3.25639573884735e+15 4.36894964896047e+19 5.02438977369924e+15 3.19439635471416e+11 1.43185902127607e+14 1.96696170182737e+16 1.04119300885394e+11 1.02316707909597e+20 1.23888519174908e+16 8.29109983674572e+11 3.34669318657278e+19 3.85450531919793e+15 5.30525784611219e+10 8.29092983163920e+13 
1.55617041086514e+00 3.23543796823352e+02 3.23336307422272e+02 1.23461331426370e+20 8.62180831957183e+18 3.37465220485227e+16 2.09558832875556e+15 3.30541898944279e+15 4.43147423313489e+19 5.10935291074453e+15 3.33933915373095e+11 1.39052110496317e+14 1.92165612313578e+16 1.07898737940415e+11 9.87658522296333e+19 1.19252348259028e+16 7.99642250641662e+11 3.70179751187034e+19 4.12036250160936e+15 5.93139098870415e+10 9.31194490472469e+13 
1.75820886336358e+00 3.23548427170146e+02 3.23339274584583e+02 1.24715914544343e+20 8.71254634692687e+18 3.42040881946045e+16 2.11790879044859e+15 3.34978089499064e+15 4.48846655318191e+19 5.18797929619143e+15 3.48110891380067e+11 1.35521557614090e+14 1.88339895520381e+16 1.11439342161440e+11 9.55057436890529e+19 1.15019031412355e+16 7.73037452538969e+11 4.02782622074843e+19 4.35567154445829e+15 6.51955171022909e+10 1.02614603335965e+14 
1.96024731586201e+00 3.23552651259515e+02 3.23341993814269e+02 1.25869276478718e+20 8.79597459139705e+18 3.46273020023944e+16 2.13844571949676e+15 3.39000056184335e+15 4.54047650212249e+19 5.26072278657907e+15 3.61936602938508e+11 1.32482488316411e+14 1.85071957277072e+16 1.14750571868156e+11 9.25124021343140e+19 1.11151504059565e+16 7.48941113257766e+11 4.32717726815139e+19 4.56472020971455e+15 7.07133548318370e+10 1.11417920133340e+14 
2.28804085144969e+00 3.23558731582539e+02 3.23344486485578e+02 1.27544225554653e+20 8.91715341080719e+18 3.52463871944468e+16 2.16829963807961e+15 3.44753733657275e+15 4.61539805755845e+19 5.36719843757651e+15 3.83524956090492e+11 1.28375464699816e+14 1.80707429686624e+16 1.19656540583945e+11 8.81712953340614e+19 1.05575214805372e+16 7.14455057784730e+11 4.76131322470414e+19 4.85673018757961e+15 7.89281237966043e+10 1.24297821917733e+14 
2.61583438703737e+00 3.23563980130643e+02 3.23348094758238e+02 1.29003899435646e+20 9.02277783072586e+18 3.57903385907383e+16 2.19434503881684e+15 3.49690535915822e+15 4.68016106692722e+19 5.46085480615718e+15 4.03976475182649e+11 1.25066647211909e+14 1.77216345159780e+16 1.24027697038745e+11 8.43932803704383e+19 1.00753328533803e+16 6.84822244832715e+11 5.13913742348895e+19 5.10061871298479e+15 8.62917365346720e+10 1.35595851011297e+14 
2.94362792262505e+00 3.23568517539907e+02 3.23351228692163e+02 1.30276298005756e+20 9.11486686648566e+18 3.62679442491692e+16 2.21707045513588e+15 3.53937690394970e+15 4.73623467384314e+19 5.54318238466451e+15 4.23218913002533e+11 1.22373876755881e+14 1.74393041188292e+16 1.27911552921487e+11 8.11036782484351e+19 9.65781027994903e+15 6.59268538056217e+11 5.46811789781480e+19 5.30564976685114e+15 9.28741728900640e+10 1.45484968066235e+14 
3.27142145821273e+00 3.23572444595053e+02 3.23353952511689e+02 1.31385435687063e+20 9.19515490435129e+18 3.66869343220215e+16 2.23689641450924e+15 3.57600303687128e+15 4.78483831422626e+19 5.61548723134059e+15 4.41196336707917e+11 1.20155542783316e+14 1.72089074313566e+16 1.31353460818707e+11 7.82388311200278e+19 9.29594956961057e+15 6.37160564748100e+11 5.75462060467699e+19 5.47894731887979e+15 9.87430597302035e+10 1.54124154026901e+14 
3.59921499380040e+00 3.23575845971885e+02 3.23356320851394e+02 1.32351982259874e+20 9.26513362674362e+18 3.70541242615087e+16 2.25418602431902e+15 3.60764530603706e+15 4.82699910436838e+19 5.67892478595034e+15 4.57873113188877e+11 1.18309072820103e+14 1.70186110426492e+16 1.34396226487855e+11 7.57441709983485e+19 8.98216511877154e+15 6.17990829778846e+11 6.00410253541436e+19 5.62602265302645e+15 1.03962026410640e+11 1.61661578101314e+14 
4.24404660925703e+00 3.23581260817128e+02 3.23358380367806e+02 1.33902281158903e+20 9.37739954313032e+18 3.76471493941000e+16 2.28194200466152e+15 3.65784442956694e+15 4.89425329991226e+19 5.78152700719361e+15 4.86834592031278e+11 1.15525861110660e+14 1.67335440820651e+16 1.39361492990554e+11 7.17464252310661e+19 8.48185424358900e+15 5.87439227558438e+11 6.40390308543266e+19 5.85452130172140e+15 1.12541091891595e+11 1.73763297805070e+14 
4.88887822471366e+00 3.23585352795043e+02 3.23361674913838e+02 1.35082992123773e+20 9.46292078900844e+18 3.81022530430209e+16 2.30310106616335e+15 3.69568243000314e+15 4.94520720642969e+19 5.86041677752280e+15 5.10953539860323e+11 1.13522834981019e+14 1.65296638615311e+16 1.43214410549563e+11 6.87043161358084e+19 8.10321219906475e+15 5.64250723517592e+11 6.70813410965896e+19 6.02282058380618e+15 1.19259852599794e+11 1.82976155265386e+14 
5.53370984017028e+00 3.23588455010546e+02 3.23364177493404e+02 1.35983145744886e+20 9.52813541617349e+18 3.84512745755944e+16 2.31924409288102e+15 3.72435424321754e+15 4.98391717862841e+19 5.92101598033188e+15 5.30712485701825e+11 1.12036343409333e+14 1.63794803332176e+16 1.46193917556221e+11 6.63863779838401e+19 7.81589903496550e+15 5.46548768726642e+11 6.93994342244106e+19 6.14816683245184e+15 1.24498923331524e+11 1.89979373054055e+14 
6.17854145562691e+00 3.23590807731639e+02 3.23366082102977e+02 1.36669394373836e+20 9.57785917189659e+18 3.87186169748763e+16 2.33155816788210e+15 3.74604646901108e+15 5.01332989650454e+19 5.96748764295909e+15 5.46669897664048e+11 1.10959494787574e+14 1.62701342166983e+16 1.48491314515550e+11 6.46202094942112e+19 7.59771583385406e+15 5.33110897680412e+11 7.11657220913859e+19 6.24165150552032e+15 1.28559184427602e+11 1.95321844833802e+14 
6.82337307108354e+00 3.23592594340379e+02 3.23367531039938e+02 1.37192000933877e+20 9.61573149526240e+18 3.89228585743511e+16 2.34093941676069e+15 3.76251376905648e+15 5.03568396792912e+19 6.00301967621334e+15 5.59356071379950e+11 1.10148179349767e+14 1.61891906483645e+16 1.50253619375303e+11 6.32756287231759e+19 7.43196862916545e+15 5.22852276480497e+11 7.25103941837523e+19 6.31203612101583e+15 1.31692477949792e+11 1.99381561486079e+14 
7.81890546324289e+00 3.23594532873911e+02 3.23368633697405e+02 1.37760716539400e+20 9.65694851431512e+18 3.91457458446818e+16 2.35115180087659e+15 3.78035966721433e+15 5.05996958959453e+19 6.04182638665878e+15 5.73706970054050e+11 1.09290792641368e+14 1.61031853380255e+16 1.52184030799933e+11 6.18128097802254e+19 7.25199371614485e+15 5.11711601969147e+11 7.39733130131443e+19 6.38771907008209e+15 1.35135515437198e+11 2.03798679331533e+14 
8.81443785540224e+00 3.23595801180986e+02 3.23369832526607e+02 1.38133886984473e+20 9.68399540400611e+18 3.92924435914686e+16 2.35785525377567e+15 3.79202901326550e+15 5.07588007410452e+19 6.06739229940126e+15 5.83487434713904e+11 1.08738778188933e+14 1.60478031531978e+16 1.53459817858917e+11 6.08532019190692e+19 7.13417856991610e+15 5.04397652814423e+11 7.49329867423291e+19 6.43676542739410e+15 1.37420846009961e+11 2.06693711936914e+14 
9.80997024756159e+00 3.23596637964918e+02 3.23370618286808e+02 1.38380554159926e+20 9.70187505586340e+18 3.93895827943584e+16 2.36228720949306e+15 3.79972483523241e+15 5.08638342803832e+19 6.08432801203256e+15 5.90116606985471e+11 1.08378503373259e+14 1.60118224088398e+16 1.54306541250811e+11 6.02190271735613e+19 7.05641381396333e+15 4.99562832184110e+11 7.55672051426437e+19 6.46894648123270e+15 1.38941597695824e+11 2.08606217118774e+14 
1.08055026397209e+01 3.23597190413119e+02 3.23371137308540e+02 1.38543595045708e+20 9.71369367278536e+18 3.94538642280266e+16 2.36521703530103e+15 3.80480445008334e+15 5.09332099369007e+19 6.09553866926574e+15 5.94558088910734e+11 1.08142374882477e+14 1.59882965445016e+16 1.54867726142369e+11 5.97999000873683e+19 7.00506069386435e+15 4.96367223518897e+11 7.59863611327787e+19 6.49011478253991e+15 1.39951023915387e+11 2.09869758575168e+14 
1.18010350318803e+01 3.23597553337109e+02 3.23371480229505e+02 1.38650782139586e+20 9.72146361334167e+18 3.94961573241726e+16 2.36714335408821e+15 3.80814080751897e+15 5.09788015913161e+19 6.10291641035542e+15 5.97506141156667e+11 1.07987992044788e+14 1.59729024628973e+16 1.55237336706418e+11 5.95243727358360e+19 6.97132008109417e+15 4.94266252472304e+11 7.62619075109811e+19 6.50398593542718e+15 1.40616555930110e+11 2.10700255634745e+14 
1.34227984691583e+01 3.23597885825131e+02 3.23371705619357e+02 1.38749029535992e+20 9.72858576140097e+18 3.95349495231109e+16 2.36890914076890e+15 3.81119748686105e+15 5.10205806728578e+19 6.10968505797820e+15 6.00248949844798e+11 1.07846632864862e+14 1.59588211743906e+16 1.55576573827386e+11 5.92718345365744e+19 6.94040623106775e+15 4.92338452924865e+11 7.65144631415165e+19 6.51668280664667e+15 1.41228534954928e+11 2.11460916468411e+14 
1.50445619064363e+01 3.23598054466429e+02 3.23371912183307e+02 1.38798878775812e+20 9.73219944724040e+18 3.95546410552267e+16 2.36980512019413e+15 3.81274781965830e+15 5.10417767118433e+19 6.11312159094605e+15 6.01650594808405e+11 1.07775068427542e+14 1.59516774967498e+16 1.55748874101934e+11 5.91437023793374e+19 6.92472574198799e+15 4.91360042078970e+11 7.66426041253631e+19 6.52311515551508e+15 1.41539601377528e+11 2.11846762895742e+14 
1.66663253437144e+01 3.23598145929938e+02 3.23372016982328e+02 1.38825927316902e+20 9.73416025751358e+18 3.95653262516395e+16 2.37029129571222e+15 3.81358829854011e+15 5.10532720633773e+19 6.11498607808104e+15 6.02403512144341e+11 1.07736544478720e+14 1.59478393225195e+16 1.55842411116656e+11 5.90741825718956e+19 6.91621987170480e+15 4.90830188868249e+11 7.67121287095832e+19 6.52659542044544e+15 1.41708217696716e+11 2.12056318777042e+14 
1.82880887809924e+01 3.23598195505425e+02 3.23372073830800e+02 1.38840594658680e+20 9.73522352002295e+18 3.95711193914473e+16 2.37055493157815e+15 3.81404365856076e+15 5.10595018967787e+19 6.11599665396196e+15 6.02803245445507e+11 1.07715846825990e+14 1.59457821882253e+16 1.55893146135424e+11 5.90364883126851e+19 6.91160873087388e+15 4.90543695045155e+11 7.67498255558283e+19 6.52847629617651e+15 1.41799416746861e+11 2.12170097652976e+14 
1.99098522182704e+01 3.23598220372293e+02 3.23372104647861e+02 1.38847953231375e+20 9.73575694906043e+18 3.95740255224732e+16 2.37068719772985e+15 3.81427201280696e+15 5.10626266115117e+19 6.11650354698418e+15 6.03001331755320e+11 1.07705513959142e+14 1.59447546140537e+16 1.55918604082006e+11 5.90175779680155e+19 6.90929565001590e+15 4.90400184638083e+11 7.67687371999376e+19 6.52941818242674e+15 1.41845105846475e+11 2.12227220658697e+14 
2.35023426887362e+01 3.23598243229940e+02 3.23372120106526e+02 1.38854723204889e+20 9.73624767981563e+18 3.95766972848995e+16 2.37080888345725e+15 3.81448164785807e+15 5.10654977811724e+19 6.11696921501522e+15 6.03171685507484e+11 1.07696248051832e+14 1.59438333778724e+16 1.55942031468552e+11 5.90001839193785e+19 6.90716870815737e+15 4.90269237607055e+11 7.67861324781883e+19 6.53027738539254e+15 1.41886800225950e+11 2.12279976269254e+14 
2.70948331592020e+01 3.23598244415457e+02 3.23372134318290e+02 1.38855072547704e+20 9.73627301512427e+18 3.95768358704453e+16 2.37081516336477e+15 3.81449261047701e+15 5.10656470111983e+19 6.11699348318321e+15 6.03184222646945e+11 1.07695688204540e+14 1.59437792303489e+16 1.55943238690541e+11 5.89992853926971e+19 6.90705861986342e+15 4.90262102452792e+11 7.67870311011212e+19 6.53032428174144e+15 1.41889074893615e+11 2.12282626332989e+14 
3.06873236296678e+01 3.23598242794586e+02 3.23372135054812e+02 1.38854589684062e+20 9.73623802646956e+18 3.95766462482103e+16 2.37080648503965e+15 3.81447787172670e+15 5.10654439979354e+19 6.11696060426241e+15 6.03178174887741e+11 1.07696237337234e+14 1.59438325659260e+16 1.55941566773668e+11 5.90005243395673e+19 6.90720984493749e+15 4.90270937580373e+11 7.67857920904441e+19 6.53026629418572e+15 1.41886260784580e+11 2.12278768649100e+14 
3.42798141001337e+01 3.23598242436800e+02 3.23372134046141e+02 1.38854454785107e+20 9.73622821129098e+18 3.95765838395348e+16 2.37080400568793e+15 3.81447481452333e+15 5.10653941487373e+19 6.11694935016334e+15 6.03172166187546e+11 1.07696063642832e+14 1.59438149119978e+16 1.55940896036250e+11 5.90008638351862e+19 6.90724554045227e+15 4.90273124102842e+11 7.67854525732902e+19 6.53026589743580e+15 1.41884996446572e+11 2.12277705109728e+14 
7.02047188047918e+01 3.23598242783881e+02 3.23372133812670e+02 1.38854584151052e+20 9.73623763454081e+18 3.95766447623708e+16 2.37080638683278e+15 3.81447789271267e+15 5.10654431039701e+19 6.11696047704803e+15 6.03181082241364e+11 1.07696148909070e+14 1.59438224790054e+16 1.55941548199924e+11 5.90005374151778e+19 6.90721126555977e+15 4.90270650739135e+11 7.67857790907981e+19 6.53026818179020e+15 1.41886337991934e+11 2.12278641167065e+14 
1.06129623509450e+02 3.23598242863677e+02 3.23372134038697e+02 1.38854609401388e+20 9.73623947418038e+18 3.95766559892754e+16 2.37080684545281e+15 3.81447863219037e+15 5.10654538116105e+19 6.11696254036871e+15 6.03184796476577e+11 1.07696110585176e+14 1.59438188627286e+16 1.55941651371467e+11 5.90004724790685e+19 6.90720366934291e+15 4.90269993268211e+11 7.67858440217699e+19 6.53027139493796e+15 1.41886612623316e+11 2.12278808578978e+14 
1.42054528214108e+02 3.23598242871203e+02 3.23372134089006e+02 1.38854610394660e+20 9.73623954042969e+18 3.95766555677277e+16 2.37080685937642e+15 3.81447868359629e+15 5.10654543095217e+19 6.11696240428566e+15 6.03184380439511e+11 1.07696112385361e+14 1.59438191057020e+16 1.55941641414408e+11 5.90004697999499e+19 6.90720301804813e+15 4.90270057087204e+11 7.67858466844264e+19 6.53027179478312e+15 1.41886558914285e+11 2.12278841015446e+14 
2.42054528214108e+02 3.23598242872488e+02 3.23372134093181e+02 1.38854610193432e+20 9.73623952456902e+18 3.95766552442561e+16 2.37080685456805e+15 3.81447870011728e+15 5.10654543416584e+19 6.11696233344250e+15 6.03183642898329e+11 1.07696107068176e+14 1.59438185613815e+16 1.55941636615400e+11 5.90004701785739e+19 6.90720295563592e+15 4.90270071515400e+11 7.67858462987965e+19 6.53027203494987e+15 1.41886538355053e+11 2.12278840075449e+14 
3.42054528214108e+02 3.23598242872436e+02 3.23372134093757e+02 1.38854610187231e+20 9.73623952404967e+18 3.95766552360918e+16 2.37080685447394e+15 3.81447869927956e+15 5.10654543315996e+19 6.11696233109638e+15 6.03183549035294e+11 1.07696107479328e+14 1.59438186049506e+16 1.55941636578240e+11 5.90004702219566e+19 6.90720296152440e+15 4.90270073982846e+11 7.67858462612234e+19 6.53027201912029e+15 1.41886537429625e+11 2.12278840404913e+14 
4.42054528214108e+02 3.23598242872445e+02 3.23372134093724e+02 1.38854610182674e+20 9.73623952378208e+18 3.95766552400077e+16 2.37080685441860e+15 3.81447869985320e+15 5.10654543359193e+19 6.11696233253730e+15 6.03183622950861e+11 1.07696107026376e+14 1.59438185569857e+16 1.55941636587729e+11 5.90004702367133e+19 6.90720296295740e+15 4.90270071629309e+11 7.67858462491162e+19 6.53027202996368e+15 1.41886538364411e+11 2.12278839897958e+14 
5.42054528214108e+02 3.23598242872443e+02 3.23372134093727e+02 1.38854610184735e+20 9.73623952392370e+18 3.95766552409976e+16 2.37080685445528e+15 3.81447869964857e+15 5.10654543357583e+19 6.11696233268391e+15 6.03183655425546e+11 1.07696107125349e+14 1.59438185675112e+16 1.55941636593969e+11 5.90004702323886e+19 6.90720296247214e+15 4.90270071755007e+11 7.67858462534269e+19 6.53027202846150e+15 1.41886538432863e+11 2.12278840005845e+14 
6.42054528214108e+02 3.23598242872441e+02 3.23372134093726e+02 1.38854610183091e+20 9.73623952380986e+18 3.95766552404055e+16 2.37080685442414e+15 3.81447869971197e+15 5.10654543355005e+19 6.11696233260946e+15 6.03183654231699e+11 1.07696107078148e+14 1.59438185624580e+16 1.55941636590190e+11 5.90004702349094e+19 6.90720296281582e+15 4.90270071665217e+11 7.67858462505500e+19 6.53027202890956e+15 1.41886538422935e+11 2.12278839957052e+14 
7.42054528214108e+02 3.23598242872441e+02 3.23372134093725e+02 1.38854610183374e+20 9.73623952382903e+18 3.95766552404655e+16 2.37080685442838e+15 3.81447869969499e+15 5.10654543355372e+19 6.11696233261407e+15 6.03183649550827e+11 1.07696107091752e+14 1.59438185638893e+16 1.55941636590169e+11 5.90004702338983e+19 6.90720296267456e+15 4.90270071706324e+11 7.67858462514645e+19 6.53027202887892e+15 1.41886538413586e+11 2.12278839969685e+14 
8.42054528214108e+02 3.23598242872441e+02 3.23372134093725e+02 1.38854610183228e+20 9.73623952381914e+18 3.95766552404278e+16 2.37080685442598e+15 3.81447869970156e+15 5.10654543354995e+19 6.11696233260966e+15 6.03183648456597e+11 1.07696107086582e+14 1.59438185633443e+16 1.55941636590087e+11 5.90004702342979e+19 6.90720296273271e+15 4.90270071692939e+11 7.67858462510837e+19 6.53027202887000e+15 1.41886538415693e+11 2.12278839965587e+14 
9.42054528214108e+02 3.23598242872441e+02 3.23372134093725e+02 1.38854610183294e+20 9.73623952382363e+18 3.95766552404479e+16 2.37080685442719e+15 3.81447869969997e+15 5.10654543355218e+19 6.11696233261237e+15 6.03183648790078e+11 1.07696107088225e+14 1.59438185635171e+16 1.55941636590195e+11 5.90004702341647e+19 6.90720296271301e+15 4.90270071696646e+11 7.67858462512299e+19 6.53027202888045e+15 1.41886538415424e+11 2.12278839966598e+14 
1.00000000000000e+03 3.23598242872441e+02 3.23372134093725e+02 1.38854610183279e+20 9.73623952382261e+18 3.95766552404437e+16 2.37080685442693e+15 3.81447869970033e+15 5.10654543355167e+19 6.11696233261180e+15 6.03183649011181e+11 1.07696107087798e+14 1.59438185634723e+16 1.55941636590182e+11 5.90004702342024e+19 6.90720296271861e+15 4.90270071695629e+11 7.67858462511917e+19 6.53027202887665e+15 1.41886538415539e+11 2.12278839966365e+14 
