Time(s)              GasTemp(K)           NearWallTemp(K)      [O2(X)](m^-3)        [O2(a1Dg)](m^-3)     [O2(b1Sg+)](m^-3)    [O2(A3Su+_C3Du_c1Su-)](m^-3) [O2(+,X)](m^-3)      [O(3P)](m^-3)        [O(1D)](m^-3)        [O(+,gnd)](m^-3)     [O(-,gnd)](m^-3)     [O3(X)](m^-3)        [O3(exc)](m^-3)      [CO2(X)](m^-3)       [CO2(e1)](m^-3)      [CO2(+,X)](m^-3)     [CO(X)](m^-3)        [CO(a3P)](m^-3)      [CO(+,X)](m^-3)      [C(X)](m^-3)        
0.00000000000000e+00 5.86650060937000e+02 4.16975027421650e+02 1.76492726011442e+21 1.76492726011442e-04 1.76492726011442e-04 1.76492726011442e-04 0.00000000000000e+00 0.00000000000000e+00 0.00000000000000e+00 0.00000000000000e+00 0.00000000000000e+00 0.00000000000000e+00 0.00000000000000e+00 0.00000000000000e+00 0.00000000000000e+00 0.00000000000000e+00 0.00000000000000e+00 0.00000000000000e+00 0.00000000000000e+00 0.00000000000000e+00 
1.39934342264074e-15 5.86650060930997e+02 4.79646840711573e+02 1.76492726011440e+21 1.04832734606657e+07 2.47079135568474e+06 4.22714820532567e+06 2.80722135325779e+03 1.48252339725352e+07 3.61394767250676e+06 4.33335936649954e-01 5.18271603395850e+05 1.08016877636981e-06 7.23988927448324e-12 0.00000000000000e+00 0.00000000000000e+00 0.00000000000000e+00 0.00000000000000e+00 0.00000000000000e+00 0.00000000000000e+00 0.00000000000000e+00 
2.79868684528149e-15 5.86650060924993e+02 4.79646840707036e+02 1.76492726011437e+21 2.09665469211639e+07 4.94158271143096e+06 8.45429641036591e+06 5.61444270651516e+03 2.96504679455329e+07 7.22789534454980e+06 8.66671873292655e-01 1.03654320679039e+06 3.40914027309869e-06 2.28499458962087e-11 0.00000000000000e+00 0.00000000000000e+00 0.00000000000000e+00 0.00000000000000e+00 0.00000000000000e+00 0.00000000000000e+00 0.00000000000000e+00 
4.19803026792223e-15 5.86650060918990e+02 4.79646840702499e+02 1.76492726011434e+21 3.14498203816714e+07 7.41237406742016e+06 1.26814446152949e+07 8.42166405977209e+03 4.44757019190029e+07 1.08418430161194e+07 1.30000780992795e+00 1.55481481018358e+06 7.01324130844553e-06 4.70066267798644e-11 0.00000000000000e+00 0.00000000000000e+00 0.00000000000000e+00 0.00000000000000e+00 0.00000000000000e+00 0.00000000000000e+00 0.00000000000000e+00 
1.03034271439121e-14 5.86650060892796e+02 4.79646840697962e+02 1.76492726011423e+21 7.71888033936372e+07 1.81925453861405e+07 3.11246780813989e+07 2.06696942452688e+04 1.09158849551088e+08 2.66096555914758e+07 3.19067155327221e+00 3.81605660190842e+06 3.66607335404835e-05 2.45720536820938e-10 0.00000000000000e+00 0.00000000000000e+00 0.00000000000000e+00 0.00000000000000e+00 0.00000000000000e+00 0.00000000000000e+00 0.00000000000000e+00 
1.64088240199019e-14 5.86650060866603e+02 4.79646840678166e+02 1.76492726011411e+21 1.22927786405776e+08 2.89727167094020e+07 4.95679115454241e+07 3.29177244307574e+04 1.73841997192000e+08 4.23774681579831e+07 5.08133529647806e+00 6.07729839360818e+06 9.01394840049936e-05 6.04164735973207e-10 0.00000000000000e+00 0.00000000000000e+00 0.00000000000000e+00 0.00000000000000e+00 0.00000000000000e+00 0.00000000000000e+00 0.00000000000000e+00 
2.25142208958918e-14 5.86650060840409e+02 4.79646840658370e+02 1.76492726011399e+21 1.68666769418090e+08 3.97528880372765e+07 6.80111450073376e+07 4.51657546162376e+04 2.38525144841879e+08 5.81452807155015e+07 6.97199903954331e+00 8.33854018528244e+06 1.67825859006745e-04 1.12486183965731e-09 0.00000000000000e+00 0.00000000000000e+00 0.00000000000000e+00 0.00000000000000e+00 0.00000000000000e+00 0.00000000000000e+00 0.00000000000000e+00 
2.86196177718816e-14 5.86650060814216e+02 4.79646840638574e+02 1.76492726011388e+21 2.14405752430580e+08 5.05330593697892e+07 8.64543784671279e+07 5.74137848017095e+04 3.03208292500773e+08 7.39130932639815e+07 8.86266278246720e+00 1.05997819769311e+07 2.69852685685722e-04 1.80870212895514e-09 0.00000000000000e+00 0.00000000000000e+00 0.00000000000000e+00 0.00000000000000e+00 0.00000000000000e+00 0.00000000000000e+00 0.00000000000000e+00 
4.67394482532117e-14 5.86650060736478e+02 4.79646840618778e+02 1.76492726011353e+21 3.50151656491363e+08 8.25268643982455e+07 1.41190912476376e+08 9.37639574765504e+04 4.95177413379991e+08 1.20709410672621e+08 1.44738469871526e+01 1.73107818960653e+07 7.16143090952752e-04 4.79998755720095e-09 0.00000000000000e+00 0.00000000000000e+00 0.00000000000000e+00 0.00000000000000e+00 0.00000000000000e+00 0.00000000000000e+00 0.00000000000000e+00 
6.48592787345419e-14 5.86650060658740e+02 4.79646840560026e+02 1.76492726011319e+21 4.85897560553702e+08 1.14520669467599e+08 1.95927446466904e+08 1.30114130151318e+05 6.87146534338702e+08 1.67505728001568e+08 2.00850311905916e+01 2.40217818149735e+07 1.37705017347882e-03 9.22975280130298e-09 0.00000000000000e+00 0.00000000000000e+00 0.00000000000000e+00 0.00000000000000e+00 0.00000000000000e+00 0.00000000000000e+00 0.00000000000000e+00 
8.29791092158720e-14 5.86650060581002e+02 4.79646840501274e+02 1.76492726011284e+21 6.21643464617598e+08 1.46514474577849e+08 2.50663980438709e+08 1.66464302826011e+05 8.79115655376908e+08 2.14302045250819e+08 2.56962153927840e+01 3.07327817336557e+07 2.25258060704940e-03 1.50980425936252e-08 0.00000000000000e+00 0.00000000000000e+00 0.00000000000000e+00 0.00000000000000e+00 0.00000000000000e+00 0.00000000000000e+00 0.00000000000000e+00 
1.01098939697202e-13 5.86650060503264e+02 4.79646840442522e+02 1.76492726011250e+21 7.57389368683050e+08 1.78508279728998e+08 3.05400514391794e+08 2.02814475500631e+05 1.07108477649461e+09 2.61098362420376e+08 3.13073995937300e+01 3.74437816521120e+07 3.34273287589669e-03 2.24048467756398e-08 0.00000000000000e+00 0.00000000000000e+00 0.00000000000000e+00 0.00000000000000e+00 0.00000000000000e+00 0.00000000000000e+00 0.00000000000000e+00 
2.82297244510503e-13 5.86650059725883e+02 4.79646840383771e+02 1.76492726010904e+21 2.11484840942316e+09 4.98446333489824e+08 8.52765852892969e+08 5.66316202242782e+05 2.99077599204376e+09 7.29061529732761e+08 8.74192415346332e+01 1.04553780824245e+08 2.60483276193710e-02 1.74590316525140e-07 0.00000000000000e+00 0.00000000000000e+00 0.00000000000000e+00 0.00000000000000e+00 0.00000000000000e+00 0.00000000000000e+00 0.00000000000000e+00 
4.63495549323805e-13 5.86650058948502e+02 4.79646839796253e+02 1.76492726010559e+21 3.47230745031890e+09 8.18384391340371e+08 1.40013118952202e+09 9.29817928977572e+05 4.91046721554229e+09 1.19702468907572e+09 1.43531083350888e+02 1.71663779973780e+08 7.02159140768518e-02 4.70625940727806e-07 0.00000000000000e+00 0.00000000000000e+00 0.00000000000000e+00 0.00000000000000e+00 0.00000000000000e+00 0.00000000000000e+00 0.00000000000000e+00 
6.44693854137106e-13 5.86650058171121e+02 4.79646839208736e+02 1.76492726010214e+21 4.82976649137027e+09 1.13832245328064e+09 1.94749652427894e+09 1.29331965570500e+06 6.83015844699020e+09 1.66498784044925e+09 1.99642925042495e+02 2.38773779100717e+08 1.35845473671031e-01 9.10511595808824e-07 0.00000000000000e+00 0.00000000000000e+00 0.00000000000000e+00 0.00000000000000e+00 0.00000000000000e+00 0.00000000000000e+00 0.00000000000000e+00 
8.25892158950407e-13 5.86650057393740e+02 4.79646838621218e+02 1.76492726009869e+21 6.18722553257727e+09 1.45826051931062e+09 2.49486185716374e+09 1.65682138242506e+06 8.74984968638747e+09 2.13295098385336e+09 2.55754766609454e+02 3.05883778205055e+08 2.22937003404495e-01 1.49424726266301e-06 0.00000000000000e+00 0.00000000000000e+00 0.00000000000000e+00 0.00000000000000e+00 0.00000000000000e+00 0.00000000000000e+00 0.00000000000000e+00 
2.63787520708342e-12 5.86650049619932e+02 4.79646838033701e+02 1.76492726006416e+21 1.97618159532068e+10 4.65764140454483e+09 7.96851508304480e+09 5.29183864922081e+06 2.79467625175755e+10 6.81258197957637e+09 8.16873175423396e+02 9.76983768005530e+08 2.27426072039559e+00 1.52433553507089e-05 0.00000000000000e+00 0.00000000000000e+00 0.00000000000000e+00 0.00000000000000e+00 0.00000000000000e+00 0.00000000000000e+00 0.00000000000000e+00 
4.44985825521643e-12 5.86650041846125e+02 4.79646832158527e+02 1.76492726002964e+21 3.33364063893992e+10 7.85702269875064e+09 1.34421681217133e+10 8.92685591528035e+06 4.71436761437005e+10 1.14922121783574e+10 1.37799157177253e+03 1.64808375554617e+09 6.47178154570038e+00 4.33774663741352e-05 0.00000000000000e+00 0.00000000000000e+00 0.00000000000000e+00 0.00000000000000e+00 0.00000000000000e+00 0.00000000000000e+00 0.00000000000000e+00 
6.26184130334945e-12 5.86650034072317e+02 4.79646826283353e+02 1.76492725999511e+21 4.69109968411543e+10 1.10564044019280e+10 1.89158209731693e+10 1.25618731806037e+07 6.63405905647622e+10 1.61718415801966e+10 1.93910995565685e+03 2.31918374082698e+09 1.28154994877082e+01 8.58965813297749e-05 0.00000000000000e+00 0.00000000000000e+00 0.00000000000000e+00 0.00000000000000e+00 0.00000000000000e+00 0.00000000000000e+00 0.00000000000000e+00 
8.07382435148246e-12 5.86650026298509e+02 4.79646820408180e+02 1.76492725996059e+21 6.04855873084723e+10 1.42557865140768e+10 2.43894736374127e+10 1.61968904451908e+07 8.55375057807605e+10 2.08514701850941e+10 2.50022832707637e+03 2.99028372384795e+09 2.13054145457687e+01 1.42800701198425e-04 0.00000000000000e+00 0.00000000000000e+00 0.00000000000000e+00 0.00000000000000e+00 0.00000000000000e+00 0.00000000000000e+00 0.00000000000000e+00 
2.61936548328126e-11 5.86649948560447e+02 4.79646814533006e+02 1.76492725961534e+21 1.96231492837606e+11 4.62496301289680e+10 7.91259899831610e+10 5.25470630505710e+07 2.77506701662208e+11 6.76477124023254e+10 8.11141135570718e+03 9.70128342976681e+09 2.24245405515502e+02 1.50301751988850e-03 0.00000000000000e+00 0.00000000000000e+00 0.00000000000000e+00 0.00000000000000e+00 0.00000000000000e+00 0.00000000000000e+00 0.00000000000000e+00 
4.43134853141427e-11 5.86649870822406e+02 4.79646755781282e+02 1.76492725927009e+21 3.31977399923018e+11 7.82435146409200e+10 1.33862487607666e+11 8.88972355823305e+07 4.69475977037160e+11 1.14443874925544e+11 1.37225931378576e+04 1.64122829097022e+10 6.41805104994632e+02 4.30173593456915e-03 0.00000000000000e+00 0.00000000000000e+00 0.00000000000000e+00 0.00000000000000e+00 0.00000000000000e+00 0.00000000000000e+00 0.00000000000000e+00 
6.24333157954728e-11 5.86649793084385e+02 4.79646697029577e+02 1.76492725892483e+21 4.67723308564707e+11 1.10237440049862e+11 1.88598966510938e+11 1.25247408040469e+08 6.61445331905485e+11 1.61239957754882e+11 1.93337736735279e+04 2.31232821636541e+10 1.27398451042561e+03 8.53895686870030e-03 0.00000000000000e+00 0.00000000000000e+00 0.00000000000000e+00 0.00000000000000e+00 0.00000000000000e+00 0.00000000000000e+00 0.00000000000000e+00 
8.05531462768030e-11 5.86649715346386e+02 4.79646638277890e+02 1.76492725857958e+21 6.03469218762670e+11 1.42231406355720e+11 2.43335426692986e+11 1.61597580424985e+08 8.53414766267045e+11 2.08035960890476e+11 2.49449529627186e+04 2.98342811916224e+10 2.12078361913401e+03 1.42146812895093e-02 0.00000000000000e+00 0.00000000000000e+00 0.00000000000000e+00 0.00000000000000e+00 0.00000000000000e+00 0.00000000000000e+00 0.00000000000000e+00 
2.61751451090104e-10 5.86648937967553e+02 4.79646579526221e+02 1.76492725512707e+21 1.96092840633653e+12 4.62173318717804e+11 7.90698998849522e+11 5.25099300220722e+08 2.77311348196065e+12 6.75991609140422e+11 8.10566772983870e+04 9.69442590421859e+10 2.23928574191656e+04 1.50089967227899e-01 0.00000000000000e+00 0.00000000000000e+00 0.00000000000000e+00 0.00000000000000e+00 0.00000000000000e+00 0.00000000000000e+00 0.00000000000000e+00 
4.42949755903405e-10 5.86648160590827e+02 4.79645992010560e+02 1.76492725167456e+21 3.31838774953515e+12 7.82119320686664e+11 1.33806069889437e+12 8.88601012653575e+08 4.69282014682015e+12 1.14393928817352e+12 1.37168276986540e+05 1.64054214294319e+11 6.41268984927607e+04 4.29816706793988e-01 0.00000000000000e+00 0.00000000000000e+00 0.00000000000000e+00 0.00000000000000e+00 0.00000000000000e+00 0.00000000000000e+00 0.00000000000000e+00 
6.24148060716707e-10 5.86647383216208e+02 4.79645404496755e+02 1.76492724822205e+21 4.67584724835630e+12 1.10206941219143e+12 1.88542052683650e+12 1.25210271772296e+09 6.61253476071384e+12 1.61187899812138e+12 1.93279752027556e+05 2.31164146947961e+11 1.27322904287316e+05 8.53395823468617e-01 0.00000000000000e+00 0.00000000000000e+00 0.00000000000000e+00 0.00000000000000e+00 0.00000000000000e+00 0.00000000000000e+00 0.00000000000000e+00 
8.05346365530008e-10 5.86646605843697e+02 4.79644816984807e+02 1.76492724476953e+21 6.03330690279766e+12 1.42202359315787e+12 2.43277848268534e+12 1.61560441542828e+09 8.53225732350378e+12 2.07981073912185e+12 2.49391102421827e+05 2.98274057003049e+11 2.11980872129301e+05 1.42082828446700e+00 0.00000000000000e+00 0.00000000000000e+00 0.00000000000000e+00 0.00000000000000e+00 0.00000000000000e+00 0.00000000000000e+00 0.00000000000000e+00 
2.61732941366302e-09 5.86638832234462e+02 4.79644229474716e+02 1.76492721024422e+21 1.96079120054804e+13 4.62179029636108e+12 7.90625507944530e+12 5.25062098723807e+09 2.77299200907933e+13 6.75868990688656e+12 8.10497750936332e+05 9.69371914610398e+11 2.23896749576795e+06 1.50074367708498e+01 0.00000000000000e+00 0.00000000000000e+00 0.00000000000000e+00 0.00000000000000e+00 0.00000000000000e+00 0.00000000000000e+00 0.00000000000000e+00 
4.42931246179603e-09 5.86631058835924e+02 4.79638354475933e+02 1.76492717571868e+21 3.31825326675249e+13 7.82196586094378e+12 1.33795444776204e+13 8.88563682194769e+09 4.69283775901402e+13 1.14367723373630e+13 1.37159193522705e+06 1.64046751228959e+12 6.41214726966448e+06 4.29804845557033e+01 0.00000000000000e+00 0.00000000000000e+00 0.00000000000000e+00 0.00000000000000e+00 0.00000000000000e+00 0.00000000000000e+00 0.00000000000000e+00 
6.24129550992905e-09 5.86623285648075e+02 4.79632479662834e+02 1.76492714119289e+21 4.67571688867096e+13 1.10225502160599e+13 1.88526466861907e+13 1.25206519189779e+10 6.61276296898863e+13 1.61140581621124e+13 1.93267365567045e+06 2.31156084997988e+12 1.27315176408019e+07 8.53408949951376e+01 0.00000000000000e+00 0.00000000000000e+00 0.00000000000000e+00 0.00000000000000e+00 0.00000000000000e+00 0.00000000000000e+00 0.00000000000000e+00 
8.05327855806206e-09 5.86615512670911e+02 4.79626605035411e+02 1.76492710666687e+21 6.03318206607082e+13 1.42235432875198e+13 2.43255617145609e+13 1.61556662777219e+10 8.53276762521601e+13 2.07905475189047e+13 2.49374291266075e+06 2.98265192761763e+12 2.11970759350329e+07 1.42089635118572e+02 0.00000000000000e+00 0.00000000000000e+00 0.00000000000000e+00 0.00000000000000e+00 0.00000000000000e+00 0.00000000000000e+00 0.00000000000000e+00 
2.54743658436679e-08 5.86540791090753e+02 4.79620730593659e+02 1.76492677470856e+21 1.90844427271597e+14 4.50199361852597e+13 7.69346784270469e+13 5.11040252133360e+10 2.69964663749655e+14 6.57114641641879e+13 7.88743813339438e+06 9.43465889961635e+12 2.12097508942246e+08 1.42205309748248e+03 0.00000000000000e+00 0.00000000000000e+00 0.00000000000000e+00 0.00000000000000e+00 0.00000000000000e+00 0.00000000000000e+00 0.00000000000000e+00 
4.28954531292736e-08 5.86466088979525e+02 4.79564260971496e+02 1.76492644272830e+21 3.21358469428736e+14 7.58540365065242e+13 1.29526502139229e+14 8.60523153086101e+10 4.54674953128891e+14 1.10558893453646e+14 1.32799816660565e+07 1.58864568983367e+13 6.01380847332333e+08 4.03296886169519e+03 0.00000000000000e+00 0.00000000000000e+00 0.00000000000000e+00 0.00000000000000e+00 0.00000000000000e+00 0.00000000000000e+00 0.00000000000000e+00 
6.03165404148794e-08 5.86391406331857e+02 4.79507808506127e+02 1.76492611072615e+21 4.51873945066299e+14 1.06725778378240e+14 1.82101041215806e+14 1.21000536023298e+11 6.39458421977658e+14 1.55332957709176e+14 1.86713738604834e+07 2.23380458670706e+13 1.18904470729908e+09 7.97569685386128e+03 0.00000000000000e+00 0.00000000000000e+00 0.00000000000000e+00 0.00000000000000e+00 0.00000000000000e+00 0.00000000000000e+00 0.00000000000000e+00 
7.77376277004852e-08 5.86316743142385e+02 4.79451373192174e+02 1.76492577870217e+21 5.82390852122442e+14 1.37635096059336e+14 2.34658304014010e+14 1.55948686817232e+11 8.24314948131619e+14 2.00033779004932e+14 2.40616150656801e+07 2.87894257490886e+13 1.97508670364381e+09 1.32510961361016e+04 0.00000000000000e+00 0.00000000000000e+00 0.00000000000000e+00 0.00000000000000e+00 0.00000000000000e+00 0.00000000000000e+00 0.00000000000000e+00 
9.51587149860910e-08 5.86242099405745e+02 4.79394955024265e+02 1.76492544665642e+21 7.12909188539275e+14 1.68581923939701e+14 2.87198298883693e+14 1.90896767150318e+11 1.00924440967234e+15 2.44661479169284e+14 2.94507056298266e+07 3.52405964876404e+13 2.95950444976552e+09 1.98600249167775e+04 0.00000000000000e+00 0.00000000000000e+00 0.00000000000000e+00 0.00000000000000e+00 0.00000000000000e+00 0.00000000000000e+00 0.00000000000000e+00 
2.69369587842149e-07 5.85496730767712e+02 4.79338553997029e+02 1.76492212501438e+21 2.01817071894509e+15 4.80098967296101e+14 8.11650342168850e+14 5.40373576229053e+11 2.86252390851157e+15 6.86943361738010e+14 8.32784017270717e+07 9.97407884534246e+13 2.37138205952736e+10 1.59481483191292e+05 0.00000000000000e+00 0.00000000000000e+00 0.00000000000000e+00 0.00000000000000e+00 0.00000000000000e+00 0.00000000000000e+00 0.00000000000000e+00 
4.43580460698207e-07 5.84753301528616e+02 4.78775485282131e+02 1.76491880125964e+21 3.32357294820386e+15 7.95295741513817e+14 1.33438473745270e+15 8.89842744553133e+11 4.72296449407174e+15 1.12204548485758e+15 1.36991411034155e+08 1.64220003364934e+14 6.43030703335251e+10 4.33395118909934e+05 0.00000000000000e+00 0.00000000000000e+00 0.00000000000000e+00 0.00000000000000e+00 0.00000000000000e+00 0.00000000000000e+00 0.00000000000000e+00 
6.17791333554265e-07 5.84011806353655e+02 4.78214124740927e+02 1.76491547544990e+21 4.62911386983303e+15 1.11410834994044e+15 1.85540975662234e+15 1.23930373089296e+12 6.59044746952309e+15 1.55008645685023e+15 1.90590070727574e+08 2.28678183920501e+14 1.24724835206390e+11 8.42449789180591e+05 0.00000000000000e+00 0.00000000000000e+00 0.00000000000000e+00 0.00000000000000e+00 0.00000000000000e+00 0.00000000000000e+00 0.00000000000000e+00 
7.92002206410323e-07 5.83272239925647e+02 4.77654467031336e+02 1.76491214764181e+21 5.93479151000630e+15 1.43647398417627e+15 2.37473362143281e+15 1.58875599327453e+12 8.46485618394536e+15 1.97118284111104e+15 2.44074711049122e+08 2.93115272469158e+14 2.04976675895553e+11 1.38748839226196e+06 0.00000000000000e+00 0.00000000000000e+00 0.00000000000000e+00 0.00000000000000e+00 0.00000000000000e+00 0.00000000000000e+00 0.00000000000000e+00 
9.66213079266381e-07 5.82534596944878e+02 4.77096506829356e+02 1.76490881789095e+21 7.24060392698777e+15 1.76233090501395e+15 2.89236450399558e+15 1.93819898898611e+12 1.03460759956026e+16 2.38544919281449e+15 2.97445655460558e+08 3.57531211021271e+14 3.05056132196890e+11 2.06934799723486e+06 0.00000000000000e+00 0.00000000000000e+00 0.00000000000000e+00 0.00000000000000e+00 0.00000000000000e+00 0.00000000000000e+00 0.00000000000000e+00 
2.29824408453250e-06 5.76957536201324e+02 4.76540238828929e+02 1.76488329976311e+21 1.72292122736337e+16 4.36296868069381e+15 6.79510898425042e+15 4.60970538668083e+12 2.49434956525419e+16 5.33887520382177e+15 7.01798970452447e+08 8.49355559574338e+14 1.72539372016590e+12 1.18929476834399e+07 0.00000000000000e+00 0.00000000000000e+00 0.00000000000000e+00 0.00000000000000e+00 0.00000000000000e+00 0.00000000000000e+00 0.00000000000000e+00 
3.63027508979862e-06 5.71490291078757e+02 4.72342342324289e+02 1.76485769361006e+21 2.72247963673637e+16 7.13909937181668e+15 1.06028815244109e+16 7.28039382643688e+12 3.98860233860408e+16 7.94604469359819e+15 1.09965290662253e+09 1.33991333257677e+15 4.30360576248886e+12 3.01244735597425e+07 0.00000000000000e+00 0.00000000000000e+00 0.00000000000000e+00 0.00000000000000e+00 0.00000000000000e+00 0.00000000000000e+00 0.00000000000000e+00 
4.96230609506474e-06 5.66130586932652e+02 4.68240740810605e+02 1.76483201905901e+21 3.72266482966080e+16 1.00684495661234e+16 1.43190690075947e+16 9.95001776794288e+12 5.51323976863664e+16 1.02481852245834e+16 1.49111983307619e+09 1.82917705511463e+15 8.03847166220811e+12 5.71093040954713e+07 0.00000000000000e+00 0.00000000000000e+00 0.00000000000000e+00 0.00000000000000e+00 0.00000000000000e+00 0.00000000000000e+00 0.00000000000000e+00 
6.29433710033086e-06 5.60876201839022e+02 4.64233160631737e+02 1.76480629313031e+21 4.72341406690089e+16 1.31314183343878e+16 1.79469114946306e+16 1.26183285156088e+13 7.06463525004687e+16 1.22815312473847e+16 1.87629705475544e+09 2.31711857433938e+15 1.29286976097570e+13 9.31786728373303e+07 0.00000000000000e+00 0.00000000000000e+00 0.00000000000000e+00 0.00000000000000e+00 0.00000000000000e+00 0.00000000000000e+00 0.00000000000000e+00 
7.62636810559698e-06 5.55724964544155e+02 4.60317383364532e+02 1.76478053058482e+21 5.72467163838216e+16 1.63107327291755e+16 2.14895096020072e+16 1.52850753538093e+13 8.63959633120605e+16 1.40779776876040e+16 2.25526972676937e+09 2.80370922186481e+15 1.89729150440038e+13 1.38651645786035e+08 0.00000000000000e+00 0.00000000000000e+00 0.00000000000000e+00 0.00000000000000e+00 0.00000000000000e+00 0.00000000000000e+00 0.00000000000000e+00 
8.95839911086310e-06 5.50674752711505e+02 4.56491243934492e+02 1.76475474420879e+21 6.72638802247891e+16 1.95911648869059e+16 2.49498310124165e+16 1.79500056787786e+13 1.02353112567767e+17 1.56656142484207e+16 2.62811322164838e+09 3.28891993890086e+15 2.61696795133556e+13 1.93836704301789e+08 0.00000000000000e+00 0.00000000000000e+00 0.00000000000000e+00 0.00000000000000e+00 0.00000000000000e+00 0.00000000000000e+00 0.00000000000000e+00 
1.23291845035506e-05 5.38332291904352e+02 4.52752628969474e+02 1.76468945529330e+21 9.26305445781001e+16 2.82568664331382e+16 3.33577286389425e+16 2.46839398236084e+13 1.43499588345184e+17 1.89114301850502e+16 3.54468309861087e+09 4.51041287561438e+15 4.95196653131812e+13 3.78875322045032e+08 0.00000000000000e+00 0.00000000000000e+00 0.00000000000000e+00 0.00000000000000e+00 0.00000000000000e+00 0.00000000000000e+00 0.00000000000000e+00 
1.56999698962381e-05 5.26591257901940e+02 4.43669022306905e+02 1.76462421990067e+21 1.18018032225037e+17 3.73126156002563e+16 4.12993360809804e+16 3.14004443259003e+13 1.85500279467626e+17 2.12943309044461e+16 4.42336839109412e+09 5.72240183067526e+15 8.02134276577355e+13 6.32650373840580e+08 0.00000000000000e+00 0.00000000000000e+00 0.00000000000000e+00 0.00000000000000e+00 0.00000000000000e+00 0.00000000000000e+00 0.00000000000000e+00 
1.90707552889256e-05 5.15421042786938e+02 4.35100750057095e+02 1.76455913065928e+21 1.43421995688712e+17 4.66323074286421e+16 4.88129438300792e+16 3.80953031433376e+13 2.28122923146169e+17 2.30462258050320e+16 5.26498492093460e+09 6.92440601574671e+15 1.18220897595572e+14 9.59576379019298e+08 0.00000000000000e+00 0.00000000000000e+00 0.00000000000000e+00 0.00000000000000e+00 0.00000000000000e+00 0.00000000000000e+00 0.00000000000000e+00 
2.24415406816131e-05 5.04792644583410e+02 4.27017606856371e+02 1.76449424928085e+21 1.68839130579469e+17 5.61235707473704e+16 5.59329723872124e+16 4.47642652622400e+13 2.71197265317106e+17 2.43370403692828e+16 6.07033328743827e+09 8.11594901062959e+15 1.63508784287506e+14 1.36392849732663e+09 0.00000000000000e+00 0.00000000000000e+00 0.00000000000000e+00 0.00000000000000e+00 0.00000000000000e+00 0.00000000000000e+00 0.00000000000000e+00 
2.58123260743007e-05 4.94678561365778e+02 4.19391123726640e+02 1.76442961573215e+21 1.94266895362455e+17 6.57184286645104e+16 6.26904226400526e+16 5.14030609989100e+13 3.14597664472739e+17 2.52921042545336e+16 6.84025561621945e+09 9.29656226501193e+15 2.16040586994570e+14 1.84989604015288e+09 0.00000000000000e+00 0.00000000000000e+00 0.00000000000000e+00 0.00000000000000e+00 0.00000000000000e+00 0.00000000000000e+00 0.00000000000000e+00 
2.91831114669882e-05 4.85052706819336e+02 4.12194461936046e+02 1.76436525361682e+21 2.19703342893090e+17 7.53677207096120e+16 6.91132414455221e+16 5.80074178085395e+13 3.58232768418267e+17 2.60024701135927e+16 7.57565845378505e+09 1.04657870690218e+16 2.75776627306289e+14 2.42161254672600e+09 0.00000000000000e+00 0.00000000000000e+00 0.00000000000000e+00 0.00000000000000e+00 0.00000000000000e+00 0.00000000000000e+00 0.00000000000000e+00 
3.44042021570733e-05 4.71049348365952e+02 4.05402323580920e+02 1.76426612345289e+21 2.59116184509546e+17 9.03413189386463e+16 7.84594008847500e+16 6.81591523022769e+13 4.26133601106333e+17 2.67689987309408e+16 8.64892629970713e+09 1.22533059429675e+16 3.82423759981185e+14 3.48600728821479e+09 0.00000000000000e+00 0.00000000000000e+00 0.00000000000000e+00 0.00000000000000e+00 0.00000000000000e+00 0.00000000000000e+00 0.00000000000000e+00 
3.96252928471585e-05 4.58072227941699e+02 3.95625106595527e+02 1.76416767900980e+21 2.98542275633191e+17 1.05278793738978e+17 8.71451731034174e+16 7.82023865439538e+13 4.94282175049164e+17 2.72620596876447e+16 9.64583386297104e+09 1.40108274870917e+16 5.06077822284470e+14 4.78113537673065e+09 0.00000000000000e+00 0.00000000000000e+00 0.00000000000000e+00 0.00000000000000e+00 0.00000000000000e+00 0.00000000000000e+00 0.00000000000000e+00 
4.48463835372436e-05 4.46042016343503e+02 3.86679418057933e+02 1.76406990553462e+21 3.37978694959182e+17 1.20128751845712e+17 9.52412120824059e+16 8.81217499815807e+13 5.62577885913409e+17 2.75812193581366e+16 1.05709620205780e+10 1.57368203358173e+16 6.46547818927073e+14 6.32215577308021e+09 0.00000000000000e+00 0.00000000000000e+00 0.00000000000000e+00 0.00000000000000e+00 0.00000000000000e+00 0.00000000000000e+00 0.00000000000000e+00 
5.00674742273288e-05 4.34885546655876e+02 3.78490398091665e+02 1.76397277994249e+21 3.77423169835214e+17 1.34857202951228e+17 1.02808432968795e+17 9.79023185360725e+13 6.30951981577897e+17 2.77942014760639e+16 1.14292994329577e+10 1.74298312940226e+16 8.03625978310147e+14 8.12422704808720e+09 0.00000000000000e+00 0.00000000000000e+00 0.00000000000000e+00 0.00000000000000e+00 0.00000000000000e+00 0.00000000000000e+00 0.00000000000000e+00 
5.52885649174140e-05 4.24535370287379e+02 3.70989861462766e+02 1.76387627298811e+21 4.16873954232563e+17 1.49443998191522e+17 1.09899519430423e+17 1.07529741262398e+14 6.99360836505000e+17 2.79436166703300e+16 1.22260695517876e+10 1.90884888834522e+16 9.77088322748522e+14 1.02024436213976e+10 0.00000000000000e+00 0.00000000000000e+00 0.00000000000000e+00 0.00000000000000e+00 0.00000000000000e+00 0.00000000000000e+00 0.00000000000000e+00 
6.05096556074991e-05 4.14929356922647e+02 3.64115766982383e+02 1.76378035083090e+21 4.56329736127878e+17 1.63880166149735e+17 1.16560111231052e+17 1.16990354117272e+14 7.67781104244694e+17 2.80518138460404e+16 1.29665844439968e+10 2.07115051704324e+16 1.16669527466969e+15 1.25717641535159e+10 0.00000000000000e+00 0.00000000000000e+00 0.00000000000000e+00 0.00000000000000e+00 0.00000000000000e+00 0.00000000000000e+00 0.00000000000000e+00 
7.00585486527835e-05 3.99099696702721e+02 3.57811727761327e+02 1.76360632786123e+21 5.28500026053276e+17 1.89875852990849e+17 1.27756663240177e+17 1.33819652667521e+14 8.92892746999124e+17 2.81920849243168e+16 1.41927703094623e+10 2.35837310878892e+16 1.55438415217624e+15 1.77065623236088e+10 0.00000000000000e+00 0.00000000000000e+00 0.00000000000000e+00 0.00000000000000e+00 0.00000000000000e+00 0.00000000000000e+00 0.00000000000000e+00 
7.96074416980678e-05 3.85258654342445e+02 3.47590782956127e+02 1.76343397276582e+21 6.00678080789584e+17 2.15347460769279e+17 1.37844427513301e+17 1.49977805539652e+14 1.01794736576789e+18 2.82806144278724e+16 1.52798097763209e+10 2.63261250956617e+16 1.99353696773499e+15 2.39518696123840e+10 0.00000000000000e+00 0.00000000000000e+00 0.00000000000000e+00 0.00000000000000e+00 0.00000000000000e+00 0.00000000000000e+00 0.00000000000000e+00 
8.91563347433522e-05 3.73138907334796e+02 3.38834479228858e+02 1.76326313460585e+21 6.72859609503524e+17 2.40301294003302e+17 1.46980722137491e+17 1.65405307336390e+14 1.14292441961045e+18 2.83324373282519e+16 1.62565420553412e+10 2.89330002318518e+16 2.48232902076226e+15 3.13907603517538e+10 0.00000000000000e+00 0.00000000000000e+00 0.00000000000000e+00 0.00000000000000e+00 0.00000000000000e+00 0.00000000000000e+00 0.00000000000000e+00 
9.87052277886365e-05 3.62510821602933e+02 3.31314200622607e+02 1.76309369197689e+21 7.45040899776209e+17 2.64744306555953e+17 1.55291614631597e+17 1.80055166932970e+14 1.26780844335143e+18 2.83578939216620e+16 1.71481406796147e+10 3.13996330240992e+16 3.01880480125650e+15 4.01000158286807e+10 0.00000000000000e+00 0.00000000000000e+00 0.00000000000000e+00 0.00000000000000e+00 0.00000000000000e+00 0.00000000000000e+00 0.00000000000000e+00 
1.08254120833921e-04 3.53177088699291e+02 3.24838847487952e+02 1.76292555256375e+21 8.17218510338088e+17 2.88677215290671e+17 1.62879514150435e+17 1.93893407528885e+14 1.39257710138093e+18 2.83746317934298e+16 1.79757937443414e+10 3.37222528142763e+16 3.60089339520192e+15 5.01488435841495e+10 0.00000000000000e+00 0.00000000000000e+00 0.00000000000000e+00 0.00000000000000e+00 0.00000000000000e+00 0.00000000000000e+00 0.00000000000000e+00 
1.17803013879205e-04 3.44968305149406e+02 3.19248687525385e+02 1.76275864143756e+21 8.89389400726313e+17 3.12101150058730e+17 1.69828050006121e+17 2.06899010486080e+14 1.51721168277010e+18 2.83971624550365e+16 1.87569307296696e+10 3.58980342477494e+16 4.22642361433313e+15 6.15979180218302e+10 0.00000000000000e+00 0.00000000000000e+00 0.00000000000000e+00 0.00000000000000e+00 0.00000000000000e+00 0.00000000000000e+00 0.00000000000000e+00 
1.37369154621139e-04 3.31101464073552e+02 3.14410265774015e+02 1.76242018991253e+21 1.03724077868865e+18 3.58561645879198e+17 1.82328132479025e+17 2.30942747172342e+14 1.77219067856303e+18 2.84318072266139e+16 2.02649959984673e+10 3.98920527709130e+16 5.63419216771824e+15 8.96208034774629e+10 0.00000000000000e+00 0.00000000000000e+00 0.00000000000000e+00 0.00000000000000e+00 0.00000000000000e+00 0.00000000000000e+00 0.00000000000000e+00 
1.56935295363073e-04 3.20361389548000e+02 3.06411111831115e+02 1.76208612421788e+21 1.18503627095093e+18 4.03012484274762e+17 1.92884822422385e+17 2.51544727861881e+14 2.02659958307393e+18 2.84592103994837e+16 2.17197914283479e+10 4.32583836809290e+16 7.19465908735038e+15 1.24053352401238e+11 0.00000000000000e+00 0.00000000000000e+00 0.00000000000000e+00 0.00000000000000e+00 0.00000000000000e+00 0.00000000000000e+00 0.00000000000000e+00 
1.76501436105007e-04 3.11987628874099e+02 3.00374263014332e+02 1.76175608270460e+21 1.33276108560029e+18 4.45519369983380e+17 2.01842870392312e+17 2.68930238622196e+14 2.28042265732857e+18 2.84800690209009e+16 2.31740895452958e+10 4.60059161050966e+16 8.88704874161886e+15 1.65075396295619e+11 0.00000000000000e+00 0.00000000000000e+00 0.00000000000000e+00 0.00000000000000e+00 0.00000000000000e+00 0.00000000000000e+00 0.00000000000000e+00 
1.96067576846941e-04 3.05433045283546e+02 2.95768890099751e+02 1.76142978984276e+21 1.48040341964163e+18 4.86141955697546e+17 2.09452607549680e+17 2.83451566282500e+14 2.53364852325748e+18 2.85004929518499e+16 2.46569002475600e+10 4.81569278571394e+16 1.06903557955308e+16 2.12706696524325e+11 0.00000000000000e+00 0.00000000000000e+00 0.00000000000000e+00 0.00000000000000e+00 0.00000000000000e+00 0.00000000000000e+00 0.00000000000000e+00 
2.15633717588875e-04 3.00291712152247e+02 2.92228733499087e+02 1.76110700957888e+21 1.62795383943774e+18 5.24941246076037e+17 2.15910719170433e+17 2.95531849585788e+14 2.78627676326729e+18 2.85245029840745e+16 2.61847586916043e+10 4.97446090931984e+16 1.25838985895292e+16 2.66844514361253e+11 0.00000000000000e+00 0.00000000000000e+00 0.00000000000000e+00 0.00000000000000e+00 0.00000000000000e+00 0.00000000000000e+00 0.00000000000000e+00 
2.50615603682105e-04 2.93937463481789e+02 2.89493024860208e+02 1.76053800071390e+21 1.89150544005696e+18 5.89980514271479e+17 2.25061075190259e+17 3.12451141387936e+14 3.23650150564359e+18 2.85780268939537e+16 2.90610313723924e+10 5.13189794374321e+16 1.61333871298987e+16 3.79040836579764e+11 0.00000000000000e+00 0.00000000000000e+00 0.00000000000000e+00 0.00000000000000e+00 0.00000000000000e+00 0.00000000000000e+00 0.00000000000000e+00 
2.85597489775335e-04 2.89909101307561e+02 2.85580811552658e+02 1.75997841364092e+21 2.15470775047404e+18 6.49764312512742e+17 2.31781770155386e+17 3.25363997098425e+14 3.68496758935025e+18 2.86421168964154e+16 3.21521374805401e+10 5.15066170496223e+16 1.98055559971430e+16 5.09706450681625e+11 0.00000000000000e+00 0.00000000000000e+00 0.00000000000000e+00 0.00000000000000e+00 0.00000000000000e+00 0.00000000000000e+00 0.00000000000000e+00 
3.20579375868566e-04 2.87223033289751e+02 2.83623754335621e+02 1.75942721050456e+21 2.41753971027141e+18 7.04658944183468e+17 2.36671226239326e+17 3.36258654159939e+14 4.13182678535350e+18 2.87122150793202e+16 3.54653193227842e+10 5.06109586265509e+16 2.35116582309010e+16 6.57217596549471e+11 0.00000000000000e+00 0.00000000000000e+00 0.00000000000000e+00 0.00000000000000e+00 0.00000000000000e+00 0.00000000000000e+00 0.00000000000000e+00 
3.55561261961796e-04 2.85366948574173e+02 2.82341250155111e+02 1.75888342073296e+21 2.67998939028589e+18 7.55044489560981e+17 2.40199838203487e+17 3.46598769034793e+14 4.57725129362887e+18 2.87866385995585e+16 3.89931807910472e+10 4.89346091464095e+16 2.71810295180755e+16 8.20063168068857e+11 0.00000000000000e+00 0.00000000000000e+00 0.00000000000000e+00 0.00000000000000e+00 0.00000000000000e+00 0.00000000000000e+00 0.00000000000000e+00 
3.90543148055026e-04 2.84085505362169e+02 2.81465856663542e+02 1.75834617170649e+21 2.94205032159165e+18 8.01294731449958e+17 2.42728024824805e+17 3.57342581005518e+14 5.02141205825451e+18 2.88647504450521e+16 4.27231057758262e+10 4.67514423139968e+16 3.07615634832099e+16 9.96872718409086e+11 0.00000000000000e+00 0.00000000000000e+00 0.00000000000000e+00 0.00000000000000e+00 0.00000000000000e+00 0.00000000000000e+00 0.00000000000000e+00 
4.38201327838667e-04 2.82989033202996e+02 2.80866756182876e+02 1.75762345171306e+21 3.29844199397129e+18 8.58270888099423e+17 2.45014727217004e+17 3.73530236663322e+14 5.62475966248576e+18 2.89754026417832e+16 4.80998182529566e+10 4.33579333174076e+16 3.54392343413107e+16 1.25797845158566e+12 0.00000000000000e+00 0.00000000000000e+00 0.00000000000000e+00 0.00000000000000e+00 0.00000000000000e+00 0.00000000000000e+00 0.00000000000000e+00 
4.85859507622309e-04 2.82352984274501e+02 2.80357603962652e+02 1.75690991379685e+21 3.65409893074505e+18 9.09020905787649e+17 2.46408501309997e+17 3.92140816331622e+14 6.22635891108929e+18 2.90889323879134e+16 5.37601395400510e+10 3.98747700167031e+16 3.98414636784187e+16 1.53979717288957e+12 0.00000000000000e+00 0.00000000000000e+00 0.00000000000000e+00 0.00000000000000e+00 0.00000000000000e+00 0.00000000000000e+00 0.00000000000000e+00 
5.33517687405950e-04 2.81981909086753e+02 2.80063731675192e+02 1.75620429785942e+21 4.00901552968668e+18 9.54265747669339e+17 2.47225433201890e+17 4.13239271723714e+14 6.82642964648412e+18 2.92038774176316e+16 5.96273859232231e+10 3.65751284957844e+16 4.39567928486347e+16 1.83988000463908e+12 0.00000000000000e+00 0.00000000000000e+00 0.00000000000000e+00 0.00000000000000e+00 0.00000000000000e+00 0.00000000000000e+00 0.00000000000000e+00 
5.81175867189591e-04 2.81766140684960e+02 2.79892786797200e+02 1.75550561501857e+21 4.36318562822456e+18 9.94645742640731e+17 2.47667563509471e+17 4.36540936937039e+14 7.42510212432495e+18 2.93195011552069e+16 6.56284825006174e+10 3.35937762494981e+16 4.77991016879226e+16 2.15618380441452e+12 0.00000000000000e+00 0.00000000000000e+00 0.00000000000000e+00 0.00000000000000e+00 0.00000000000000e+00 0.00000000000000e+00 0.00000000000000e+00 
6.28834046973232e-04 2.81644587317089e+02 2.79793554588699e+02 1.75481307968944e+21 4.71660219511828e+18 1.03072917738848e+18 2.47867863134884e+17 4.61644654271930e+14 8.02244040897326e+18 2.94353971063252e+16 7.17069984968990e+10 3.09723103023797e+16 5.13944800900110e+16 2.48697609742521e+12 0.00000000000000e+00 0.00000000000000e+00 0.00000000000000e+00 0.00000000000000e+00 0.00000000000000e+00 0.00000000000000e+00 0.00000000000000e+00 
6.90869987180582e-04 2.81564965929284e+02 2.79737701417678e+02 1.75391965740345e+21 5.17549692019327e+18 1.07220358555301e+18 2.47918911976789e+17 4.96289406574472e+14 8.79802513192511e+18 2.95862284069670e+16 7.96734881774021e+10 2.80698980327170e+16 5.57612867491436e+16 2.93644399418178e+12 0.00000000000000e+00 0.00000000000000e+00 0.00000000000000e+00 0.00000000000000e+00 0.00000000000000e+00 0.00000000000000e+00 0.00000000000000e+00 
7.52905927387932e-04 2.81538310914716e+02 2.79701127408999e+02 1.75303448199329e+21 5.63308780289415e+18 1.10820703392145e+18 2.47820103232246e+17 5.32578567591932e+14 9.57137981714326e+18 2.97367323017854e+16 8.76543984081950e+10 2.56706445875237e+16 5.98212360277026e+16 3.40506136762898e+12 0.00000000000000e+00 0.00000000000000e+00 0.00000000000000e+00 0.00000000000000e+00 0.00000000000000e+00 0.00000000000000e+00 0.00000000000000e+00 
8.14941867595282e-04 2.81537886165570e+02 2.79688873034763e+02 1.75215666839325e+21 6.08936345152235e+18 1.13953827123246e+18 2.47639980294482e+17 5.69965956937575e+14 1.03424922964518e+19 2.98867774312575e+16 9.56301411336297e+10 2.36947098661996e+16 6.36248512242543e+16 3.89040510210032e+12 0.00000000000000e+00 0.00000000000000e+00 0.00000000000000e+00 0.00000000000000e+00 0.00000000000000e+00 0.00000000000000e+00 0.00000000000000e+00 
8.76977807802632e-04 2.81549355679648e+02 2.79688656330760e+02 1.75128548283550e+21 6.54431358462026e+18 1.16690031895267e+18 2.47418488052561e+17 6.07982884588928e+14 1.11113298217550e+19 3.00362972308922e+16 1.03577928950758e+11 2.20468285648647e+16 6.72158622530975e+16 4.39029119529876e+12 0.00000000000000e+00 0.00000000000000e+00 0.00000000000000e+00 0.00000000000000e+00 0.00000000000000e+00 0.00000000000000e+00 0.00000000000000e+00 
9.64897019572522e-04 2.81574182530635e+02 2.79693897724770e+02 1.75006107402102e+21 7.18679788354119e+18 1.19996269843343e+18 2.47070424736041e+17 6.62336188759394e+14 1.21969941650826e+19 3.02472622667192e+16 1.14783629681545e+11 2.01224628170512e+16 7.20020451755762e+16 5.12015381374254e+12 0.00000000000000e+00 0.00000000000000e+00 0.00000000000000e+00 0.00000000000000e+00 0.00000000000000e+00 0.00000000000000e+00 0.00000000000000e+00 
1.05281623134241e-03 2.81600023339966e+02 2.79705260505666e+02 1.74884734298631e+21 7.82658974218680e+18 1.22764967310154e+18 2.46712357761962e+17 7.16720683760917e+14 1.32779834839283e+19 3.04571346237983e+16 1.25944455941253e+11 1.85396417348726e+16 7.64997568413198e+16 5.87065099826996e+12 0.00000000000000e+00 0.00000000000000e+00 0.00000000000000e+00 0.00000000000000e+00 0.00000000000000e+00 0.00000000000000e+00 0.00000000000000e+00 
1.14073544311230e-03 2.81624854282337e+02 2.79717090133908e+02 1.74764308698699e+21 8.46368215945989e+18 1.25113211283622e+18 2.46353942933685e+17 7.70872585450722e+14 1.43542929644918e+19 3.06659766241686e+16 1.37078734364505e+11 1.72078094496832e+16 8.07604263194112e+16 6.63752858819467e+12 0.00000000000000e+00 0.00000000000000e+00 0.00000000000000e+00 0.00000000000000e+00 0.00000000000000e+00 0.00000000000000e+00 0.00000000000000e+00 
1.22865465488219e-03 2.81648935403967e+02 2.79728457710997e+02 1.74644738270468e+21 9.09807350583500e+18 1.27130041088131e+18 2.45996243773436e+17 8.24685414701687e+14 1.54259354852649e+19 3.08738522637178e+16 1.48183598894085e+11 1.60731874691704e+16 8.48200676095699e+16 7.41721551895166e+12 0.00000000000000e+00 0.00000000000000e+00 0.00000000000000e+00 0.00000000000000e+00 0.00000000000000e+00 0.00000000000000e+00 0.00000000000000e+00 
1.31657386665208e-03 2.81672322568889e+02 2.79739482454823e+02 1.74525951732049e+21 9.72976517165502e+18 1.28883682082035e+18 2.45639740695274e+17 8.78095027657778e+14 1.64929268198160e+19 3.10808089560196e+16 1.59253011840311e+11 1.50948948543088e+16 8.87062095047976e+16 8.20668495238229e+12 0.00000000000000e+00 0.00000000000000e+00 0.00000000000000e+00 0.00000000000000e+00 0.00000000000000e+00 0.00000000000000e+00 0.00000000000000e+00 
1.45453747278194e-03 2.81707192346273e+02 2.79750189890817e+02 1.74341004285574e+21 1.07155886819862e+19 1.31225012234521e+18 2.45085039238286e+17 9.60986154695410e+14 1.81579221088378e+19 3.14037958857070e+16 1.76552497210644e+11 1.37981358951758e+16 9.45040876321759e+16 9.45928668544939e+12 0.00000000000000e+00 0.00000000000000e+00 0.00000000000000e+00 0.00000000000000e+00 0.00000000000000e+00 0.00000000000000e+00 0.00000000000000e+00 
1.59250107891180e-03 2.81739993598990e+02 2.79766154392840e+02 1.74157679910528e+21 1.16947953002812e+19 1.33205652158621e+18 2.44537231470065e+17 1.04272385883038e+15 1.98115946196975e+19 3.17247255297117e+16 1.93778158218996e+11 1.27262394137377e+16 9.99935072240555e+16 1.07212685575534e+13 0.00000000000000e+00 0.00000000000000e+00 0.00000000000000e+00 0.00000000000000e+00 0.00000000000000e+00 0.00000000000000e+00 0.00000000000000e+00 
1.73046468504166e-03 2.81771254578744e+02 2.79781171554800e+02 1.73975856358549e+21 1.26674136667398e+19 1.34936174951057e+18 2.43996041837880e+17 1.12329584420709e+15 2.14540329758874e+19 3.20436879883219e+16 2.10920405125669e+11 1.18200120294793e+16 1.05223568449768e+17 1.19859335677559e+13 0.00000000000000e+00 0.00000000000000e+00 0.00000000000000e+00 0.00000000000000e+00 0.00000000000000e+00 0.00000000000000e+00 0.00000000000000e+00 
1.86842829117152e-03 2.81801492810691e+02 2.79795483595830e+02 1.73795448963291e+21 1.36334777055370e+19 1.36490035206031e+18 2.43460641875331e+17 1.20272434255466e+15 2.30853275535753e+19 3.23607472103851e+16 2.27976686325111e+11 1.10400275063804e+16 1.10229938266021e+17 1.32481005196102e+13 0.00000000000000e+00 0.00000000000000e+00 0.00000000000000e+00 0.00000000000000e+00 0.00000000000000e+00 0.00000000000000e+00 0.00000000000000e+00 
2.00639189730137e-03 2.81830994859436e+02 2.79809327982256e+02 1.73616395572012e+21 1.45930250850890e+19 1.37917451566301e+18 2.42930552688789e+17 1.28106997730984e+15 2.47055783701239e+19 3.26759510898784e+16 2.44952893477006e+11 1.03676676047727e+16 1.15040198921812e+17 1.45037365973489e+13 0.00000000000000e+00 0.00000000000000e+00 0.00000000000000e+00 0.00000000000000e+00 0.00000000000000e+00 0.00000000000000e+00 0.00000000000000e+00 
2.24741022577652e-03 2.81881216694639e+02 2.79822836196406e+02 1.73306705253103e+21 1.62538062216146e+19 1.40213602514637e+18 2.42016748090631e+17 1.41542291129921e+15 2.75098801944776e+19 3.32222584098970e+16 2.74401800907336e+11 9.38800262886304e+15 1.23041861439406e+17 1.66723636075668e+13 0.00000000000000e+00 0.00000000000000e+00 0.00000000000000e+00 0.00000000000000e+00 0.00000000000000e+00 0.00000000000000e+00 0.00000000000000e+00 
2.48842855425167e-03 2.81930088735902e+02 2.79845834005753e+02 1.73000840290283e+21 1.78950338469311e+19 1.42343593824876e+18 2.41118116778814e+17 1.54669031241328e+15 3.02812148942272e+19 3.37631444959932e+16 3.03576504457414e+11 8.59005778900645e+15 1.30606812789869e+17 1.88000926786503e+13 0.00000000000000e+00 0.00000000000000e+00 0.00000000000000e+00 0.00000000000000e+00 0.00000000000000e+00 0.00000000000000e+00 0.00000000000000e+00 
2.72944688272681e-03 2.81977959826946e+02 2.79868217168607e+02 1.72698684520557e+21 1.95169289898481e+19 1.44370584274189e+18 2.40234020528164e+17 1.67504347785445e+15 3.30200413705627e+19 3.42987066682220e+16 3.32486533401744e+11 7.93236707123149e+15 1.37802202954076e+17 2.08796566375037e+13 0.00000000000000e+00 0.00000000000000e+00 0.00000000000000e+00 0.00000000000000e+00 0.00000000000000e+00 0.00000000000000e+00 0.00000000000000e+00 
2.97046521120196e-03 2.82025073907902e+02 2.79890145682994e+02 1.72400151397191e+21 2.11197126192046e+19 1.46331879925200e+18 2.39363849195036e+17 1.80059854253516e+15 3.57267883987190e+19 3.48290204637182e+16 3.61121859605519e+11 7.37585524206284e+15 1.44679398980270e+17 2.29067520683950e+13 0.00000000000000e+00 0.00000000000000e+00 0.00000000000000e+00 0.00000000000000e+00 0.00000000000000e+00 0.00000000000000e+00 0.00000000000000e+00 
3.21148353967710e-03 2.82071536885642e+02 2.79911731452833e+02 1.72105172857536e+21 2.27036056863608e+19 1.48247639597891e+18 2.38507212922384e+17 1.92348315747119e+15 3.84018766410778e+19 3.53541474731037e+16 3.89485866056726e+11 6.90001893166456e+15 1.51277228879462e+17 2.48792500890114e+13 0.00000000000000e+00 0.00000000000000e+00 0.00000000000000e+00 0.00000000000000e+00 0.00000000000000e+00 0.00000000000000e+00 0.00000000000000e+00 
3.45250186815225e-03 2.82117386097313e+02 2.79933022981364e+02 1.71813692934255e+21 2.42688277513907e+19 1.50127626765685e+18 2.37663845081083e+17 2.04380531433806e+15 4.10457136250111e+19 3.58741405179268e+16 4.17578184823289e+11 6.49042416985916e+15 1.57626402704269e+17 2.67965014279601e+13 0.00000000000000e+00 0.00000000000000e+00 0.00000000000000e+00 0.00000000000000e+00 0.00000000000000e+00 0.00000000000000e+00 0.00000000000000e+00 
3.82212427332802e-03 2.82186563801119e+02 2.79954037263116e+02 1.71373370306793e+21 2.66334533703098e+19 1.52950687898073e+18 2.36395644356048e+17 2.22353314242652e+15 4.50404423075494e+19 3.66617271215416e+16 4.60130473312555e+11 5.96078370044928e+15 1.66933689833905e+17 2.96304743582766e+13 0.00000000000000e+00 0.00000000000000e+00 0.00000000000000e+00 0.00000000000000e+00 0.00000000000000e+00 0.00000000000000e+00 0.00000000000000e+00 
4.19174667850380e-03 2.82254437708003e+02 2.79985751411385e+02 1.70940996199449e+21 2.89554496720480e+19 1.55710903501470e+18 2.35157083621657e+17 2.39771124404080e+15 4.89639639729785e+19 3.74375125071608e+16 5.02046482079905e+11 5.52108755376639e+15 1.75783048591092e+17 3.23383979811952e+13 0.00000000000000e+00 0.00000000000000e+00 0.00000000000000e+00 0.00000000000000e+00 0.00000000000000e+00 0.00000000000000e+00 0.00000000000000e+00 
4.56136908367957e-03 2.82321054901999e+02 2.80016876833525e+02 1.70516416674801e+21 3.12355765474337e+19 1.58412909798282e+18 2.33947282537533e+17 2.56660148771012e+15 5.28176086503767e+19 3.82016515994658e+16 5.43331778066814e+11 5.15084592428148e+15 1.84227069199454e+17 3.49250730670093e+13 0.00000000000000e+00 0.00000000000000e+00 0.00000000000000e+00 0.00000000000000e+00 0.00000000000000e+00 0.00000000000000e+00 0.00000000000000e+00 
4.93099148885534e-03 2.82386443523762e+02 2.80047434671863e+02 1.70099485196084e+21 3.34745798974296e+19 1.61058992480697e+18 2.32765427108356e+17 2.73043135960517e+15 5.66026642638466e+19 3.89542940520598e+16 5.83991432550112e+11 4.83579621298830e+15 1.92305939839994e+17 3.73961028225402e+13 0.00000000000000e+00 0.00000000000000e+00 0.00000000000000e+00 0.00000000000000e+00 0.00000000000000e+00 0.00000000000000e+00 0.00000000000000e+00 
5.30061389403112e-03 2.82450629278742e+02 2.80077437374944e+02 1.69690059866706e+21 3.56731920838420e+19 1.63651057019425e+18 2.31610738454123e+17 2.88940219225294e+15 6.03203824096458e+19 3.96955864040606e+16 6.24031422184654e+11 4.56408711169531e+15 2.00051775617350e+17 3.97571785806911e+13 0.00000000000000e+00 0.00000000000000e+00 0.00000000000000e+00 0.00000000000000e+00 0.00000000000000e+00 0.00000000000000e+00 0.00000000000000e+00 
5.95388728718930e-03 2.82561209566142e+02 2.80106896292025e+02 1.68984375700192e+21 3.94624480245786e+19 1.68105416340256e+18 2.29634081643042e+17 3.15905060035470e+15 6.67301365484693e+19 4.09784327954964e+16 6.93303968909798e+11 4.16509889042522e+15 2.13001259164670e+17 4.36779599380914e+13 0.00000000000000e+00 0.00000000000000e+00 0.00000000000000e+00 0.00000000000000e+00 0.00000000000000e+00 0.00000000000000e+00 0.00000000000000e+00 
6.60716068034748e-03 2.82668246470402e+02 2.80157667570256e+02 1.68300971908075e+21 4.31316470261653e+19 1.72404426082510e+18 2.27735993688109e+17 3.41508705721851e+15 7.29398763306766e+19 4.22270568592248e+16 7.60701236696506e+11 3.84289643557232e+15 2.25102794752492e+17 4.73011204101989e+13 0.00000000000000e+00 0.00000000000000e+00 0.00000000000000e+00 0.00000000000000e+00 0.00000000000000e+00 0.00000000000000e+00 0.00000000000000e+00 
7.26043407350566e-03 2.82771860759641e+02 2.80206834899078e+02 1.67639138685332e+21 4.66845515276389e+19 1.76554478534261e+18 2.25912774210973e+17 3.65838918162094e+15 7.89559080605174e+19 4.34422287880936e+16 8.26264162039692e+11 3.57988337198277e+15 2.36442870642126e+17 5.06530203010226e+13 0.00000000000000e+00 0.00000000000000e+00 0.00000000000000e+00 0.00000000000000e+00 0.00000000000000e+00 0.00000000000000e+00 0.00000000000000e+00 
7.91370746666384e-03 2.82872165633622e+02 2.80254451629632e+02 1.66998194320203e+21 5.01248029774172e+19 1.80561303638713e+18 2.24160955260907e+17 3.88974109281775e+15 8.47842948021625e+19 4.46247017465561e+16 8.90030855292025e+11 3.35885733141366e+15 2.47086627213683e+17 5.37573417407196e+13 0.00000000000000e+00 0.00000000000000e+00 0.00000000000000e+00 0.00000000000000e+00 0.00000000000000e+00 0.00000000000000e+00 0.00000000000000e+00 
8.56698085982201e-03 2.82969270184987e+02 2.80300567783370e+02 1.66377480547285e+21 5.34559297654926e+19 1.84430423617256e+18 2.22477253775206e+17 4.10987401227048e+15 9.04308928561562e+19 4.57752162205490e+16 9.52043431357517e+11 3.17097030479494e+15 2.57085707830777e+17 5.66355057757722e+13 0.00000000000000e+00 0.00000000000000e+00 0.00000000000000e+00 0.00000000000000e+00 0.00000000000000e+00 0.00000000000000e+00 0.00000000000000e+00 
9.33956654310629e-03 2.83080122836747e+02 2.80345231635835e+02 1.65668642835044e+21 5.72592729919177e+19 1.88835611931282e+18 2.20569760939614e+17 4.35663714727096e+15 9.68818782230039e+19 4.70956072547942e+16 1.02317305089055e+12 2.98363434963513e+15 2.68138233826962e+17 5.97735208028700e+13 0.00000000000000e+00 0.00000000000000e+00 0.00000000000000e+00 0.00000000000000e+00 0.00000000000000e+00 0.00000000000000e+00 0.00000000000000e+00 
1.01121522263906e-02 2.83186813097682e+02 2.80396242035311e+02 1.64986195016471e+21 6.09202401973568e+19 1.93063684053733e+18 2.18748445739100e+17 4.58965231520003e+15 1.03095563822439e+20 4.83735086666986e+16 1.09197131930755e+12 2.82477822703591e+15 2.78412825109736e+17 6.26504700666871e+13 0.00000000000000e+00 0.00000000000000e+00 0.00000000000000e+00 0.00000000000000e+00 0.00000000000000e+00 0.00000000000000e+00 0.00000000000000e+00 
1.08847379096749e-02 2.83289500175692e+02 2.80445360309158e+02 1.64329159197786e+21 6.44441070660747e+19 1.97122310896282e+18 2.17008812460812e+17 4.80985879454802e+15 1.09080655011436e+20 4.96100878747259e+16 1.15850410136361e+12 2.68825388770943e+15 2.87962731447494e+17 6.52916574825779e+13 0.00000000000000e+00 0.00000000000000e+00 0.00000000000000e+00 0.00000000000000e+00 0.00000000000000e+00 0.00000000000000e+00 0.00000000000000e+00 
1.16573235929591e-02 2.83388336582103e+02 2.80492657206352e+02 1.63696594866392e+21 6.78359542524783e+19 2.01018741917620e+18 2.15346664135596e+17 5.01811337109006e+15 1.14845525529970e+20 5.08064909319448e+16 1.22283618230579e+12 2.57018296301028e+15 2.96834472663545e+17 6.77194692755003e+13 0.00000000000000e+00 0.00000000000000e+00 0.00000000000000e+00 0.00000000000000e+00 0.00000000000000e+00 0.00000000000000e+00 0.00000000000000e+00 
1.24299092762434e-02 2.83483468648084e+02 2.80538200602930e+02 1.63087596643902e+21 7.11006772051428e+19 2.04759872939354e+18 2.13758059591130e+17 5.21519546786291e+15 1.20398236959262e+20 5.19638421299281e+16 1.28503091001953e+12 2.46712554292431e+15 3.05069966138198e+17 6.99538632781250e+13 0.00000000000000e+00 0.00000000000000e+00 0.00000000000000e+00 0.00000000000000e+00 0.00000000000000e+00 0.00000000000000e+00 0.00000000000000e+00 
1.42153177518597e-02 2.83689892783593e+02 2.80582055723969e+02 1.61765726389778e+21 7.81841858999419e+19 2.12846337789974e+18 2.10348491324048e+17 5.63164109582364e+15 1.32460141215204e+20 5.44949158039045e+16 1.42091654171988e+12 2.27290768824187e+15 3.21866580606066e+17 7.44705904579726e+13 0.00000000000000e+00 0.00000000000000e+00 0.00000000000000e+00 0.00000000000000e+00 0.00000000000000e+00 0.00000000000000e+00 0.00000000000000e+00 
1.60007262274760e-02 2.83878892902556e+02 2.80677278831238e+02 1.60555015209947e+21 8.46683390333103e+19 2.20212775761628e+18 2.07271011078840e+17 6.00004260767904e+15 1.43519896728777e+20 5.68364344906506e+16 1.54646052151525e+12 2.12217485885563e+15 3.35882919506134e+17 7.82326465477495e+13 0.00000000000000e+00 0.00000000000000e+00 0.00000000000000e+00 0.00000000000000e+00 0.00000000000000e+00 0.00000000000000e+00 0.00000000000000e+00 
1.77861347030923e-02 2.84051956432621e+02 2.80764540558288e+02 1.59446131589894e+21 9.06036828831254e+19 2.26926512460982e+18 2.04489557887107e+17 6.32704185578192e+15 1.53660655882588e+20 5.90010787754573e+16 1.66237813593801e+12 2.00300417632882e+15 3.47484478836221e+17 8.13838200740960e+13 0.00000000000000e+00 0.00000000000000e+00 0.00000000000000e+00 0.00000000000000e+00 0.00000000000000e+00 0.00000000000000e+00 0.00000000000000e+00 
1.95715431787086e-02 2.84210434783384e+02 2.80844508648825e+02 1.58430557521558e+21 9.60363670457831e+19 2.33047777469389e+18 2.01972680870386e+17 6.61807006863888e+15 1.62958364727700e+20 6.10008317418759e+16 1.76934240042572e+12 1.90689528494930e+15 3.56990774019240e+17 8.40360248874499e+13 0.00000000000000e+00 0.00000000000000e+00 0.00000000000000e+00 0.00000000000000e+00 0.00000000000000e+00 0.00000000000000e+00 0.00000000000000e+00 
2.13569516543249e-02 2.84355560496861e+02 2.80917791512303e+02 1.57500496038607e+21 1.01008630162095e+20 2.38630828094457e+18 1.99692802754567e+17 6.87770432828910e+15 1.71482588716356e+20 6.28470325028497e+16 1.86798751873928e+12 1.82769379504400e+15 3.64685802359916e+17 8.62792228696952e+13 0.00000000000000e+00 0.00000000000000e+00 0.00000000000000e+00 0.00000000000000e+00 0.00000000000000e+00 0.00000000000000e+00 0.00000000000000e+00 
2.38747500648728e-02 2.84539659667837e+02 2.80984945559941e+02 1.56320700644710e+21 1.07311412650127e+20 2.45682001930124e+18 1.96834530416309e+17 7.19776174761647e+15 1.82309944608345e+20 6.52099135849317e+16 1.99409260240828e+12 1.73814506261884e+15 3.72938700350937e+17 8.88827423133359e+13 0.00000000000000e+00 0.00000000000000e+00 0.00000000000000e+00 0.00000000000000e+00 0.00000000000000e+00 0.00000000000000e+00 0.00000000000000e+00 
2.63925484754207e-02 2.84702276928210e+02 2.81070196879833e+02 1.55278719435784e+21 1.12873142083514e+20 2.51881265347893e+18 1.94340803781381e+17 7.47227260917756e+15 1.91887194130777e+20 6.73168107114451e+16 2.10639702552319e+12 1.66690077460315e+15 3.78714340321341e+17 9.09720300601947e+13 0.00000000000000e+00 0.00000000000000e+00 0.00000000000000e+00 0.00000000000000e+00 0.00000000000000e+00 0.00000000000000e+00 0.00000000000000e+00 
2.89103468859686e-02 2.84845932412079e+02 2.81145559445643e+02 1.54358456960851e+21 1.17780905493788e+20 2.57334567068139e+18 1.92161801634475e+17 7.70875476896892e+15 2.00358441211783e+20 6.91936908121299e+16 2.20633233318464e+12 1.60891344653013e+15 3.82537854290740e+17 9.26614255220941e+13 0.00000000000000e+00 0.00000000000000e+00 0.00000000000000e+00 0.00000000000000e+00 0.00000000000000e+00 0.00000000000000e+00 0.00000000000000e+00 
3.14281452965165e-02 2.84972838765390e+02 2.81212180639862e+02 1.53545751951565e+21 1.22111267295997e+20 2.62133672020083e+18 1.90255345925224e+17 7.91307449004916e+15 2.07850692362476e+20 7.08641324919226e+16 2.29519328848515e+12 1.56217735034373e+15 3.84844414834640e+17 9.40372143967132e+13 0.00000000000000e+00 0.00000000000000e+00 0.00000000000000e+00 0.00000000000000e+00 0.00000000000000e+00 0.00000000000000e+00 0.00000000000000e+00 
3.39459437070644e-02 2.85084946211164e+02 2.81271070484187e+02 1.52828098180080e+21 1.25931795314994e+20 2.66358510500884e+18 1.88585595818998e+17 8.09005542504922e+15 2.14476311491302e+20 7.23496033577843e+16 2.37415046371582e+12 1.52325041638519e+15 3.85990756089328e+17 9.51653044351050e+13 0.00000000000000e+00 0.00000000000000e+00 0.00000000000000e+00 0.00000000000000e+00 0.00000000000000e+00 0.00000000000000e+00 0.00000000000000e+00 
3.77646933434452e-02 2.85230458508264e+02 2.81323121331553e+02 1.51897150398960e+21 1.30882304155421e+20 2.71821273611591e+18 1.86438043237307e+17 8.31486112054745e+15 2.23086532619417e+20 7.42915068386153e+16 2.47728468282109e+12 1.47617770108659e+15 3.86126777108210e+17 9.65143041667663e+13 0.00000000000000e+00 0.00000000000000e+00 0.00000000000000e+00 0.00000000000000e+00 0.00000000000000e+00 0.00000000000000e+00 0.00000000000000e+00 
4.15834429798261e-02 2.85351015109031e+02 2.81390721590388e+02 1.51126471140799e+21 1.34975034300989e+20 2.76328712702812e+18 1.84675753648988e+17 8.49721760547770e+15 2.30229382661768e+20 7.59123818814604e+16 2.56330082313630e+12 1.43971739851086e+15 3.85026223399934e+17 9.75388578709228e+13 0.00000000000000e+00 0.00000000000000e+00 0.00000000000000e+00 0.00000000000000e+00 0.00000000000000e+00 0.00000000000000e+00 0.00000000000000e+00 
4.54021926162070e-02 2.85450927251353e+02 2.81446762337084e+02 1.50488311126282e+21 1.38359481187206e+20 2.80050866517181e+18 1.83226877900618e+17 8.64582127536118e+15 2.36155888820985e+20 7.72640152619920e+16 2.63498741856153e+12 1.41112867114672e+15 3.83237006434844e+17 9.83257126126959e+13 0.00000000000000e+00 0.00000000000000e+00 0.00000000000000e+00 0.00000000000000e+00 0.00000000000000e+00 0.00000000000000e+00 0.00000000000000e+00 
4.92209422525879e-02 2.85533727208596e+02 2.81493229971039e+02 1.49959932415574e+21 1.41157968655177e+20 2.83125763307750e+18 1.82034139293686e+17 8.76725614427613e+15 2.41072385744648e+20 7.83899056209061e+16 2.69467724810188e+12 1.38845040246875e+15 3.81117646787425e+17 9.89367331261370e+13 0.00000000000000e+00 0.00000000000000e+00 0.00000000000000e+00 0.00000000000000e+00 0.00000000000000e+00 0.00000000000000e+00 0.00000000000000e+00 
5.30396918889688e-02 2.85602333247426e+02 2.81531755128977e+02 1.49522551319585e+21 1.43471411180740e+20 2.85666425474886e+18 1.81051382098416e+17 8.86669279727773e+15 2.45149811608352e+20 7.93267595773701e+16 2.74433263457702e+12 1.37030435972402e+15 3.78899048877248e+17 9.94162645177886e+13 0.00000000000000e+00 0.00000000000000e+00 0.00000000000000e+00 0.00000000000000e+00 0.00000000000000e+00 0.00000000000000e+00 0.00000000000000e+00 
6.00856550736566e-02 2.85699168213149e+02 2.81563687238736e+02 1.48906110683342e+21 1.46725701380172e+20 2.89240142690631e+18 1.79672877041901e+17 9.00518146304662e+15 2.50911608187113e+20 8.06552809311930e+16 2.81473901403211e+12 1.34552336899431e+15 3.74944285904963e+17 1.00053920105883e+14 0.00000000000000e+00 0.00000000000000e+00 0.00000000000000e+00 0.00000000000000e+00 0.00000000000000e+00 0.00000000000000e+00 0.00000000000000e+00 
6.71316182583444e-02 2.85767560621901e+02 2.81608775387958e+02 1.48471552258655e+21 1.49014289450198e+20 2.91754580824302e+18 1.78705567459028e+17 9.10183948631313e+15 2.54986165530718e+20 8.15978341291865e+16 2.86469565781468e+12 1.32893939171442e+15 3.71597705705232e+17 1.00477830696573e+14 0.00000000000000e+00 0.00000000000000e+00 0.00000000000000e+00 0.00000000000000e+00 0.00000000000000e+00 0.00000000000000e+00 0.00000000000000e+00 
7.41775814430322e-02 2.85816047997470e+02 2.81640632233663e+02 1.48164014952716e+21 1.50630303755191e+20 2.93531383055342e+18 1.78022829374772e+17 9.16995869643768e+15 2.57877815191339e+20 8.22682822331487e+16 2.90023624161558e+12 1.31708874526359e+15 3.68964884947332e+17 1.00767828284222e+14 0.00000000000000e+00 0.00000000000000e+00 0.00000000000000e+00 0.00000000000000e+00 0.00000000000000e+00 0.00000000000000e+00 0.00000000000000e+00 
8.12235446277200e-02 2.85850431154174e+02 2.81663223461114e+02 1.47946316215931e+21 1.51771761446931e+20 2.94787805287051e+18 1.77540629365559e+17 9.21792793605692e+15 2.59930175980603e+20 8.27446522455797e+16 2.92550195870432e+12 1.30921072911319e+15 3.66954708417242e+17 1.00965204541462e+14 0.00000000000000e+00 0.00000000000000e+00 0.00000000000000e+00 0.00000000000000e+00 0.00000000000000e+00 0.00000000000000e+00 0.00000000000000e+00 
8.82695078124078e-02 2.85874756740215e+02 2.81679246283516e+02 1.47792578509185e+21 1.52576091007092e+20 2.95674452642930e+18 1.77200244662423e+17 9.25166103156630e+15 2.61383367095795e+20 8.30822720406557e+16 2.94341533793448e+12 1.30350551977240e+15 3.65438677718924e+17 1.01103682543742e+14 0.00000000000000e+00 0.00000000000000e+00 0.00000000000000e+00 0.00000000000000e+00 0.00000000000000e+00 0.00000000000000e+00 0.00000000000000e+00 
9.93563561093242e-02 2.85899035765127e+02 2.81690583709435e+02 1.47639524340162e+21 1.53374432102520e+20 2.96556695532665e+18 1.76861548051273e+17 9.28517954203381e+15 2.62835280916700e+20 8.34195851382726e+16 2.96132961197291e+12 1.29796431981115e+15 3.63812234856447e+17 1.01239390843785e+14 0.00000000000000e+00 0.00000000000000e+00 0.00000000000000e+00 0.00000000000000e+00 0.00000000000000e+00 0.00000000000000e+00 0.00000000000000e+00 
1.10443204406241e-01 2.85913114138607e+02 2.81701900663812e+02 1.47551008312930e+21 1.53834696771179e+20 2.97066704863373e+18 1.76665569133198e+17 9.30464837829060e+15 2.63678002437964e+20 8.36153643324045e+16 2.97173617995573e+12 1.29468855409205e+15 3.62822158582684e+17 1.01318047873472e+14 0.00000000000000e+00 0.00000000000000e+00 0.00000000000000e+00 0.00000000000000e+00 0.00000000000000e+00 0.00000000000000e+00 0.00000000000000e+00 
1.21530052703157e-01 2.85921464523998e+02 2.81708463440625e+02 1.47498604846534e+21 1.54106563099471e+20 2.97368512280100e+18 1.76549500365375e+17 9.31622860850891e+15 2.64178184636789e+20 8.37315383785468e+16 2.97791572812657e+12 1.29275606637810e+15 3.62226463492701e+17 1.01364675324646e+14 0.00000000000000e+00 0.00000000000000e+00 0.00000000000000e+00 0.00000000000000e+00 0.00000000000000e+00 0.00000000000000e+00 0.00000000000000e+00 
1.32616901000073e-01 2.85926418904259e+02 2.81712356247669e+02 1.47467570200509e+21 1.54267220713153e+20 2.97547195624737e+18 1.76480614815381e+17 9.32315018173845e+15 2.64475125467559e+20 8.38005266084322e+16 2.98158648181196e+12 1.29146210311839e+15 3.61866242996578e+17 1.01393586133865e+14 0.00000000000000e+00 0.00000000000000e+00 0.00000000000000e+00 0.00000000000000e+00 0.00000000000000e+00 0.00000000000000e+00 0.00000000000000e+00 
1.43703749296990e-01 2.85929296778633e+02 2.81714665959793e+02 1.47449585473231e+21 1.54360058960754e+20 2.97650759710537e+18 1.76440754675326e+17 9.32717391432283e+15 2.64647757952298e+20 8.38405494836663e+16 2.98371951754957e+12 1.29078722152200e+15 3.61648428961908e+17 1.01409393738317e+14 0.00000000000000e+00 0.00000000000000e+00 0.00000000000000e+00 0.00000000000000e+00 0.00000000000000e+00 0.00000000000000e+00 0.00000000000000e+00 
1.66235049807800e-01 2.85932256104924e+02 2.81716007632148e+02 1.47431141685047e+21 1.54454961730789e+20 2.97756962273855e+18 1.76399810568381e+17 9.33124564648200e+15 2.64825428599978e+20 8.38817022191463e+16 2.98591521098446e+12 1.29014974131908e+15 3.61417995937277e+17 1.01425698340034e+14 0.00000000000000e+00 0.00000000000000e+00 0.00000000000000e+00 0.00000000000000e+00 0.00000000000000e+00 0.00000000000000e+00 0.00000000000000e+00 
1.88766350318611e-01 2.85933022873553e+02 2.81717387290328e+02 1.47426405235451e+21 1.54479072802373e+20 2.97784228957015e+18 1.76389229892567e+17 9.33227974863088e+15 2.64871592565176e+20 8.38923649567470e+16 2.98648601107523e+12 1.28998643170150e+15 3.61353371898299e+17 1.01430152338986e+14 0.00000000000000e+00 0.00000000000000e+00 0.00000000000000e+00 0.00000000000000e+00 0.00000000000000e+00 0.00000000000000e+00 0.00000000000000e+00 
2.11297650829422e-01 2.85933128292056e+02 2.81717744761012e+02 1.47425772828188e+21 1.54482167830486e+20 2.97787869923040e+18 1.76387867329809e+17 9.33235130333300e+15 2.64878001721812e+20 8.38937934021919e+16 2.98656449318169e+12 1.29009055701545e+15 3.61345759879538e+17 1.01429857313936e+14 0.00000000000000e+00 0.00000000000000e+00 0.00000000000000e+00 0.00000000000000e+00 0.00000000000000e+00 0.00000000000000e+00 0.00000000000000e+00 
2.33828951340232e-01 2.85933124681234e+02 2.81717793904763e+02 1.47425802854084e+21 1.54481967718706e+20 2.97787681514037e+18 1.76387879512440e+17 9.33232860077613e+15 2.64877801174074e+20 8.38937625562153e+16 2.98656264947744e+12 1.29007839103011e+15 3.61347121774109e+17 1.01430337951660e+14 0.00000000000000e+00 0.00000000000000e+00 0.00000000000000e+00 0.00000000000000e+00 0.00000000000000e+00 0.00000000000000e+00 0.00000000000000e+00 
3.36698456178004e-01 2.85933148609629e+02 2.81717792220529e+02 1.47425653637871e+21 1.54482739115745e+20 2.97788541156481e+18 1.76387523186312e+17 9.33240516670533e+15 2.64879236570436e+20 8.38941079015175e+16 2.98658065599078e+12 1.29001367796960e+15 3.61343528338361e+17 1.01430833575627e+14 0.00000000000000e+00 0.00000000000000e+00 0.00000000000000e+00 0.00000000000000e+00 0.00000000000000e+00 0.00000000000000e+00 0.00000000000000e+00 
4.39567961015776e-01 2.85933154237379e+02 2.81717803376462e+02 1.47425617235343e+21 1.54482930747186e+20 2.97788727543034e+18 1.76387463427868e+17 9.33240348296743e+15 2.64879577906585e+20 8.38942018702776e+16 2.98658550991296e+12 1.29003114440870e+15 3.61343440804715e+17 1.01430726379356e+14 0.00000000000000e+00 0.00000000000000e+00 0.00000000000000e+00 0.00000000000000e+00 0.00000000000000e+00 0.00000000000000e+00 0.00000000000000e+00 
5.42437465853548e-01 2.85933154836610e+02 2.81717805999997e+02 1.47425613701488e+21 1.54482951668669e+20 2.97788766648387e+18 1.76387438321082e+17 9.33242683421096e+15 2.64879609589271e+20 8.38942009983971e+16 2.98658545481299e+12 1.28999807095590e+15 3.61342242577458e+17 1.01430867549573e+14 0.00000000000000e+00 0.00000000000000e+00 0.00000000000000e+00 0.00000000000000e+00 0.00000000000000e+00 0.00000000000000e+00 0.00000000000000e+00 
1.31411527194928e+00 2.85933154785582e+02 2.81717806279673e+02 1.47425614086117e+21 1.54482951325923e+20 2.97788773462654e+18 1.76387434743096e+17 9.33243792006411e+15 2.64879605307923e+20 8.38941956630597e+16 2.98658519328328e+12 1.28998352599463e+15 3.61341283044151e+17 1.01430883674028e+14 0.00000000000000e+00 0.00000000000000e+00 0.00000000000000e+00 0.00000000000000e+00 0.00000000000000e+00 0.00000000000000e+00 0.00000000000000e+00 
2.08579307804501e+00 2.85933154837326e+02 2.81717806256034e+02 1.47425613846731e+21 1.54482949939898e+20 2.97788770255801e+18 1.76387434503169e+17 9.33241064007848e+15 2.64879607469294e+20 8.38941955575940e+16 2.98658528055301e+12 1.29002291460593e+15 3.61343111354345e+17 1.01430871241222e+14 0.00000000000000e+00 0.00000000000000e+00 0.00000000000000e+00 0.00000000000000e+00 0.00000000000000e+00 0.00000000000000e+00 0.00000000000000e+00 
2.85747088414075e+00 2.85933154783228e+02 2.81717806280014e+02 1.47425614133212e+21 1.54482950356682e+20 2.97788771892878e+18 1.76387435130945e+17 9.33243095996032e+15 2.64879604975800e+20 8.38941953905411e+16 2.98658520295628e+12 1.28999326046564e+15 3.61341735969512e+17 1.01430873775036e+14 0.00000000000000e+00 0.00000000000000e+00 0.00000000000000e+00 0.00000000000000e+00 0.00000000000000e+00 0.00000000000000e+00 0.00000000000000e+00 
7.81021378164214e+00 2.85933154772370e+02 2.81717806254899e+02 1.47425614180083e+21 1.54482950446852e+20 2.97788772158073e+18 1.76387435331153e+17 9.33243399113973e+15 2.64879604475515e+20 8.38941953569640e+16 2.98658519080790e+12 1.28998901315527e+15 3.61341489717460e+17 1.01430871895774e+14 0.00000000000000e+00 0.00000000000000e+00 0.00000000000000e+00 0.00000000000000e+00 0.00000000000000e+00 0.00000000000000e+00 0.00000000000000e+00 
1.27629566791435e+01 2.85933154828761e+02 2.81717806249855e+02 1.47425613891018e+21 1.54482949975585e+20 2.97788770370062e+18 1.76387434456451e+17 9.33241387664512e+15 2.64879607087126e+20 8.38941956646163e+16 2.98658527218303e+12 1.29001790067851e+15 3.61342883726105e+17 1.01430873743750e+14 0.00000000000000e+00 0.00000000000000e+00 0.00000000000000e+00 0.00000000000000e+00 0.00000000000000e+00 0.00000000000000e+00 0.00000000000000e+00 
1.77156995766449e+01 2.85933154790548e+02 2.81717806276038e+02 1.47425614085988e+21 1.54482950290239e+20 2.97788771569438e+18 1.76387435052261e+17 9.33242758805523e+15 2.64879605324635e+20 8.38941954561457e+16 2.98658521688549e+12 1.28999819315604e+15 3.61341932778176e+17 1.01430872247347e+14 0.00000000000000e+00 0.00000000000000e+00 0.00000000000000e+00 0.00000000000000e+00 0.00000000000000e+00 0.00000000000000e+00 0.00000000000000e+00 
5.56049483225240e+01 2.85933154779628e+02 2.81717806258295e+02 1.47425614105905e+21 1.54482950339590e+20 2.97788771797506e+18 1.76387435138895e+17 9.33243086291591e+15 2.64879604837161e+20 8.38941953931064e+16 2.98658520303437e+12 1.28999350619153e+15 3.61341701416382e+17 1.01430871854306e+14 0.00000000000000e+00 0.00000000000000e+00 0.00000000000000e+00 0.00000000000000e+00 0.00000000000000e+00 0.00000000000000e+00 0.00000000000000e+00 
9.34941970684031e+01 2.85933154825104e+02 2.81717806253218e+02 1.47425613879327e+21 1.54482949966703e+20 2.97788770370499e+18 1.76387434461406e+17 9.33241475082995e+15 2.64879606938473e+20 8.38941956466769e+16 2.98658526878422e+12 1.29001661271330e+15 3.61342821317576e+17 1.01430873486447e+14 0.00000000000000e+00 0.00000000000000e+00 0.00000000000000e+00 0.00000000000000e+00 0.00000000000000e+00 0.00000000000000e+00 0.00000000000000e+00 
1.31383445814282e+02 2.85933154792795e+02 2.81717806274334e+02 1.47425614028317e+21 1.54482950216558e+20 2.97788771336999e+18 1.76387434923703e+17 9.33242602598949e+15 2.64879605452937e+20 8.38941954696865e+16 2.98658522302271e+12 1.29000043944079e+15 3.61342037520994e+17 1.01430872329592e+14 0.00000000000000e+00 0.00000000000000e+00 0.00000000000000e+00 0.00000000000000e+00 0.00000000000000e+00 0.00000000000000e+00 0.00000000000000e+00 
2.31383445814282e+02 2.85933154799510e+02 2.81717806259330e+02 1.47425613958824e+21 1.54482950118095e+20 2.97788771008226e+18 1.76387434742725e+17 9.33242309221464e+15 2.64879605782391e+20 8.38941955039790e+16 2.98658523447289e+12 1.29000464527289e+15 3.61342240953741e+17 1.01430872575173e+14 0.00000000000000e+00 0.00000000000000e+00 0.00000000000000e+00 0.00000000000000e+00 0.00000000000000e+00 0.00000000000000e+00 0.00000000000000e+00 
3.31383445814282e+02 2.85933154810305e+02 2.81717806262441e+02 1.47425613899572e+21 1.54482950022571e+20 2.97788770642551e+18 1.76387434581250e+17 9.33241918457215e+15 2.64879606284546e+20 8.38941955682454e+16 2.98658525080275e+12 1.29001024763714e+15 3.61342512683891e+17 1.01430872959801e+14 0.00000000000000e+00 0.00000000000000e+00 0.00000000000000e+00 0.00000000000000e+00 0.00000000000000e+00 0.00000000000000e+00 0.00000000000000e+00 
4.31383445814282e+02 2.85933154805520e+02 2.81717806267452e+02 1.47425613913769e+21 1.54482950050167e+20 2.97788770760099e+18 1.76387434630624e+17 9.33242073459044e+15 2.64879606068644e+20 8.38941955416633e+16 2.98658524441991e+12 1.29000802383277e+15 3.61342404818047e+17 1.01430872790253e+14 0.00000000000000e+00 0.00000000000000e+00 0.00000000000000e+00 0.00000000000000e+00 0.00000000000000e+00 0.00000000000000e+00 0.00000000000000e+00 
5.31383445814282e+02 2.85933154811976e+02 2.81717806265228e+02 1.47425613885662e+21 1.54482950002144e+20 2.97788770572004e+18 1.76387434542912e+17 9.33241850785693e+15 2.64879606364727e+20 8.38941955771735e+16 2.98658525348573e+12 1.29001121715221e+15 3.61342559636973e+17 1.01430873020139e+14 0.00000000000000e+00 0.00000000000000e+00 0.00000000000000e+00 0.00000000000000e+00 0.00000000000000e+00 0.00000000000000e+00 0.00000000000000e+00 
6.31383445814282e+02 2.85933154806347e+02 2.81717806268227e+02 1.47425613907934e+21 1.54482950041290e+20 2.97788770728763e+18 1.76387434614686e+17 9.33242041550073e+15 2.64879606107782e+20 8.38941955458382e+16 2.98658524567461e+12 1.29000848125268e+15 3.61342427020061e+17 1.01430872819941e+14 0.00000000000000e+00 0.00000000000000e+00 0.00000000000000e+00 0.00000000000000e+00 0.00000000000000e+00 0.00000000000000e+00 0.00000000000000e+00 
7.31383445814282e+02 2.85933154811974e+02 2.81717806265612e+02 1.47425613884820e+21 1.54482950001136e+20 2.97788770569319e+18 1.76387434540918e+17 9.33241849571964e+15 2.64879606365091e+20 8.38941955770700e+16 2.98658525352170e+12 1.29001123453198e+15 3.61342560468312e+17 1.01430873020193e+14 0.00000000000000e+00 0.00000000000000e+00 0.00000000000000e+00 0.00000000000000e+00 0.00000000000000e+00 0.00000000000000e+00 0.00000000000000e+00 
8.31383445814282e+02 2.85933154806608e+02 2.81717806268226e+02 1.47425613906565e+21 1.54482950039066e+20 2.97788770720388e+18 1.76387434610604e+17 9.33242032184575e+15 2.64879606119898e+20 8.38941955472684e+16 2.98658524605350e+12 1.29000861555242e+15 3.61342433537025e+17 1.01430872829277e+14 0.00000000000000e+00 0.00000000000000e+00 0.00000000000000e+00 0.00000000000000e+00 0.00000000000000e+00 0.00000000000000e+00 0.00000000000000e+00 
9.31383445814282e+02 2.85933154811805e+02 2.81717806265733e+02 1.47425613885390e+21 1.54482950002191e+20 2.97788770573692e+18 1.76387434542847e+17 9.33241855136774e+15 2.64879606357450e+20 8.38941955761266e+16 2.98658525329266e+12 1.29001115470963e+15 3.61342556596420e+17 1.01430873014214e+14 0.00000000000000e+00 0.00000000000000e+00 0.00000000000000e+00 0.00000000000000e+00 0.00000000000000e+00 0.00000000000000e+00 0.00000000000000e+00 
1.00000000000000e+03 2.85933154810037e+02 2.81717806268147e+02 1.47425613896179e+21 1.54482950019093e+20 2.97788770636148e+18 1.76387434573008e+17 9.33241920850420e+15 2.64879606274672e+20 8.38941955661963e+16 2.98658525061520e+12 1.29001021241622e+15 3.61342510948039e+17 1.01430872950922e+14 0.00000000000000e+00 0.00000000000000e+00 0.00000000000000e+00 0.00000000000000e+00 0.00000000000000e+00 0.00000000000000e+00 0.00000000000000e+00 
