Time(s)              GasTemp(K)           NearWallTemp(K)      [O2(X)](m^-3)        [O2(a1Dg)](m^-3)     [O2(b1Sg+)](m^-3)    [O2(A3Su+_C3Du_c1Su-)](m^-3) [O2(+,X)](m^-3)      [O(3P)](m^-3)        [O(1D)](m^-3)        [O(+,gnd)](m^-3)     [O(-,gnd)](m^-3)     [O3(X)](m^-3)        [O3(exc)](m^-3)      [CO2(X)](m^-3)       [CO2(e1)](m^-3)      [CO2(+,X)](m^-3)     [CO(X)](m^-3)        [CO(a3P)](m^-3)      [CO(+,X)](m^-3)      [C(X)](m^-3)        
0.00000000000000e+00 3.58737146867000e+02 3.39164216090150e+02 2.03490608175452e+22 2.03490608175452e-03 2.03490608175452e-03 2.03490608175452e-03 0.00000000000000e+00 0.00000000000000e+00 0.00000000000000e+00 0.00000000000000e+00 0.00000000000000e+00 0.00000000000000e+00 0.00000000000000e+00 0.00000000000000e+00 0.00000000000000e+00 0.00000000000000e+00 0.00000000000000e+00 0.00000000000000e+00 0.00000000000000e+00 0.00000000000000e+00 
1.84715741852609e-16 3.58737146866993e+02 3.42765138716262e+02 2.03490608175451e+22 8.51960541638255e+06 2.01959416687421e+06 2.63360630482117e+06 1.16128045379894e+02 6.70901804463582e+06 9.45187528524811e+05 2.01740051610756e-03 3.40516646373044e+05 1.08016877636794e-06 1.17877064174772e-10 0.00000000000000e+00 0.00000000000000e+00 0.00000000000000e+00 0.00000000000000e+00 0.00000000000000e+00 0.00000000000000e+00 0.00000000000000e+00 
3.69431483705217e-16 3.58737146866987e+02 3.42765138716258e+02 2.03490608175451e+22 1.70392108307353e+07 4.03918833182027e+06 5.26721260760445e+06 2.32256090759786e+02 1.34180360894116e+07 1.89037505690966e+06 4.03480103208614e-03 6.81033292744837e+05 3.40914027308991e-06 3.72033940942237e-10 0.00000000000000e+00 0.00000000000000e+00 0.00000000000000e+00 0.00000000000000e+00 0.00000000000000e+00 0.00000000000000e+00 0.00000000000000e+00 
5.54147225557826e-16 3.58737146866980e+02 3.42765138716254e+02 2.03490608175451e+22 2.55588162450933e+07 6.05878249687533e+06 7.90081891038468e+06 3.48384136139677e+02 2.01270541343303e+07 2.83556258515158e+06 6.05220154793302e-03 1.02154993911535e+06 7.01324130842141e-06 7.65343633222460e-10 0.00000000000000e+00 0.00000000000000e+00 0.00000000000000e+00 0.00000000000000e+00 0.00000000000000e+00 0.00000000000000e+00 0.00000000000000e+00 
1.36007012843842e-15 3.58737146866952e+02 3.42765138716251e+02 2.03490608175450e+22 6.27302292393676e+07 1.48703606332989e+07 1.93913589980223e+07 8.55055903795988e+02 4.93987948332999e+07 6.95945732524824e+06 1.48542086937877e-02 2.50723903830697e+06 3.66607335419883e-05 4.00072630797399e-09 0.00000000000000e+00 0.00000000000000e+00 0.00000000000000e+00 0.00000000000000e+00 0.00000000000000e+00 0.00000000000000e+00 0.00000000000000e+00 
2.16599303131901e-15 3.58737146866923e+02 3.42765138716234e+02 2.03490608175450e+22 9.99016422337393e+07 2.36819387717596e+07 3.08818990856029e+07 1.36172767145227e+03 7.86705355349403e+07 1.10833520626739e+07 2.36562158371811e-02 3.99292813747471e+06 9.01394840096060e-05 9.83677548796179e-09 0.00000000000000e+00 0.00000000000000e+00 0.00000000000000e+00 0.00000000000000e+00 0.00000000000000e+00 0.00000000000000e+00 0.00000000000000e+00 
2.97191593419960e-15 3.58737146866895e+02 3.42765138716218e+02 2.03490608175449e+22 1.37073055228210e+08 3.24935169122896e+07 4.23724391731257e+07 1.86839943910853e+03 1.07942276239294e+08 1.52072467973863e+07 3.24582229780743e-02 5.47861723661819e+06 1.67825859015785e-04 1.83145634169850e-08 0.00000000000000e+00 0.00000000000000e+00 0.00000000000000e+00 0.00000000000000e+00 0.00000000000000e+00 0.00000000000000e+00 0.00000000000000e+00 
3.77783883708019e-15 3.58737146866866e+02 3.42765138716201e+02 2.03490608175448e+22 1.74244468222780e+08 4.13050950549003e+07 5.38629792605903e+07 2.37507120676476e+03 1.37214016946375e+08 1.93311415293707e+07 4.12602301164536e-02 6.96430633573730e+06 2.69852685700233e-04 2.94485853053530e-08 0.00000000000000e+00 0.00000000000000e+00 0.00000000000000e+00 0.00000000000000e+00 0.00000000000000e+00 0.00000000000000e+00 0.00000000000000e+00 
6.16968766985683e-15 3.58737146866781e+02 3.42765138716185e+02 2.03490608175446e+22 2.84563210209650e+08 6.74564338862915e+07 8.79650438596541e+07 3.87879106847573e+03 2.24087809223882e+08 3.15701941148891e+07 6.73831637281314e-02 1.13735912993235e+07 7.16143091374630e-04 7.81515324368599e-08 0.00000000000000e+00 0.00000000000000e+00 0.00000000000000e+00 0.00000000000000e+00 0.00000000000000e+00 0.00000000000000e+00 0.00000000000000e+00 
8.56153650263347e-15 3.58737146866696e+02 3.42765138716136e+02 2.03490608175444e+22 3.94881952197397e+08 9.36077727360284e+07 1.22067108458205e+08 5.38251093018646e+03 3.10961601525442e+08 4.38092466763532e+07 9.35060973176434e-02 1.57828762626947e+07 1.37705017460855e-03 1.50275249033162e-07 0.00000000000000e+00 0.00000000000000e+00 0.00000000000000e+00 0.00000000000000e+00 0.00000000000000e+00 0.00000000000000e+00 0.00000000000000e+00 
1.09533853354101e-14 3.58737146866611e+02 3.42765138716088e+02 2.03490608175441e+22 5.05200694186021e+08 1.19759111604112e+08 1.56169173056243e+08 6.88623079189695e+03 3.97835393851056e+08 5.60482992137622e+07 1.19629030884989e-01 2.01921612258508e+07 2.25258060918024e-03 2.45820463400188e-07 0.00000000000000e+00 0.00000000000000e+00 0.00000000000000e+00 0.00000000000000e+00 0.00000000000000e+00 0.00000000000000e+00 0.00000000000000e+00 
1.33452341681867e-14 3.58737146866526e+02 3.42765138716039e+02 2.03490608175439e+22 6.15519436175522e+08 1.45910450490541e+08 1.90271237653767e+08 8.38995065360720e+03 4.84709186200723e+08 6.82873517271163e+07 1.45751964430168e-01 2.46014461887920e+07 3.34273287931442e-03 3.64787010131419e-07 0.00000000000000e+00 0.00000000000000e+00 0.00000000000000e+00 0.00000000000000e+00 0.00000000000000e+00 0.00000000000000e+00 0.00000000000000e+00 
3.72637224959531e-14 3.58737146865677e+02 3.42765138715991e+02 2.03490608175417e+22 1.71870685611876e+09 4.07423840363860e+08 5.31291883600800e+08 2.34271492706967e+04 1.35344711102034e+09 1.90677875537652e+08 4.06981298662821e-01 6.86942958063772e+07 2.60483276486796e-02 2.84261169487979e-06 0.00000000000000e+00 0.00000000000000e+00 0.00000000000000e+00 0.00000000000000e+00 0.00000000000000e+00 0.00000000000000e+00 0.00000000000000e+00 
6.11822108237195e-14 3.58737146864828e+02 3.42765138715504e+02 2.03490608175395e+22 2.82189427614970e+09 6.68937232071776e+08 8.72312529496532e+08 3.84643478877626e+04 2.22218503824529e+09 3.13068396942720e+08 6.68210630678855e-01 1.12787145402460e+08 7.02159141521163e-02 7.66254869143758e-06 0.00000000000000e+00 0.00000000000000e+00 0.00000000000000e+00 0.00000000000000e+00 0.00000000000000e+00 0.00000000000000e+00 0.00000000000000e+00 
8.51006991514859e-14 3.58737146863978e+02 3.42765138715018e+02 2.03490608175372e+22 3.92508169626834e+09 9.30450625614286e+08 1.21333317534096e+09 5.35015465048047e+04 3.09092296787559e+09 4.35458915942321e+08 9.29439960478272e-01 1.56879994977042e+08 1.35845473805201e-01 1.48245959789315e-05 0.00000000000000e+00 0.00000000000000e+00 0.00000000000000e+00 0.00000000000000e+00 0.00000000000000e+00 0.00000000000000e+00 0.00000000000000e+00 
1.09019187479252e-13 3.58737146863129e+02 3.42765138714531e+02 2.03490608175350e+22 5.02826911647467e+09 1.19196402099139e+09 1.55435382113409e+09 6.85387451218232e+04 3.95966089991123e+09 5.57849432536457e+08 1.19066928806107e+00 2.00972844530121e+08 2.22937003603065e-01 2.43287532370018e-05 0.00000000000000e+00 0.00000000000000e+00 0.00000000000000e+00 0.00000000000000e+00 0.00000000000000e+00 0.00000000000000e+00 0.00000000000000e+00 
3.48204070756916e-13 3.58737146854636e+02 3.42765138714045e+02 2.03490608175128e+22 1.60601433233613e+10 3.80709807566515e+09 4.96456027624387e+09 2.18910731290705e+05 1.26470403525614e+10 1.78175446617720e+09 3.80296244197519e+00 6.41901338878298e+08 2.27426071884378e+00 2.48186383404741e-04 0.00000000000000e+00 0.00000000000000e+00 0.00000000000000e+00 0.00000000000000e+00 0.00000000000000e+00 0.00000000000000e+00 0.00000000000000e+00 
5.87388954034580e-13 3.58737146846143e+02 3.42765138709181e+02 2.03490608174906e+22 2.70920175390175e+10 6.42223231379836e+09 8.37476672622358e+09 3.69282717457219e+05 2.13344200457458e+10 3.00565925927138e+09 6.41525537422769e+00 1.08282983107627e+09 6.47178153443343e+00 7.06255028633675e-04 0.00000000000000e+00 0.00000000000000e+00 0.00000000000000e+00 0.00000000000000e+00 0.00000000000000e+00 0.00000000000000e+00 0.00000000000000e+00 
8.26573837312244e-13 3.58737146837650e+02 3.42765138704317e+02 2.03490608174683e+22 3.81238917634433e+10 9.03736673539097e+09 1.17849731710732e+10 5.19654703621364e+05 3.00217999794643e+10 4.22956381181907e+09 9.02754808481858e+00 1.52375832112404e+09 1.28154994516453e+01 1.39853469627758e-03 0.00000000000000e+00 0.00000000000000e+00 0.00000000000000e+00 0.00000000000000e+00 0.00000000000000e+00 0.00000000000000e+00 0.00000000000000e+00 
1.06575872058991e-12 3.58737146829157e+02 3.42765138699452e+02 2.03490608174461e+22 4.91557659966387e+10 1.16525013404430e+10 1.51951796107928e+10 6.70026689783141e+05 3.87091801537168e+10 5.45346812382029e+09 1.16398405737479e+01 1.96468680902160e+09 2.13054144623762e+01 2.32502539300870e-03 0.00000000000000e+00 0.00000000000000e+00 0.00000000000000e+00 0.00000000000000e+00 0.00000000000000e+00 0.00000000000000e+00 0.00000000000000e+00 
3.45760755336655e-12 3.58737146744226e+02 3.42765138694588e+02 2.03490608172238e+22 1.59474508810921e+11 3.78038574812153e+10 4.92972437258355e+10 2.17374655127064e+06 1.25582995125599e+11 1.76924980137944e+10 3.77627532716613e+01 6.37397156973587e+09 2.24245401022789e+02 2.44715412914957e-02 0.00000000000000e+00 0.00000000000000e+00 0.00000000000000e+00 0.00000000000000e+00 0.00000000000000e+00 0.00000000000000e+00 0.00000000000000e+00 
5.84945638614318e-12 3.58737146659295e+02 3.42765138645946e+02 2.03490608170014e+22 2.69793252502164e+11 6.39552319678837e+10 8.33993073278721e+10 3.67746641252129e+06 2.12456834150833e+11 2.99315038491766e+10 6.38856438034392e+01 1.07832561154296e+10 6.41805085324859e+02 7.00391674642854e-02 0.00000000000000e+00 0.00000000000000e+00 0.00000000000000e+00 0.00000000000000e+00 0.00000000000000e+00 0.00000000000000e+00 0.00000000000000e+00 
8.24130521891982e-12 3.58737146574364e+02 3.42765138597304e+02 2.03490608167791e+22 3.80111997070365e+11 9.01066248004138e+10 1.17501370416903e+11 5.18118627353509e+06 2.99330697229375e+11 4.21704856300119e+10 9.00085121691007e+01 1.51925404461027e+10 1.27398445769505e+03 1.39027910070518e-01 0.00000000000000e+00 0.00000000000000e+00 0.00000000000000e+00 0.00000000000000e+00 0.00000000000000e+00 0.00000000000000e+00 0.00000000000000e+00 
1.06331540516965e-11 3.58737146489433e+02 3.42765138548663e+02 2.03490608165567e+22 4.90430742515523e+11 1.16258035978769e+11 1.51603432992927e+11 6.68490613431203e+06 3.86204584361178e+11 5.44094433563476e+10 1.16131358368666e+02 1.96018245617552e+10 2.12078350800588e+03 2.31437775561514e-01 0.00000000000000e+00 0.00000000000000e+00 0.00000000000000e+00 0.00000000000000e+00 0.00000000000000e+00 0.00000000000000e+00 0.00000000000000e+00 
3.45516423794628e-11 3.58737145640125e+02 3.42765138500021e+02 2.03490608143334e+22 1.59361824519937e+12 3.77773156769648e+11 4.92624030537849e+11 2.17221047290534e+07 1.25494477859143e+12 1.76797697639314e+11 3.77358601236182e+02 6.36946538921524e+10 2.23928526338834e+04 2.44370052336187e+00 0.00000000000000e+00 0.00000000000000e+00 0.00000000000000e+00 0.00000000000000e+00 0.00000000000000e+00 0.00000000000000e+00 0.00000000000000e+00 
5.84701307072292e-11 3.58737144790817e+02 3.42765138013603e+02 2.03490608121100e+22 2.69680583557768e+12 6.39290112101790e+11 8.33644576782181e+11 3.67593033001060e+07 2.12368737809376e+12 2.99183546526271e+11 6.38583627516714e+02 1.07787461720501e+11 6.41268779853220e+04 6.99808292961235e+00 0.00000000000000e+00 0.00000000000000e+00 0.00000000000000e+00 0.00000000000000e+00 0.00000000000000e+00 0.00000000000000e+00 0.00000000000000e+00 
8.23886190349956e-11 3.58737143941509e+02 3.42765137527185e+02 2.03490608098867e+22 3.79999351364939e+12 9.00808901940693e+11 1.17466507172593e+12 5.17965018474671e+07 2.99243238282307e+12 4.21566990062308e+11 8.99806437229214e+02 1.51880248046809e+11 1.27322849893770e+05 1.38945911537723e+01 0.00000000000000e+00 0.00000000000000e+00 0.00000000000000e+00 0.00000000000000e+00 0.00000000000000e+00 0.00000000000000e+00 0.00000000000000e+00 
1.06307107362762e-10 3.58737143092202e+02 3.42765137040767e+02 2.03490608076633e+22 4.90318127941334e+12 1.16232952625022e+12 1.51568551536911e+12 6.68337003711340e+07 3.86117979273214e+12 5.43948028294650e+11 1.16102703039353e+03 1.95973012871083e+11 2.11980758232729e+05 2.31332316469300e+01 0.00000000000000e+00 0.00000000000000e+00 0.00000000000000e+00 0.00000000000000e+00 0.00000000000000e+00 0.00000000000000e+00 0.00000000000000e+00 
3.45491990640426e-10 3.58737134599145e+02 3.42765136554350e+02 2.03490607854297e+22 1.59350637597177e+13 3.77763665215727e+12 4.92588713027208e+12 2.17205684303606e+08 1.25487861596240e+13 1.76762613599938e+12 3.77311105906886e+03 6.36899478504641e+11 2.23896268133414e+06 2.44339245210043e+02 0.00000000000000e+00 0.00000000000000e+00 0.00000000000000e+00 0.00000000000000e+00 0.00000000000000e+00 0.00000000000000e+00 0.00000000000000e+00 
5.84676873918090e-10 3.58737126106119e+02 3.42765131690184e+02 2.03490607631958e+22 2.69669550079550e+13 6.39312718385067e+12 8.33608361512635e+12 3.67577665863454e+08 2.12366329905452e+13 2.99106376727813e+12 6.38497345560276e+03 1.07782379394326e+12 6.41212667900876e+06 6.99765854036863e+02 0.00000000000000e+00 0.00000000000000e+00 0.00000000000000e+00 0.00000000000000e+00 0.00000000000000e+00 0.00000000000000e+00 0.00000000000000e+00 
8.23861757195753e-10 3.58737117613125e+02 3.42765126826036e+02 2.03490607409618e+22 3.79988550230455e+13 9.00880108684247e+12 1.17462749699392e+13 5.17949645048001e+08 2.99247202404213e+13 4.21426096720288e+12 8.99661423894517e+03 1.51874595919401e+12 1.27314630827612e+07 1.38941921533795e+03 0.00000000000000e+00 0.00000000000000e+00 0.00000000000000e+00 0.00000000000000e+00 0.00000000000000e+00 0.00000000000000e+00 0.00000000000000e+00 
1.06304664047342e-09 3.58737109120162e+02 3.42765121961906e+02 2.03490607187276e+22 4.90307638038582e+13 1.16246583250179e+13 1.51564611947182e+13 6.68321621854447e+08 3.86130478620519e+13 5.43721778297169e+12 1.16080334289419e+04 1.95966597426425e+12 2.11969617661782e+07 2.31330577683260e+03 0.00000000000000e+00 0.00000000000000e+00 0.00000000000000e+00 0.00000000000000e+00 0.00000000000000e+00 0.00000000000000e+00 0.00000000000000e+00 
3.45489547325006e-09 3.58737024192258e+02 3.42765117097794e+02 2.03490604963750e+22 1.59350333318024e+14 3.77933010910569e+13 4.92580412933958e+13 2.17204125810947e+09 1.25509527467970e+14 1.76535818680649e+13 3.77100448713569e+04 6.36874786771166e+12 2.23887210118109e+08 2.44373273375589e+04 0.00000000000000e+00 0.00000000000000e+00 0.00000000000000e+00 0.00000000000000e+00 0.00000000000000e+00 0.00000000000000e+00 0.00000000000000e+00 
5.84674430602669e-09 3.58736939267486e+02 3.42765068457669e+02 2.03490602740036e+22 2.69670778113729e+14 6.39802361589228e+13 8.33591083973691e+13 3.67576065335337e+09 2.12429990381002e+14 2.98459614030541e+13 6.37899196406712e+04 1.07776147515463e+13 6.41182118375861e+08 6.99920212214648e+04 0.00000000000000e+00 0.00000000000000e+00 0.00000000000000e+00 0.00000000000000e+00 0.00000000000000e+00 0.00000000000000e+00 0.00000000000000e+00 
8.23859313880333e-09 3.58736854345840e+02 3.42765019819345e+02 2.03490600516133e+22 3.79992097115164e+14 9.01854291741521e+13 1.17459662513892e+14 5.17947980491117e+09 2.99374391701264e+14 4.20144012854525e+13 8.98476766528348e+04 1.51862666328177e+13 1.27307201862300e+09 1.38983522202067e+05 0.00000000000000e+00 0.00000000000000e+00 0.00000000000000e+00 0.00000000000000e+00 0.00000000000000e+00 0.00000000000000e+00 0.00000000000000e+00 
1.06304419715800e-08 3.58736769427316e+02 3.42764971182820e+02 2.03490598292043e+22 4.90314289197627e+14 1.16408844221276e+14 1.51559703650562e+14 6.68319870998139e+09 3.86342684488698e+14 5.41589484528343e+13 1.15883335702864e+05 1.95947035189082e+13 2.11954678531314e+09 2.31418244415437e+05 0.00000000000000e+00 0.00000000000000e+00 0.00000000000000e+00 0.00000000000000e+00 0.00000000000000e+00 0.00000000000000e+00 0.00000000000000e+00 
2.69656008133216e-08 3.58736189558349e+02 3.42764922548091e+02 2.03490583097594e+22 1.24378421144882e+15 2.95986343660755e+14 3.84432608557214e+14 1.69528572868494e+10 9.80928737815092e+14 1.36465130734843e+14 2.93104903795266e+05 4.96964259309338e+13 1.36368749535779e+10 1.48997593382291e+06 0.00000000000000e+00 0.00000000000000e+00 0.00000000000000e+00 0.00000000000000e+00 0.00000000000000e+00 0.00000000000000e+00 0.00000000000000e+00 
4.33007596550633e-08 3.58735609833120e+02 3.42764590444443e+02 2.03490567894513e+22 1.99729444924079e+15 4.76400766064323e+14 6.17281589717762e+14 2.72225033437396e+10 1.57661216080941e+15 2.17673884240367e+14 4.69302973605997e+05 7.97881231838262e+13 3.51592196175723e+10 3.84429733141347e+06 0.00000000000000e+00 0.00000000000000e+00 0.00000000000000e+00 0.00000000000000e+00 0.00000000000000e+00 0.00000000000000e+00 0.00000000000000e+00 
5.96359184968050e-08 3.58735030250020e+02 3.42764258423496e+02 2.03490552682914e+22 2.75084465123270e+15 6.57640893021706e+14 8.50106649557432e+14 3.74921359870634e+10 2.17337829145762e+15 2.97799870192488e+14 6.44483801255512e+05 1.09869797629066e+14 6.66833493009973e+10 7.29638503259602e+06 0.00000000000000e+00 0.00000000000000e+00 0.00000000000000e+00 0.00000000000000e+00 0.00000000000000e+00 0.00000000000000e+00 0.00000000000000e+00 
7.59710773385466e-08 3.58734450807463e+02 3.42763926484329e+02 2.03490537462913e+22 3.50443447110496e+15 8.39695667139430e+14 1.08290779049987e+15 4.77617543242348e+10 2.77121267818305e+15 3.76857539378435e+14 8.18653599291411e+05 1.39941451613535e+14 1.08206035066847e+11 1.18482126302611e+07 0.00000000000000e+00 0.00000000000000e+00 0.00000000000000e+00 0.00000000000000e+00 0.00000000000000e+00 0.00000000000000e+00 0.00000000000000e+00 
9.23062361802883e-08 3.58733871503887e+02 3.42763594626034e+02 2.03490522234621e+22 4.25806356745098e+15 1.02255418856934e+15 1.31568501496723e+15 5.80313574636261e+10 3.37010107530941e+15 4.54861136686531e+14 9.91818537502307e+05 1.70003087479705e+14 1.59724050364814e+11 1.75017254333846e+07 0.00000000000000e+00 0.00000000000000e+00 0.00000000000000e+00 0.00000000000000e+00 0.00000000000000e+00 0.00000000000000e+00 0.00000000000000e+00 
2.28226021121166e-07 3.58729056486673e+02 3.42763262847715e+02 2.03490395217723e+22 1.05302563462459e+16 2.57382648194129e+15 3.25162493388875e+15 1.43480828471068e+11 8.39230239538065e+15 1.06486545045298e+15 2.39451436192065e+06 4.19748462180879e+14 9.75550681982198e+11 1.07513729210929e+08 0.00000000000000e+00 0.00000000000000e+00 0.00000000000000e+00 0.00000000000000e+00 0.00000000000000e+00 0.00000000000000e+00 0.00000000000000e+00 
3.64145806062043e-07 3.58724250156033e+02 3.42760505209264e+02 2.03490267694128e+22 1.68049639677509e+16 4.17422127213160e+15 5.18591058482051e+15 2.28928673695369e+11 1.34789502512754e+16 1.61041846740413e+15 3.73148338788507e+06 6.68801744797487e+14 2.48131318063237e+12 2.74963169780601e+08 0.00000000000000e+00 0.00000000000000e+00 0.00000000000000e+00 0.00000000000000e+00 0.00000000000000e+00 0.00000000000000e+00 0.00000000000000e+00 
5.00065591002920e-07 3.58719451764996e+02 3.42757752571903e+02 2.03490139717560e+22 2.30820231504895e+16 5.81853045215479e+15 7.11854336083001e+15 3.14374383567194e+11 1.86232378139770e+16 2.09832657092377e+15 5.00598441866337e+06 9.17164262391002e+14 4.67515913401307e+12 5.20778406678199e+08 0.00000000000000e+00 0.00000000000000e+00 0.00000000000000e+00 0.00000000000000e+00 0.00000000000000e+00 0.00000000000000e+00 0.00000000000000e+00 
6.35985375943797e-07 3.58714660645567e+02 3.42755004507719e+02 2.03490011336056e+22 2.93612878046174e+16 7.50209729576035e+15 9.04952465434647e+15 3.99817450661633e+11 2.38190788688960e+16 2.53467553449627e+15 6.22111374269437e+06 1.16483733159544e+15 7.55523890787337e+12 8.45789427804861e+08 0.00000000000000e+00 0.00000000000000e+00 0.00000000000000e+00 0.00000000000000e+00 0.00000000000000e+00 0.00000000000000e+00 0.00000000000000e+00 
7.71905160884675e-07 3.58709876199830e+02 3.42752260634046e+02 2.03489882592609e+22 3.56426270938126e+16 9.22075428963414e+15 1.09788558569129e+16 4.85257369784089e+11 2.90610265672554e+16 2.92491177022417e+15 7.37981350831330e+06 1.41182225991447e+15 1.11197059678660e+13 1.25073864543981e+09 0.00000000000000e+00 0.00000000000000e+00 0.00000000000000e+00 0.00000000000000e+00 0.00000000000000e+00 0.00000000000000e+00 0.00000000000000e+00 
9.07824945825552e-07 3.58705097892628e+02 3.42749520608361e+02 2.03489753525695e+22 4.19259238426030e+16 1.09707720439877e+16 1.29065383588877e+16 5.70693638075226e+11 3.43442066561075e+16 3.27390909873565e+15 8.48487880693237e+06 1.65812034664211e+15 1.53667172685728e+13 1.73628963241482e+09 0.00000000000000e+00 0.00000000000000e+00 0.00000000000000e+00 0.00000000000000e+00 0.00000000000000e+00 0.00000000000000e+00 0.00000000000000e+00 
1.28903625547907e-06 3.58691725090874e+02 3.42746784124095e+02 2.03489390091681e+22 5.95581325863988e+16 1.60188998486000e+16 1.83042834913875e+16 8.10291162507938e+11 4.93459669492256e+16 4.06855776360030e+15 1.13203014547401e+07 2.34525373239849e+15 3.09041926352380e+13 3.53302891421580e+09 0.00000000000000e+00 0.00000000000000e+00 0.00000000000000e+00 0.00000000000000e+00 0.00000000000000e+00 0.00000000000000e+00 0.00000000000000e+00 
1.67024756513260e-06 3.58678388376951e+02 3.42739125804593e+02 2.03489024989903e+22 7.72030631752371e+16 2.12287517913854e+16 2.36891011062547e+16 1.04984509359783e+12 6.45610189539475e+16 4.64985082439979e+15 1.38074376828161e+07 3.02702269445888e+15 5.17558089401926e+13 5.97888819624478e+09 0.00000000000000e+00 0.00000000000000e+00 0.00000000000000e+00 0.00000000000000e+00 0.00000000000000e+00 0.00000000000000e+00 0.00000000000000e+00 
2.05145887478612e-06 3.58665081496865e+02 3.42731488354225e+02 2.03488658669472e+22 9.48593391700255e+16 2.65568135544455e+16 2.90610217413920e+16 1.28934462300841e+12 7.99324880147504e+16 5.07465387993137e+15 1.59923800360467e+07 3.70345523959864e+15 7.78813212335400e+13 9.08155151441713e+09 0.00000000000000e+00 0.00000000000000e+00 0.00000000000000e+00 0.00000000000000e+00 0.00000000000000e+00 0.00000000000000e+00 0.00000000000000e+00 
2.43267018443964e-06 3.58651799839065e+02 3.42723868190260e+02 2.03488291461263e+22 1.12525941666294e+17 3.19710365404667e+16 3.44200758686901e+16 1.52877908048913e+12 9.54184843854791e+16 5.38484781683653e+15 1.79151090895241e+07 4.37457919735504e+15 1.09240684692701e+14 1.28466283354903e+10 0.00000000000000e+00 0.00000000000000e+00 0.00000000000000e+00 0.00000000000000e+00 0.00000000000000e+00 0.00000000000000e+00 0.00000000000000e+00 
2.81388149409316e-06 3.58638539979272e+02 3.42716262670803e+02 2.03487923610684e+22 1.30202110224065e+17 3.74476603147367e+16 3.97662938929766e+16 1.76813793314104e+12 1.10987950398402e+17 5.61148162227014e+15 1.96103439571203e+07 5.04042227567042e+15 1.45794054508373e+14 1.72782347609985e+10 0.00000000000000e+00 0.00000000000000e+00 0.00000000000000e+00 0.00000000000000e+00 0.00000000000000e+00 0.00000000000000e+00 0.00000000000000e+00 
3.19509280374668e-06 3.58625299407524e+02 3.42708669834049e+02 2.03487555297322e+22 1.47887283460404e+17 4.29693071854898e+16 4.50997061511811e+16 2.00741078480681e+12 1.26618170222701e+17 5.77726261238798e+15 2.11082104657048e+07 5.70101208981859e+15 1.87501785924682e+14 2.23793537024774e+10 0.00000000000000e+00 0.00000000000000e+00 0.00000000000000e+00 0.00000000000000e+00 0.00000000000000e+00 0.00000000000000e+00 0.00000000000000e+00 
3.77587408758989e-06 3.58605160253820e+02 3.42701088241906e+02 2.03486993563325e+22 1.74847318007720e+17 5.14404532474033e+16 5.32006933250392e+16 2.37175820284292e+12 1.50511604982555e+17 5.94906848963437e+15 2.30690202003297e+07 6.69739460103280e+15 2.60863422391923e+14 3.14427353730929e+10 0.00000000000000e+00 0.00000000000000e+00 0.00000000000000e+00 0.00000000000000e+00 0.00000000000000e+00 0.00000000000000e+00 0.00000000000000e+00 
4.35665537143310e-06 3.58585057437001e+02 3.42689556883686e+02 2.03486431355746e+22 2.01826330143743e+17 5.99580789159713e+16 6.12721340166421e+16 2.73584654453425e+12 1.74470197462342e+17 6.05543852252989e+15 2.47089449943406e+07 7.68174479657102e+15 3.45958737422565e+14 4.20699124499915e+10 0.00000000000000e+00 0.00000000000000e+00 0.00000000000000e+00 0.00000000000000e+00 0.00000000000000e+00 0.00000000000000e+00 0.00000000000000e+00 
4.93743665527630e-06 3.58564988237741e+02 3.42678046792666e+02 2.03485868866454e+22 2.28823675311345e+17 6.85037077163673e+16 6.93141345825799e+16 3.09964085497531e+12 1.98469785305368e+17 6.12050677637371e+15 2.60901277231891e+07 8.65415947352533e+15 4.42650200686423e+14 5.42637218073592e+10 0.00000000000000e+00 0.00000000000000e+00 0.00000000000000e+00 0.00000000000000e+00 0.00000000000000e+00 0.00000000000000e+00 0.00000000000000e+00 
5.51821793911951e-06 3.58544950790167e+02 3.42666556409589e+02 2.03485306225885e+22 2.55838894941492e+17 7.70648188963697e+16 7.73268010042421e+16 3.46310689859656e+12 2.22493990175400e+17 6.16062390062746e+15 2.72628585351028e+07 9.61473514221634e+15 5.50801348377166e+14 6.80258380442830e+10 0.00000000000000e+00 0.00000000000000e+00 0.00000000000000e+00 0.00000000000000e+00 0.00000000000000e+00 0.00000000000000e+00 0.00000000000000e+00 
6.09899922296272e-06 3.58524943888516e+02 3.42655084664031e+02 2.03484743516953e+22 2.82871674397951e+17 8.56334986618397e+16 8.53102388881437e+16 3.82621115521335e+12 2.46532455018590e+17 6.18611985161122e+15 2.82677844314694e+07 1.05635680429668e+16 6.70276780835786e+14 8.33571438944770e+10 0.00000000000000e+00 0.00000000000000e+00 0.00000000000000e+00 0.00000000000000e+00 0.00000000000000e+00 0.00000000000000e+00 0.00000000000000e+00 
6.67978050680592e-06 3.58504966852253e+02 3.42643630863620e+02 2.03484180784754e+22 3.09921813633272e+17 9.42054990737306e+16 9.32645534661638e+16 4.18892081625586e+12 2.70579614107123e+17 6.20253383105849e+15 2.91376050903380e+07 1.15007541423789e+16 8.00942160248697e+14 1.00257966097020e+11 0.00000000000000e+00 0.00000000000000e+00 0.00000000000000e+00 0.00000000000000e+00 0.00000000000000e+00 0.00000000000000e+00 0.00000000000000e+00 
7.71330371450393e-06 3.58469489340624e+02 3.42632194616751e+02 2.03483179415252e+22 3.58101060632153e+17 1.09459368590450e+17 1.07347870250441e+17 4.83330147713709e+12 3.13382760310793e+17 6.22042564559407e+15 3.04315118842170e+07 1.31400073320021e+16 1.06072614691291e+15 1.34215302988397e+11 0.00000000000000e+00 0.00000000000000e+00 0.00000000000000e+00 0.00000000000000e+00 0.00000000000000e+00 0.00000000000000e+00 0.00000000000000e+00 
8.74682692220194e-06 3.58434103612623e+02 3.42611885941171e+02 2.03482178138861e+22 4.06334221144421e+17 1.24708654723397e+17 1.21339880309143e+17 5.47615588943484e+12 3.56193588014555e+17 6.22918358826393e+15 3.14892688656290e+07 1.47432172064121e+16 1.35478174880720e+15 1.73141522206055e+11 0.00000000000000e+00 0.00000000000000e+00 0.00000000000000e+00 0.00000000000000e+00 0.00000000000000e+00 0.00000000000000e+00 0.00000000000000e+00 
9.78035012989995e-06 3.58398808897846e+02 3.42591631237500e+02 2.03481176989094e+22 4.54620840640327e+17 1.39950777114734e+17 1.35241167869978e+17 6.11731563877540e+12 3.99008653328176e+17 6.23211402330864e+15 3.23849845875283e+07 1.63109170377830e+16 1.68237669995826e+15 2.17034553077237e+11 0.00000000000000e+00 0.00000000000000e+00 0.00000000000000e+00 0.00000000000000e+00 0.00000000000000e+00 0.00000000000000e+00 0.00000000000000e+00 
1.08138733375980e-05 3.58363604569490e+02 3.42571430053958e+02 2.03480175989116e+22 5.02960498309442e+17 1.55184143865085e+17 1.49052313437879e+17 6.75661921792482e+12 4.41825807181559e+17 6.23123330340102e+15 3.31696259905230e+07 1.78436366768666e+16 2.04278921626218e+15 2.65892279292256e+11 0.00000000000000e+00 0.00000000000000e+00 0.00000000000000e+00 0.00000000000000e+00 0.00000000000000e+00 0.00000000000000e+00 0.00000000000000e+00 
1.18473965452960e-05 3.58328489860975e+02 3.42551282021084e+02 2.03479175172187e+22 5.51352745245837e+17 1.70406169375548e+17 1.62773893814554e+17 7.39391194560097e+12 4.84641604712663e+17 6.22985821485013e+15 3.38793772153681e+07 1.93419023422060e+16 2.43530793608181e+15 3.19712351046300e+11 0.00000000000000e+00 0.00000000000000e+00 0.00000000000000e+00 0.00000000000000e+00 0.00000000000000e+00 0.00000000000000e+00 0.00000000000000e+00 
1.28809197529940e-05 3.58293464086155e+02 3.42531186689565e+02 2.03478174565801e+22 5.99797152363878e+17 1.85614812086631e+17 1.76406482124598e+17 8.02904588377436e+12 5.27453314927385e+17 6.23059626522594e+15 3.45391812011327e+07 2.08062365945338e+16 2.85923185731886e+15 3.78491973237566e+11 0.00000000000000e+00 0.00000000000000e+00 0.00000000000000e+00 0.00000000000000e+00 0.00000000000000e+00 0.00000000000000e+00 0.00000000000000e+00 
1.47567947710532e-05 3.58230117748191e+02 3.42511143656255e+02 2.03476358954522e+22 6.87857374194698e+17 2.13188571142000e+17 2.00924528550427e+17 9.17586963709753e+12 6.05152180538190e+17 6.23216110838949e+15 3.56530898675442e+07 2.33790422515141e+16 3.70666964643964e+15 4.97839184546440e+11 0.00000000000000e+00 0.00000000000000e+00 0.00000000000000e+00 0.00000000000000e+00 0.00000000000000e+00 0.00000000000000e+00 0.00000000000000e+00 
1.66326697891124e-05 3.58167061486438e+02 3.42474898118589e+02 2.03474544042395e+22 7.76086247920182e+17 2.40723229755969e+17 2.25154652625678e+17 1.03143326588360e+13 6.82843567534575e+17 6.23363913997401e+15 3.67122738203785e+07 2.58448433836445e+16 4.65125714608188e+15 6.33497913218532e+11 0.00000000000000e+00 0.00000000000000e+00 0.00000000000000e+00 0.00000000000000e+00 0.00000000000000e+00 0.00000000000000e+00 0.00000000000000e+00 
1.85085448071717e-05 3.58104293031087e+02 3.42438823112662e+02 2.03472729861830e+22 8.64481664828351e+17 2.68219028720372e+17 2.49100191780316e+17 1.14437107492404e+13 7.60527481470433e+17 6.23439393856869e+15 3.77454812783060e+07 2.82066700099329e+16 5.68905482010939e+15 7.85451091901830e+11 0.00000000000000e+00 0.00000000000000e+00 0.00000000000000e+00 0.00000000000000e+00 0.00000000000000e+00 0.00000000000000e+00 0.00000000000000e+00 
2.03844198252309e-05 3.58041810006871e+02 3.42402917278871e+02 2.03470916452930e+22 9.53041518762228e+17 2.95675307262539e+17 2.72764443296369e+17 1.25633495668057e+13 8.38202778148657e+17 6.23498493332589e+15 3.87640176923855e+07 3.04675066977423e+16 6.81623603616554e+15 9.53681487666648e+11 0.00000000000000e+00 0.00000000000000e+00 0.00000000000000e+00 0.00000000000000e+00 0.00000000000000e+00 0.00000000000000e+00 0.00000000000000e+00 
2.22602948432901e-05 3.57979610081466e+02 3.42367179198198e+02 2.03469103852831e+22 1.04176373728412e+18 3.23091544827829e+17 2.96150665813316e+17 1.36726603391747e+13 9.15868523206425e+17 6.23580477625937e+15 3.97735916340878e+07 3.26302925060176e+16 8.02908263646989e+15 1.13817155009188e+12 0.00000000000000e+00 0.00000000000000e+00 0.00000000000000e+00 0.00000000000000e+00 0.00000000000000e+00 0.00000000000000e+00 0.00000000000000e+00 
2.68092690110950e-05 3.57829937982815e+02 3.42331607477103e+02 2.03464711863822e+22 1.25757600263148e+18 3.89408633105079e+17 3.51726923757235e+17 1.63169068024521e+13 1.10416518406247e+18 6.23803268584185e+15 4.22033075602754e+07 3.74853292976509e+16 1.13043560449856e+16 1.65297025574623e+12 0.00000000000000e+00 0.00000000000000e+00 0.00000000000000e+00 0.00000000000000e+00 0.00000000000000e+00 0.00000000000000e+00 0.00000000000000e+00 
3.13582431789000e-05 3.57681885804659e+02 3.42246029157118e+02 2.03460325234639e+22 1.47430289434262e+18 4.55487142757474e+17 4.05732058615581e+17 1.88914119006895e+13 1.29239763533040e+18 6.24060216488182e+15 4.46279571370079e+07 4.18207099653586e+16 1.50134838841487e+16 2.26302071999866e+12 0.00000000000000e+00 0.00000000000000e+00 0.00000000000000e+00 0.00000000000000e+00 0.00000000000000e+00 0.00000000000000e+00 0.00000000000000e+00 
3.59072173467049e-05 3.57535422611575e+02 3.42161402308521e+02 2.03455944341077e+22 1.69191697731435e+18 5.21325028683687e+17 4.58209923966717e+17 2.13917776700857e+13 1.48056119286653e+18 6.24310186519285e+15 4.70526536102310e+07 4.56749232383979e+16 1.91107030724167e+16 2.96805834049713e+12 0.00000000000000e+00 0.00000000000000e+00 0.00000000000000e+00 0.00000000000000e+00 0.00000000000000e+00 0.00000000000000e+00 0.00000000000000e+00 
4.04561915145098e-05 3.57390518226488e+02 3.42077708450740e+02 2.03451569513795e+22 1.91039174791245e+18 5.86920215290675e+17 5.09203100341133e+17 2.38153054823549e+13 1.66865182819450e+18 6.24561108043585e+15 4.94762518788639e+07 4.90846498733117e+16 2.35537269710424e+16 3.76781262408928e+12 0.00000000000000e+00 0.00000000000000e+00 0.00000000000000e+00 0.00000000000000e+00 0.00000000000000e+00 0.00000000000000e+00 0.00000000000000e+00 
4.50051656823147e-05 3.57247143238060e+02 3.41994929564657e+02 2.03447201039585e+22 2.12970158106669e+18 6.52270895165182e+17 5.58752962450420e+17 2.61607150975453e+13 1.85666645542377e+18 6.24825220112009e+15 5.18995958961464e+07 5.20847667717301e+16 2.83035046695459e+16 4.66200791350518e+12 0.00000000000000e+00 0.00000000000000e+00 0.00000000000000e+00 0.00000000000000e+00 0.00000000000000e+00 0.00000000000000e+00 0.00000000000000e+00 
5.66236688965424e-05 3.56887698556617e+02 3.41913048095721e+02 2.03436073856479e+22 2.69346336634537e+18 8.18064470133062e+17 6.79027527880083e+17 3.18016420666540e+13 2.33651856833284e+18 6.25539079862732e+15 5.80995608978949e+07 5.81059654157275e+16 4.15958067565930e+16 7.37255612859943e+12 0.00000000000000e+00 0.00000000000000e+00 0.00000000000000e+00 0.00000000000000e+00 0.00000000000000e+00 0.00000000000000e+00 0.00000000000000e+00 
6.82421721107700e-05 3.56537589906052e+02 3.41707873063023e+02 2.03424992673386e+22 3.26212341731545e+18 9.82236749811983e+17 7.90782490365795e+17 3.69572010645093e+13 2.81584775506280e+18 6.26304719409511e+15 6.43224307704834e+07 6.21616741964766e+16 5.61455430942133e+16 1.06925634118577e+13 0.00000000000000e+00 0.00000000000000e+00 0.00000000000000e+00 0.00000000000000e+00 0.00000000000000e+00 0.00000000000000e+00 0.00000000000000e+00 
7.98606753249976e-05 3.56196387146256e+02 3.41508170094429e+02 2.03413959407064e+22 3.83531949205184e+18 1.14477689629076e+18 8.94614223652779e+17 4.16703868832398e+13 3.29465833564916e+18 6.27108457799719e+15 7.05746877344056e+07 6.46805506445003e+16 7.15317633553178e+16 1.46171300480097e+13 0.00000000000000e+00 0.00000000000000e+00 0.00000000000000e+00 0.00000000000000e+00 0.00000000000000e+00 0.00000000000000e+00 0.00000000000000e+00 
9.14791785392253e-05 3.55863688158248e+02 3.41313683040736e+02 2.03402974891852e+22 4.41271839303171e+18 1.30568012980781e+18 9.91075573500889e+17 4.59975224717195e+13 3.77297113013539e+18 6.27949238211575e+15 7.68582550868732e+07 6.60185060363298e+16 8.74299930517674e+16 1.91412432787893e+13 0.00000000000000e+00 0.00000000000000e+00 0.00000000000000e+00 0.00000000000000e+00 0.00000000000000e+00 0.00000000000000e+00 0.00000000000000e+00 
1.03097681753453e-04 3.55539116220901e+02 3.41124172630730e+02 2.03392039176325e+22 4.99401226017416e+18 1.46494578249253e+18 1.08068007682334e+18 4.99975103892637e+13 4.25081594915234e+18 6.28824035371061e+15 8.31724607553994e+07 6.64664072523244e+16 1.03593404742158e+17 2.42598063059208e+13 0.00000000000000e+00 0.00000000000000e+00 0.00000000000000e+00 0.00000000000000e+00 0.00000000000000e+00 0.00000000000000e+00 0.00000000000000e+00 
1.20536069968886e-04 3.55066443268885e+02 3.40939414888482e+02 2.03375716082412e+22 5.87317288635700e+18 1.70092096275328e+18 1.20334117075927e+18 5.55054532826947e+13 4.96721470152402e+18 6.30190640706866e+15 9.27030881928087e+07 6.59768239700136e+16 1.27948328072572e+17 3.30467044250653e+13 0.00000000000000e+00 0.00000000000000e+00 0.00000000000000e+00 0.00000000000000e+00 0.00000000000000e+00 0.00000000000000e+00 0.00000000000000e+00 
1.37974458184320e-04 3.54610178389368e+02 3.40670571178802e+02 2.03359498542336e+22 6.75958573809407e+18 1.93322569657932e+18 1.31310613070176e+18 6.05579552879405e+13 5.68274912474375e+18 6.31611166408204e+15 1.02286378786382e+08 6.46007728224065e+16 1.52058312026186e+17 4.31434157020283e+13 0.00000000000000e+00 0.00000000000000e+00 0.00000000000000e+00 0.00000000000000e+00 0.00000000000000e+00 0.00000000000000e+00 0.00000000000000e+00 
1.55412846399753e-04 3.54169315061445e+02 3.40411305994519e+02 2.03343382270729e+22 7.65246051160415e+18 2.16187859480488e+18 1.41130020469292e+18 6.52738765554405e+13 6.39752003646453e+18 6.33076293039526e+15 1.11906431646836e+08 6.27315070969569e+16 1.75675290450742e+17 5.45319726753658e+13 0.00000000000000e+00 0.00000000000000e+00 0.00000000000000e+00 0.00000000000000e+00 0.00000000000000e+00 0.00000000000000e+00 0.00000000000000e+00 
1.72851234615187e-04 3.53742934732779e+02 3.40161022599251e+02 2.03327362572366e+22 8.55108652907684e+18 2.38690174158648e+18 1.49911425970019e+18 6.97393060810422e+13 7.11161380853466e+18 6.34577526398983e+15 1.21556228288784e+08 6.06301894921633e+16 1.98661573763634e+17 6.71941497938190e+13 0.00000000000000e+00 0.00000000000000e+00 0.00000000000000e+00 0.00000000000000e+00 0.00000000000000e+00 0.00000000000000e+00 0.00000000000000e+00 
1.90289622830620e-04 3.53330198161865e+02 3.39919176958497e+02 2.03311434647201e+22 9.45482463071101e+18 2.60832042181813e+18 1.57761846583210e+18 7.40172138780058e+13 7.82510415858754e+18 6.36107556210368e+15 1.31227725739000e+08 5.84669891174541e+16 2.20951673465203e+17 8.11114628445861e+13 0.00000000000000e+00 0.00000000000000e+00 0.00000000000000e+00 0.00000000000000e+00 0.00000000000000e+00 0.00000000000000e+00 0.00000000000000e+00 
2.07728011046054e-04 3.52930338413242e+02 3.39685272467547e+02 2.03295593759099e+22 1.03631005540883e+19 2.82616281115788e+18 1.64777337533380e+18 7.81540711602594e+13 8.53805319896783e+18 6.37660357709764e+15 1.40912305336708e+08 5.63452912565818e+16 2.42529863689334e+17 9.62651720749893e+13 0.00000000000000e+00 0.00000000000000e+00 0.00000000000000e+00 0.00000000000000e+00 0.00000000000000e+00 0.00000000000000e+00 0.00000000000000e+00 
2.34512174065194e-04 3.52339664087362e+02 3.39458855666807e+02 2.03271422708513e+22 1.17658141562207e+19 3.15385697996446e+18 1.74122170241556e+18 8.42985030364201e+13 9.63214066794941e+18 6.40078366003053e+15 1.55792391952963e+08 5.32765494462881e+16 2.74318466112491e+17 1.21904452076195e+14 0.00000000000000e+00 0.00000000000000e+00 0.00000000000000e+00 0.00000000000000e+00 0.00000000000000e+00 0.00000000000000e+00 0.00000000000000e+00 
2.61296337084334e-04 3.51775449780327e+02 3.39124735138457e+02 2.03247431877995e+22 1.31763892194011e+19 3.47330241325367e+18 1.81971021767222e+18 9.02446598114560e+13 1.07251821172280e+19 6.42523244751898e+15 1.70672929092554e+08 5.04752653721652e+16 3.04580549458429e+17 1.50345704933907e+14 0.00000000000000e+00 0.00000000000000e+00 0.00000000000000e+00 0.00000000000000e+00 0.00000000000000e+00 0.00000000000000e+00 0.00000000000000e+00 
2.88080500103474e-04 3.51235702016144e+02 3.38805965152101e+02 2.03223608236774e+22 1.45934410987801e+19 3.78463095478038e+18 1.88554173132057e+18 9.60348840939451e+13 1.18172752367195e+19 6.44983447169722e+15 1.85552627709646e+08 4.79398252491802e+16 3.33452881806764e+17 1.81517737304901e+14 0.00000000000000e+00 0.00000000000000e+00 0.00000000000000e+00 0.00000000000000e+00 0.00000000000000e+00 0.00000000000000e+00 0.00000000000000e+00 
3.14864663122614e-04 3.50718664659349e+02 3.38501369618479e+02 2.03199940346543e+22 1.60157954365017e+19 4.08798698674258e+18 1.94066914472191e+18 1.01702232941003e+14 1.29085023509037e+19 6.47450393489935e+15 2.00426157087470e+08 4.56610500305757e+16 3.61058430272398e+17 2.15348235313682e+14 0.00000000000000e+00 0.00000000000000e+00 0.00000000000000e+00 0.00000000000000e+00 0.00000000000000e+00 0.00000000000000e+00 0.00000000000000e+00 
3.41648826141754e-04 3.50222785420226e+02 3.38209913230799e+02 2.03176418186231e+22 1.74424557713384e+19 4.38352384973864e+18 1.98674798724578e+18 1.07268920553173e+14 1.39989281002302e+19 6.49917739177891e+15 2.15287394966444e+08 4.36153083486864e+16 3.87510070324408e+17 2.51763920958159e+14 0.00000000000000e+00 0.00000000000000e+00 0.00000000000000e+00 0.00000000000000e+00 0.00000000000000e+00 0.00000000000000e+00 0.00000000000000e+00 
3.68432989160894e-04 3.49746688612813e+02 3.37930681418592e+02 2.03153033008717e+22 1.88725775223889e+19 4.67140117751462e+18 2.02517900970278e+18 1.12745854060139e+14 1.50885988889804e+19 6.52380595483447e+15 2.30134420969935e+08 4.17627465624679e+16 4.12911640507131e+17 2.90690683641697e+14 0.00000000000000e+00 0.00000000000000e+00 0.00000000000000e+00 0.00000000000000e+00 0.00000000000000e+00 0.00000000000000e+00 0.00000000000000e+00 
4.33896794860798e-04 3.48658887382433e+02 3.37662864045801e+02 2.03096406166986e+22 2.23782571607397e+19 5.34381458597369e+18 2.09402993155960e+18 1.25823333833733e+14 1.77489774048418e+19 6.58366438717711e+15 2.66371892642850e+08 3.78925554303881e+16 4.71101753606705e+17 3.95934517815470e+14 0.00000000000000e+00 0.00000000000000e+00 0.00000000000000e+00 0.00000000000000e+00 0.00000000000000e+00 0.00000000000000e+00 0.00000000000000e+00 
4.99360600560702e-04 3.47667487958912e+02 3.37051960088211e+02 2.03040460572556e+22 2.58927680340706e+19 5.97399673196095e+18 2.13685084601670e+18 1.38525289426620e+14 2.04055787883546e+19 6.64284077693564e+15 3.02547437861995e+08 3.47048485430289e+16 5.24513981683960e+17 5.14626928059677e+14 0.00000000000000e+00 0.00000000000000e+00 0.00000000000000e+00 0.00000000000000e+00 0.00000000000000e+00 0.00000000000000e+00 0.00000000000000e+00 
5.64824406260606e-04 3.46760854931958e+02 3.36496428176304e+02 2.02985123841653e+22 2.94108153897812e+19 6.56451729725770e+18 2.16243036055902e+18 1.50930973395879e+14 2.30587867728925e+19 6.70128458324878e+15 3.38659262811849e+08 3.20353419373008e+16 5.73859478666240e+17 6.45655459899197e+14 0.00000000000000e+00 0.00000000000000e+00 0.00000000000000e+00 0.00000000000000e+00 0.00000000000000e+00 0.00000000000000e+00 0.00000000000000e+00 
6.30288211960510e-04 3.45929608219432e+02 3.35989429547357e+02 2.02930337762328e+22 3.29288212622167e+19 7.11791487515434e+18 2.17670776494405e+18 1.63103739432727e+14 2.57089080575606e+19 6.75905552321339e+15 3.74708900637027e+08 2.97840424360748e+16 6.19684576370877e+17 7.87909029245759e+14 0.00000000000000e+00 0.00000000000000e+00 0.00000000000000e+00 0.00000000000000e+00 0.00000000000000e+00 0.00000000000000e+00 0.00000000000000e+00 
6.95752017660414e-04 3.45166095529624e+02 3.35525459688254e+02 2.02876055075233e+22 3.64444338760944e+19 7.63664775489715e+18 2.18358051836912e+18 1.75083704596607e+14 2.83561714683916e+19 6.81624332171124e+15 4.10700284924466e+08 2.78575424655026e+16 6.62426487980335e+17 9.40286146930306e+14 0.00000000000000e+00 0.00000000000000e+00 0.00000000000000e+00 0.00000000000000e+00 0.00000000000000e+00 0.00000000000000e+00 0.00000000000000e+00 
7.61215823360318e-04 3.44463939101622e+02 3.35100034086984e+02 2.02822236739160e+22 3.99561265513901e+19 8.12306433586663e+18 2.18557052930288e+18 1.86895999954990e+14 3.10007458301910e+19 6.87293462687521e+15 4.46638270135226e+08 2.61772305446970e+16 7.02429843250446e+17 1.10170233271410e+15 0.00000000000000e+00 0.00000000000000e+00 0.00000000000000e+00 0.00000000000000e+00 0.00000000000000e+00 0.00000000000000e+00 0.00000000000000e+00 
8.70390948183686e-04 3.43415316555880e+02 3.34709421560234e+02 2.02733430095474e+22 4.58015386866279e+19 8.86827832812741e+18 2.18194149487352e+18 2.06274756748691e+14 3.54055147003636e+19 6.96652447544790e+15 5.06469539691372e+08 2.38122221777765e+16 7.63742843005633e+17 1.38814988644748e+15 0.00000000000000e+00 0.00000000000000e+00 0.00000000000000e+00 0.00000000000000e+00 0.00000000000000e+00 0.00000000000000e+00 0.00000000000000e+00 
9.79566073007054e-04 3.42500975153367e+02 3.34127188635437e+02 2.02645693993740e+22 5.16304482899501e+19 9.53919682551307e+18 2.17392826782176e+18 2.25317941200992e+14 3.98036735202266e+19 7.05924673604992e+15 5.66185338988172e+08 2.18596587554733e+16 8.19190094403870e+17 1.69207659626967e+15 0.00000000000000e+00 0.00000000000000e+00 0.00000000000000e+00 0.00000000000000e+00 0.00000000000000e+00 0.00000000000000e+00 0.00000000000000e+00 
1.08874119783042e-03 3.41703198098095e+02 3.33620612468382e+02 2.02558921363879e+22 5.74414042867622e+19 1.01443438872270e+19 2.16387158115398e+18 2.44078266903024e+14 4.41955812274183e+19 7.15131223324679e+15 6.25801599894024e+08 2.02229281613066e+16 8.69550695949416e+17 2.00903022444045e+15 0.00000000000000e+00 0.00000000000000e+00 0.00000000000000e+00 0.00000000000000e+00 0.00000000000000e+00 0.00000000000000e+00 0.00000000000000e+00 
1.19791632265379e-03 3.41007274259257e+02 3.33179456114978e+02 2.02473023618431e+22 6.32337957291294e+19 1.06912476935420e+19 2.15272154121400e+18 2.62590861892143e+14 4.85814870853034e+19 7.24280033221994e+15 6.85332055338506e+08 1.88313337177901e+16 9.15430129598016e+17 2.33489504675192e+15 0.00000000000000e+00 0.00000000000000e+00 0.00000000000000e+00 0.00000000000000e+00 0.00000000000000e+00 0.00000000000000e+00 0.00000000000000e+00 
1.30709144747716e-03 3.40400569766596e+02 3.32795262942066e+02 2.02387924869479e+22 6.90073021330482e+19 1.11865475011068e+19 2.14095691641896e+18 2.80881560206014e+14 5.29615680303010e+19 7.33375048091969e+15 7.44787968247748e+08 1.76302318991080e+16 9.57318851807299e+17 2.66592018002191e+15 0.00000000000000e+00 0.00000000000000e+00 0.00000000000000e+00 0.00000000000000e+00 0.00000000000000e+00 0.00000000000000e+00 0.00000000000000e+00 
1.47583841294197e-03 3.39613747131180e+02 3.32460811731193e+02 2.02257815616430e+22 7.78935377845730e+19 1.18637099700275e+19 2.12223971537462e+18 3.08763890204077e+14 5.97204803085562e+19 7.47334593183334e+15 8.36562091897912e+08 1.60681162127423e+16 1.01511902059824e+18 3.18016743305828e+15 0.00000000000000e+00 0.00000000000000e+00 0.00000000000000e+00 0.00000000000000e+00 0.00000000000000e+00 0.00000000000000e+00 0.00000000000000e+00 
1.64458537840679e-03 3.38979664720862e+02 3.32027744772481e+02 2.02129251162955e+22 8.67337045803328e+19 1.24500155889825e+19 2.10347297993008e+18 3.36231042998367e+14 6.64661249411980e+19 7.61184412258303e+15 9.28206074882392e+08 1.47728699323059e+16 1.06558982559086e+18 3.68820152456761e+15 0.00000000000000e+00 0.00000000000000e+00 0.00000000000000e+00 0.00000000000000e+00 0.00000000000000e+00 0.00000000000000e+00 0.00000000000000e+00 
1.81333234387161e-03 3.38470179986586e+02 3.31679299902194e+02 2.02002060147775e+22 9.55276733397320e+19 1.29609577048407e+19 2.08487415279927e+18 3.63332411675398e+14 7.31987205442655e+19 7.74927722242890e+15 1.01973804115538e+09 1.36820994563401e+16 1.10972398000827e+18 4.18153730494237e+15 0.00000000000000e+00 0.00000000000000e+00 0.00000000000000e+00 0.00000000000000e+00 0.00000000000000e+00 0.00000000000000e+00 0.00000000000000e+00 
1.98207930933642e-03 3.38062692648063e+02 3.31399680045066e+02 2.01876103070492e+22 1.04275479684982e+20 1.34091914814072e+19 2.06646673127154e+18 3.90104333940471e+14 7.99184009665103e+19 7.88563452185408e+15 1.11116970968423e+09 1.27527308648603e+16 1.14832135518802e+18 4.65386234099310e+15 0.00000000000000e+00 0.00000000000000e+00 0.00000000000000e+00 0.00000000000000e+00 0.00000000000000e+00 0.00000000000000e+00 0.00000000000000e+00 
2.15082627480124e-03 3.37738788853956e+02 3.31176263454561e+02 2.01751264475008e+22 1.12977205582425e+20 1.38051511763473e+19 2.04826519560892e+18 4.16574403596805e+14 8.66252474618197e+19 8.02090848377655e+15 1.20250790119434e+09 1.19499011987773e+16 1.18204747198200e+18 5.10077986889004e+15 0.00000000000000e+00 0.00000000000000e+00 0.00000000000000e+00 0.00000000000000e+00 0.00000000000000e+00 0.00000000000000e+00 0.00000000000000e+00 
2.43060865228851e-03 3.37348021279387e+02 3.30998811719278e+02 2.01546503279843e+22 1.27303435148021e+20 1.43682640852851e+19 2.01862665197130e+18 4.59853572867084e+14 9.77170184811298e+19 8.24283072974629e+15 1.35375196484137e+09 1.08339735908278e+16 1.22865774065650e+18 5.77971076215641e+15 0.00000000000000e+00 0.00000000000000e+00 0.00000000000000e+00 0.00000000000000e+00 0.00000000000000e+00 0.00000000000000e+00 0.00000000000000e+00 
2.71039102977579e-03 3.37092548268584e+02 3.30784878457394e+02 2.01344204856037e+22 1.41503963977786e+20 1.48422824236227e+19 1.98972408528401e+18 5.02447978496711e+14 1.08773738338127e+20 8.46183663497138e+15 1.50475016329571e+09 9.91752391129629e+15 1.26549007296972e+18 6.37669731148151e+15 0.00000000000000e+00 0.00000000000000e+00 0.00000000000000e+00 0.00000000000000e+00 0.00000000000000e+00 0.00000000000000e+00 0.00000000000000e+00 
2.99017340726306e-03 3.36933253289200e+02 3.30645084803139e+02 2.01144102587603e+22 1.55579660610131e+20 1.52504600916766e+19 1.96158099443925e+18 5.44421939921091e+14 1.19795472605746e+20 8.67797481728134e+15 1.65549456673037e+09 9.15744999217688e+15 1.29421182921448e+18 6.89393706824438e+15 0.00000000000000e+00 0.00000000000000e+00 0.00000000000000e+00 0.00000000000000e+00 0.00000000000000e+00 0.00000000000000e+00 0.00000000000000e+00 
3.26995578475034e-03 3.36843010695606e+02 3.30557922827130e+02 2.00946001341139e+22 1.69531533632257e+20 1.56093754799666e+19 1.93419006117978e+18 5.85819199530287e+14 1.30782218880200e+20 8.89130160887870e+15 1.80597082859830e+09 8.51008077508913e+15 1.31612026278001e+18 7.33860736775664e+15 0.00000000000000e+00 0.00000000000000e+00 0.00000000000000e+00 0.00000000000000e+00 0.00000000000000e+00 0.00000000000000e+00 0.00000000000000e+00 
3.54973816223761e-03 3.36802528664206e+02 3.30508513864609e+02 2.00749753791603e+22 1.83360672847874e+20 1.59311192970711e+19 1.90753925123548e+18 6.26675956495652e+14 1.41733968370121e+20 9.10188621027359e+15 1.95616805634598e+09 7.95444029735811e+15 1.33225865111027e+18 7.71999035971254e+15 0.00000000000000e+00 0.00000000000000e+00 0.00000000000000e+00 0.00000000000000e+00 0.00000000000000e+00 0.00000000000000e+00 0.00000000000000e+00 
3.87490245934191e-03 3.36799891478337e+02 3.30486295085425e+02 2.00523855126729e+22 1.99280255803429e+20 1.62699682287733e+19 1.87747808388788e+18 6.73517400012765e+14 1.54418151021800e+20 9.34328401999291e+15 2.13035934741914e+09 7.39998486799552e+15 1.34489186966884e+18 8.09619114598645e+15 0.00000000000000e+00 0.00000000000000e+00 0.00000000000000e+00 0.00000000000000e+00 0.00000000000000e+00 0.00000000000000e+00 0.00000000000000e+00 
4.20006675644621e-03 3.36829712424926e+02 3.30484732243698e+02 2.00300167749614e+22 2.15037423272567e+20 1.65811110288017e+19 1.84837144279310e+18 7.19702793945776e+14 1.67055029383232e+20 9.58120182275948e+15 2.30413432046318e+09 6.92292406877860e+15 1.35202033634001e+18 8.41325031479690e+15 0.00000000000000e+00 0.00000000000000e+00 0.00000000000000e+00 0.00000000000000e+00 0.00000000000000e+00 0.00000000000000e+00 0.00000000000000e+00 
4.52523105355051e-03 3.36881181520599e+02 3.30500898861324e+02 2.00078586416924e+22 2.30634034482425e+20 1.68718615143903e+19 1.82018525014947e+18 7.65261323291091e+14 1.79644591009946e+20 9.81576136227785e+15 2.47747518094576e+09 6.50818621479852e+15 1.35456500654537e+18 8.68290240808938e+15 0.00000000000000e+00 0.00000000000000e+00 0.00000000000000e+00 0.00000000000000e+00 0.00000000000000e+00 0.00000000000000e+00 0.00000000000000e+00 
4.85039535065480e-03 3.36947139967318e+02 3.30528892413673e+02 1.99859031122055e+22 2.46071956523335e+20 1.71472483899285e+19 1.79288309945444e+18 8.10216499290615e+14 1.92186828745306e+20 1.00470833324109e+16 2.65036775484950e+09 6.14464894532245e+15 1.35328321724130e+18 8.91469571548324e+15 0.00000000000000e+00 0.00000000000000e+00 0.00000000000000e+00 0.00000000000000e+00 0.00000000000000e+00 0.00000000000000e+00 0.00000000000000e+00 
5.17555964775910e-03 3.37022755876121e+02 3.30564805294787e+02 1.99641438901288e+22 2.61353046093590e+20 1.74107931232323e+19 1.76642893799841e+18 8.54587881915632e+14 2.04681736718639e+20 1.02752857032426e+16 2.82280036147495e+09 5.82317984554561e+15 1.34880862017916e+18 9.11609937004249e+15 0.00000000000000e+00 0.00000000000000e+00 0.00000000000000e+00 0.00000000000000e+00 0.00000000000000e+00 0.00000000000000e+00 0.00000000000000e+00 
5.81573490724797e-03 3.37189069633757e+02 3.30606000399566e+02 1.99218605425347e+22 2.90986775035688e+20 1.79033222742277e+19 1.71668942863685e+18 9.40300604803374e+14 2.29143037383920e+20 1.07158876135784e+16 3.16090579376997e+09 5.28771171624658e+15 1.33257462699106e+18 9.44369120539604e+15 0.00000000000000e+00 0.00000000000000e+00 0.00000000000000e+00 0.00000000000000e+00 0.00000000000000e+00 0.00000000000000e+00 0.00000000000000e+00 
6.45591016673684e-03 3.37364995027042e+02 3.30696658398179e+02 1.98802881761460e+22 3.20033382437844e+20 1.83715636168723e+19 1.66984462104859e+18 1.02392803533532e+15 2.53420789538538e+20 1.11456416611699e+16 3.49713199835660e+09 4.84981362799613e+15 1.30925030734529e+18 9.70588968790054e+15 0.00000000000000e+00 0.00000000000000e+00 0.00000000000000e+00 0.00000000000000e+00 0.00000000000000e+00 0.00000000000000e+00 0.00000000000000e+00 
7.09608542622570e-03 3.37543360974577e+02 3.30792604371858e+02 1.98394036349775e+22 3.48506156692973e+20 1.88218653750244e+19 1.62565904462166e+18 1.10556136686669e+15 2.77515027015915e+20 1.15652836553870e+16 3.83143917406547e+09 4.48805082708473e+15 1.28131618997287e+18 9.92095356572184e+15 0.00000000000000e+00 0.00000000000000e+00 0.00000000000000e+00 0.00000000000000e+00 0.00000000000000e+00 0.00000000000000e+00 0.00000000000000e+00 
7.73626068571457e-03 3.37721827626503e+02 3.30889921292327e+02 1.97991888840185e+22 3.76417902110696e+20 1.92569480942816e+19 1.58391888219809e+18 1.18527970467811e+15 3.01425806098045e+20 1.19754812785624e+16 4.16380208378508e+09 4.18073190511431e+15 1.25056531196224e+18 1.01000219023274e+16 0.00000000000000e+00 0.00000000000000e+00 0.00000000000000e+00 0.00000000000000e+00 0.00000000000000e+00 0.00000000000000e+00 0.00000000000000e+00 
8.37643594520344e-03 3.37899433404295e+02 3.30987330193868e+02 1.97596282316429e+22 4.03780945645249e+20 1.96783050532663e+19 1.54443164607648e+18 1.26315576166259e+15 3.25153235862188e+20 1.23768324289404e+16 4.49420376058486e+09 3.91799617943544e+15 1.21833267896260e+18 1.02506897670103e+16 0.00000000000000e+00 0.00000000000000e+00 0.00000000000000e+00 0.00000000000000e+00 0.00000000000000e+00 0.00000000000000e+00 0.00000000000000e+00 
9.10949877844056e-03 3.38100871237510e+02 3.31084304723230e+02 1.97151122917981e+22 4.34455637953926e+20 2.01453802224094e+19 1.50175973409764e+18 1.35015265543313e+15 3.52098489618423e+20 1.28262450409933e+16 4.87011550257083e+09 3.66022289869189e+15 1.18087702745191e+18 1.03960641158759e+16 0.00000000000000e+00 0.00000000000000e+00 0.00000000000000e+00 0.00000000000000e+00 0.00000000000000e+00 0.00000000000000e+00 0.00000000000000e+00 
9.84256161167768e-03 3.38299622421914e+02 3.31194333451605e+02 1.96714150108957e+22 4.64443601882994e+20 2.05972271982956e+19 1.46158200285172e+18 1.43491196402466e+15 3.78803922848409e+20 1.32654822439467e+16 5.24341196129406e+09 3.43866540350806e+15 1.14391266436419e+18 1.05187701580594e+16 0.00000000000000e+00 0.00000000000000e+00 0.00000000000000e+00 0.00000000000000e+00 0.00000000000000e+00 0.00000000000000e+00 0.00000000000000e+00 
1.05756244449148e-02 3.38495494371210e+02 3.31302937164846e+02 1.96285177831687e+22 4.93761391135811e+20 2.10347170116621e+19 1.42369173265631e+18 1.51751974658351e+15 4.05270024319328e+20 1.36951878725206e+16 5.61407625995527e+09 3.24630900463813e+15 1.10819948434912e+18 1.06232256087441e+16 0.00000000000000e+00 0.00000000000000e+00 0.00000000000000e+00 0.00000000000000e+00 0.00000000000000e+00 0.00000000000000e+00 0.00000000000000e+00 
1.13086872781519e-02 3.38688542385370e+02 3.31410008462353e+02 1.95864031942232e+22 5.22424951388793e+20 2.14584799706192e+19 1.38790388823613e+18 1.59805545994110e+15 4.31497392701802e+20 1.41159374481748e+16 5.98209541304376e+09 3.07790991974993e+15 1.07421849088857e+18 1.07126695365945e+16 0.00000000000000e+00 0.00000000000000e+00 0.00000000000000e+00 0.00000000000000e+00 0.00000000000000e+00 0.00000000000000e+00 0.00000000000000e+00 
1.20417501113890e-02 3.38878865161868e+02 3.31515575737997e+02 1.95450547028444e+22 5.50449672430303e+20 2.18690700981151e+19 1.35405252075977e+18 1.67659388596526e+15 4.57486711875002e+20 1.45282461526569e+16 6.34745859177554e+09 2.92911882360845e+15 1.04224920471782e+18 1.07897513283325e+16 0.00000000000000e+00 0.00000000000000e+00 0.00000000000000e+00 0.00000000000000e+00 0.00000000000000e+00 0.00000000000000e+00 0.00000000000000e+00 
1.35246006549474e-02 3.39255785089879e+02 3.31619691276218e+02 1.94636930418358e+22 6.05245198745759e+20 2.26615490367532e+19 1.29090596698871e+18 1.82964099723615e+15 5.09333689735984e+20 1.53383178153097e+16 7.07836400445532e+09 2.67546627942714e+15 9.84044438510703e+17 1.09159315152306e+16 0.00000000000000e+00 0.00000000000000e+00 0.00000000000000e+00 0.00000000000000e+00 0.00000000000000e+00 0.00000000000000e+00 0.00000000000000e+00 
1.50074511985059e-02 3.39622339666014e+02 3.31825997109238e+02 1.93852780172557e+22 6.57604325539138e+20 2.34065524638954e+19 1.23402731296359e+18 1.97535986283166e+15 5.60216499246472e+20 1.61189794943040e+16 7.79830026454963e+09 2.46933467599092e+15 9.34571429019047e+17 1.10124571158379e+16 0.00000000000000e+00 0.00000000000000e+00 0.00000000000000e+00 0.00000000000000e+00 0.00000000000000e+00 0.00000000000000e+00 0.00000000000000e+00 
1.64903017420643e-02 3.39978991804182e+02 3.32026773247569e+02 1.93096934656862e+22 7.07637757882038e+20 2.41078931192189e+19 1.18256050207067e+18 2.11423654090396e+15 6.10142560744177e+20 1.68729105170356e+16 8.50722152551284e+09 2.29997749904332e+15 8.93019326891695e+17 1.10868722331133e+16 0.00000000000000e+00 0.00000000000000e+00 0.00000000000000e+00 0.00000000000000e+00 0.00000000000000e+00 0.00000000000000e+00 0.00000000000000e+00 
1.79731522856227e-02 3.40326179678496e+02 3.32222261394309e+02 1.92368305096355e+22 7.55449589372879e+20 2.47690544249486e+19 1.13578661677602e+18 2.24672302058946e+15 6.59119686163410e+20 1.76023643016343e+16 9.20509320293532e+09 2.15658799096598e+15 8.58126962537926e+17 1.11451770773385e+16 0.00000000000000e+00 0.00000000000000e+00 0.00000000000000e+00 0.00000000000000e+00 0.00000000000000e+00 0.00000000000000e+00 0.00000000000000e+00 
1.94560028291811e-02 3.40664286505772e+02 3.32412690768863e+02 1.91665860200600e+22 8.01138213261170e+20 2.53931894433629e+19 1.09312192802141e+18 2.37323018207201e+15 7.07155924240663e+20 1.83091299213325e+16 9.89189162128232e+09 2.03442040481854e+15 8.28652796028250e+17 1.11910189830458e+16 0.00000000000000e+00 0.00000000000000e+00 0.00000000000000e+00 0.00000000000000e+00 0.00000000000000e+00 0.00000000000000e+00 0.00000000000000e+00 
2.11569271695368e-02 3.41041372022582e+02 3.32598261352758e+02 1.90891090885238e+22 8.51051511207384e+20 2.60671591081942e+19 1.04859610234188e+18 2.51145230762431e+15 7.61108617508865e+20 1.90939458799625e+16 1.06660367242085e+10 1.91466355644616e+15 8.00193252535743e+17 1.12321394312275e+16 0.00000000000000e+00 0.00000000000000e+00 0.00000000000000e+00 0.00000000000000e+00 0.00000000000000e+00 0.00000000000000e+00 0.00000000000000e+00 
2.28578515098926e-02 3.41407406064944e+02 3.32805367524416e+02 1.90148070478421e+22 8.98427418959782e+20 2.66999225452228e+19 1.00818835776016e+18 2.64280039984280e+15 8.13847006348601e+20 1.98529325480497e+16 1.14255786534088e+10 1.81197846838472e+15 7.76243541251199e+17 1.12640633560115e+16 0.00000000000000e+00 0.00000000000000e+00 0.00000000000000e+00 0.00000000000000e+00 0.00000000000000e+00 0.00000000000000e+00 0.00000000000000e+00 
2.45587758502483e-02 3.41762789508817e+02 3.33006547135693e+02 1.89435456201006e+22 9.43392257175953e+20 2.72947778401783e+19 9.71380610668526e+17 2.76773356895257e+15 8.65384365673788e+20 2.05877318796711e+16 1.21705197993390e+10 1.72301664479761e+15 7.55828273839267e+17 1.12889737707843e+16 0.00000000000000e+00 0.00000000000000e+00 0.00000000000000e+00 0.00000000000000e+00 0.00000000000000e+00 0.00000000000000e+00 0.00000000000000e+00 
2.62597001906040e-02 3.42107885320899e+02 3.33202007900486e+02 1.88751971080711e+22 9.86065467341834e+20 2.78546265195719e+19 9.37734674845981e+17 2.88666364614566e+15 9.15734490593873e+20 2.12997294657338e+16 1.29008772570853e+10 1.64525196051321e+15 7.38209106657979e+17 1.13085510777304e+16 0.00000000000000e+00 0.00000000000000e+00 0.00000000000000e+00 0.00000000000000e+00 0.00000000000000e+00 0.00000000000000e+00 0.00000000000000e+00 
2.79606245309597e-02 3.42443022893253e+02 3.33391937631965e+02 1.88096397914630e+22 1.02656023135462e+21 2.83820515804641e+19 9.06879861794873e+17 2.99996597407389e+15 9.64911703569670e+20 2.19901104542239e+16 1.36166826190196e+10 1.57661163231668e+15 7.22827991660793e+17 1.13241248126838e+16 0.00000000000000e+00 0.00000000000000e+00 0.00000000000000e+00 0.00000000000000e+00 0.00000000000000e+00 0.00000000000000e+00 0.00000000000000e+00 
3.14473576217495e-02 3.43100134454189e+02 3.33576506515179e+02 1.86835017729787e+22 1.10320021108679e+21 2.93711749843728e+19 8.51084181838434e+17 3.21602010219375e+15 1.06211771916851e+21 2.33419321338842e+16 1.50387454648983e+10 1.45839107818786e+15 6.96718309517005e+17 1.13473909908939e+16 0.00000000000000e+00 0.00000000000000e+00 0.00000000000000e+00 0.00000000000000e+00 0.00000000000000e+00 0.00000000000000e+00 0.00000000000000e+00 
3.49340907125393e-02 3.43719015333728e+02 3.33938737179706e+02 1.85676769225103e+22 1.17198638457063e+21 3.02506516937642e+19 8.03564400587380e+17 3.41247329729818e+15 1.15459235802396e+21 2.46144055448485e+16 1.64004470624679e+10 1.36279096603390e+15 6.75779251123571e+17 1.13636120242589e+16 0.00000000000000e+00 0.00000000000000e+00 0.00000000000000e+00 0.00000000000000e+00 0.00000000000000e+00 0.00000000000000e+00 0.00000000000000e+00 
3.84208238033291e-02 3.44301787098875e+02 3.34280307536507e+02 1.84613076355412e+22 1.23369536951396e+21 3.10344586257769e+19 7.62723411796470e+17 3.59154281623905e+15 1.24247718411657e+21 2.58133235524038e+16 1.77025869921083e+10 1.28405136299086e+15 6.58556037176973e+17 1.13760836525469e+16 0.00000000000000e+00 0.00000000000000e+00 0.00000000000000e+00 0.00000000000000e+00 0.00000000000000e+00 0.00000000000000e+00 0.00000000000000e+00 
4.19075568941189e-02 3.44850384692726e+02 3.34602315422857e+02 1.83636136452326e+22 1.28902403277611e+21 3.17341918120551e+19 7.27342090974021e+17 3.75505970200414e+15 1.32592071025046e+21 2.69434720511855e+16 1.89461772558676e+10 1.21822712802372e+15 6.44222831972466e+17 1.13869181914327e+16 0.00000000000000e+00 0.00000000000000e+00 0.00000000000000e+00 0.00000000000000e+00 0.00000000000000e+00 0.00000000000000e+00 0.00000000000000e+00 
4.53942899849087e-02 3.45366612445212e+02 3.34905764958034e+02 1.82738817084733e+22 1.33860075744513e+21 3.23598059397279e+19 6.96468912001129e+17 3.90460027309007e+15 1.40507649866032e+21 2.80089793035468e+16 2.01324115458101e+10 1.16228724527777e+15 6.32160608265253e+17 1.13975544756587e+16 0.00000000000000e+00 0.00000000000000e+00 0.00000000000000e+00 0.00000000000000e+00 0.00000000000000e+00 0.00000000000000e+00 0.00000000000000e+00 
5.09582171207638e-02 3.46127498871644e+02 3.35191596306485e+02 1.81456054545979e+22 1.40716448353178e+21 3.32251881333639e+19 6.54775622040908e+17 4.11759130061326e+15 1.52289926327375e+21 2.95841704609479e+16 2.19099436542787e+10 1.08873454342372e+15 6.16470600657510e+17 1.14160755005066e+16 0.00000000000000e+00 0.00000000000000e+00 0.00000000000000e+00 0.00000000000000e+00 0.00000000000000e+00 0.00000000000000e+00 0.00000000000000e+00 
5.65221442566190e-02 3.46816795673203e+02 3.35613398896414e+02 1.80335730533194e+22 1.46454782830479e+21 3.39526240324372e+19 6.20422572619834e+17 4.30332122952281e+15 1.63084693247704e+21 3.10170677791170e+16 2.35509543721027e+10 1.02933058536848e+15 6.03959968266271e+17 1.14377545386648e+16 0.00000000000000e+00 0.00000000000000e+00 0.00000000000000e+00 0.00000000000000e+00 0.00000000000000e+00 0.00000000000000e+00 0.00000000000000e+00 
6.20860713924741e-02 3.47440580054088e+02 3.35996034034955e+02 1.79356946588764e+22 1.51249756986479e+21 3.45654665396556e+19 5.91818955454570e+17 4.46573924414074e+15 1.72956445818987e+21 3.23192690114462e+16 2.50621082908669e+10 9.80623864431234e+14 5.93842910472073e+17 1.14627846436622e+16 0.00000000000000e+00 0.00000000000000e+00 0.00000000000000e+00 0.00000000000000e+00 0.00000000000000e+00 0.00000000000000e+00 0.00000000000000e+00 
6.76499985283293e-02 3.48004481992324e+02 3.36342726298176e+02 1.78501616180035e+22 1.55248659425921e+21 3.50826573605054e+19 5.67782085045627e+17 4.60801955776645e+15 1.81968933721870e+21 3.35014035390159e+16 2.64504710749030e+10 9.40166055036569e+14 5.85621252586577e+17 1.14910318269519e+16 0.00000000000000e+00 0.00000000000000e+00 0.00000000000000e+00 0.00000000000000e+00 0.00000000000000e+00 0.00000000000000e+00 0.00000000000000e+00 
7.32139256641844e-02 3.48513737367232e+02 3.36656481803954e+02 1.77754001899232e+22 1.58576390189276e+21 3.55198579064342e+19 5.47413086541062e+17 4.73283988624271e+15 1.90184277707330e+21 3.45733400762513e+16 2.77233179598086e+10 9.06054977005193e+14 5.78873627727212e+17 1.15221444774890e+16 0.00000000000000e+00 0.00000000000000e+00 0.00000000000000e+00 0.00000000000000e+00 0.00000000000000e+00 0.00000000000000e+00 0.00000000000000e+00 
8.26792955148085e-02 3.49267844486691e+02 3.36940112591908e+02 1.76692697372600e+22 1.62978513276676e+21 3.61143656968382e+19 5.19388459606626e+17 4.91121772077425e+15 2.02495291852169e+21 3.61687992303381e+16 2.96437414244587e+10 8.59376829772423e+14 5.69958726767082e+17 1.15804690878060e+16 0.00000000000000e+00 0.00000000000000e+00 0.00000000000000e+00 0.00000000000000e+00 0.00000000000000e+00 0.00000000000000e+00 0.00000000000000e+00 
9.21446653654326e-02 3.49899337711037e+02 3.37360600657879e+02 1.75847479486764e+22 1.66162840819921e+21 3.65640512141220e+19 4.97610364489772e+17 5.05496061825183e+15 2.12947235155214e+21 3.75129048677465e+16 3.12864337670623e+10 8.22821577850872e+14 5.63291170751653e+17 1.16425038809808e+16 0.00000000000000e+00 0.00000000000000e+00 0.00000000000000e+00 0.00000000000000e+00 0.00000000000000e+00 0.00000000000000e+00 0.00000000000000e+00 
1.01610035216057e-01 3.50427217817734e+02 3.37713164403260e+02 1.75173039514679e+22 1.68452540598585e+21 3.69055503844484e+19 4.80517130795603e+17 5.17122873319131e+15 2.21793103608281e+21 3.86421974024825e+16 3.26855154257274e+10 7.94085427399152e+14 5.58285094718500e+17 1.17050639148390e+16 0.00000000000000e+00 0.00000000000000e+00 0.00000000000000e+00 0.00000000000000e+00 0.00000000000000e+00 0.00000000000000e+00 0.00000000000000e+00 
1.11075405066681e-01 3.50867726692017e+02 3.38008190033808e+02 1.74634195771129e+22 1.70083795650863e+21 3.71656530695264e+19 4.66957945318554e+17 5.26542130149853e+15 2.29259158309279e+21 3.95888285255087e+16 3.38726406794486e+10 7.71162826392791e+14 5.54524443497975e+17 1.17662635460654e+16 0.00000000000000e+00 0.00000000000000e+00 0.00000000000000e+00 0.00000000000000e+00 0.00000000000000e+00 0.00000000000000e+00 0.00000000000000e+00 
1.20540774917305e-01 3.51234734130085e+02 3.38254598965466e+02 1.74203284686646e+22 1.71231441759558e+21 3.73642831638593e+19 4.56110346166135e+17 5.34185023027038e+15 2.35545283694284e+21 4.03806750864254e+16 3.48765982317906e+10 7.52661417010246e+14 5.51649174958306e+17 1.18247801890779e+16 0.00000000000000e+00 0.00000000000000e+00 0.00000000000000e+00 0.00000000000000e+00 0.00000000000000e+00 0.00000000000000e+00 0.00000000000000e+00 
1.35427757549624e-01 3.51690290972774e+02 3.38460040554579e+02 1.73694516388043e+22 1.72347423056271e+21 3.75856278372663e+19 4.43159985850705e+17 5.43402933561493e+15 2.43447850063207e+21 4.13681335055699e+16 3.61444452945870e+10 7.30314336075755e+14 5.48374752634152e+17 1.19099321037493e+16 0.00000000000000e+00 0.00000000000000e+00 0.00000000000000e+00 0.00000000000000e+00 0.00000000000000e+00 0.00000000000000e+00 0.00000000000000e+00 
1.50314740181944e-01 3.52030485617476e+02 3.38715233552107e+02 1.73334591057248e+22 1.72943201659770e+21 3.77321129069698e+19 4.33835206316010e+17 5.50102521625514e+15 2.49427931893966e+21 4.21089708059598e+16 3.71080863701216e+10 7.14011143983005e+14 5.46133367200719e+17 1.19836647556749e+16 0.00000000000000e+00 0.00000000000000e+00 0.00000000000000e+00 0.00000000000000e+00 0.00000000000000e+00 0.00000000000000e+00 0.00000000000000e+00 
1.65201722814263e-01 3.52284457521348e+02 3.38905934683978e+02 1.73078077833544e+22 1.73242688218403e+21 3.78301365210132e+19 4.27079265380009e+17 5.54995374817127e+15 2.53941344096412e+21 4.26639824572150e+16 3.78377838575624e+10 7.02084641574502e+14 5.44610452555310e+17 1.20451361241701e+16 0.00000000000000e+00 0.00000000000000e+00 0.00000000000000e+00 0.00000000000000e+00 0.00000000000000e+00 0.00000000000000e+00 0.00000000000000e+00 
1.80088705446582e-01 3.52473786726296e+02 3.39048374839484e+02 1.72894671310073e+22 1.73372239705760e+21 3.78961199027372e+19 4.22145236935441e+17 5.58571803427386e+15 2.57338414390500e+21 4.30789898797084e+16 3.83883414380690e+10 6.93284267576218e+14 5.43558731208102e+17 1.20954847705759e+16 0.00000000000000e+00 0.00000000000000e+00 0.00000000000000e+00 0.00000000000000e+00 0.00000000000000e+00 0.00000000000000e+00 0.00000000000000e+00 
1.94975688078902e-01 3.52614635481665e+02 3.39154599608372e+02 1.72763437886033e+22 1.73405791350253e+21 3.79406339548818e+19 4.18519861142394e+17 5.61190688326000e+15 2.59887980640782e+21 4.33886064580315e+16 3.88022888591899e+10 6.86739755971128e+14 5.42803587515400e+17 1.21362397915222e+16 0.00000000000000e+00 0.00000000000000e+00 0.00000000000000e+00 0.00000000000000e+00 0.00000000000000e+00 0.00000000000000e+00 0.00000000000000e+00 
2.20609030068177e-01 3.52775574642229e+02 3.39233645196645e+02 1.72621135052023e+22 1.73351203471855e+21 3.79848714265378e+19 4.14443781135300e+17 5.64131127329897e+15 2.62835366148124e+21 4.37436061734730e+16 3.92815787341836e+10 6.79309856969027e+14 5.41998553847961e+17 1.21879908474660e+16 0.00000000000000e+00 0.00000000000000e+00 0.00000000000000e+00 0.00000000000000e+00 0.00000000000000e+00 0.00000000000000e+00 0.00000000000000e+00 
2.46242372057452e-01 3.52871915336285e+02 3.39323986169778e+02 1.72539850028453e+22 1.73271062953203e+21 3.80080795492794e+19 4.12012274579081e+17 5.65874798645974e+15 2.64617301385977e+21 4.39568287490659e+16 3.95717501251843e+10 6.74806696685508e+14 5.41519935889805e+17 1.22218127390467e+16 0.00000000000000e+00 0.00000000000000e+00 0.00000000000000e+00 0.00000000000000e+00 0.00000000000000e+00 0.00000000000000e+00 0.00000000000000e+00 
2.71875714046727e-01 3.52930576081269e+02 3.39378076100416e+02 1.72491574039865e+22 1.73207515424064e+21 3.80211789188766e+19 4.10536147893165e+17 5.66932224621426e+15 2.65707657150253e+21 4.40868628043793e+16 3.97494553008965e+10 6.72057772240626e+14 5.41230278750360e+17 1.22432631291325e+16 0.00000000000000e+00 0.00000000000000e+00 0.00000000000000e+00 0.00000000000000e+00 0.00000000000000e+00 0.00000000000000e+00 0.00000000000000e+00 
2.97509056036002e-01 3.52966316912513e+02 3.39411014823938e+02 1.72462817072154e+22 1.73160796671835e+21 3.80286214309765e+19 4.09633885039780e+17 5.67573184452642e+15 2.66374967292357e+21 4.41662180072981e+16 3.98582659376784e+10 6.70356177586624e+14 5.41048674182739e+17 1.22568418244619e+16 0.00000000000000e+00 0.00000000000000e+00 0.00000000000000e+00 0.00000000000000e+00 0.00000000000000e+00 0.00000000000000e+00 0.00000000000000e+00 
3.23142398025277e-01 3.52987757331668e+02 3.39431085063578e+02 1.72446152557816e+22 1.73125561431480e+21 3.80326901905779e+19 4.09066630306113e+17 5.67960554306962e+15 2.66778061571966e+21 4.42140239789171e+16 3.99240224583014e+10 6.69256588557632e+14 5.40908981316582e+17 1.22657006383835e+16 0.00000000000000e+00 0.00000000000000e+00 0.00000000000000e+00 0.00000000000000e+00 0.00000000000000e+00 0.00000000000000e+00 0.00000000000000e+00 
3.69782472557260e-01 3.53005377063152e+02 3.39443125139840e+02 1.72433244266613e+22 1.73086879883650e+21 3.80352212916593e+19 4.08655555526241e+17 5.68267771630698e+15 2.67113174900747e+21 4.42532506446891e+16 3.99786619812596e+10 6.68506062872500e+14 5.40858560041006e+17 1.22731628277139e+16 0.00000000000000e+00 0.00000000000000e+00 0.00000000000000e+00 0.00000000000000e+00 0.00000000000000e+00 0.00000000000000e+00 0.00000000000000e+00 
4.16422547089244e-01 3.53012469221403e+02 3.39453019444947e+02 1.72428212260752e+22 1.73069307206488e+21 3.80361429463950e+19 4.08475099763132e+17 5.68390844701941e+15 2.67248820182519e+21 4.42691245166664e+16 4.00007860414073e+10 6.68143674798215e+14 5.40822409145482e+17 1.22763979382470e+16 0.00000000000000e+00 0.00000000000000e+00 0.00000000000000e+00 0.00000000000000e+00 0.00000000000000e+00 0.00000000000000e+00 0.00000000000000e+00 
4.63062621621227e-01 3.53016303169452e+02 3.39457002001543e+02 1.72425297310452e+22 1.73062202259670e+21 3.80368001769017e+19 4.08379953613311e+17 5.68458533661410e+15 2.67321219904040e+21 4.42776618298289e+16 4.00125979687532e+10 6.67976915425336e+14 5.40806611659868e+17 1.22780013967597e+16 0.00000000000000e+00 0.00000000000000e+00 0.00000000000000e+00 0.00000000000000e+00 0.00000000000000e+00 0.00000000000000e+00 0.00000000000000e+00 
5.09702696153210e-01 3.53018291773333e+02 3.39459155094507e+02 1.72423758726610e+22 1.73058859543389e+21 3.80372549716837e+19 4.08300746508227e+17 5.68499871216456e+15 2.67358613838402e+21 4.42821936055999e+16 4.00187130123038e+10 6.67805451251122e+14 5.40763972091657e+17 1.22790706645563e+16 0.00000000000000e+00 0.00000000000000e+00 0.00000000000000e+00 0.00000000000000e+00 0.00000000000000e+00 0.00000000000000e+00 0.00000000000000e+00 
5.56342770685193e-01 3.53018948211953e+02 3.39460271898886e+02 1.72423312977433e+22 1.73056993910272e+21 3.80373056377490e+19 4.08291291374047e+17 5.68514645635813e+15 2.67371254452595e+21 4.42836341403076e+16 4.00207641112465e+10 6.67766543601896e+14 5.40754637045467e+17 1.22792538038962e+16 0.00000000000000e+00 0.00000000000000e+00 0.00000000000000e+00 0.00000000000000e+00 0.00000000000000e+00 0.00000000000000e+00 0.00000000000000e+00 
6.66810024198277e-01 3.53019285441136e+02 3.39460640511726e+02 1.72423111912330e+22 1.73055677726210e+21 3.80372119014667e+19 4.08315045119309e+17 5.68512297385385e+15 2.67377909177031e+21 4.42842809265031e+16 4.00218380299074e+10 6.67843211368526e+14 5.40797377284384e+17 1.22791926448120e+16 0.00000000000000e+00 0.00000000000000e+00 0.00000000000000e+00 0.00000000000000e+00 0.00000000000000e+00 0.00000000000000e+00 0.00000000000000e+00 
7.77277277711361e-01 3.53019027704286e+02 3.39460829851403e+02 1.72423319995349e+22 1.73056000587068e+21 3.80371720245133e+19 4.08315616473683e+17 5.68505632242041e+15 2.67373108590772e+21 4.42837314305051e+16 4.00210564125214e+10 6.67856191176569e+14 5.40800733527430e+17 1.22791640227123e+16 0.00000000000000e+00 0.00000000000000e+00 0.00000000000000e+00 0.00000000000000e+00 0.00000000000000e+00 0.00000000000000e+00 0.00000000000000e+00 
8.87744531224445e-01 3.53018924079194e+02 3.39460685098370e+02 1.72423388639116e+22 1.73056158308281e+21 3.80372563184965e+19 4.08296627828663e+17 5.68511182688425e+15 2.67371417218423e+21 4.42835644186206e+16 4.00206855292648e+10 6.67789377061805e+14 5.40767048486033e+17 1.22793720447418e+16 0.00000000000000e+00 0.00000000000000e+00 0.00000000000000e+00 0.00000000000000e+00 0.00000000000000e+00 0.00000000000000e+00 0.00000000000000e+00 
9.98211784737530e-01 3.53018952008982e+02 3.39460626864138e+02 1.72423376841740e+22 1.73056157951017e+21 3.80372283130848e+19 4.08297950029383e+17 5.68512094035001e+15 2.67371659602126e+21 4.42836319059623e+16 4.00208267586389e+10 6.67787908141475e+14 5.40765880696228e+17 1.22792706647659e+16 0.00000000000000e+00 0.00000000000000e+00 0.00000000000000e+00 0.00000000000000e+00 0.00000000000000e+00 0.00000000000000e+00 0.00000000000000e+00 
1.48221456139468e+00 3.53018976276988e+02 3.39460642592805e+02 1.72423357404035e+22 1.73056124940246e+21 3.80372231522715e+19 4.08300028512936e+17 5.68510955050688e+15 2.67372113216310e+21 4.42836762955677e+16 4.00209006771601e+10 6.67798998723330e+14 5.40771903464166e+17 1.22792540132111e+16 0.00000000000000e+00 0.00000000000000e+00 0.00000000000000e+00 0.00000000000000e+00 0.00000000000000e+00 0.00000000000000e+00 0.00000000000000e+00 
1.96621733805183e+00 3.53018978164190e+02 3.39460656221994e+02 1.72423356631243e+22 1.73056118298192e+21 3.80372237451240e+19 4.08299453689878e+17 5.68510902023669e+15 2.67372142072346e+21 4.42836827987144e+16 4.00209080042321e+10 6.67798362002887e+14 5.40771594582094e+17 1.22792664366380e+16 0.00000000000000e+00 0.00000000000000e+00 0.00000000000000e+00 0.00000000000000e+00 0.00000000000000e+00 0.00000000000000e+00 0.00000000000000e+00 
2.45022011470899e+00 3.53018978276127e+02 3.39460657282876e+02 1.72423356065802e+22 1.73056118272442e+21 3.80372227319384e+19 4.08300044508833e+17 5.68510627734373e+15 2.67372153035617e+21 4.42836807304946e+16 4.00209070978747e+10 6.67801632993277e+14 5.40773189224007e+17 1.22792631751477e+16 0.00000000000000e+00 0.00000000000000e+00 0.00000000000000e+00 0.00000000000000e+00 0.00000000000000e+00 0.00000000000000e+00 0.00000000000000e+00 
7.29024788128050e+00 3.53018978522056e+02 3.39460657344330e+02 1.72423355830643e+22 1.73056117152763e+21 3.80372222113631e+19 4.08300120775493e+17 5.68510465113600e+15 2.67372159491414e+21 4.42836809882482e+16 4.00209076815557e+10 6.67803555293887e+14 5.40774098857685e+17 1.22792652530152e+16 0.00000000000000e+00 0.00000000000000e+00 0.00000000000000e+00 0.00000000000000e+00 0.00000000000000e+00 0.00000000000000e+00 0.00000000000000e+00 
1.21302756478520e+01 3.53018978076680e+02 3.39460657482129e+02 1.72423356282231e+22 1.73056118226111e+21 3.80372238105656e+19 4.08299733637577e+17 5.68510874454158e+15 2.67372148761442e+21 4.42836812627669e+16 4.00209062367306e+10 6.67799356291022e+14 5.40772114957772e+17 1.22792649595185e+16 0.00000000000000e+00 0.00000000000000e+00 0.00000000000000e+00 0.00000000000000e+00 0.00000000000000e+00 0.00000000000000e+00 0.00000000000000e+00 
1.69703034144235e+01 3.53018978363041e+02 3.39460657232437e+02 1.72423356033673e+22 1.73056116873328e+21 3.80372228404786e+19 4.08299912202009e+17 5.68510578816209e+15 2.67372156021392e+21 4.42836813548086e+16 4.00209072166830e+10 6.67802350362192e+14 5.40773520747235e+17 1.22792658784716e+16 0.00000000000000e+00 0.00000000000000e+00 0.00000000000000e+00 0.00000000000000e+00 0.00000000000000e+00 0.00000000000000e+00 0.00000000000000e+00 
6.53705810801387e+01 3.53018978435063e+02 3.39460657392920e+02 1.72423355882963e+22 1.73056115660894e+21 3.80372226244133e+19 4.08299882196037e+17 5.68510475075521e+15 2.67372158367876e+21 4.42836816787015e+16 4.00209075358444e+10 6.67803392096166e+14 5.40774003178505e+17 1.22792663944617e+16 0.00000000000000e+00 0.00000000000000e+00 0.00000000000000e+00 0.00000000000000e+00 0.00000000000000e+00 0.00000000000000e+00 0.00000000000000e+00 
1.13770858745854e+02 3.53018978091744e+02 3.39460657433169e+02 1.72423356108573e+22 1.73056118383329e+21 3.80372235773468e+19 4.08299812886462e+17 5.68510842109307e+15 2.67372149400471e+21 4.42836810727656e+16 4.00209063454365e+10 6.67799657241319e+14 5.40772261299705e+17 1.22792650678313e+16 0.00000000000000e+00 0.00000000000000e+00 0.00000000000000e+00 0.00000000000000e+00 0.00000000000000e+00 0.00000000000000e+00 0.00000000000000e+00 
1.62171136411569e+02 3.53018978303530e+02 3.39460657240812e+02 1.72423355948150e+22 1.73056116299086e+21 3.80372230094234e+19 4.08299818838269e+17 5.68510599216807e+15 2.67372155200695e+21 4.42836816108969e+16 4.00209071359074e+10 6.67802128594867e+14 5.40773410286284e+17 1.22792659816701e+16 0.00000000000000e+00 0.00000000000000e+00 0.00000000000000e+00 0.00000000000000e+00 0.00000000000000e+00 0.00000000000000e+00 0.00000000000000e+00 
2.62171136411569e+02 3.53018978213765e+02 3.39460657359419e+02 1.72423355923326e+22 1.73056116858579e+21 3.80372231947546e+19 4.08299806470641e+17 5.68510682278664e+15 2.67372153058340e+21 4.42836814488907e+16 4.00209068493580e+10 6.67801280691213e+14 5.40773015155958e+17 1.22792656670619e+16 0.00000000000000e+00 0.00000000000000e+00 0.00000000000000e+00 0.00000000000000e+00 0.00000000000000e+00 0.00000000000000e+00 0.00000000000000e+00 
3.62171136411569e+02 3.53018978170591e+02 3.39460657309074e+02 1.72423355914091e+22 1.73056117300380e+21 3.80372232734902e+19 4.08299817259498e+17 5.68510727658612e+15 2.67372151968696e+21 4.42836813217025e+16 4.00209067189595e+10 6.67800818823377e+14 5.40772801320003e+17 1.22792654931694e+16 0.00000000000000e+00 0.00000000000000e+00 0.00000000000000e+00 0.00000000000000e+00 0.00000000000000e+00 0.00000000000000e+00 0.00000000000000e+00 
4.62171136411569e+02 3.53018978168852e+02 3.39460657284874e+02 1.72423355906576e+22 1.73056117216933e+21 3.80372232788780e+19 4.08299809011765e+17 5.68510725403668e+15 2.67372151983644e+21 4.42836813514748e+16 4.00209067221914e+10 6.67800841012240e+14 5.40772810927355e+17 1.22792655011732e+16 0.00000000000000e+00 0.00000000000000e+00 0.00000000000000e+00 0.00000000000000e+00 0.00000000000000e+00 0.00000000000000e+00 0.00000000000000e+00 
5.62171136411569e+02 3.53018978157310e+02 3.39460657283887e+02 1.72423355908390e+22 1.73056117389882e+21 3.80372232977022e+19 4.08299816715223e+17 5.68510739900648e+15 2.67372151650593e+21 4.42836812931984e+16 4.00209066763486e+10 6.67800693934563e+14 5.40772743237424e+17 1.22792654462234e+16 0.00000000000000e+00 0.00000000000000e+00 0.00000000000000e+00 0.00000000000000e+00 0.00000000000000e+00 0.00000000000000e+00 0.00000000000000e+00 
6.62171136411569e+02 3.53018978163585e+02 3.39460657277425e+02 1.72423355904733e+22 1.73056117268027e+21 3.80372232876430e+19 4.08299810328787e+17 5.68510730825516e+15 2.67372151849532e+21 4.42836813336865e+16 4.00209067033913e+10 6.67800785867787e+14 5.40772785402488e+17 1.22792654803528e+16 0.00000000000000e+00 0.00000000000000e+00 0.00000000000000e+00 0.00000000000000e+00 0.00000000000000e+00 0.00000000000000e+00 0.00000000000000e+00 
7.62171136411569e+02 3.53018978156534e+02 3.39460657280934e+02 1.72423355907565e+22 1.73056117387339e+21 3.80372232993662e+19 4.08299815995600e+17 5.68510740309008e+15 2.67372151636428e+21 4.42836812941777e+16 4.00209066743604e+10 6.67800689714102e+14 5.40772741216325e+17 1.22792654445827e+16 0.00000000000000e+00 0.00000000000000e+00 0.00000000000000e+00 0.00000000000000e+00 0.00000000000000e+00 0.00000000000000e+00 0.00000000000000e+00 
8.62171136411569e+02 3.53018978162493e+02 3.39460657276989e+02 1.72423355904648e+22 1.73056117284120e+21 3.80372232891811e+19 4.08299811098148e+17 5.68510732161476e+15 2.67372151818504e+21 4.42836813281086e+16 4.00209066991648e+10 6.67800772301989e+14 5.40772779163857e+17 1.22792654752429e+16 0.00000000000000e+00 0.00000000000000e+00 0.00000000000000e+00 0.00000000000000e+00 0.00000000000000e+00 0.00000000000000e+00 0.00000000000000e+00 
9.62171136411569e+02 3.53018978156950e+02 3.39460657280323e+02 1.72423355907310e+22 1.73056117377604e+21 3.80372232988441e+19 4.08299815403020e+17 5.68510739650531e+15 2.67372151650445e+21 4.42836812975114e+16 4.00209066762720e+10 6.67800696374021e+14 5.40772744259731e+17 1.22792654470614e+16 0.00000000000000e+00 0.00000000000000e+00 0.00000000000000e+00 0.00000000000000e+00 0.00000000000000e+00 0.00000000000000e+00 0.00000000000000e+00 
1.00000000000000e+03 3.53018978159408e+02 3.39460657277221e+02 1.72423355907695e+22 1.73056117341775e+21 3.80372232954182e+19 4.08299813685113e+17 5.68510736672122e+15 2.67372151719228e+21 4.42836813096742e+16 4.00209066853356e+10 6.67800726626027e+14 5.40772758167685e+17 1.22792654584467e+16 0.00000000000000e+00 0.00000000000000e+00 0.00000000000000e+00 0.00000000000000e+00 0.00000000000000e+00 0.00000000000000e+00 0.00000000000000e+00 
