Time(s)              GasTemp(K)           NearWallTemp(K)      [O2(X)](m^-3)        [O2(a1Dg)](m^-3)     [O2(b1Sg+)](m^-3)    [O2(A3Su+_C3Du_c1Su-)](m^-3) [O2(+,X)](m^-3)      [O(3P)](m^-3)        [O(1D)](m^-3)        [O(+,gnd)](m^-3)     [O(-,gnd)](m^-3)     [O3(X)](m^-3)        [O3(exc)](m^-3)      [CO2(X)](m^-3)       [CO2(e1)](m^-3)      [CO2(+,X)](m^-3)     [CO(X)](m^-3)        [CO(a3P)](m^-3)      [CO(+,X)](m^-3)      [C(X)](m^-3)        
0.00000000000000e+00 3.09050308250000e+02 2.92055138712500e+02 9.10458670147097e+19 9.10458670147097e-06 9.10458670147097e-06 9.10458670147097e-06 0.00000000000000e+00 0.00000000000000e+00 0.00000000000000e+00 0.00000000000000e+00 0.00000000000000e+00 0.00000000000000e+00 0.00000000000000e+00 0.00000000000000e+00 0.00000000000000e+00 0.00000000000000e+00 0.00000000000000e+00 0.00000000000000e+00 0.00000000000000e+00 0.00000000000000e+00 
2.86385946742001e-14 3.09050308043959e+02 2.94175911650123e+02 9.10458670146963e+19 4.47063921528360e+06 1.05073850451081e+06 2.02380545150462e+06 5.83686008612135e+03 8.69551081033649e+06 2.77032390499956e+06 2.65674606661428e+00 2.36461712567247e+05 5.20301025083602e-07 6.38245478420662e-13 0.00000000000000e+00 0.00000000000000e+00 0.00000000000000e+00 0.00000000000000e+00 0.00000000000000e+00 0.00000000000000e+00 0.00000000000000e+00 
5.72771893484001e-14 3.09050307837918e+02 2.94175911538740e+02 9.10458670146829e+19 8.94127843056325e+06 2.10147700914234e+06 4.04761090076866e+06 1.16737201722357e+04 1.73910216253341e+07 5.54064780533494e+06 5.31349213334412e+00 4.72923425133611e+05 1.64213150533218e-06 2.01437813655810e-12 0.00000000000000e+00 0.00000000000000e+00 0.00000000000000e+00 0.00000000000000e+00 0.00000000000000e+00 0.00000000000000e+00 0.00000000000000e+00 
8.59157840226002e-14 3.09050307631877e+02 2.94175911427357e+02 9.10458670146695e+19 1.34119176458482e+07 3.15221551390644e+06 6.07141634775417e+06 1.75105802583429e+04 2.60865324450911e+07 8.31097170090780e+06 7.97023820019194e+00 7.09385137699075e+05 3.37817267245119e-06 4.14395385396975e-12 0.00000000000000e+00 0.00000000000000e+00 0.00000000000000e+00 0.00000000000000e+00 0.00000000000000e+00 0.00000000000000e+00 0.00000000000000e+00 
2.45315277879702e-13 3.09050306485073e+02 2.94175911315975e+02 9.10458670145949e+19 3.82950390504998e+07 9.00051874968274e+06 1.73357107887455e+07 4.99979475339042e+04 7.44848579084480e+07 2.37303115616704e+07 2.27574155473516e+01 2.02550688626476e+06 2.36614863966493e-05 2.90251914307044e-11 0.00000000000000e+00 0.00000000000000e+00 0.00000000000000e+00 0.00000000000000e+00 0.00000000000000e+00 0.00000000000000e+00 0.00000000000000e+00 
4.04714771736803e-13 3.09050305338269e+02 2.94175910696029e+02 9.10458670145203e+19 6.31781604553123e+07 1.48488219895101e+07 2.86000051601057e+07 8.24853148092472e+04 1.22883183517251e+08 3.91496512768920e+07 3.75445928981169e+01 3.34162863480291e+06 6.27149171357589e-05 7.69314511990733e-11 0.00000000000000e+00 0.00000000000000e+00 0.00000000000000e+00 0.00000000000000e+00 0.00000000000000e+00 0.00000000000000e+00 0.00000000000000e+00 
5.64114265593904e-13 3.09050304191465e+02 2.94175910076084e+02 9.10458670144457e+19 8.80612818602876e+07 2.06971252334388e+07 3.98642994609717e+07 1.14972682084369e+05 1.71281509273302e+08 5.45689908447682e+07 5.23317702525328e+01 4.65775038331319e+06 1.20771148557951e-04 1.48148163149480e-10 0.00000000000000e+00 0.00000000000000e+00 0.00000000000000e+00 0.00000000000000e+00 0.00000000000000e+00 0.00000000000000e+00 0.00000000000000e+00 
7.23513759451006e-13 3.09050303044662e+02 2.94175909456139e+02 9.10458670143711e+19 1.12944403265427e+08 2.65454284814864e+07 5.11285936910398e+07 1.47460049359269e+05 2.19679835177236e+08 6.99883302646644e+07 6.71189476106148e+01 5.97387213179548e+06 1.97912036063467e-04 2.42775738512281e-10 0.00000000000000e+00 0.00000000000000e+00 0.00000000000000e+00 0.00000000000000e+00 0.00000000000000e+00 0.00000000000000e+00 0.00000000000000e+00 
1.27942697264307e-12 3.09050299045130e+02 2.94175908836194e+02 9.10458670141110e+19 1.99725456580340e+08 4.69416604695319e+07 9.04133477379848e+07 2.60761266901742e+05 3.88471268574955e+08 1.23763998744130e+08 1.18689922428886e+02 1.05639084764009e+07 6.16430772595662e-04 7.56166440040909e-10 0.00000000000000e+00 0.00000000000000e+00 0.00000000000000e+00 0.00000000000000e+00 0.00000000000000e+00 0.00000000000000e+00 0.00000000000000e+00 
1.83534018583514e-12 3.09050295045600e+02 2.94175906674106e+02 9.10458670138508e+19 2.86506509897244e+08 6.73378925077166e+07 1.29698100923122e+08 3.74062484441514e+05 5.57262703772822e+08 1.77539665422266e+08 1.70260897291784e+02 1.51539448206655e+07 1.26726298415393e-03 1.55453264611686e-09 0.00000000000000e+00 0.00000000000000e+00 0.00000000000000e+00 0.00000000000000e+00 0.00000000000000e+00 0.00000000000000e+00 0.00000000000000e+00 
2.39125339902721e-12 3.09050291046070e+02 2.94175904512019e+02 9.10458670135907e+19 3.73287563216139e+08 8.77341245960421e+07 1.68982853246424e+08 4.87363701978585e+05 7.26054140770891e+08 2.31315330299017e+08 2.21831872199312e+02 1.97439811645893e+07 2.15041596360909e-03 2.63788332071006e-09 0.00000000000000e+00 0.00000000000000e+00 0.00000000000000e+00 0.00000000000000e+00 0.00000000000000e+00 0.00000000000000e+00 0.00000000000000e+00 
2.94716661221928e-12 3.09050287046540e+02 2.94175902349932e+02 9.10458670133305e+19 4.60068616537024e+08 1.08130356734508e+08 2.08267604707895e+08 6.00664919512954e+05 8.94845579569159e+08 2.85090993374387e+08 2.73402847151468e+02 2.43340175081724e+07 3.26588902331221e-03 4.00621763881132e-09 0.00000000000000e+00 0.00000000000000e+00 0.00000000000000e+00 0.00000000000000e+00 0.00000000000000e+00 0.00000000000000e+00 0.00000000000000e+00 
8.50629874413997e-12 3.09050247051274e+02 2.94175900187846e+02 9.10458670107290e+19 1.32787914985538e+09 3.12092680876883e+08 6.01115071922211e+08 1.73367709470807e+06 2.58276006656190e+09 8.22847525052990e+08 7.89112599127594e+02 7.02343809252607e+07 2.71981229259066e-02 3.33635438716639e-08 0.00000000000000e+00 0.00000000000000e+00 0.00000000000000e+00 0.00000000000000e+00 0.00000000000000e+00 0.00000000000000e+00 0.00000000000000e+00 
1.40654308760607e-11 3.09050207056061e+02 2.94175878566998e+02 9.10458670081274e+19 2.19568968337282e+09 5.16055010033286e+08 9.93962452953898e+08 2.86668926963306e+06 4.27067473357318e+09 1.36060387659483e+09 1.30482235556657e+03 1.16134744308272e+08 7.43622139047257e-02 9.12190704031687e-08 0.00000000000000e+00 0.00000000000000e+00 0.00000000000000e+00 0.00000000000000e+00 0.00000000000000e+00 0.00000000000000e+00 0.00000000000000e+00 
1.96245630079813e-11 3.09050167060902e+02 2.94175856946181e+02 9.10458670055259e+19 3.06350021708935e+09 7.20017344203714e+08 1.38680974780304e+09 3.99970144428791e+06 5.95858958060279e+09 1.89836004800008e+09 1.82053211646839e+03 1.62035107657206e+08 1.44758147176221e-01 1.77572796746392e-07 0.00000000000000e+00 0.00000000000000e+00 0.00000000000000e+00 0.00000000000000e+00 0.00000000000000e+00 0.00000000000000e+00 0.00000000000000e+00 
2.51836951399020e-11 3.09050127065797e+02 2.94175835325395e+02 9.10458670029244e+19 3.93131075100496e+09 9.23979683388164e+08 1.77965695646966e+09 5.13271361867264e+06 7.64650460765065e+09 2.43611603926885e+09 2.33624188183305e+03 2.07935470972063e+08 2.38385920358558e-01 2.92424738463440e-07 0.00000000000000e+00 0.00000000000000e+00 0.00000000000000e+00 0.00000000000000e+00 0.00000000000000e+00 0.00000000000000e+00 0.00000000000000e+00 
8.07750164591089e-11 3.09049727117700e+02 2.94175813704641e+02 9.10458669769090e+19 1.26094161011108e+10 2.96360335100304e+09 5.70812430310708e+09 1.64628353476626e+07 2.45256647791065e+10 7.81366604447622e+09 7.49333978093628e+03 6.66939102246385e+08 2.45241491169910e+00 3.00835276804323e-06 0.00000000000000e+00 0.00000000000000e+00 0.00000000000000e+00 0.00000000000000e+00 0.00000000000000e+00 0.00000000000000e+00 0.00000000000000e+00 
1.36366337778316e-10 3.09049327174976e+02 2.94175597498812e+02 9.10458669508936e+19 2.12875214711252e+10 5.00322752001751e+09 9.63658303152317e+09 2.77929570496394e+07 4.14048429523029e+10 1.31911980361191e+10 1.26504381263243e+04 1.12594273011299e+09 6.98962801902874e+00 8.57412360406686e-06 0.00000000000000e+00 0.00000000000000e+00 0.00000000000000e+00 0.00000000000000e+00 0.00000000000000e+00 0.00000000000000e+00 0.00000000000000e+00 
1.91957659097523e-10 3.09048927237626e+02 2.94175381296104e+02 9.10458669248782e+19 2.99656268610480e+10 7.04285219042946e+09 1.35650331417432e+10 3.91230787246028e+07 5.82840391271691e+10 1.85687120142683e+10 1.78075369179974e+04 1.58494635457187e+09 1.38500252920392e+01 1.69897549551978e-05 0.00000000000000e+00 0.00000000000000e+00 0.00000000000000e+00 0.00000000000000e+00 0.00000000000000e+00 0.00000000000000e+00 0.00000000000000e+00 
2.47548980416730e-10 3.09048527305648e+02 2.94175165096515e+02 9.10458668988629e+19 3.86437322708792e+10 9.08247736223666e+09 1.74934746337937e+10 5.04532003725530e+07 7.51632533036307e+10 2.39462079789981e+10 2.29646361559557e+04 2.04394997562303e+09 2.30336067754197e+01 2.82552653596804e-05 0.00000000000000e+00 0.00000000000000e+00 0.00000000000000e+00 0.00000000000000e+00 0.00000000000000e+00 0.00000000000000e+00 0.00000000000000e+00 
8.03462193608798e-10 3.09044528281362e+02 2.94174948900047e+02 9.10458666387097e+19 1.25424787464122e+11 2.94787566562402e+10 5.67774155645624e+10 1.63754415366302e+08 2.43956385129129e+11 7.77201769151000e+10 7.45356530813172e+04 6.63398599870946e+09 2.42644568755379e+02 2.97660423843385e-04 0.00000000000000e+00 0.00000000000000e+00 0.00000000000000e+00 0.00000000000000e+00 0.00000000000000e+00 0.00000000000000e+00 0.00000000000000e+00 
1.35937540680087e-09 3.09040529794292e+02 2.94172787106937e+02 9.10458663785573e+19 2.12205844648110e+11 4.98750860872201e+10 9.60604947086530e+10 2.77055627658658e+08 4.12751317029336e+11 1.31492344594100e+11 1.26106714635483e+05 1.12240216810223e+10 6.94574000983085e+02 8.52074661820013e-04 0.00000000000000e+00 0.00000000000000e+00 0.00000000000000e+00 0.00000000000000e+00 0.00000000000000e+00 0.00000000000000e+00 0.00000000000000e+00 
1.91528861999294e-09 3.09036531844363e+02 2.94170625625761e+02 9.10458661184058e+19 2.98986903822766e+11 7.02714656530467e+10 1.35342712091368e+11 3.90356837249570e+08 5.81548048933351e+11 1.85262711086896e+11 1.77677820818683e+05 1.58140570225603e+10 1.37882194461011e+03 1.69151567432645e-03 0.00000000000000e+00 0.00000000000000e+00 0.00000000000000e+00 0.00000000000000e+00 0.00000000000000e+00 0.00000000000000e+00 0.00000000000000e+00 
2.47120183318500e-09 3.09032534431501e+02 2.94168464456471e+02 9.10458658582550e+19 3.85767964988009e+11 9.06678953514895e+10 1.74624067739208e+11 5.03658044138986e+08 7.50346580766921e+11 2.39031276467738e+11 2.29248971631159e+05 2.04040920233222e+10 2.29538844274041e+03 2.81600199289388e-03 0.00000000000000e+00 0.00000000000000e+00 0.00000000000000e+00 0.00000000000000e+00 0.00000000000000e+00 0.00000000000000e+00 0.00000000000000e+00 
7.86176408334791e-09 3.08993800278559e+02 2.94166303599016e+02 9.10458633356753e+19 1.22726400902247e+12 2.88449970816315e+11 5.55481630276600e+11 1.60231358311557e+09 2.38724035674755e+12 7.60319263056502e+11 7.29324844798184e+05 6.49125854174151e+10 2.32316484239323e+04 2.85066633569758e-02 0.00000000000000e+00 0.00000000000000e+00 0.00000000000000e+00 0.00000000000000e+00 0.00000000000000e+00 0.00000000000000e+00 0.00000000000000e+00 
1.32523263335108e-08 3.08955116547536e+02 2.94145366424950e+02 9.10458608131717e+19 2.06876024014546e+12 4.86236757871528e+11 9.36258192840378e+11 2.70096886802441e+09 4.02430330059662e+12 1.28143797059577e+12 1.22940491458077e+06 1.09421046767995e+11 6.60122468958180e+04 8.10180204284055e-02 0.00000000000000e+00 0.00000000000000e+00 0.00000000000000e+00 0.00000000000000e+00 0.00000000000000e+00 0.00000000000000e+00 0.00000000000000e+00 
1.86428885836737e-08 3.08916483168715e+02 2.94124458522119e+02 9.10458582907442e+19 2.91025665828339e+12 6.84028254479411e+11 1.31695377959899e+12 3.79962389881722e+09 5.66153534458295e+12 1.80238746681377e+12 1.72948918120042e+06 1.53929476073930e+11 1.30637223225390e+05 1.60366972786506e-01 0.00000000000000e+00 0.00000000000000e+00 0.00000000000000e+00 0.00000000000000e+00 0.00000000000000e+00 0.00000000000000e+00 0.00000000000000e+00 
2.40334508338366e-08 3.08877900072505e+02 2.94103579845364e+02 9.10458557683928e+19 3.75175326336273e+12 8.81824458602509e+11 1.69756841469241e+12 4.89827867544572e+09 7.29893642104965e+12 2.32316781936446e+12 2.22957764487923e+06 1.98437873334087e+11 2.17106616768075e+05 2.66570398783350e-01 0.00000000000000e+00 0.00000000000000e+00 0.00000000000000e+00 0.00000000000000e+00 0.00000000000000e+00 0.00000000000000e+00 0.00000000000000e+00 
2.94240130839995e-08 3.08839367189446e+02 2.94082730349618e+02 9.10458532461175e+19 4.59325005530993e+12 1.07962536820362e+12 2.07810212223243e+12 5.99693319786164e+09 8.93650646241334e+12 2.84377909582826e+12 2.72967030583988e+06 2.42946238547335e+11 3.25420466867947e+05 3.99645155722711e-01 0.00000000000000e+00 0.00000000000000e+00 0.00000000000000e+00 0.00000000000000e+00 0.00000000000000e+00 0.00000000000000e+00 0.00000000000000e+00 
8.33296355856286e-08 3.08456784932776e+02 2.94061909989903e+02 9.10458280275436e+19 1.30082282363456e+13 3.05789281697984e+12 5.87899346015198e+12 1.69834644296953e+10 2.53214851450621e+13 8.04060747534163e+12 7.73082781572099e+06 6.88028127850479e+11 2.61001273292688e+06 3.21200415179103e+00 0.00000000000000e+00 0.00000000000000e+00 0.00000000000000e+00 0.00000000000000e+00 0.00000000000000e+00 0.00000000000000e+00 0.00000000000000e+00 
1.37235258087258e-07 3.08079148424066e+02 2.93855299066342e+02 9.10458028165531e+19 2.14232250233268e+13 5.03662857042093e+12 9.67181839694206e+12 2.79699701870837e+10 4.17232864067439e+13 1.32206021534697e+13 1.27324053037289e+07 1.13310681121584e+12 7.07909392678609e+06 8.72990964114995e+00 0.00000000000000e+00 0.00000000000000e+00 0.00000000000000e+00 0.00000000000000e+00 0.00000000000000e+00 0.00000000000000e+00 0.00000000000000e+00 
1.91140880588887e-07 3.07706389842517e+02 2.93651552884228e+02 9.10457776131244e+19 2.98382403427943e+13 7.01583058694568e+12 1.34566007161807e+13 3.89564504215879e+10 5.81418435024551e+13 1.83838298720513e+13 1.77344030023182e+07 1.57818228750844e+12 1.37327033817491e+07 1.69699648633200e+01 0.00000000000000e+00 0.00000000000000e+00 0.00000000000000e+00 0.00000000000000e+00 0.00000000000000e+00 0.00000000000000e+00 0.00000000000000e+00 
2.45046503090516e-07 3.07338442415274e+02 2.93450627702202e+02 9.10457524172359e+19 3.82532741213304e+13 8.99549682221611e+12 1.72333639925261e+13 4.99429050846650e+10 7.45770902214317e+13 2.35303568385566e+13 2.27368211501996e+07 2.02325455559149e+12 2.25708804249050e+07 2.79486082641863e+01 0.00000000000000e+00 0.00000000000000e+00 0.00000000000000e+00 0.00000000000000e+00 0.00000000000000e+00 0.00000000000000e+00 0.00000000000000e+00 
2.98952125592145e-07 3.06975240396057e+02 2.93252480549751e+02 9.10457272288664e+19 4.66683262855615e+13 1.09756252293006e+13 2.10021315960111e+13 6.09293341276708e+10 9.10289608770743e+13 2.86602487361649e+13 2.77396599922052e+07 2.46832361432638e+12 3.35936643771896e+07 4.16821142344876e+01 0.00000000000000e+00 0.00000000000000e+00 0.00000000000000e+00 0.00000000000000e+00 0.00000000000000e+00 0.00000000000000e+00 0.00000000000000e+00 
8.29587771655532e-07 3.03639976771574e+02 2.93057069210125e+02 9.10454796767880e+19 1.29505301348864e+14 3.04918286969380e+13 5.76791496196644e+13 1.69076060512821e+11 2.53851447018733e+14 7.82835133994081e+13 7.70090650784708e+07 6.84931858505814e+12 2.58704758245943e+08 3.27229113316661e+02 0.00000000000000e+00 0.00000000000000e+00 0.00000000000000e+00 0.00000000000000e+00 0.00000000000000e+00 0.00000000000000e+00 0.00000000000000e+00 
1.36022341771892e-06 3.00701774924106e+02 2.91271052156467e+02 9.10452328322444e+19 2.12343981262546e+14 5.00506536122572e+13 9.36046889956375e+13 2.77220252592174e+11 4.18219014273672e+14 1.26360613892577e+14 1.26319530116224e+08 1.12300013611092e+13 6.95545991355137e+08 8.95724396769659e+02 0.00000000000000e+00 0.00000000000000e+00 0.00000000000000e+00 0.00000000000000e+00 0.00000000000000e+00 0.00000000000000e+00 0.00000000000000e+00 
1.89085906378231e-06 2.98183476919445e+02 2.89710407183533e+02 9.10449866762699e+19 2.95184297381304e+14 6.96501909179119e+13 1.28799694910174e+14 3.85361862715849e+11 5.84073357702531e+14 1.72949852895800e+14 1.75671366848576e+08 1.56103708307156e+13 1.34415477612356e+09 1.76027652484422e+03 0.00000000000000e+00 0.00000000000000e+00 0.00000000000000e+00 0.00000000000000e+00 0.00000000000000e+00 0.00000000000000e+00 0.00000000000000e+00 
2.42149470984569e-06 2.96032585273051e+02 2.87686133302408e+02 9.10447411930127e+19 3.78026180312126e+14 8.92884250839698e+13 1.63282107501108e+14 4.93500842749102e+11 7.51362929235492e+14 2.18102772734136e+14 2.25064982100273e+08 1.99904258679378e+13 2.20456846616598e+09 2.93093542749091e+03 0.00000000000000e+00 0.00000000000000e+00 0.00000000000000e+00 0.00000000000000e+00 0.00000000000000e+00 0.00000000000000e+00 0.00000000000000e+00 
2.95213035590908e-06 2.94147133615809e+02 2.86614597747501e+02 9.10444963680848e+19 4.60869562190200e+14 1.08963348271099e+14 1.97068394792711e+14 6.01637144086280e+11 9.20039921860382e+14 2.61867172889875e+14 2.74500760667261e+08 2.43701653331223e+13 3.27682435711845e+09 4.41790697092768e+03 0.00000000000000e+00 0.00000000000000e+00 0.00000000000000e+00 0.00000000000000e+00 0.00000000000000e+00 0.00000000000000e+00 0.00000000000000e+00 
3.48276600197247e-06 2.92457296757947e+02 2.85684195266137e+02 9.10442521876346e+19 5.43714376849783e+14 1.28673001579917e+14 2.30174437781705e+14 7.09770717776269e+11 1.09005850525833e+15 3.04288876254769e+14 3.23979082925719e+08 2.87495880737591e+13 4.56095968553727e+09 6.23091348444953e+03 0.00000000000000e+00 0.00000000000000e+00 0.00000000000000e+00 0.00000000000000e+00 0.00000000000000e+00 0.00000000000000e+00 0.00000000000000e+00 
4.74806189870707e-06 2.89160183285573e+02 2.84857529363448e+02 9.10436724675450e+19 7.41262485988017e+14 1.75799237415259e+14 3.06456993053491e+14 9.67602949009163e+11 1.50063099576172e+15 4.00273821294926e+14 4.42134066457409e+08 3.91909970193998e+13 8.47815174556355e+09 1.19070923594702e+04 0.00000000000000e+00 0.00000000000000e+00 0.00000000000000e+00 0.00000000000000e+00 0.00000000000000e+00 0.00000000000000e+00 0.00000000000000e+00 
6.01335779544168e-06 2.86623228086157e+02 2.83264693340047e+02 9.10430961716334e+19 9.38817513230441e+14 2.23086435097690e+14 3.79149824715583e+14 1.22541872210000e+12 1.91803467576457e+15 4.89421148189305e+14 5.60539409308882e+08 4.96305824261158e+13 1.36007610726828e+10 1.95621757553651e+04 0.00000000000000e+00 0.00000000000000e+00 0.00000000000000e+00 0.00000000000000e+00 0.00000000000000e+00 0.00000000000000e+00 0.00000000000000e+00 
7.27865369217628e-06 2.84672860489297e+02 2.82057690486273e+02 9.10425231458213e+19 1.13637864455971e+15 2.70510345130354e+14 4.48432131783863e+14 1.48321736430802e+12 2.34176343862528e+15 5.72236865469265e+14 6.79200982669767e+08 6.00683279305083e+13 1.99292883985326e+10 2.92637185236866e+04 0.00000000000000e+00 0.00000000000000e+00 0.00000000000000e+00 0.00000000000000e+00 0.00000000000000e+00 0.00000000000000e+00 0.00000000000000e+00 
8.54394958891089e-06 2.83181299222174e+02 2.81141083219165e+02 9.10419532488761e+19 1.33394511387790e+15 3.18048102960721e+14 5.14468834767158e+14 1.74099820145135e+12 2.77135880515266e+15 6.49179354800768e+14 7.98124541664819e+08 7.05042168503958e+13 2.74642323398193e+10 4.10604012162284e+04 0.00000000000000e+00 0.00000000000000e+00 0.00000000000000e+00 0.00000000000000e+00 0.00000000000000e+00 0.00000000000000e+00 0.00000000000000e+00 
9.80924548564549e-06 2.82041294152695e+02 2.80446884945556e+02 9.10413863493819e+19 1.53151620155038e+15 3.65678234639789e+14 5.77413599140790e+14 1.99876055958535e+12 3.20640144583804e+15 7.20667850117447e+14 9.17315610775483e+08 8.09382322274856e+13 3.62060894073584e+10 5.49868732026276e+04 0.00000000000000e+00 0.00000000000000e+00 0.00000000000000e+00 0.00000000000000e+00 0.00000000000000e+00 0.00000000000000e+00 0.00000000000000e+00 
1.24534380129996e-05 2.80468321828530e+02 2.79920339902187e+02 9.10402108026615e+19 1.94440874932410e+15 4.65428187119624e+14 6.99587725920332e+14 2.53736506641947e+12 4.13150847485097e+15 8.54078355007998e+14 1.16728467310646e+09 1.02736924215529e+14 5.83733357884565e+10 9.10535647481835e+04 0.00000000000000e+00 0.00000000000000e+00 0.00000000000000e+00 0.00000000000000e+00 0.00000000000000e+00 0.00000000000000e+00 0.00000000000000e+00 
1.50976305403536e-05 2.79555608550949e+02 2.79199643397430e+02 9.10390467632738e+19 2.35731301708323e+15 5.65331153853745e+14 8.10101430443058e+14 3.07587981040876e+12 5.07560377666075e+15 9.68470060981206e+14 1.41848642695901e+09 1.24527198805496e+14 8.58180364834120e+10 1.36672188429319e+05 0.00000000000000e+00 0.00000000000000e+00 0.00000000000000e+00 0.00000000000000e+00 0.00000000000000e+00 0.00000000000000e+00 0.00000000000000e+00 
1.77418230677077e-05 2.79006819014712e+02 2.78784601310608e+02 9.10378932686187e+19 2.77022415000570e+15 6.65245097613179e+14 9.10064636779618e+14 3.61429867934382e+12 6.03596148297272e+15 1.06656813445348e+15 1.67095588571787e+09 1.46308893057767e+14 1.18544633695756e+11 1.91941710006215e+05 0.00000000000000e+00 0.00000000000000e+00 0.00000000000000e+00 0.00000000000000e+00 0.00000000000000e+00 0.00000000000000e+00 0.00000000000000e+00 
2.03860155950617e-05 2.78676206958362e+02 2.78536170753116e+02 9.10367494439239e+19 3.18313799444091e+15 7.65050300906125e+14 1.00047638088478e+15 4.15261557303639e+12 7.01026697126349e+15 1.15068657770210e+15 1.92472069267288e+09 1.68081841191668e+14 1.56557525388952e+11 2.56923752784682e+05 0.00000000000000e+00 0.00000000000000e+00 0.00000000000000e+00 0.00000000000000e+00 0.00000000000000e+00 0.00000000000000e+00 0.00000000000000e+00 
2.30302081224158e-05 2.78482743691512e+02 2.78386916384759e+02 9.10356144904394e+19 3.59605097925198e+15 8.64645559607221e+14 1.08224054688765e+15 4.69082440106709e+12 7.99654032595965e+15 1.22280475520202e+15 2.17980218963267e+09 1.89845875303810e+14 1.99861065425391e+11 3.31659417838385e+05 0.00000000000000e+00 0.00000000000000e+00 0.00000000000000e+00 0.00000000000000e+00 0.00000000000000e+00 0.00000000000000e+00 0.00000000000000e+00 
2.84602151792122e-05 2.78327830461547e+02 2.78299721154400e+02 9.10333086716100e+19 4.44397768096786e+15 1.06818079873243e+15 1.22631816624982e+15 5.79570375858334e+12 1.00528062133079e+16 1.33990544928804e+15 2.70781235088009e+09 2.34510947512655e+14 3.05393554709704e+11 5.15804501402247e+05 0.00000000000000e+00 0.00000000000000e+00 0.00000000000000e+00 0.00000000000000e+00 0.00000000000000e+00 0.00000000000000e+00 0.00000000000000e+00 
3.38902222360087e-05 2.78276195711054e+02 2.78229977265247e+02 9.10310317150888e+19 5.29186655377694e+15 1.26989920829040e+15 1.34344617346491e+15 6.90004912013629e+12 1.21407502120841e+16 1.42518570987782e+15 3.24152055577861e+09 2.79136230739975e+14 4.33292100833144e+11 7.41349084038353e+05 0.00000000000000e+00 0.00000000000000e+00 0.00000000000000e+00 0.00000000000000e+00 0.00000000000000e+00 0.00000000000000e+00 0.00000000000000e+00 
3.93202292928051e-05 2.78243981056838e+02 2.78206745797210e+02 9.10287789651106e+19 6.13970127782360e+15 1.46938371273160e+15 1.43871598521902e+15 8.00380788433279e+12 1.42515290966624e+16 1.48748573939502e+15 3.78095058676697e+09 3.23720233104137e+14 5.83592658885244e+11 1.00837637540893e+06 0.00000000000000e+00 0.00000000000000e+00 0.00000000000000e+00 0.00000000000000e+00 0.00000000000000e+00 0.00000000000000e+00 0.00000000000000e+00 
4.47502363496015e-05 2.78227055851510e+02 2.78192255651725e+02 9.10265466272839e+19 6.98747010717560e+15 1.66635852250532e+15 1.51621152809270e+15 9.10692752503347e+12 1.63789095240385e+16 1.53303637952382e+15 4.32607733522161e+09 3.68261456648920e+14 7.56330329113029e+11 1.31685312258428e+06 0.00000000000000e+00 0.00000000000000e+00 0.00000000000000e+00 0.00000000000000e+00 0.00000000000000e+00 0.00000000000000e+00 0.00000000000000e+00 
5.01802434063980e-05 2.78224855152759e+02 2.78184643876848e+02 9.10243315952238e+19 7.83516438008137e+15 1.86064118877859e+15 1.57923213518288e+15 1.02093556335979e+13 1.85184160706064e+16 1.56631087932324e+15 4.87684422708553e+09 4.12758402750807e+14 9.51539367477818e+11 1.66663137838453e+06 0.00000000000000e+00 0.00000000000000e+00 0.00000000000000e+00 0.00000000000000e+00 0.00000000000000e+00 0.00000000000000e+00 0.00000000000000e+00 
5.80180433882016e-05 2.78229779815303e+02 2.78183654193608e+02 9.10211599370881e+19 9.05860231080574e+15 2.13610646613960e+15 1.64985367726516e+15 1.17993010830518e+13 2.16218013409460e+16 1.59890046033707e+15 5.68161539757471e+09 4.76905234253623e+14 1.27300295280338e+12 2.24385897012341e+06 0.00000000000000e+00 0.00000000000000e+00 0.00000000000000e+00 0.00000000000000e+00 0.00000000000000e+00 0.00000000000000e+00 0.00000000000000e+00 
6.58558433700052e-05 2.78233174642884e+02 2.78185868794671e+02 9.10180129074851e+19 1.02818570008265e+16 2.40550975685898e+15 1.70223406131617e+15 1.33875400988862e+13 2.47366811900444e+16 1.61967345487990e+15 6.49768916584711e+09 5.40952224301195e+14 1.64145181818871e+12 2.90584495146559e+06 0.00000000000000e+00 0.00000000000000e+00 0.00000000000000e+00 0.00000000000000e+00 0.00000000000000e+00 0.00000000000000e+00 0.00000000000000e+00 
7.36936433518089e-05 2.78232970344310e+02 2.78187395458832e+02 9.10148858187639e+19 1.15049186606810e+16 2.66877535214876e+15 1.74115114477888e+15 1.49739165120039e+13 2.78585921895452e+16 1.63308836807060e+15 7.32473521553128e+09 6.04894910523045e+14 2.05697982771940e+12 3.65167082198690e+06 0.00000000000000e+00 0.00000000000000e+00 0.00000000000000e+00 0.00000000000000e+00 0.00000000000000e+00 0.00000000000000e+00 0.00000000000000e+00 
8.15314433336125e-05 2.78232630841644e+02 2.78187303538563e+02 9.10117752129921e+19 1.27277808689967e+16 2.92591944876138e+15 1.77005764927187e+15 1.65582750250435e+13 3.09848867225232e+16 1.64178816956358e+15 8.16239455916307e+09 6.68728851771115e+14 2.51967705235524e+12 4.48025934462210e+06 0.00000000000000e+00 0.00000000000000e+00 0.00000000000000e+00 0.00000000000000e+00 0.00000000000000e+00 0.00000000000000e+00 0.00000000000000e+00 
8.93692433154161e-05 2.78233600000333e+02 2.78187150814965e+02 9.10086784878626e+19 1.39504391470064e+16 3.17700749819828e+15 1.79149939030625e+15 1.81404612250165e+13 3.41139078386472e+16 1.64742530911205e+15 9.01029357562223e+09 7.32449636646066e+14 3.02962983416195e+12 5.39045625033899e+06 0.00000000000000e+00 0.00000000000000e+00 0.00000000000000e+00 0.00000000000000e+00 0.00000000000000e+00 0.00000000000000e+00 0.00000000000000e+00 
1.02590634371735e-04 2.78235016368323e+02 2.78187586620427e+02 9.10034810933773e+19 1.60124406654244e+16 3.58711264947110e+15 1.81555948940182e+15 2.08040622330995e+13 3.93956729975696e+16 1.65266388000673e+15 1.04627293673972e+10 8.39670048843664e+14 3.99717362909800e+12 7.10768128399420e+06 0.00000000000000e+00 0.00000000000000e+00 0.00000000000000e+00 0.00000000000000e+00 0.00000000000000e+00 0.00000000000000e+00 0.00000000000000e+00 
1.15812025428054e-04 2.78235778494108e+02 2.78188223517333e+02 9.09983107390275e+19 1.80738413488442e+16 3.98078533577250e+15 1.83008989436946e+15 2.34603140694138e+13 4.46789261303107e+16 1.65542490562498e+15 1.19413619905764e+10 9.46535199958597e+14 5.09979109742787e+12 9.04851914471500e+06 0.00000000000000e+00 0.00000000000000e+00 0.00000000000000e+00 0.00000000000000e+00 0.00000000000000e+00 0.00000000000000e+00 0.00000000000000e+00 
1.29033416484372e-04 2.78235893487294e+02 2.78188566188356e+02 9.09931629383874e+19 2.01346336810747e+16 4.35862443796477e+15 1.83900642298394e+15 2.61084935683772e+13 4.99622019599997e+16 1.65715319674592e+15 1.34443342083505e+10 1.05302445918941e+15 6.33782626485391e+12 1.12075835325602e+07 0.00000000000000e+00 0.00000000000000e+00 0.00000000000000e+00 0.00000000000000e+00 0.00000000000000e+00 0.00000000000000e+00 0.00000000000000e+00 
1.42254807540691e-04 2.78236037546898e+02 2.78188617828318e+02 9.09880349441701e+19 2.21948124619647e+16 4.72125049337222e+15 1.84446162038484e+15 2.87478870586746e+13 5.52450053654276e+16 1.65832358897030e+15 1.49698048916442e+10 1.15911741168427e+15 7.71159201123301e+12 1.35795144462262e+07 0.00000000000000e+00 0.00000000000000e+00 0.00000000000000e+00 0.00000000000000e+00 0.00000000000000e+00 0.00000000000000e+00 0.00000000000000e+00 
1.55476198597010e-04 2.78236385907455e+02 2.78188682539983e+02 9.09829248984259e+19 2.42543733897022e+16 5.06927146827612e+15 1.84773021648117e+15 3.13777908486801e+13 6.05271021870542e+16 1.65915009361596e+15 1.65159630285247e+10 1.26479387866391e+15 9.22137075759340e+12 1.61590303590978e+07 0.00000000000000e+00 0.00000000000000e+00 0.00000000000000e+00 0.00000000000000e+00 0.00000000000000e+00 0.00000000000000e+00 0.00000000000000e+00 
1.79131019468020e-04 2.78236832323084e+02 2.78188839130314e+02 9.09738231495943e+19 2.79376474142876e+16 5.65730283899204e+15 1.85036394739952e+15 3.60571909146288e+13 6.99751773096655e+16 1.66024125299135e+15 1.93283162017370e+10 1.45276146038729e+15 1.22626771732401e+13 2.12760777161459e+07 0.00000000000000e+00 0.00000000000000e+00 0.00000000000000e+00 0.00000000000000e+00 0.00000000000000e+00 0.00000000000000e+00 0.00000000000000e+00 
2.02785840339030e-04 2.78237124806294e+02 2.78189039758120e+02 9.09647686476659e+19 3.16189115187489e+16 6.20363788585638e+15 1.85136160840484e+15 4.07001246039161e+13 7.94197940719938e+16 1.66125138889919e+15 2.21913689859277e+10 1.63922003277773e+15 1.57413484695369e+13 2.70128309400400e+07 0.00000000000000e+00 0.00000000000000e+00 0.00000000000000e+00 0.00000000000000e+00 0.00000000000000e+00 0.00000000000000e+00 0.00000000000000e+00 
2.26440661210039e-04 2.78237375054877e+02 2.78189171158324e+02 9.09557574381649e+19 3.52981481836914e+16 6.71127106058993e+15 1.85181367262703e+15 4.53028302266345e+13 8.88607362376249e+16 1.66228551801439e+15 2.50956622274465e+10 1.82405975868075e+15 1.96582948283367e+13 3.33419902043495e+07 0.00000000000000e+00 0.00000000000000e+00 0.00000000000000e+00 0.00000000000000e+00 0.00000000000000e+00 0.00000000000000e+00 0.00000000000000e+00 
2.50095482081049e-04 2.78237657928415e+02 2.78189283564138e+02 9.09467866363589e+19 3.89753415374775e+16 7.18297858831999e+15 1.85195541861488e+15 4.98616833201564e+13 9.82979363022312e+16 1.66330198217456e+15 2.80322129250865e+10 2.00717348777027e+15 2.40141068133826e+13 4.02374387217147e+07 0.00000000000000e+00 0.00000000000000e+00 0.00000000000000e+00 0.00000000000000e+00 0.00000000000000e+00 0.00000000000000e+00 0.00000000000000e+00 
2.73750302952059e-04 2.78237928296794e+02 2.78189410641561e+02 9.09378536987975e+19 4.26504767391454e+16 7.62133337702370e+15 1.85188099914260e+15 5.43732033146614e+13 1.07731300486166e+17 1.66428755846703e+15 3.09925361540348e+10 2.18845681430637e+15 2.88090641383110e+13 4.76741911357657e+07 0.00000000000000e+00 0.00000000000000e+00 0.00000000000000e+00 0.00000000000000e+00 0.00000000000000e+00 0.00000000000000e+00 0.00000000000000e+00 
3.40617282105942e-04 2.78238554158253e+02 2.78189532094615e+02 9.09127879259417e+19 5.30280304448476e+16 8.69939856375323e+15 1.85131249156937e+15 6.68427135047500e+13 1.34375553423352e+17 1.66706225897556e+15 3.94245096420688e+10 2.69014682446691e+15 4.47356543778224e+13 7.14248401267893e+07 0.00000000000000e+00 0.00000000000000e+00 0.00000000000000e+00 0.00000000000000e+00 0.00000000000000e+00 0.00000000000000e+00 0.00000000000000e+00 
4.07484261259826e-04 2.78239020968452e+02 2.78189813167236e+02 9.08879612348714e+19 6.33887538443079e+16 9.57616945700589e+15 1.85079959198231e+15 7.88406179382257e+13 1.60985840148649e+17 1.66982304881214e+15 4.78303281273888e+10 3.17425525291062e+15 6.41553642910546e+13 9.88182405550162e+07 0.00000000000000e+00 0.00000000000000e+00 0.00000000000000e+00 0.00000000000000e+00 0.00000000000000e+00 0.00000000000000e+00 0.00000000000000e+00 
4.74351240413709e-04 2.78239507466959e+02 2.78190022708753e+02 9.08633371948225e+19 7.37324138601580e+16 1.02904240762789e+16 1.85037689215113e+15 9.03093866977488e+13 1.87560032437145e+17 1.67258756525294e+15 5.60861287398473e+10 3.63880459808151e+15 8.70367728966742e+13 1.29410075295862e+08 0.00000000000000e+00 0.00000000000000e+00 0.00000000000000e+00 0.00000000000000e+00 0.00000000000000e+00 0.00000000000000e+00 0.00000000000000e+00 
5.41218219567592e-04 2.78239954576144e+02 2.78190241101829e+02 9.08388872302745e+19 8.40588212298965e+16 1.08730479331104e+16 1.84989211580708e+15 1.01203523951038e+14 2.14096211782348e+17 1.67534045196493e+15 6.41028860007885e+10 4.08203467665627e+15 1.13329285183674e+14 1.62810422845857e+08 0.00000000000000e+00 0.00000000000000e+00 0.00000000000000e+00 0.00000000000000e+00 0.00000000000000e+00 0.00000000000000e+00 0.00000000000000e+00 
6.08085198721476e-04 2.78240292692802e+02 2.78190441778669e+02 9.08145884546682e+19 9.43678225383125e+16 1.13488445858829e+16 1.84936084989962e+15 1.11489696210051e+14 2.40592631546178e+17 1.67807900699486e+15 7.18235474547183e+10 4.50240880449472e+15 1.42964367268468e+14 1.98676065260522e+08 0.00000000000000e+00 0.00000000000000e+00 0.00000000000000e+00 0.00000000000000e+00 0.00000000000000e+00 0.00000000000000e+00 0.00000000000000e+00 
7.24170999080222e-04 2.78240802246030e+02 2.78190593438812e+02 9.07727127980658e+19 1.12223303670708e+17 1.19761030366089e+16 1.84847930074899e+15 1.27853734179097e+14 2.86493473312548e+17 1.68281503345826e+15 8.44620513457648e+10 5.17433790927954e+15 2.02080820790035e+14 2.65941984382897e+08 0.00000000000000e+00 0.00000000000000e+00 0.00000000000000e+00 0.00000000000000e+00 0.00000000000000e+00 0.00000000000000e+00 0.00000000000000e+00 
8.40256799438968e-04 2.78241238620235e+02 2.78190821902869e+02 9.07311649061519e+19 1.30025490861828e+17 1.24214351656242e+16 1.84763663711117e+15 1.42293022674043e+14 3.32263138658745e+17 1.68753021509908e+15 9.61200462266423e+10 5.76837216788534e+15 2.70455913260193e+14 3.38387340060317e+08 0.00000000000000e+00 0.00000000000000e+00 0.00000000000000e+00 0.00000000000000e+00 0.00000000000000e+00 0.00000000000000e+00 0.00000000000000e+00 
9.56342599797714e-04 2.78241616228430e+02 2.78191017455605e+02 9.06898930967558e+19 1.47774096010707e+17 1.27419133029611e+16 1.84679587698631e+15 1.54857941738469e+14 3.77896617173698e+17 1.69222567269613e+15 1.06923698011771e+11 6.28128546592630e+15 3.47424441650467e+14 4.14907326292021e+08 0.00000000000000e+00 0.00000000000000e+00 0.00000000000000e+00 0.00000000000000e+00 0.00000000000000e+00 0.00000000000000e+00 0.00000000000000e+00 
1.07242840015646e-03 2.78241947809974e+02 2.78191186579902e+02 9.06488627364487e+19 1.65468999458278e+17 1.29754687067428e+16 1.84595100956647e+15 1.65674243189669e+14 4.23390767216193e+17 1.69690243034906e+15 1.17082624522814e+11 6.71193134552977e+15 4.32216758954124e+14 4.94624085652974e+08 0.00000000000000e+00 0.00000000000000e+00 0.00000000000000e+00 0.00000000000000e+00 0.00000000000000e+00 0.00000000000000e+00 0.00000000000000e+00 
1.18851420051521e-03 2.78242248059820e+02 2.78191335005637e+02 9.06080492507215e+19 1.83110211222250e+17 1.31480696346269e+16 1.84511170439025e+15 1.74919668431728e+14 4.68744200912026e+17 1.70156200897493e+15 1.26828449367869e+11 7.06104911369560e+15 5.23987687040867e+14 5.76833096673049e+08 0.00000000000000e+00 0.00000000000000e+00 0.00000000000000e+00 0.00000000000000e+00 0.00000000000000e+00 0.00000000000000e+00 0.00000000000000e+00 
1.36508358113381e-03 2.78242661169933e+02 2.78191469341689e+02 9.05463472912090e+19 2.09840300641979e+17 1.33314789079722e+16 1.84384659189211e+15 1.86448428185093e+14 5.37459603747044e+17 1.70861866241691e+15 1.41332180521856e+11 7.44214820128862e+15 6.74927966029544e+14 7.05445814909130e+08 0.00000000000000e+00 0.00000000000000e+00 0.00000000000000e+00 0.00000000000000e+00 0.00000000000000e+00 0.00000000000000e+00 0.00000000000000e+00 
1.54165296175242e-03 2.78243038960713e+02 2.78191654074539e+02 9.04850537501308e+19 2.36447192103957e+17 1.34588619293297e+16 1.84259094749184e+15 1.95589687518771e+14 6.05857172920297e+17 1.71564081507445e+15 1.56016380065863e+11 7.65487473695100e+15 8.36737612078715e+14 8.36975822760291e+08 0.00000000000000e+00 0.00000000000000e+00 0.00000000000000e+00 0.00000000000000e+00 0.00000000000000e+00 0.00000000000000e+00 0.00000000000000e+00 
1.71822234237103e-03 2.78243393618728e+02 2.78191822926092e+02 9.04241304654665e+19 2.62931941672762e+17 1.35551580158631e+16 1.84134200001632e+15 2.03085812483726e+14 6.73949574877538e+17 1.72263099386916e+15 1.71377673368790e+11 7.71894977814010e+15 1.00623781833443e+15 9.70299824447798e+08 0.00000000000000e+00 0.00000000000000e+00 0.00000000000000e+00 0.00000000000000e+00 0.00000000000000e+00 0.00000000000000e+00 0.00000000000000e+00 
1.89479172298963e-03 2.78243734140254e+02 2.78191981376687e+02 9.03635463822570e+19 2.89295849714969e+17 1.36332214889761e+16 1.84010019820148e+15 2.09595019882253e+14 7.41754430281189e+17 1.72959165032724e+15 1.87754972040882e+11 7.65827889628989e+15 1.18041319565592e+15 1.10464330631495e+09 0.00000000000000e+00 0.00000000000000e+00 0.00000000000000e+00 0.00000000000000e+00 0.00000000000000e+00 0.00000000000000e+00 0.00000000000000e+00 
2.07136110360824e-03 2.78244061431958e+02 2.78192133471565e+02 9.03032745356997e+19 3.15540289931119e+17 1.37001998955758e+16 1.83886539593119e+15 2.15636356071203e+14 8.09291058507559e+17 1.73652504378213e+15 2.05375897200094e+11 7.49741323503166e+15 1.35658902100828e+15 1.23946599366718e+09 0.00000000000000e+00 0.00000000000000e+00 0.00000000000000e+00 0.00000000000000e+00 0.00000000000000e+00 0.00000000000000e+00 0.00000000000000e+00 
2.36398599628598e-03 2.78244587290116e+02 2.78192279618279e+02 9.02040089046919e+19 3.58775348983012e+17 1.37972962313289e+16 1.83683205892105e+15 2.25599354184812e+14 9.20681648473279e+17 1.74796123251014e+15 2.37706607324710e+11 7.07451979676541e+15 1.64723064331629e+15 1.46304981451387e+09 0.00000000000000e+00 0.00000000000000e+00 0.00000000000000e+00 0.00000000000000e+00 0.00000000000000e+00 0.00000000000000e+00 0.00000000000000e+00 
2.65661088896372e-03 2.78245103668125e+02 2.78192514380371e+02 9.01054325356626e+19 4.01692131387084e+17 1.38876839044134e+16 1.83481310479856e+15 2.36542711557259e+14 1.03147698708143e+18 1.75933704488784e+15 2.74211712664109e+11 6.54190290125550e+15 1.92936876915528e+15 1.68580945273197e+09 0.00000000000000e+00 0.00000000000000e+00 0.00000000000000e+00 0.00000000000000e+00 0.00000000000000e+00 0.00000000000000e+00 0.00000000000000e+00 
2.94923578164145e-03 2.78245613446926e+02 2.78192744878388e+02 9.00074686860175e+19 4.44295898601107e+17 1.39756899949198e+16 1.83280683466605e+15 2.48998475991763e+14 1.14174792731583e+18 1.77065922423591e+15 3.14608704844198e+11 5.97671665593769e+15 2.19808097989859e+15 1.90715941529592e+09 0.00000000000000e+00 0.00000000000000e+00 0.00000000000000e+00 0.00000000000000e+00 0.00000000000000e+00 0.00000000000000e+00 0.00000000000000e+00 
3.24186067431919e-03 2.78246120703581e+02 2.78192972406054e+02 8.99100631917373e+19 4.86590996776071e+17 1.40620553076329e+16 1.83081208968673e+15 2.63072962989325e+14 1.25154631689989e+18 1.78193245382678e+15 3.58519845512667e+11 5.43162331722512e+15 2.45117692154071e+15 2.12686466794393e+09 0.00000000000000e+00 0.00000000000000e+00 0.00000000000000e+00 0.00000000000000e+00 0.00000000000000e+00 0.00000000000000e+00 0.00000000000000e+00 
3.53448556699693e-03 2.78246626434390e+02 2.78193198795185e+02 8.98131817713758e+19 5.28580866327549e+17 1.41469701413700e+16 1.82882807514051e+15 2.78643908267531e+14 1.36090461757805e+18 1.79315960911545e+15 4.05431687748384e+11 4.93630876082976e+15 2.68845581562707e+15 2.34483580551267e+09 0.00000000000000e+00 0.00000000000000e+00 0.00000000000000e+00 0.00000000000000e+00 0.00000000000000e+00 0.00000000000000e+00 0.00000000000000e+00 
3.88064235075473e-03 2.78247223161174e+02 2.78193424492968e+02 8.96992288224759e+19 5.77861842051784e+17 1.42460110525698e+16 1.82649437599775e+15 2.98674279003847e+14 1.48972269472632e+18 1.80638307403984e+15 4.63873997288508e+11 4.43053252974642e+15 2.95008465656156e+15 2.60038650009241e+09 0.00000000000000e+00 0.00000000000000e+00 0.00000000000000e+00 0.00000000000000e+00 0.00000000000000e+00 0.00000000000000e+00 0.00000000000000e+00 
4.22679913451253e-03 2.78247820567937e+02 2.78193690788144e+02 8.95859709295800e+19 6.26723164875815e+17 1.43439149872011e+16 1.82417483425448e+15 3.20046153159046e+14 1.61795738045330e+18 1.81954476730381e+15 5.24605568427765e+11 4.01105121561041e+15 3.19368454734857e+15 2.85343564027972e+09 0.00000000000000e+00 0.00000000000000e+00 0.00000000000000e+00 0.00000000000000e+00 0.00000000000000e+00 0.00000000000000e+00 0.00000000000000e+00 
4.57295591827032e-03 2.78248415436093e+02 2.78193957380982e+02 8.94734087789582e+19 6.75167941717543e+17 1.44408249404891e+16 1.82186943561852e+15 3.42336082999338e+14 1.74560530978717e+18 1.83264431969924e+15 5.86659918932029e+11 3.66527658399003e+15 3.42223190306409e+15 3.10398149732202e+09 0.00000000000000e+00 0.00000000000000e+00 0.00000000000000e+00 0.00000000000000e+00 0.00000000000000e+00 0.00000000000000e+00 0.00000000000000e+00 
4.91911270202812e-03 2.78249008522553e+02 2.78194222825052e+02 8.93615467331675e+19 7.23199131840589e+17 1.45366988652876e+16 1.81957829099198e+15 3.65193451809407e+14 1.87265976374419e+18 1.84568101914717e+15 6.49364699125220e+11 3.37833589113181e+15 3.63830473882258e+15 3.35202918330598e+09 0.00000000000000e+00 0.00000000000000e+00 0.00000000000000e+00 0.00000000000000e+00 0.00000000000000e+00 0.00000000000000e+00 0.00000000000000e+00 
5.26526948578592e-03 2.78249599172092e+02 2.78194487461124e+02 8.92503882312476e+19 7.70819730643273e+17 1.46315261876707e+16 1.81730149573192e+15 3.88359091952104e+14 1.99911498255706e+18 1.85865428601286e+15 7.12375972338247e+11 3.13752432386731e+15 3.84394816464206e+15 3.59758917168196e+09 0.00000000000000e+00 0.00000000000000e+00 0.00000000000000e+00 0.00000000000000e+00 0.00000000000000e+00 0.00000000000000e+00 0.00000000000000e+00 
5.61142626954371e-03 2.78250187147049e+02 2.78194750995191e+02 8.91399348913778e+19 8.18032798296942e+17 1.47253747724777e+16 1.81503909720556e+15 4.11652610004832e+14 2.12496697605586e+18 1.87156374034460e+15 7.75546793779740e+11 2.93286789670128e+15 4.04077306487761e+15 3.84067564354167e+09 0.00000000000000e+00 0.00000000000000e+00 0.00000000000000e+00 0.00000000000000e+00 0.00000000000000e+00 0.00000000000000e+00 0.00000000000000e+00 
6.23990729139051e-03 2.78251248531040e+02 2.78195013320904e+02 8.89411967619810e+19 9.02721217738290e+17 1.48934192813768e+16 1.81096830465084e+15 4.53905434466569e+14 2.35191578539412e+18 1.89483844577672e+15 8.90477687625738e+11 2.63104405355444e+15 4.37963638624226e+15 4.27575496846700e+09 0.00000000000000e+00 0.00000000000000e+00 0.00000000000000e+00 0.00000000000000e+00 0.00000000000000e+00 0.00000000000000e+00 0.00000000000000e+00 
6.86838831323731e-03 2.78252300315944e+02 2.78195486823627e+02 8.87447723436299e+19 9.86095479614858e+17 1.50586342283721e+16 1.80694483963990e+15 4.95787870773257e+14 2.57686562436456e+18 1.91790195146575e+15 1.00561091706363e+12 2.39368732080527e+15 4.69913723080875e+15 4.70285393879078e+09 0.00000000000000e+00 0.00000000000000e+00 0.00000000000000e+00 0.00000000000000e+00 0.00000000000000e+00 0.00000000000000e+00 0.00000000000000e+00 
7.49686933508411e-03 2.78253342090602e+02 2.78195955994957e+02 8.85506457461535e+19 1.06817458149102e+18 1.52210728166788e+16 1.80296840823061e+15 5.37092327264088e+14 2.79981954717612e+18 1.94075472636736e+15 1.12075414012943e+12 2.20069243665170e+15 5.00299084767360e+15 5.12210820507085e+09 0.00000000000000e+00 0.00000000000000e+00 0.00000000000000e+00 0.00000000000000e+00 0.00000000000000e+00 0.00000000000000e+00 0.00000000000000e+00 
8.12535035693091e-03 2.78254373703242e+02 2.78196420652146e+02 8.83587962585076e+19 1.14897749969133e+18 1.53807785098034e+16 1.79903860714906e+15 5.77708285887156e+14 3.02078590871163e+18 1.96339775342319e+15 1.23577219557277e+12 2.03955211520936e+15 5.29378246219044e+15 5.53366479853693e+09 0.00000000000000e+00 0.00000000000000e+00 0.00000000000000e+00 0.00000000000000e+00 0.00000000000000e+00 0.00000000000000e+00 0.00000000000000e+00 
8.75383137877771e-03 2.78255395139325e+02 2.78196880728834e+02 8.81691999466971e+19 1.22852310314966e+18 1.55378484797450e+16 1.79515495560044e+15 6.17586847849482e+14 3.23977660201955e+18 1.98583236618092e+15 1.35065009938614e+12 1.90276075569035e+15 5.57339391589167e+15 5.93767745614472e+09 0.00000000000000e+00 0.00000000000000e+00 0.00000000000000e+00 0.00000000000000e+00 0.00000000000000e+00 0.00000000000000e+00 0.00000000000000e+00 
9.38231240062451e-03 2.78256406495325e+02 2.78197336220175e+02 8.79818317046319e+19 1.30683006428441e+18 1.56923670169880e+16 1.79131694444641e+15 6.56715212989575e+14 3.45680503850336e+18 2.00806005064109e+15 1.46536193269268e+12 1.78530895415446e+15 5.84326584345447e+15 6.33430258600107e+09 0.00000000000000e+00 0.00000000000000e+00 0.00000000000000e+00 0.00000000000000e+00 0.00000000000000e+00 0.00000000000000e+00 0.00000000000000e+00 
1.02298893864997e-02 2.78257754636803e+02 2.78197787171103e+02 8.77326294171089e+19 1.41050666547111e+18 1.58967939677403e+16 1.78621234624922e+15 7.08293291650694e+14 3.74640844507075e+18 2.03771151439582e+15 1.61959831044514e+12 1.65021177481597e+15 6.19375085198307e+15 6.85777107407382e+09 0.00000000000000e+00 0.00000000000000e+00 0.00000000000000e+00 0.00000000000000e+00 0.00000000000000e+00 0.00000000000000e+00 0.00000000000000e+00 
1.10774663723749e-02 2.78259084604494e+02 2.78198388221158e+02 8.74873718352912e+19 1.51200847700519e+18 1.60967436484408e+16 1.78118857045308e+15 7.58541423021045e+14 4.03250318045700e+18 2.06699325301852e+15 1.77320580379253e+12 1.53645195281015e+15 6.53067751831128e+15 7.36846061137576e+09 0.00000000000000e+00 0.00000000000000e+00 0.00000000000000e+00 0.00000000000000e+00 0.00000000000000e+00 0.00000000000000e+00 0.00000000000000e+00 
1.19250433582502e-02 2.78260396856332e+02 2.78198981091239e+02 8.72459967776689e+19 1.61137920114531e+18 1.62923265700495e+16 1.77624434181777e+15 8.07497897562392e+14 4.31512543873647e+18 2.09590924049620e+15 1.92607488814205e+12 1.43950781212888e+15 6.85570824429156e+15 7.86673680042767e+09 0.00000000000000e+00 0.00000000000000e+00 0.00000000000000e+00 0.00000000000000e+00 0.00000000000000e+00 0.00000000000000e+00 0.00000000000000e+00 
1.27726203441254e-02 2.78261691542655e+02 2.78199565990384e+02 8.70084432474055e+19 1.70866169322685e+18 1.64836684011330e+16 1.77137841383970e+15 8.55192144579519e+14 4.59431110685926e+18 2.12446340358961e+15 2.07806837586996e+12 1.35550343770952e+15 7.17016315846357e+15 8.35295577580484e+09 0.00000000000000e+00 0.00000000000000e+00 0.00000000000000e+00 0.00000000000000e+00 0.00000000000000e+00 0.00000000000000e+00 0.00000000000000e+00 
1.36201973300006e-02 2.78262968846770e+02 2.78200142989293e+02 8.67746506224889e+19 1.80389800766499e+18 1.66708625279770e+16 1.76658954750204e+15 9.01663471889632e+14 4.87009653317068e+18 2.15265970703619e+15 2.22911610002136e+12 1.28191437812893e+15 7.47505707586939e+15 8.82746303662234e+09 0.00000000000000e+00 0.00000000000000e+00 0.00000000000000e+00 0.00000000000000e+00 0.00000000000000e+00 0.00000000000000e+00 0.00000000000000e+00 
1.44677743158758e-02 2.78264229036671e+02 2.78200712173295e+02 8.65445586723373e+19 1.89712940385020e+18 1.68539845861895e+16 1.76187650730395e+15 9.46959563868077e+14 5.14251843860488e+18 2.18050215282866e+15 2.37918912555896e+12 1.21728270410513e+15 7.77120041650150e+15 9.29059332266804e+09 0.00000000000000e+00 0.00000000000000e+00 0.00000000000000e+00 0.00000000000000e+00 0.00000000000000e+00 0.00000000000000e+00 0.00000000000000e+00 
1.53153513017510e-02 2.78265472357939e+02 2.78201273665579e+02 8.63181086153061e+19 1.98839631606957e+18 1.70331239391409e+16 1.75723808810045e+15 9.91118451056390e+14 5.41161282159958e+18 2.20799467041523e+15 2.52820333504581e+12 1.15992151387312e+15 8.05930217732694e+15 9.74267084913202e+09 0.00000000000000e+00 0.00000000000000e+00 0.00000000000000e+00 0.00000000000000e+00 0.00000000000000e+00 0.00000000000000e+00 0.00000000000000e+00 
1.63102890714591e-02 2.78266910554594e+02 2.78201827579129e+02 8.60568564687657e+19 2.09307798169846e+18 1.72384548631665e+16 1.75188684209961e+15 1.04155040573975e+15 5.72329483009201e+18 2.23982584534920e+15 2.70169570843633e+12 1.09986243885031e+15 8.38802981994921e+15 1.02596678782953e+10 0.00000000000000e+00 0.00000000000000e+00 0.00000000000000e+00 0.00000000000000e+00 0.00000000000000e+00 0.00000000000000e+00 0.00000000000000e+00 
1.73052268411673e-02 2.78268326083480e+02 2.78202468235024e+02 8.58004501397406e+19 2.19517009263377e+18 1.74385631448200e+16 1.74663488555349e+15 1.09052900599450e+15 6.03049927480658e+18 2.27118654641843e+15 2.87366913907886e+12 1.04697325592459e+15 8.70725536088300e+15 1.07623576580067e+10 0.00000000000000e+00 0.00000000000000e+00 0.00000000000000e+00 0.00000000000000e+00 0.00000000000000e+00 0.00000000000000e+00 0.00000000000000e+00 
1.83001646108754e-02 2.78269719381799e+02 2.78203098714038e+02 8.55487991679798e+19 2.29473398642435e+18 1.76335725829199e+16 1.74148036138182e+15 1.13810667694963e+15 6.33328334532569e+18 2.30208300549215e+15 3.04404888572985e+12 9.99940771909888e+14 9.01765017201870e+15 1.12512130704203e+10 0.00000000000000e+00 0.00000000000000e+00 0.00000000000000e+00 0.00000000000000e+00 0.00000000000000e+00 0.00000000000000e+00 0.00000000000000e+00 
1.92951023805835e-02 2.78271090698278e+02 2.78203719216142e+02 8.53018149050329e+19 2.39182959033225e+18 1.78236105445057e+16 1.73642145394712e+15 1.18433303871679e+15 6.63170360491820e+18 2.33252137524187e+15 3.21277660231167e+12 9.57583539715133e+14 9.31978229274587e+15 1.17266889920662e+10 0.00000000000000e+00 0.00000000000000e+00 0.00000000000000e+00 0.00000000000000e+00 0.00000000000000e+00 0.00000000000000e+00 0.00000000000000e+00 
2.02900401502916e-02 2.78272440387061e+02 2.78204329856470e+02 8.50594099160809e+19 2.48651547270188e+18 1.80088036148391e+16 1.73145636999634e+15 1.22926141712063e+15 6.92581653691104e+18 2.36250779502975e+15 3.37985888897651e+12 9.19385140436871e+14 9.61411961021134e+15 1.21892234770965e+10 0.00000000000000e+00 0.00000000000000e+00 0.00000000000000e+00 0.00000000000000e+00 0.00000000000000e+00 0.00000000000000e+00 0.00000000000000e+00 
2.12849779199997e-02 2.78273768804241e+02 2.78204930797246e+02 8.48214986474640e+19 2.57884884577417e+18 1.81892714844183e+16 1.72658335409307e+15 1.27293940839429e+15 7.21567786385202e+18 2.39204832433761e+15 3.54527229452090e+12 8.84727564601532e+14 9.90107585774151e+15 1.26392386360919e+10 0.00000000000000e+00 0.00000000000000e+00 0.00000000000000e+00 0.00000000000000e+00 0.00000000000000e+00 0.00000000000000e+00 0.00000000000000e+00 
2.36507718552308e-02 2.78276843900188e+02 2.78205522201364e+02 8.42733478679478e+19 2.78927588082594e+18 1.86000834245351e+16 1.71535595153732e+15 1.37202876777932e+15 7.88816582101122e+18 2.46053482836825e+15 3.93181419026095e+12 8.14115941996257e+14 1.05557156864678e+16 1.36613606494307e+10 0.00000000000000e+00 0.00000000000000e+00 0.00000000000000e+00 0.00000000000000e+00 0.00000000000000e+00 0.00000000000000e+00 0.00000000000000e+00 
2.60165657904619e-02 2.78279804654668e+02 2.78206890972610e+02 8.37490420237399e+19 2.98743615768769e+18 1.89863284729188e+16 1.70461706006947e+15 1.46485470179971e+15 8.53765495173836e+18 2.52661312844224e+15 4.30872191567405e+12 7.56256346307980e+14 1.11746294496765e+16 1.46201098609723e+10 0.00000000000000e+00 0.00000000000000e+00 0.00000000000000e+00 0.00000000000000e+00 0.00000000000000e+00 0.00000000000000e+00 0.00000000000000e+00 
2.83823597256930e-02 2.78282655158338e+02 2.78208208534669e+02 8.32475335010692e+19 3.17401555262801e+18 1.93494272909447e+16 1.69434519685751e+15 1.55192044725310e+15 9.16485843203275e+18 2.59036060358663e+15 4.67597590292104e+12 7.08012637940108e+14 1.17610014611553e+16 1.55201847412097e+10 0.00000000000000e+00 0.00000000000000e+00 0.00000000000000e+00 0.00000000000000e+00 0.00000000000000e+00 0.00000000000000e+00 0.00000000000000e+00 
3.07481536609241e-02 2.78285399358362e+02 2.78209476752760e+02 8.27678235835198e+19 3.34966097867366e+18 1.96907136961626e+16 1.68451988271332e+15 1.63366981752735e+15 9.77047091305961e+18 2.65185250509937e+15 5.03360666349555e+12 6.67258634107001e+14 1.23173291215101e+16 1.63658811017112e+10 0.00000000000000e+00 0.00000000000000e+00 0.00000000000000e+00 0.00000000000000e+00 0.00000000000000e+00 0.00000000000000e+00 0.00000000000000e+00 
3.31139475961551e-02 2.78288041059588e+02 2.78210697423080e+02 8.23089589327305e+19 3.51498352387076e+18 2.00114441826349e+16 1.67512157059636e+15 1.71049960907721e+15 1.03551690348126e+19 2.71116203813262e+15 5.38167246846152e+12 6.32356989044141e+14 1.28456648386735e+16 1.71611465865400e+10 0.00000000000000e+00 0.00000000000000e+00 0.00000000000000e+00 0.00000000000000e+00 0.00000000000000e+00 0.00000000000000e+00 0.00000000000000e+00 
3.69118300968337e-02 2.78292076636364e+02 2.78211872273884e+02 8.16136672430064e+19 3.76021807829880e+18 2.04862576286849e+16 1.66088090919416e+15 1.82442886422489e+15 1.12517081857220e+19 2.80198676504027e+15 5.92066780802758e+12 5.85747391160356e+14 1.36394508161622e+16 1.83413016868647e+10 0.00000000000000e+00 0.00000000000000e+00 0.00000000000000e+00 0.00000000000000e+00 0.00000000000000e+00 0.00000000000000e+00 0.00000000000000e+00 
4.07097125975123e-02 2.78295872025766e+02 2.78213666614266e+02 8.09662057444170e+19 3.98255330766290e+18 2.09156770473527e+16 1.64761992321438e+15 1.92794143054703e+15 1.20986769214280e+19 2.88765455143642e+15 6.43572329921511e+12 5.47705045792594e+14 1.43715564938599e+16 1.94141970850757e+10 0.00000000000000e+00 0.00000000000000e+00 0.00000000000000e+00 0.00000000000000e+00 0.00000000000000e+00 0.00000000000000e+00 0.00000000000000e+00 
4.45075950981909e-02 2.78299441038729e+02 2.78215353724610e+02 8.03632546450906e+19 4.18403232789861e+18 2.13038603523090e+16 1.63527056789888e+15 2.02220260967136e+15 1.28986048273461e+19 2.96843794421855e+15 6.92743059294364e+12 5.16173063731406e+14 1.50469951474164e+16 2.03915117121356e+10 0.00000000000000e+00 0.00000000000000e+00 0.00000000000000e+00 0.00000000000000e+00 0.00000000000000e+00 0.00000000000000e+00 0.00000000000000e+00 
4.83054775988694e-02 2.78302796710022e+02 2.78216939840375e+02 7.98017357803963e+19 4.36651451691849e+18 2.16545799758749e+16 1.62376975824728e+15 2.10820219423384e+15 1.36539084606072e+19 3.04459661036306e+15 7.39643250728423e+12 4.89701143892241e+14 1.56700361042519e+16 2.12834795318842e+10 0.00000000000000e+00 0.00000000000000e+00 0.00000000000000e+00 0.00000000000000e+00 0.00000000000000e+00 0.00000000000000e+00 0.00000000000000e+00 
5.21033600995480e-02 2.78305951343370e+02 2.78218430835059e+02 7.92787883268328e+19 4.53169670802135e+18 2.19712685206448e+16 1.61305887087378e+15 2.18679816605625e+15 1.43668969833959e+19 3.11637810810257e+15 7.84339525966670e+12 4.67127619600926e+14 1.62444352686483e+16 2.20990972343428e+10 0.00000000000000e+00 0.00000000000000e+00 0.00000000000000e+00 0.00000000000000e+00 0.00000000000000e+00 0.00000000000000e+00 0.00000000000000e+00 
5.85408914867673e-02 2.78310871361454e+02 2.78219832243117e+02 7.84731967164967e+19 4.77638171629572e+18 2.24388292753272e+16 1.59655866716905e+15 2.30514431175941e+15 1.54848750350315e+19 3.22870228297926e+15 8.55261770561026e+12 4.35632991078690e+14 1.71160341484596e+16 2.33288197440054e+10 0.00000000000000e+00 0.00000000000000e+00 0.00000000000000e+00 0.00000000000000e+00 0.00000000000000e+00 0.00000000000000e+00 0.00000000000000e+00 
6.49784228739866e-02 2.78315299502836e+02 2.78222017422053e+02 7.77590757244803e+19 4.98245977137256e+18 2.28309388854693e+16 1.58193157835831e+15 2.40748323677427e+15 1.64976563894608e+19 3.33019941595314e+15 9.20406274348856e+12 4.10596718200328e+14 1.78719545043748e+16 2.43940396173933e+10 0.00000000000000e+00 0.00000000000000e+00 0.00000000000000e+00 0.00000000000000e+00 0.00000000000000e+00 0.00000000000000e+00 0.00000000000000e+00 
7.14159542612059e-02 2.78319283756609e+02 2.78223983667450e+02 7.71259271556937e+19 5.15572173067887e+18 2.31591667394409e+16 1.56896257389689e+15 2.49635861709101e+15 1.74145904041218e+19 3.42186377982434e+15 9.80131580845986e+12 3.90199562131352e+14 1.85249773759887e+16 2.53208872080060e+10 0.00000000000000e+00 0.00000000000000e+00 0.00000000000000e+00 0.00000000000000e+00 0.00000000000000e+00 0.00000000000000e+00 0.00000000000000e+00 
7.78534856484252e-02 2.78322867444893e+02 2.78225752454055e+02 7.65645204200798e+19 5.30108127989029e+18 2.34332907262258e+16 1.55746260766538e+15 2.57381014573602e+15 1.82442542178315e+19 3.50460312833484e+15 1.03479410227645e+13 3.73335810175694e+14 1.90863051647179e+16 2.61307200723114e+10 0.00000000000000e+00 0.00000000000000e+00 0.00000000000000e+00 0.00000000000000e+00 0.00000000000000e+00 0.00000000000000e+00 0.00000000000000e+00 
8.42910170356445e-02 2.78326089778532e+02 2.78227343138952e+02 7.60667009662607e+19 5.42273127522548e+18 2.36616191289407e+16 1.54726468925775e+15 2.64150416292037e+15 1.89945214258187e+19 3.57924731257865e+15 1.08474287516697e+13 3.59235446102271e+14 1.95659766839816e+16 2.68410713680908e+10 0.00000000000000e+00 0.00000000000000e+00 0.00000000000000e+00 0.00000000000000e+00 0.00000000000000e+00 0.00000000000000e+00 0.00000000000000e+00 
9.41093930839459e-02 2.78330386564402e+02 2.78228773220490e+02 7.54141094951207e+19 5.57037765945528e+18 2.39369995245045e+16 1.53389530803509e+15 2.72896194936910e+15 2.00018471160628e+19 3.67917324979117e+15 1.15259258797601e+13 3.41737673917824e+14 2.01601222100081e+16 2.77645633859987e+10 0.00000000000000e+00 0.00000000000000e+00 0.00000000000000e+00 0.00000000000000e+00 0.00000000000000e+00 0.00000000000000e+00 0.00000000000000e+00 
1.03927769132247e-01 2.78334036056421e+02 2.78230679852759e+02 7.48707156599458e+19 5.68164563533803e+18 2.41427863815129e+16 1.52276198389894e+15 2.80088290717447e+15 2.08641332232976e+19 3.76442140830958e+15 1.21140392586082e+13 3.28011970667792e+14 2.06135720446635e+16 2.85302371693769e+10 0.00000000000000e+00 0.00000000000000e+00 0.00000000000000e+00 0.00000000000000e+00 0.00000000000000e+00 0.00000000000000e+00 0.00000000000000e+00 
1.13746145180549e-01 2.78337134440243e+02 2.78232299007765e+02 7.44180165883598e+19 5.76488869552576e+18 2.42952752007037e+16 1.51348592645229e+15 2.86036480139661e+15 2.16015666818027e+19 3.83709136303101e+15 1.26224332447254e+13 3.16872815319544e+14 2.09506166690024e+16 2.91687342359773e+10 0.00000000000000e+00 0.00000000000000e+00 0.00000000000000e+00 0.00000000000000e+00 0.00000000000000e+00 0.00000000000000e+00 0.00000000000000e+00 
1.23564521228850e-01 2.78339763479306e+02 2.78233673481933e+02 7.40408087461373e+19 5.82653971251696e+18 2.44069509927387e+16 1.50575588990566e+15 2.90971989993162e+15 2.22315958990713e+19 3.89898558388049e+15 1.30608832362169e+13 3.07976774955209e+14 2.11920810789330e+16 2.97038073133646e+10 0.00000000000000e+00 0.00000000000000e+00 0.00000000000000e+00 0.00000000000000e+00 0.00000000000000e+00 0.00000000000000e+00 0.00000000000000e+00 
1.33382897277152e-01 2.78341992852749e+02 2.78234839628627e+02 7.37264941851255e+19 5.87160339474851e+18 2.44874755460180e+16 1.49931397096412e+15 2.95081464437361e+15 2.27693319351685e+19 3.95165639574917e+15 1.34380894985388e+13 3.00521744041718e+14 2.13553385334501e+16 3.01540552709360e+10 0.00000000000000e+00 0.00000000000000e+00 0.00000000000000e+00 0.00000000000000e+00 0.00000000000000e+00 0.00000000000000e+00 0.00000000000000e+00 
1.46582945947240e-01 2.78344461965601e+02 2.78235828411088e+02 7.33852223449312e+19 5.91262596167596e+18 2.45592700636914e+16 1.49231855589405e+15 2.99552499862237e+15 2.33691954129809e+19 4.01021623604945e+15 1.38622766661617e+13 2.92644941194684e+14 2.14769855633415e+16 3.06507911061178e+10 0.00000000000000e+00 0.00000000000000e+00 0.00000000000000e+00 0.00000000000000e+00 0.00000000000000e+00 0.00000000000000e+00 0.00000000000000e+00 
1.59782994617328e-01 2.78346436927601e+02 2.78236923428571e+02 7.31180559212809e+19 5.93790038209354e+18 2.46019865170195e+16 1.48684125331211e+15 3.03074786075836e+15 2.38526823867710e+19 4.05724775034022e+15 1.42068241901170e+13 2.86480384720918e+14 2.15139509048560e+16 3.10478165884215e+10 0.00000000000000e+00 0.00000000000000e+00 0.00000000000000e+00 0.00000000000000e+00 0.00000000000000e+00 0.00000000000000e+00 0.00000000000000e+00 
1.72983043287417e-01 2.78348016118466e+02 2.78237799223308e+02 7.29086898080754e+19 5.95257854432552e+18 2.46253927228494e+16 1.48254821454062e+15 3.05859032065214e+15 2.42420025359680e+19 4.09499433626629e+15 1.44860255257844e+13 2.81659901506864e+14 2.14901627122446e+16 3.13664311808856e+10 0.00000000000000e+00 0.00000000000000e+00 0.00000000000000e+00 0.00000000000000e+00 0.00000000000000e+00 0.00000000000000e+00 0.00000000000000e+00 
1.86183091957505e-01 2.78349277901463e+02 2.78238499464174e+02 7.27445849651063e+19 5.96018480380336e+18 2.46361098204699e+16 1.47918267817289e+15 3.08065745758409e+15 2.45551130874961e+19 4.12525838429720e+15 1.47117072890565e+13 2.77811561473486e+14 2.14238747381885e+16 3.16226804910339e+10 0.00000000000000e+00 0.00000000000000e+00 0.00000000000000e+00 0.00000000000000e+00 0.00000000000000e+00 0.00000000000000e+00 0.00000000000000e+00 
1.99383140627593e-01 2.78350285133369e+02 2.78239058926442e+02 7.26159753551470e+19 5.96316173223356e+18 2.46386848462474e+16 1.47654463617433e+15 3.09816464127548e+15 2.48066059681133e+19 4.14949605711068e+15 1.48937589167739e+13 2.74794536037334e+14 2.13292717189434e+16 3.18289756699863e+10 0.00000000000000e+00 0.00000000000000e+00 0.00000000000000e+00 0.00000000000000e+00 0.00000000000000e+00 0.00000000000000e+00 0.00000000000000e+00 
2.20533236693679e-01 2.78351511155980e+02 2.78239505498745e+02 7.24624805257097e+19 5.96284007138238e+18 2.46342149840461e+16 1.47339553732199e+15 3.11939120250460e+15 2.51147283170043e+19 4.17910140560937e+15 1.51176904797313e+13 2.71108797497148e+14 2.11483624918414e+16 3.20828007596795e+10 0.00000000000000e+00 0.00000000000000e+00 0.00000000000000e+00 0.00000000000000e+00 0.00000000000000e+00 0.00000000000000e+00 0.00000000000000e+00 
2.41683332759765e-01 2.78352361157988e+02 2.78240049045360e+02 7.23589534974479e+19 5.95888424910119e+18 2.46239377774865e+16 1.47127097169621e+15 3.13406283843322e+15 2.53302652044011e+19 4.19972565769590e+15 1.52750651453183e+13 2.68556159694273e+14 2.09503773297242e+16 3.22618514788184e+10 0.00000000000000e+00 0.00000000000000e+00 0.00000000000000e+00 0.00000000000000e+00 0.00000000000000e+00 0.00000000000000e+00 0.00000000000000e+00 
2.62833428825851e-01 2.78352945732166e+02 2.78240425859304e+02 7.22896415993734e+19 5.95373399766217e+18 2.46122165596109e+16 1.46984814063380e+15 3.14415952763079e+15 2.54797713055815e+19 4.21397603628012e+15 1.53845919642165e+13 2.66788088872010e+14 2.07542774668728e+16 3.23875255878129e+10 0.00000000000000e+00 0.00000000000000e+00 0.00000000000000e+00 0.00000000000000e+00 0.00000000000000e+00 0.00000000000000e+00 0.00000000000000e+00 
2.83983524891937e-01 2.78353346721925e+02 2.78240684989402e+02 7.22432677823430e+19 5.94869982716792e+18 2.46013093485799e+16 1.46889590700989e+15 3.15111093862343e+15 2.55831361689839e+19 4.22379454913463e+15 1.54605095460806e+13 2.65562610271044e+14 2.05716969810468e+16 3.24754817061118e+10 0.00000000000000e+00 0.00000000000000e+00 0.00000000000000e+00 0.00000000000000e+00 0.00000000000000e+00 0.00000000000000e+00 0.00000000000000e+00 
3.17851693581662e-01 2.78353731962691e+02 2.78240862729772e+02 7.22002073063857e+19 5.94195905043321e+18 2.45872057075840e+16 1.46801134363009e+15 3.15784910581672e+15 2.56835047504027e+19 4.23328610111685e+15 1.55344349104800e+13 2.64353034786315e+14 2.03190529392990e+16 3.25624594672121e+10 0.00000000000000e+00 0.00000000000000e+00 0.00000000000000e+00 0.00000000000000e+00 0.00000000000000e+00 0.00000000000000e+00 0.00000000000000e+00 
3.51719862271387e-01 2.78353942229806e+02 2.78241033476305e+02 7.21773311872513e+19 5.93749481280436e+18 2.45780236358522e+16 1.46754125534023e+15 3.16157100321711e+15 2.57387808093496e+19 4.23849728342329e+15 1.55752363740330e+13 2.63689654902230e+14 2.01230283701644e+16 3.26110424961552e+10 0.00000000000000e+00 0.00000000000000e+00 0.00000000000000e+00 0.00000000000000e+00 0.00000000000000e+00 0.00000000000000e+00 0.00000000000000e+00 
3.85588030961112e-01 2.78354062800014e+02 2.78241126665776e+02 7.21643469546068e+19 5.93477908512228e+18 2.45724710378685e+16 1.46727440402484e+15 3.16371091458230e+15 2.57706198091112e+19 4.24149672993693e+15 1.55987756064718e+13 2.63311348236470e+14 1.99782400798121e+16 3.26391628279000e+10 0.00000000000000e+00 0.00000000000000e+00 0.00000000000000e+00 0.00000000000000e+00 0.00000000000000e+00 0.00000000000000e+00 0.00000000000000e+00 
4.19456199650837e-01 2.78354132613642e+02 2.78241180101068e+02 7.21569259049427e+19 5.93309122253558e+18 2.45690424623566e+16 1.46712186113556e+15 3.16494697272654e+15 2.57891545917085e+19 4.24324102738546e+15 1.56124962180214e+13 2.63091774222187e+14 1.98736379049962e+16 3.26556488166852e+10 0.00000000000000e+00 0.00000000000000e+00 0.00000000000000e+00 0.00000000000000e+00 0.00000000000000e+00 0.00000000000000e+00 0.00000000000000e+00 
4.53324368340562e-01 2.78354171477245e+02 2.78241211040946e+02 7.21529187822565e+19 5.93199900834908e+18 2.45668478159421e+16 1.46703945921679e+15 3.16563913834831e+15 2.57995800865317e+19 4.24421927211107e+15 1.56202277486944e+13 2.62968318977528e+14 1.97987999415029e+16 3.26650774133356e+10 0.00000000000000e+00 0.00000000000000e+00 0.00000000000000e+00 0.00000000000000e+00 0.00000000000000e+00 0.00000000000000e+00 0.00000000000000e+00 
5.25024554247286e-01 2.78354198522876e+02 2.78241228263461e+02 7.21503269527063e+19 5.93100358332593e+18 2.45648843168932e+16 1.46698610576079e+15 3.16613866741507e+15 2.58070285744702e+19 4.24491435367421e+15 1.56257859946198e+13 2.62874049709282e+14 1.97082830773111e+16 3.26720727353320e+10 0.00000000000000e+00 0.00000000000000e+00 0.00000000000000e+00 0.00000000000000e+00 0.00000000000000e+00 0.00000000000000e+00 0.00000000000000e+00 
5.96724740154009e-01 2.78354206500117e+02 2.78241240247356e+02 7.21496088491176e+19 5.93065764761263e+18 2.45642103696528e+16 1.46697130935395e+15 3.16630018990308e+15 2.58092809389284e+19 4.24512399573583e+15 1.56274789750692e+13 2.62842610647460e+14 1.96671459441951e+16 3.26742518348793e+10 0.00000000000000e+00 0.00000000000000e+00 0.00000000000000e+00 0.00000000000000e+00 0.00000000000000e+00 0.00000000000000e+00 0.00000000000000e+00 
6.68424926060732e-01 2.78354213243312e+02 2.78241243781778e+02 7.21489019932555e+19 5.93048713179220e+18 2.45638684631226e+16 1.46695677693734e+15 3.16642267864252e+15 2.58110955923611e+19 4.24529504161580e+15 1.56288277185796e+13 2.62822951704888e+14 1.96472809413563e+16 3.26758820664095e+10 0.00000000000000e+00 0.00000000000000e+00 0.00000000000000e+00 0.00000000000000e+00 0.00000000000000e+00 0.00000000000000e+00 0.00000000000000e+00 
7.40125111967455e-01 2.78354217050370e+02 2.78241246770218e+02 7.21484958180831e+19 5.93039943087139e+18 2.45636914295002e+16 1.46694842825272e+15 3.16648443031033e+15 2.58121138421203e+19 4.24539117169968e+15 1.56295804662007e+13 2.62814827375135e+14 1.96371678943255e+16 3.26767860302181e+10 0.00000000000000e+00 0.00000000000000e+00 0.00000000000000e+00 0.00000000000000e+00 0.00000000000000e+00 0.00000000000000e+00 0.00000000000000e+00 
8.11825297874178e-01 2.78354217314267e+02 2.78241248457478e+02 7.21484825861140e+19 5.93037608407437e+18 2.45636476132392e+16 1.46694815220716e+15 3.16648639774663e+15 2.58122012719685e+19 4.24539918842237e+15 1.56296457781215e+13 2.62815678688726e+14 1.96324355539700e+16 3.26768831932662e+10 0.00000000000000e+00 0.00000000000000e+00 0.00000000000000e+00 0.00000000000000e+00 0.00000000000000e+00 0.00000000000000e+00 0.00000000000000e+00 
9.77193413485175e-01 2.78354216700342e+02 2.78241248574334e+02 7.21485596365568e+19 5.93037800303865e+18 2.45636546882445e+16 1.46694973277452e+15 3.16647546296137e+15 2.58120539268104e+19 4.24538521390115e+15 1.56295382582000e+13 2.62818498240356e+14 1.96289096091158e+16 3.26767687144860e+10 0.00000000000000e+00 0.00000000000000e+00 0.00000000000000e+00 0.00000000000000e+00 0.00000000000000e+00 0.00000000000000e+00 0.00000000000000e+00 
1.14256152909617e+00 2.78354215966060e+02 2.78241248302188e+02 7.21486372735051e+19 5.93039669270408e+18 2.45636973018799e+16 1.46695132349212e+15 3.16647218881594e+15 2.58118599421396e+19 4.24536663307944e+15 1.56293474544413e+13 2.62814817901622e+14 1.96293336240450e+16 3.26767610980607e+10 0.00000000000000e+00 0.00000000000000e+00 0.00000000000000e+00 0.00000000000000e+00 0.00000000000000e+00 0.00000000000000e+00 0.00000000000000e+00 
1.30792964470717e+00 2.78354215921399e+02 2.78241247976782e+02 7.21486397273427e+19 5.93040045204808e+18 2.45637004485887e+16 1.46695137919199e+15 3.16646370092613e+15 2.58118454009549e+19 4.24536562760997e+15 1.56293758875367e+13 2.62821388579809e+14 1.96300402551123e+16 3.26766011628830e+10 0.00000000000000e+00 0.00000000000000e+00 0.00000000000000e+00 0.00000000000000e+00 0.00000000000000e+00 0.00000000000000e+00 0.00000000000000e+00 
1.47329776031816e+00 2.78354216034318e+02 2.78241247957005e+02 7.21486273262655e+19 5.93039811674283e+18 2.45636946197582e+16 1.46695112545670e+15 3.16646698461773e+15 2.58118746959389e+19 4.24536846567891e+15 1.56294119675432e+13 2.62817230624624e+14 1.96301018132910e+16 3.26765934174353e+10 0.00000000000000e+00 0.00000000000000e+00 0.00000000000000e+00 0.00000000000000e+00 0.00000000000000e+00 0.00000000000000e+00 0.00000000000000e+00 
2.59512297398737e+00 2.78354216074646e+02 2.78241248007050e+02 7.21486234644403e+19 5.93039657861286e+18 2.45636919535388e+16 1.46695104552110e+15 3.16646661805946e+15 2.58118857732054e+19 4.24536946501642e+15 1.56294149423537e+13 2.62818759492116e+14 1.96300105745470e+16 3.26766165683129e+10 0.00000000000000e+00 0.00000000000000e+00 0.00000000000000e+00 0.00000000000000e+00 0.00000000000000e+00 0.00000000000000e+00 0.00000000000000e+00 
3.71694818765658e+00 2.78354216070705e+02 2.78241248024918e+02 7.21486239022383e+19 5.93039662944210e+18 2.45636920279381e+16 1.46695105454584e+15 3.16646606864270e+15 2.58118847394287e+19 4.24536936868092e+15 1.56294143908548e+13 2.62819208640654e+14 1.96300295954187e+16 3.26766145647408e+10 0.00000000000000e+00 0.00000000000000e+00 0.00000000000000e+00 0.00000000000000e+00 0.00000000000000e+00 0.00000000000000e+00 0.00000000000000e+00 
4.83877340132579e+00 2.78354216070122e+02 2.78241248023171e+02 7.21486239585718e+19 5.93039664650992e+18 2.45636920918082e+16 1.46695105566753e+15 3.16646595652558e+15 2.58118845764154e+19 4.24536935040129e+15 1.56294140815655e+13 2.62819271921937e+14 1.96300350108085e+16 3.26766156449808e+10 0.00000000000000e+00 0.00000000000000e+00 0.00000000000000e+00 0.00000000000000e+00 0.00000000000000e+00 0.00000000000000e+00 0.00000000000000e+00 
1.60570255380179e+01 2.78354216070156e+02 2.78241248022912e+02 7.21486239531319e+19 5.93039664459454e+18 2.45636920838802e+16 1.46695105555884e+15 3.16646587927262e+15 2.58118845783849e+19 4.24536935054138e+15 1.56294141243591e+13 2.62819327428223e+14 1.96300392914556e+16 3.26766155521491e+10 0.00000000000000e+00 0.00000000000000e+00 0.00000000000000e+00 0.00000000000000e+00 0.00000000000000e+00 0.00000000000000e+00 0.00000000000000e+00 
2.72752776747099e+01 2.78354216070150e+02 2.78241248022927e+02 7.21486239543785e+19 5.93039664523387e+18 2.45636920856843e+16 1.46695105558444e+15 3.16646590280708e+15 2.58118845787689e+19 4.24536935065131e+15 1.56294141185058e+13 2.62819308804796e+14 1.96300378915030e+16 3.26766155523886e+10 0.00000000000000e+00 0.00000000000000e+00 0.00000000000000e+00 0.00000000000000e+00 0.00000000000000e+00 0.00000000000000e+00 0.00000000000000e+00 
3.84935298114020e+01 2.78354216070158e+02 2.78241248022925e+02 7.21486239532550e+19 5.93039664470868e+18 2.45636920842985e+16 1.46695105556135e+15 3.16646588830882e+15 2.58118845795053e+19 4.24536935067490e+15 1.56294141246173e+13 2.62819320783998e+14 1.96300387531785e+16 3.26766155529893e+10 0.00000000000000e+00 0.00000000000000e+00 0.00000000000000e+00 0.00000000000000e+00 0.00000000000000e+00 0.00000000000000e+00 0.00000000000000e+00 
1.38493529811402e+02 2.78354216070157e+02 2.78241248022928e+02 7.21486239534130e+19 5.93039664477932e+18 2.45636920844892e+16 1.46695105556463e+15 3.16646589038968e+15 2.58118845794121e+19 4.24536935067227e+15 1.56294141236452e+13 2.62819319120615e+14 1.96300386404763e+16 3.26766155529778e+10 0.00000000000000e+00 0.00000000000000e+00 0.00000000000000e+00 0.00000000000000e+00 0.00000000000000e+00 0.00000000000000e+00 0.00000000000000e+00 
2.38493529811402e+02 2.78354216070155e+02 2.78241248022928e+02 7.21486239535981e+19 5.93039664486331e+18 2.45636920847112e+16 1.46695105556844e+15 3.16646589270850e+15 2.58118845792977e+19 4.24536935066915e+15 1.56294141226770e+13 2.62819317261098e+14 1.96300385015862e+16 3.26766155528034e+10 0.00000000000000e+00 0.00000000000000e+00 0.00000000000000e+00 0.00000000000000e+00 0.00000000000000e+00 0.00000000000000e+00 0.00000000000000e+00 
3.38493529811402e+02 2.78354216070156e+02 2.78241248022927e+02 7.21486239535641e+19 5.93039664485081e+18 2.45636920846769e+16 1.46695105556772e+15 3.16646589237597e+15 2.58118845793110e+19 4.24536935066912e+15 1.56294141228176e+13 2.62819317526410e+14 1.96300385211587e+16 3.26766155528208e+10 0.00000000000000e+00 0.00000000000000e+00 0.00000000000000e+00 0.00000000000000e+00 0.00000000000000e+00 0.00000000000000e+00 0.00000000000000e+00 
4.38493529811402e+02 2.78354216070155e+02 2.78241248022927e+02 7.21486239535936e+19 5.93039664486455e+18 2.45636920847130e+16 1.46695105556832e+15 3.16646589276204e+15 2.58118845792919e+19 4.24536935066854e+15 1.56294141226587e+13 2.62819317217907e+14 1.96300384983752e+16 3.26766155527885e+10 0.00000000000000e+00 0.00000000000000e+00 0.00000000000000e+00 0.00000000000000e+00 0.00000000000000e+00 0.00000000000000e+00 0.00000000000000e+00 
5.38493529811402e+02 2.78354216070155e+02 2.78241248022927e+02 7.21486239535860e+19 5.93039664485976e+18 2.45636920847010e+16 1.46695105556818e+15 3.16646589261987e+15 2.58118845793001e+19 4.24536935066895e+15 1.56294141227175e+13 2.62819317331789e+14 1.96300385067699e+16 3.26766155528046e+10 0.00000000000000e+00 0.00000000000000e+00 0.00000000000000e+00 0.00000000000000e+00 0.00000000000000e+00 0.00000000000000e+00 0.00000000000000e+00 
6.38493529811402e+02 2.78354216070155e+02 2.78241248022927e+02 7.21486239535918e+19 5.93039664486278e+18 2.45636920847088e+16 1.46695105556829e+15 3.16646589270637e+15 2.58118845792956e+19 4.24536935066878e+15 1.56294141226814e+13 2.62819317262579e+14 1.96300385016637e+16 3.26766155527971e+10 0.00000000000000e+00 0.00000000000000e+00 0.00000000000000e+00 0.00000000000000e+00 0.00000000000000e+00 0.00000000000000e+00 0.00000000000000e+00 
7.38493529811402e+02 2.78354216070155e+02 2.78241248022927e+02 7.21486239535905e+19 5.93039664486148e+18 2.45636920847057e+16 1.46695105556827e+15 3.16646589266573e+15 2.58118845792982e+19 4.24536935066895e+15 1.56294141226984e+13 2.62819317295139e+14 1.96300385040654e+16 3.26766155528024e+10 0.00000000000000e+00 0.00000000000000e+00 0.00000000000000e+00 0.00000000000000e+00 0.00000000000000e+00 0.00000000000000e+00 0.00000000000000e+00 
8.38493529811402e+02 2.78354216070155e+02 2.78241248022927e+02 7.21486239535870e+19 5.93039664486182e+18 2.45636920847057e+16 1.46695105556819e+15 3.16646589268718e+15 2.58118845792953e+19 4.24536935066860e+15 1.56294141226892e+13 2.62819317277807e+14 1.96300385027854e+16 3.26766155527943e+10 0.00000000000000e+00 0.00000000000000e+00 0.00000000000000e+00 0.00000000000000e+00 0.00000000000000e+00 0.00000000000000e+00 0.00000000000000e+00 
9.38493529811402e+02 2.78354216070155e+02 2.78241248022927e+02 7.21486239535830e+19 5.93039664486117e+18 2.45636920847034e+16 1.46695105556810e+15 3.16646589267619e+15 2.58118845792947e+19 4.24536935066842e+15 1.56294141226939e+13 2.62819317286478e+14 1.96300385034245e+16 3.26766155527903e+10 0.00000000000000e+00 0.00000000000000e+00 0.00000000000000e+00 0.00000000000000e+00 0.00000000000000e+00 0.00000000000000e+00 0.00000000000000e+00 
1.00000000000000e+03 2.78354216070155e+02 2.78241248022927e+02 7.21486239535845e+19 5.93039664486140e+18 2.45636920847042e+16 1.46695105556813e+15 3.16646589267979e+15 2.58118845792949e+19 4.24536935066848e+15 1.56294141226925e+13 2.62819317283642e+14 1.96300385032162e+16 3.26766155527914e+10 0.00000000000000e+00 0.00000000000000e+00 0.00000000000000e+00 0.00000000000000e+00 0.00000000000000e+00 0.00000000000000e+00 0.00000000000000e+00 
