Time(s)              GasTemp(K)           NearWallTemp(K)      [O2(X)](m^-3)        [O2(a1Dg)](m^-3)     [O2(b1Sg+)](m^-3)    [O2(A3Su+_C3Du_c1Su-)](m^-3) [O2(+,X)](m^-3)      [O(3P)](m^-3)        [O(1D)](m^-3)        [O(+,gnd)](m^-3)     [O(-,gnd)](m^-3)     [O3(X)](m^-3)        [O3(exc)](m^-3)      [CO2(X)](m^-3)       [CO2(e1)](m^-3)      [CO2(+,X)](m^-3)     [CO(X)](m^-3)        [CO(a3P)](m^-3)      [CO(+,X)](m^-3)      [C(X)](m^-3)        
0.00000000000000e+00 3.43091238381000e+02 3.18373557271450e+02 1.70459572742660e+20 1.70459572742660e-05 1.70459572742660e-05 1.70459572742660e-05 0.00000000000000e+00 0.00000000000000e+00 0.00000000000000e+00 0.00000000000000e+00 0.00000000000000e+00 0.00000000000000e+00 0.00000000000000e+00 0.00000000000000e+00 0.00000000000000e+00 0.00000000000000e+00 0.00000000000000e+00 0.00000000000000e+00 0.00000000000000e+00 0.00000000000000e+00 
1.95930502016999e-14 3.43091238267535e+02 3.22485433251480e+02 1.70459572742641e+20 6.54844623675101e+06 1.54023882789097e+06 2.87223532059621e+06 5.66050526154531e+03 1.16640332754849e+07 3.47453583791630e+06 1.95072420648965e+00 3.40412834026150e+05 9.59425797143494e-07 1.65948738534374e-12 0.00000000000000e+00 0.00000000000000e+00 0.00000000000000e+00 0.00000000000000e+00 0.00000000000000e+00 0.00000000000000e+00 0.00000000000000e+00 
3.91861004033998e-14 3.43091238154070e+02 3.22485433186802e+02 1.70459572742622e+20 1.30968924734946e+07 3.08047765601911e+06 5.74447063910556e+06 1.13210105230852e+04 2.33280665550361e+07 6.94907167176303e+06 3.90144841302034e+00 6.80825668050886e+05 3.02806116567418e-06 5.23753824836216e-12 0.00000000000000e+00 0.00000000000000e+00 0.00000000000000e+00 0.00000000000000e+00 0.00000000000000e+00 0.00000000000000e+00 0.00000000000000e+00 
5.87791506050997e-14 3.43091238040605e+02 3.22485433122123e+02 1.70459572742603e+20 1.96453387102481e+07 4.62071648440683e+06 8.61670595550147e+06 1.69815157846196e+04 3.49920998387395e+07 1.04236075014544e+07 5.85217261959291e+00 1.02123850207418e+06 6.22929007035341e-06 1.07745990702516e-11 0.00000000000000e+00 0.00000000000000e+00 0.00000000000000e+00 0.00000000000000e+00 0.00000000000000e+00 0.00000000000000e+00 0.00000000000000e+00 
1.47709851752562e-13 3.43091237525600e+02 3.22485433057445e+02 1.70459572742519e+20 4.93680163570753e+07 1.16116912225307e+07 2.16534663083372e+07 4.26739269494832e+04 8.79338648220071e+07 2.61941436537174e+07 1.47062953651381e+01 2.56633493664191e+06 3.40781290399534e-05 5.89438241546001e-11 0.00000000000000e+00 0.00000000000000e+00 0.00000000000000e+00 0.00000000000000e+00 0.00000000000000e+00 0.00000000000000e+00 0.00000000000000e+00 
2.36640552900025e-13 3.43091237010596e+02 3.22485432763877e+02 1.70459572742434e+20 7.90906940041023e+07 1.86026659659093e+07 3.46902266183896e+07 6.83663381142352e+04 1.40875629889328e+08 4.19646797218616e+07 2.35604181115313e+01 4.11143137118039e+06 8.48545327292985e-05 1.46770107639525e-10 0.00000000000000e+00 0.00000000000000e+00 0.00000000000000e+00 0.00000000000000e+00 0.00000000000000e+00 0.00000000000000e+00 0.00000000000000e+00 
3.25571254047488e-13 3.43091236495591e+02 3.22485432470309e+02 1.70459572742349e+20 1.08813371651332e+08 2.55936407146225e+07 4.77269868850091e+07 9.40587492788740e+04 1.93817395041978e+08 5.77352157046098e+07 3.24145408587855e+01 5.65652780568918e+06 1.58906580664919e-04 2.74855511565455e-10 0.00000000000000e+00 0.00000000000000e+00 0.00000000000000e+00 0.00000000000000e+00 0.00000000000000e+00 0.00000000000000e+00 0.00000000000000e+00 
4.14501955194950e-13 3.43091235980586e+02 3.22485432176741e+02 1.70459572742264e+20 1.38536049298766e+08 3.25846154686985e+07 6.07637471079666e+07 1.19751160443399e+05 2.46759160280408e+08 7.35057516015117e+07 4.12686636069051e+01 7.20162424016813e+06 2.56357059143089e-04 4.43412415661066e-10 0.00000000000000e+00 0.00000000000000e+00 0.00000000000000e+00 0.00000000000000e+00 0.00000000000000e+00 0.00000000000000e+00 0.00000000000000e+00 
6.85440579063769e-13 3.43091234411559e+02 3.22485431883173e+02 1.70459572742005e+20 2.29089944361967e+08 5.38835039051395e+07 1.00481884994852e+08 1.98026339148930e+05 4.08052941627985e+08 1.21552682428913e+08 6.82438679228850e+01 1.19089558622567e+07 6.97656928207481e-04 1.20671436702828e-09 0.00000000000000e+00 0.00000000000000e+00 0.00000000000000e+00 0.00000000000000e+00 0.00000000000000e+00 0.00000000000000e+00 0.00000000000000e+00 
9.56379202932588e-13 3.43091232842532e+02 3.22485430988780e+02 1.70459572741746e+20 3.19643839427064e+08 7.51823923914070e+07 1.40200022476064e+08 2.76301517853403e+05 5.69346723772561e+08 1.69599612458694e+08 9.52190722469063e+01 1.66162874840679e+07 1.35635734459801e-03 2.34604694717970e-09 0.00000000000000e+00 0.00000000000000e+00 0.00000000000000e+00 0.00000000000000e+00 0.00000000000000e+00 0.00000000000000e+00 0.00000000000000e+00 
1.22731782680141e-12 3.43091231273505e+02 3.22485430094388e+02 1.70459572741488e+20 4.10197734494056e+08 9.64812809275025e+07 1.79918159551588e+08 3.54576696556818e+05 7.30640506714161e+08 2.17646541690830e+08 1.22194276578969e+02 2.13236191056018e+07 2.23246513428054e-03 3.86142197079237e-09 0.00000000000000e+00 0.00000000000000e+00 0.00000000000000e+00 0.00000000000000e+00 0.00000000000000e+00 0.00000000000000e+00 0.00000000000000e+00 
1.49825645067022e-12 3.43091229704478e+02 3.22485429199996e+02 1.70459572741229e+20 5.00751629562944e+08 1.17780169513426e+08 2.19636296221428e+08 4.32851875259176e+05 8.91934290452780e+08 2.65693470125326e+08 1.49169480919074e+02 2.60309507268583e+07 3.32597894103864e-03 5.75283710033977e-09 0.00000000000000e+00 0.00000000000000e+00 0.00000000000000e+00 0.00000000000000e+00 0.00000000000000e+00 0.00000000000000e+00 0.00000000000000e+00 
4.20764268935841e-12 3.43091214014212e+02 3.22485428305603e+02 1.70459572738642e+20 1.40629058035607e+09 3.30769058113155e+08 6.16817640607398e+08 1.21560366222459e+06 2.50487217167455e+09 7.46162710600550e+08 4.18921524762403e+02 7.31042669241696e+07 2.62183240894497e-02 4.53489829758336e-08 0.00000000000000e+00 0.00000000000000e+00 0.00000000000000e+00 0.00000000000000e+00 0.00000000000000e+00 0.00000000000000e+00 0.00000000000000e+00 
6.91702892804660e-12 3.43091198323952e+02 3.22485419361683e+02 1.70459572736056e+20 2.31182953133876e+09 5.43757951695616e+08 1.01399894442525e+09 1.99835544908424e+06 4.11781013259751e+09 1.22663187131247e+09 6.88673569409887e+02 1.20177583093746e+08 7.08510865254240e-02 1.22548829892683e-07 0.00000000000000e+00 0.00000000000000e+00 0.00000000000000e+00 0.00000000000000e+00 0.00000000000000e+00 0.00000000000000e+00 0.00000000000000e+00 
9.62641516673478e-12 3.43091182633697e+02 3.22485410417767e+02 1.70459572733469e+20 3.21736848251099e+09 7.56746850260802e+08 1.41118020767502e+09 2.78110723583813e+06 5.73074817322159e+09 1.70710095226118e+09 9.58425614861524e+02 1.67250899235588e+08 1.37224248365239e-01 2.37352354802601e-07 0.00000000000000e+00 0.00000000000000e+00 0.00000000000000e+00 0.00000000000000e+00 0.00000000000000e+00 0.00000000000000e+00 0.00000000000000e+00 
1.23358014054230e-11 3.43091166943448e+02 3.22485401473854e+02 1.70459572730882e+20 4.12290743387278e+09 9.69735753808712e+08 1.80836143035672e+09 3.56385902248625e+06 7.34368629354676e+09 2.18756995344669e+09 1.22817766111731e+03 2.14324215349696e+08 2.25337806734480e-01 3.89759560991957e-07 0.00000000000000e+00 0.00000000000000e+00 0.00000000000000e+00 0.00000000000000e+00 0.00000000000000e+00 0.00000000000000e+00 0.00000000000000e+00 
3.94296637923048e-11 3.43091010041274e+02 3.22485392529944e+02 1.70459572705015e+20 1.31782969579161e+10 3.09962506333728e+09 5.78017142593189e+09 1.13913768831507e+07 2.34730718803530e+10 6.99225557833152e+09 3.92569816790366e+03 6.85057374965362e+08 2.30219526673496e+00 3.98203719744179e-06 0.00000000000000e+00 0.00000000000000e+00 0.00000000000000e+00 0.00000000000000e+00 0.00000000000000e+00 0.00000000000000e+00 0.00000000000000e+00 
6.65235261791867e-11 3.43090853139672e+02 3.22485303091044e+02 1.70459572679148e+20 2.22336865009146e+10 5.22951487113711e+09 9.75197736470641e+09 1.92188947332390e+07 3.96024654372509e+10 1.17969332269144e+10 6.62321875510536e+03 1.15579053180756e+09 6.55309249461593e+00 1.13346925947562e-05 0.00000000000000e+00 0.00000000000000e+00 0.00000000000000e+00 0.00000000000000e+00 0.00000000000000e+00 0.00000000000000e+00 0.00000000000000e+00 
9.36173885660686e-11 3.43090696238642e+02 3.22485213652499e+02 1.70459572653280e+20 3.12890760628683e+10 7.35940517720723e+09 1.37237792466856e+10 2.70464125727512e+07 5.57318669642257e+10 1.66016028992101e+10 9.32073942272245e+03 1.62652368587630e+09 1.29780295188116e+01 2.24477336867995e-05 0.00000000000000e+00 0.00000000000000e+00 0.00000000000000e+00 0.00000000000000e+00 0.00000000000000e+00 0.00000000000000e+00 0.00000000000000e+00 
1.20711250952950e-10 3.43090539338183e+02 3.22485124214310e+02 1.70459572627413e+20 4.03444656437772e+10 9.48929598154664e+09 1.76955770718750e+10 3.48739304016872e+07 7.18612764612617e+10 2.14062645952341e+10 1.20182601707549e+04 2.09725683717156e+09 2.15770063600433e+01 3.73211687675357e-05 0.00000000000000e+00 0.00000000000000e+00 0.00000000000000e+00 0.00000000000000e+00 0.00000000000000e+00 0.00000000000000e+00 0.00000000000000e+00 
3.91649874821769e-10 3.43088970365050e+02 3.22485034776475e+02 1.70459572368740e+20 1.30898362495387e+11 3.07882314293848e+10 5.74133322023567e+10 1.13149108109354e+08 2.33155809779370e+11 6.94524428661563e+10 3.89934720739351e+04 6.80458819758329e+09 2.27138971478031e+02 3.92880188588444e-04 0.00000000000000e+00 0.00000000000000e+00 0.00000000000000e+00 0.00000000000000e+00 0.00000000000000e+00 0.00000000000000e+00 0.00000000000000e+00 
6.62588498690588e-10 3.43087401449100e+02 3.22484140417650e+02 1.70459572110067e+20 2.21452261242474e+11 5.20872167029939e+10 9.71306816602520e+10 1.91424284759386e+08 3.94451140085855e+11 1.17497823527665e+11 6.59686920186810e+04 1.15119192806476e+10 6.50104939710943e+02 1.12448807822705e-03 0.00000000000000e+00 0.00000000000000e+00 0.00000000000000e+00 0.00000000000000e+00 0.00000000000000e+00 0.00000000000000e+00 0.00000000000000e+00 
9.33527122559406e-10 3.43085832590333e+02 3.22483246094323e+02 1.70459571851395e+20 3.12006161885005e+11 7.33862518014067e+10 1.36847625450900e+11 2.69699460351766e+08 5.55747267365879e+11 1.65542406594597e+11 9.29439200050138e+04 1.62192500863639e+10 1.29047492898222e+03 2.23215275306177e-03 0.00000000000000e+00 0.00000000000000e+00 0.00000000000000e+00 0.00000000000000e+00 0.00000000000000e+00 0.00000000000000e+00 0.00000000000000e+00 
1.20446574642822e-09 3.43084263788745e+02 3.22482351806491e+02 1.70459571592723e+20 4.02560064422945e+11 9.46853367236099e+10 1.76564163579891e+11 3.47974634886479e+08 7.17044191603904e+11 2.13586192082489e+11 1.19919156032956e+05 2.09265806147316e+10 2.14824895806828e+03 3.71588250323118e-03 0.00000000000000e+00 0.00000000000000e+00 0.00000000000000e+00 0.00000000000000e+00 0.00000000000000e+00 0.00000000000000e+00 0.00000000000000e+00 
3.91385198511641e-09 3.43068578916936e+02 3.22481457554154e+02 1.70459569006025e+20 1.30809919403730e+12 3.07678925887569e+11 5.73707235501517e+11 1.13072632205545e+09 2.33005726105260e+12 6.93980185735236e+11 3.89671958608901e+05 6.79998706440203e+10 2.26832182327134e+04 3.92397583943754e-02 0.00000000000000e+00 0.00000000000000e+00 0.00000000000000e+00 0.00000000000000e+00 0.00000000000000e+00 0.00000000000000e+00 0.00000000000000e+00 
6.62323822380460e-09 3.43052899760548e+02 3.22472516982448e+02 1.70459566419361e+20 2.21363851315296e+12 5.20677496273166e+11 9.70809747643894e+11 1.91347790343742e+09 3.94315000855247e+12 1.17429443923117e+12 6.59425565371123e+05 1.15073132937769e+11 6.49586129397841e+04 1.12379610814474e-01 0.00000000000000e+00 0.00000000000000e+00 0.00000000000000e+00 0.00000000000000e+00 0.00000000000000e+00 0.00000000000000e+00 0.00000000000000e+00 
9.33262446249278e-09 3.43037226317462e+02 3.22463579958405e+02 1.70459563832733e+20 3.11917802173683e+12 7.33681046913291e+11 1.36787170534288e+12 2.69622937901558e+09 5.55632241927469e+12 1.65452896739769e+12 9.29179976340824e+05 1.62146367495410e+11 1.28974451006964e+05 2.23143352093196e-01 0.00000000000000e+00 0.00000000000000e+00 0.00000000000000e+00 0.00000000000000e+00 0.00000000000000e+00 0.00000000000000e+00 0.00000000000000e+00 
1.20420107011810e-08 3.43021558585463e+02 3.22454646480524e+02 1.70459561246140e+20 4.02471771975427e+12 9.46689576795144e+11 1.76489311418561e+12 3.47898074877232e+09 7.16957447769219e+12 2.13468378576042e+12 1.19893519154022e+06 2.09219574316348e+11 2.14730751210809e+05 3.71539267751017e-01 0.00000000000000e+00 0.00000000000000e+00 0.00000000000000e+00 0.00000000000000e+00 0.00000000000000e+00 0.00000000000000e+00 0.00000000000000e+00 
3.14161419781314e-08 3.42909688858503e+02 3.22445716547246e+02 1.70459542751105e+20 1.05000070986243e+13 2.47000436452068e+12 4.60271096250167e+12 9.07623344710686e+09 1.87078489846217e+13 5.56582713569739e+12 3.12790950389443e+06 5.45827284730123e+11 1.46151340947569e+06 2.53008918207470e+00 0.00000000000000e+00 0.00000000000000e+00 0.00000000000000e+00 0.00000000000000e+00 0.00000000000000e+00 0.00000000000000e+00 0.00000000000000e+00 
5.07902732550818e-08 3.42798110234875e+02 3.22381964026350e+02 1.70459524257878e+20 1.69753061493883e+13 3.99357333448502e+12 7.43845774623898e+12 1.46734807271080e+10 3.02501896641838e+13 8.99290113658316e+12 5.05692494836098e+06 8.82433576630223e+11 3.81996243269393e+06 6.61634262531946e+00 0.00000000000000e+00 0.00000000000000e+00 0.00000000000000e+00 0.00000000000000e+00 0.00000000000000e+00 0.00000000000000e+00 0.00000000000000e+00 
7.01644045320323e-08 3.42686821906201e+02 3.22318392103987e+02 1.70459505766457e+20 2.34506148593681e+13 5.51739611609130e+12 1.02721355059120e+13 2.02707225823156e+10 4.17965908457522e+13 1.24159114585034e+13 6.98598153315409e+06 1.21903844979833e+12 7.29008469977373e+06 1.26333280688399e+01 0.00000000000000e+00 0.00000000000000e+00 0.00000000000000e+00 0.00000000000000e+00 0.00000000000000e+00 0.00000000000000e+00 0.00000000000000e+00 
8.95385358089827e-08 3.42575823067048e+02 3.22255000212634e+02 1.70459487276841e+20 2.99259332159043e+13 7.04147233926688e+12 1.31037462767397e+13 2.58679590062694e+10 5.33470468735341e+13 1.58348637567094e+13 8.91507926652781e+06 1.55564190401611e+12 1.18718870852968e+07 2.05840676810526e+01 0.00000000000000e+00 0.00000000000000e+00 0.00000000000000e+00 0.00000000000000e+00 0.00000000000000e+00 0.00000000000000e+00 0.00000000000000e+00 
1.08912667085933e-07 3.42465112914867e+02 3.22191787787052e+02 1.70459468789028e+20 3.64012612063564e+13 8.56580163444646e+12 1.59332920887728e+13 3.14651899925087e+10 6.49015521062220e+13 1.92497636719665e+13 1.08442181567758e+07 1.89224393906523e+12 1.75653764597947e+07 3.04715774774101e+01 0.00000000000000e+00 0.00000000000000e+00 0.00000000000000e+00 0.00000000000000e+00 0.00000000000000e+00 0.00000000000000e+00 0.00000000000000e+00 
3.02653979855438e-07 3.41373715652168e+02 3.22128754264250e+02 1.70459284009695e+20 1.01155068210891e+14 2.38229326545820e+13 4.41156189465024e+13 8.74371993553228e+10 1.80668084045755e+14 5.31771082986746e+13 3.01378725649104e+07 5.25818618711206e+12 1.35644564962012e+08 2.36526669827700e+02 0.00000000000000e+00 0.00000000000000e+00 0.00000000000000e+00 0.00000000000000e+00 0.00000000000000e+00 0.00000000000000e+00 0.00000000000000e+00 
4.96395292624942e-07 3.40310323549928e+02 3.21508136983094e+02 1.70459099408868e+20 1.65909824802200e+14 3.91049670044332e+13 7.20936504209056e+13 1.43408657814534e+11 2.96833422710639e+14 8.67053277896415e+13 4.94356521142113e+07 8.62398627725292e+12 3.64900003081496e+08 6.39538822296636e+02 0.00000000000000e+00 0.00000000000000e+00 0.00000000000000e+00 0.00000000000000e+00 0.00000000000000e+00 0.00000000000000e+00 0.00000000000000e+00 
6.90136605394446e-07 3.39274171457495e+02 3.20904806013236e+02 1.70458914984958e+20 2.30665518532851e+14 5.44115402495664e+13 9.98693536695431e+13 1.99379558859820e+11 4.13392103903510e+14 1.19839885781520e+14 6.87375657454583e+07 1.19896439894386e+13 7.05338548355994e+08 1.24245001347362e+03 0.00000000000000e+00 0.00000000000000e+00 0.00000000000000e+00 0.00000000000000e+00 0.00000000000000e+00 0.00000000000000e+00 0.00000000000000e+00 
8.83877918163950e-07 3.38264517718171e+02 3.20318229136914e+02 1.70458730736411e+20 2.95422137077921e+14 6.97422912219979e+13 1.27444656552132e+14 2.55349895949796e+11 5.30338774278378e+14 1.52586135048232e+14 8.80436228098982e+07 1.53551591025226e+13 1.15696705006474e+09 2.04815358367924e+03 0.00000000000000e+00 0.00000000000000e+00 0.00000000000000e+00 0.00000000000000e+00 0.00000000000000e+00 0.00000000000000e+00 0.00000000000000e+00 
1.07761923093345e-06 3.37280643310719e+02 3.19747892899228e+02 1.70458546661707e+20 3.60179668233673e+14 8.50968620041516e+13 1.54821449046001e+14 3.11319662513450e+11 6.47668187735644e+14 1.84949321106651e+14 1.07353833050989e+08 1.87205313942857e+13 1.71979234923453e+09 3.05949396120785e+03 0.00000000000000e+00 0.00000000000000e+00 0.00000000000000e+00 0.00000000000000e+00 0.00000000000000e+00 0.00000000000000e+00 0.00000000000000e+00 
2.45711787319922e-06 3.30961399332338e+02 3.19193301840083e+02 1.70457240890766e+20 8.21298845808761e+14 1.95084042585570e+14 3.44173076119414e+14 7.09824800576739e+11 1.49371407016831e+15 4.04752180810089e+14 2.44969550824375e+08 4.26788842995722e+13 8.94253633056219e+09 1.64448155694777e+04 0.00000000000000e+00 0.00000000000000e+00 0.00000000000000e+00 0.00000000000000e+00 0.00000000000000e+00 0.00000000000000e+00 0.00000000000000e+00 
3.83661651546499e-06 3.25692754061459e+02 3.15659475494409e+02 1.70455943367325e+20 1.28245949893870e+15 3.06137846810871e+14 5.24172585603319e+14 1.10829825960214e+12 2.35719388600617e+15 6.07104620307098e+14 3.82800510783768e+08 6.66299028569140e+13 2.18056290604101e+10 4.13255193729159e+04 0.00000000000000e+00 0.00000000000000e+00 0.00000000000000e+00 0.00000000000000e+00 0.00000000000000e+00 0.00000000000000e+00 0.00000000000000e+00 
5.21611515773075e-06 3.21292851100652e+02 3.12751253092657e+02 1.70454653658955e+20 1.74365770164203e+15 4.18142339106371e+14 6.95372430583082e+14 1.50673757485548e+12 3.23658892644102e+15 7.93525107132210e+14 5.20851489757676e+08 9.05735028351733e+13 4.03115038741200e+10 7.85157965659967e+04 0.00000000000000e+00 0.00000000000000e+00 0.00000000000000e+00 0.00000000000000e+00 0.00000000000000e+00 0.00000000000000e+00 0.00000000000000e+00 
6.59561379999652e-06 3.17613400625898e+02 3.10349811315533e+02 1.70453371382361e+20 2.20488978781673e+15 5.30989047950936e+14 8.58268208378198e+14 1.90514024808732e+12 4.13055080377686e+15 9.65361779091050e+14 6.59127676467693e+08 1.14509598037811e+14 6.44625723514885e+10 1.28710871034019e+05 0.00000000000000e+00 0.00000000000000e+00 0.00000000000000e+00 0.00000000000000e+00 0.00000000000000e+00 0.00000000000000e+00 0.00000000000000e+00 
7.97511244226229e-06 3.14532481846463e+02 3.08361053158147e+02 1.70452096192147e+20 2.66615233378832e+15 6.44576627306094e+14 1.01331025586038e+15 2.30350376008413e+12 5.03787084537135e+15 1.12382305556273e+15 7.97634460970850e+08 1.38438100557345e+14 9.42612238246221e+10 1.92495362171313e+05 0.00000000000000e+00 0.00000000000000e+00 0.00000000000000e+00 0.00000000000000e+00 0.00000000000000e+00 0.00000000000000e+00 0.00000000000000e+00 
9.35461108452805e-06 3.11949652861423e+02 3.06709697508698e+02 1.70450827773478e+20 3.12744214213270e+15 7.58810483972060e+14 1.16091136925217e+15 2.70182557900193e+12 5.95745901861875e+15 1.26999871553973e+15 9.36377287123380e+08 1.62358920974049e+14 1.29709824967986e+11 2.70353508503775e+05 0.00000000000000e+00 0.00000000000000e+00 0.00000000000000e+00 0.00000000000000e+00 0.00000000000000e+00 0.00000000000000e+00 0.00000000000000e+00 
1.27741782179671e-05 3.07182334948284e+02 3.05335227462289e+02 1.70447710915591e+20 4.27100814494673e+15 1.04421213160162e+15 1.49712003833375e+15 3.68900863526906e+12 8.28367381936129e+15 1.58557323045440e+15 1.28135068723713e+09 2.21621283684393e+14 2.41957807601235e+11 5.26468424057455e+05 0.00000000000000e+00 0.00000000000000e+00 0.00000000000000e+00 0.00000000000000e+00 0.00000000000000e+00 0.00000000000000e+00 0.00000000000000e+00 
1.61937453514062e-05 3.04070798840990e+02 3.02822432231487e+02 1.70444630001156e+20 5.41468355833587e+15 1.33187513450326e+15 1.79504356480066e+15 4.67588122839344e+12 1.06665535731295e+16 1.84437013801577e+15 1.62788107446984e+09 2.80834471416438e+14 3.88972373047567e+11 8.75599313205775e+05 0.00000000000000e+00 0.00000000000000e+00 0.00000000000000e+00 0.00000000000000e+00 0.00000000000000e+00 0.00000000000000e+00 0.00000000000000e+00 
1.96133124848453e-05 3.02047900925663e+02 3.01199589648113e+02 1.70441581668647e+20 6.55843472630799e+15 1.62082003544052e+15 2.05905902565846e+15 5.66240477332480e+12 1.30958677603499e+16 2.05661649776351e+15 1.97603099777167e+09 3.39997039771131e+14 5.70787695037411e+11 1.31996669658531e+06 0.00000000000000e+00 0.00000000000000e+00 0.00000000000000e+00 0.00000000000000e+00 0.00000000000000e+00 0.00000000000000e+00 0.00000000000000e+00 
2.30328796182843e-05 3.00739037296045e+02 3.00151949465776e+02 1.70438562922681e+20 7.70223352603315e+15 1.91024028293294e+15 2.29299878860661e+15 6.64854092190946e+12 1.55632660486762e+16 2.23065946756772e+15 2.32584712960127e+09 3.99107521463106e+14 7.87437022067133e+11 1.86058661481826e+06 0.00000000000000e+00 0.00000000000000e+00 0.00000000000000e+00 0.00000000000000e+00 0.00000000000000e+00 0.00000000000000e+00 0.00000000000000e+00 
2.64524467517234e-05 2.99908042043009e+02 2.99477249344368e+02 1.70435571043718e+20 8.84605650157121e+15 2.19947637528067e+15 2.50026750562979e+15 7.63425157361635e+12 1.80618610415108e+16 2.37338359744790e+15 2.67736008687236e+09 4.58164433719835e+14 1.03895266099271e+12 2.49777498152629e+06 0.00000000000000e+00 0.00000000000000e+00 0.00000000000000e+00 0.00000000000000e+00 0.00000000000000e+00 0.00000000000000e+00 0.00000000000000e+00 
2.98720138851625e-05 2.99378069235103e+02 2.98990550422620e+02 1.70432603583407e+20 9.98988413562031e+15 2.48799094286635e+15 2.68387247534288e+15 8.61949881919402e+12 2.05860184110843e+16 2.49042056716900e+15 3.03058555133930e+09 5.17166283264914e+14 1.32536596551339e+12 3.23146013520886e+06 0.00000000000000e+00 0.00000000000000e+00 0.00000000000000e+00 0.00000000000000e+00 0.00000000000000e+00 0.00000000000000e+00 0.00000000000000e+00 
3.56198102864785e-05 2.98852203140098e+02 2.98736368288130e+02 1.70427664683378e+20 1.19124591698356e+16 2.97014573308083e+15 2.94643617467328e+15 1.02744079758177e+13 2.48738814388622e+16 2.64173439285817e+15 3.62816457549876e+09 6.16211631078130e+14 1.88549542188739e+12 4.68165120140541e+06 0.00000000000000e+00 0.00000000000000e+00 0.00000000000000e+00 0.00000000000000e+00 0.00000000000000e+00 0.00000000000000e+00 0.00000000000000e+00 
4.13676066877945e-05 2.98563318470665e+02 2.98484830450361e+02 1.70422779346185e+20 1.38349423716216e+16 3.44752154021118e+15 3.16042949807517e+15 1.19277222306665e+13 2.92043502142292e+16 2.75007285226924e+15 4.23051937548375e+09 7.15090036529190e+14 2.54444390075047e+12 6.40262222320750e+06 0.00000000000000e+00 0.00000000000000e+00 0.00000000000000e+00 0.00000000000000e+00 0.00000000000000e+00 0.00000000000000e+00 0.00000000000000e+00 
4.71154030891105e-05 2.98414640503073e+02 2.98346935476355e+02 1.70417939766768e+20 1.57572896691617e+16 3.91906844768194e+15 3.33475957668412e+15 1.35792635610994e+13 3.35653324925307e+16 2.82751912795547e+15 4.83752108650519e+09 8.13794360118586e+14 3.30234171434683e+12 8.39259974596025e+06 0.00000000000000e+00 0.00000000000000e+00 0.00000000000000e+00 0.00000000000000e+00 0.00000000000000e+00 0.00000000000000e+00 0.00000000000000e+00 
5.28631994904265e-05 2.98353601094851e+02 2.98276045886946e+02 1.70413139392043e+20 1.76794680637785e+16 4.38406675501851e+15 3.47673988700701e+15 1.52288549110047e+13 3.79479933482171e+16 2.88289986230214e+15 5.44899910028151e+09 9.12317486070004e+14 4.15931128826904e+12 1.06494320341045e+07 0.00000000000000e+00 0.00000000000000e+00 0.00000000000000e+00 0.00000000000000e+00 0.00000000000000e+00 0.00000000000000e+00 0.00000000000000e+00 
5.86109958917426e-05 2.98331593214043e+02 2.98246958016457e+02 1.70408372751312e+20 1.96014528774993e+16 4.84203967725310e+15 3.59235001423466e+15 1.68763201923274e+13 4.23459508817811e+16 2.92258919470039e+15 6.06475305539670e+09 1.01065233487334e+15 5.11546713072081e+12 1.31707123629519e+07 0.00000000000000e+00 0.00000000000000e+00 0.00000000000000e+00 0.00000000000000e+00 0.00000000000000e+00 0.00000000000000e+00 0.00000000000000e+00 
6.43587922930586e-05 2.98318908278244e+02 2.98236472536789e+02 1.70403635280401e+20 2.15232258468405e+16 5.29269535322129e+15 3.68647146718487e+15 1.85214842081703e+13 4.67546917962678e+16 2.95109306867037e+15 6.68455945718164e+09 1.10879186888521e+15 6.17091581964122e+12 1.59540092834355e+07 0.00000000000000e+00 0.00000000000000e+00 0.00000000000000e+00 0.00000000000000e+00 0.00000000000000e+00 0.00000000000000e+00 0.00000000000000e+00 
7.45903138283682e-05 2.98300943470214e+02 2.98230429420300e+02 1.70395262795050e+20 2.49435647634917e+16 6.07632087417876e+15 3.81297609200314e+15 2.14437664423716e+13 5.46196478544398e+16 2.98375867561289e+15 7.79714382677404e+09 1.28298277442939e+15 8.29568654828981e+12 2.15493083120919e+07 0.00000000000000e+00 0.00000000000000e+00 0.00000000000000e+00 0.00000000000000e+00 0.00000000000000e+00 0.00000000000000e+00 0.00000000000000e+00 
8.48218353636778e-05 2.98293444753385e+02 2.98221871639186e+02 1.70386954287701e+20 2.83631386111259e+16 6.83604224279739e+15 3.90071494887777e+15 2.43572313620884e+13 6.24979114475726e+16 3.00178213055548e+15 8.92040582244543e+09 1.45649360734662e+15 1.07358861447420e+13 2.79529351411610e+07 0.00000000000000e+00 0.00000000000000e+00 0.00000000000000e+00 0.00000000000000e+00 0.00000000000000e+00 0.00000000000000e+00 0.00000000000000e+00 
9.50533568989874e-05 2.98300382336499e+02 2.98218299706658e+02 1.70378697928473e+20 3.17819137016724e+16 7.57205913707535e+15 3.96139028663230e+15 2.72609179173259e+13 7.03831326750543e+16 3.01147589151888e+15 1.00529301268652e+10 1.62928577507917e+15 1.34919290236156e+13 3.51498010252821e+07 0.00000000000000e+00 0.00000000000000e+00 0.00000000000000e+00 0.00000000000000e+00 0.00000000000000e+00 0.00000000000000e+00 0.00000000000000e+00 
1.05284878434297e-04 2.98308677962702e+02 2.98221604140833e+02 1.70370485127026e+20 3.51998651137780e+16 8.28474142488389e+15 4.00328551665040e+15 3.01538788074802e+13 7.82709705742695e+16 3.01714388080532e+15 1.11933278202796e+10 1.80132117304118e+15 1.65641499567491e+13 4.31246341753455e+07 0.00000000000000e+00 0.00000000000000e+00 0.00000000000000e+00 0.00000000000000e+00 0.00000000000000e+00 0.00000000000000e+00 0.00000000000000e+00 
1.15516399969607e-04 2.98309800611133e+02 2.98225555587659e+02 1.70362309543265e+20 3.86169756384793e+16 8.97462373235874e+15 4.03226088882016e+15 3.30351811040187e+13 8.61589942053155e+16 3.02118057187016e+15 1.23402340996470e+10 1.97256222362223e+15 1.99528041631315e+13 5.18624946511929e+07 0.00000000000000e+00 0.00000000000000e+00 0.00000000000000e+00 0.00000000000000e+00 0.00000000000000e+00 0.00000000000000e+00 0.00000000000000e+00 
1.25747921504916e-04 2.98307590708430e+02 2.98226090252771e+02 1.70354166513720e+20 4.20332348525751e+16 9.64239148619147e+15 4.05234197594780e+15 3.59039074425329e+13 9.40465391237081e+16 3.02421453691247e+15 1.34923124080105e+10 2.14297189560553e+15 2.36580675004009e+13 6.13486716575517e+07 0.00000000000000e+00 0.00000000000000e+00 0.00000000000000e+00 0.00000000000000e+00 0.00000000000000e+00 0.00000000000000e+00 0.00000000000000e+00 
1.45125947479829e-04 2.98302124610224e+02 2.98225037452470e+02 1.70338821414398e+20 4.85011076437736e+16 1.08489166942062e+16 4.07554676210163e+15 4.12994892674630e+13 1.08982301627099e+17 3.02865492236602e+15 1.56839511453096e+10 2.46331202163572e+15 3.15436154830610e+13 8.13140134577120e+07 0.00000000000000e+00 0.00000000000000e+00 0.00000000000000e+00 0.00000000000000e+00 0.00000000000000e+00 0.00000000000000e+00 0.00000000000000e+00 
1.64503973454741e-04 2.98307180155900e+02 2.98222433523506e+02 1.70323566102911e+20 5.49658536994149e+16 1.19832184104072e+16 4.08718313434848e+15 4.66408130687543e+13 1.23914554975522e+17 3.03092269698409e+15 1.78814117761444e+10 2.78029642514530e+15 4.05650307450923e+13 1.03811181170852e+08 0.00000000000000e+00 0.00000000000000e+00 0.00000000000000e+00 0.00000000000000e+00 0.00000000000000e+00 0.00000000000000e+00 0.00000000000000e+00 
1.83881999429654e-04 2.98313184941573e+02 2.98224841469720e+02 1.70308391453482e+20 6.14274336576730e+16 1.30495791086428e+16 4.09237713052562e+15 5.19221832307611e+13 1.38841984578085e+17 3.03209638302788e+15 2.00772384840065e+10 3.09368920056726e+15 5.07211903190470e+13 1.28746247790977e+08 0.00000000000000e+00 0.00000000000000e+00 0.00000000000000e+00 0.00000000000000e+00 0.00000000000000e+00 0.00000000000000e+00 0.00000000000000e+00 
2.03260025404566e-04 2.98312881306351e+02 2.98227701642003e+02 1.70293290511769e+20 6.78858105768939e+16 1.40519937352807e+16 4.09436340835349e+15 5.71381602477899e+13 1.53762946523185e+17 3.03358897490689e+15 2.22646812862317e+10 3.40326187361176e+15 6.20099721181538e+13 1.56032050888859e+08 0.00000000000000e+00 0.00000000000000e+00 0.00000000000000e+00 0.00000000000000e+00 0.00000000000000e+00 0.00000000000000e+00 0.00000000000000e+00 
2.22638051379479e-04 2.98310896840310e+02 2.98227556787412e+02 1.70278257708177e+20 7.43409536122895e+16 1.49943214567621e+16 4.09511659416448e+15 6.22836006052800e+13 1.68677002660523e+17 3.03561244315625e+15 2.44377359293541e+10 3.70879354153836e+15 7.44282661864440e+13 1.85581111531834e+08 0.00000000000000e+00 0.00000000000000e+00 0.00000000000000e+00 0.00000000000000e+00 0.00000000000000e+00 0.00000000000000e+00 0.00000000000000e+00 
2.42016077354391e-04 2.98311517483159e+02 2.98226611268002e+02 1.70263288818480e+20 8.07928364353755e+16 1.58802507619189e+16 4.09542702725412e+15 6.73536707582122e+13 1.83584462529249e+17 3.03763583169311e+15 2.65911372765689e+10 4.01007100516873e+15 8.79719866919756e+13 2.17305397126973e+08 0.00000000000000e+00 0.00000000000000e+00 0.00000000000000e+00 0.00000000000000e+00 0.00000000000000e+00 0.00000000000000e+00 0.00000000000000e+00 
2.78441092249198e-04 2.98313670177419e+02 2.98226906697604e+02 1.70235312739716e+20 9.29115736506768e+16 1.74047444173520e+16 4.09575862110283e+15 7.66643032385570e+13 2.11587607199663e+17 3.04135275923478e+15 3.05700910265919e+10 4.56415912622651e+15 1.16457800136296e+14 2.82544422339164e+08 0.00000000000000e+00 0.00000000000000e+00 0.00000000000000e+00 0.00000000000000e+00 0.00000000000000e+00 0.00000000000000e+00 0.00000000000000e+00 
3.14866107144004e-04 2.98314768830371e+02 2.98227931731621e+02 1.70207531398702e+20 1.05018544899492e+17 1.87627721023402e+16 4.09525489375529e+15 8.56658180081929e+13 2.39565946578039e+17 3.04443911802741e+15 3.44396014228284e+10 5.10121425710766e+15 1.48859010833187e+14 3.54670505594616e+08 0.00000000000000e+00 0.00000000000000e+00 0.00000000000000e+00 0.00000000000000e+00 0.00000000000000e+00 0.00000000000000e+00 0.00000000000000e+00 
3.51291122038811e-04 2.98314466097840e+02 2.98228454670419e+02 1.70179927659429e+20 1.17113606368834e+17 1.99727440939295e+16 4.09412351653741e+15 9.43353391181644e+13 2.67517483459012e+17 3.04759938865374e+15 3.81831210118875e+10 5.62006068119344e+15 1.85121604205925e+14 4.33206517084583e+08 0.00000000000000e+00 0.00000000000000e+00 0.00000000000000e+00 0.00000000000000e+00 0.00000000000000e+00 0.00000000000000e+00 0.00000000000000e+00 
3.87716136933617e-04 2.98314909166714e+02 2.98228310056052e+02 1.70152485710918e+20 1.29196629864895e+17 2.10510634518061e+16 4.09315330155758e+15 1.02654307917551e+14 2.95440735415279e+17 3.05110752302577e+15 4.17909596418974e+10 6.11963364354960e+15 2.25180568616205e+14 5.17699216007510e+08 0.00000000000000e+00 0.00000000000000e+00 0.00000000000000e+00 0.00000000000000e+00 0.00000000000000e+00 0.00000000000000e+00 0.00000000000000e+00 
4.24141151828424e-04 2.98315918044672e+02 2.98228520704388e+02 1.70125191958102e+20 1.41267503325794e+17 2.20123837676281e+16 4.09256107488620e+15 1.10608447827384e+14 3.23334924072099e+17 3.05462239670599e+15 4.52592352937421e+10 6.59898109348060e+15 2.68960412791011e+14 6.07725571946296e+08 0.00000000000000e+00 0.00000000000000e+00 0.00000000000000e+00 0.00000000000000e+00 0.00000000000000e+00 0.00000000000000e+00 0.00000000000000e+00 
4.60566166723230e-04 2.98316507582935e+02 2.98229000873364e+02 1.70098034860498e+20 1.53326127806078e+17 2.28697351732288e+16 4.09202602483125e+15 1.18187651981166e+14 3.51199203560683e+17 3.05796397066043e+15 4.85888652844007e+10 7.05726565190936e+15 3.16375710064851e+14 7.02897984917935e+08 0.00000000000000e+00 0.00000000000000e+00 0.00000000000000e+00 0.00000000000000e+00 0.00000000000000e+00 0.00000000000000e+00 0.00000000000000e+00 
5.43512284640438e-04 2.98317569881714e+02 2.98229281289284e+02 1.70036652383759e+20 1.80739593294750e+17 2.44906592257575e+16 4.09063510305635e+15 1.34031061125489e+14 4.14534200874796e+17 3.06559700057418e+15 5.56905176843828e+10 8.01889558364897e+15 4.37376157612519e+14 9.36978172335854e+08 0.00000000000000e+00 0.00000000000000e+00 0.00000000000000e+00 0.00000000000000e+00 0.00000000000000e+00 0.00000000000000e+00 0.00000000000000e+00 
6.26458402557645e-04 2.98318299109127e+02 2.98229786377319e+02 1.69975823769343e+20 2.08088291072699e+17 2.57434084439377e+16 4.08897415374956e+15 1.47907937389930e+14 4.77699609364568e+17 3.07318801184007e+15 6.22069915713712e+10 8.86159617942608e+15 5.75441360038219e+14 1.19204480070067e+09 0.00000000000000e+00 0.00000000000000e+00 0.00000000000000e+00 0.00000000000000e+00 0.00000000000000e+00 0.00000000000000e+00 0.00000000000000e+00 
7.09404520474852e-04 2.98319124319091e+02 2.98230132805424e+02 1.69915467776575e+20 2.35371652038748e+17 2.67165155967556e+16 4.08741485083888e+15 1.59898386607333e+14 5.40688809819645e+17 3.08079070826976e+15 6.82795668030939e+10 9.58194864495278e+15 7.29116192638247e+14 1.46475182001979e+09 0.00000000000000e+00 0.00000000000000e+00 0.00000000000000e+00 0.00000000000000e+00 0.00000000000000e+00 0.00000000000000e+00 0.00000000000000e+00 
7.92350638392059e-04 2.98319850247316e+02 2.98230524951480e+02 1.69855523142070e+20 2.62589356270851e+17 2.74759239207562e+16 4.08598464396037e+15 1.70154363501698e+14 6.03498020166365e+17 3.08835773048900e+15 7.40634888774072e+10 1.01795495634679e+16 8.96785333910430e+14 1.75226965395988e+09 0.00000000000000e+00 0.00000000000000e+00 0.00000000000000e+00 0.00000000000000e+00 0.00000000000000e+00 0.00000000000000e+00 0.00000000000000e+00 
8.75296756309267e-04 2.98320443264470e+02 2.98230869803788e+02 1.69795942074028e+20 2.89741291798974e+17 2.80714614198775e+16 4.08455517300714e+15 1.78878122354167e+14 6.66126050411457e+17 3.09588029088016e+15 7.97031754452780e+10 1.06567726759972e+16 1.07672499870592e+15 2.05219538374424e+09 0.00000000000000e+00 0.00000000000000e+00 0.00000000000000e+00 0.00000000000000e+00 0.00000000000000e+00 0.00000000000000e+00 0.00000000000000e+00 
1.01684274612545e-03 2.98321327710251e+02 2.98231151344917e+02 1.69695004919149e+20 3.35923969655274e+17 2.88087254533027e+16 4.08208330605208e+15 1.90862750689427e+14 7.72586135222224e+17 3.10865756960387e+15 8.93097575368497e+10 1.12082459945258e+16 1.40707627748478e+15 2.58715670960017e+09 0.00000000000000e+00 0.00000000000000e+00 0.00000000000000e+00 0.00000000000000e+00 0.00000000000000e+00 0.00000000000000e+00 0.00000000000000e+00 
1.15838873594162e-03 2.98322097291262e+02 2.98231571043974e+02 1.69594863388913e+20 3.81916400933596e+17 2.93148924412175e+16 4.07960801120494e+15 2.00133178247959e+14 8.78539636121242e+17 3.12136809181299e+15 9.92864232158794e+10 1.14576171764340e+16 1.75930275251089e+15 3.14409005105389e+09 0.00000000000000e+00 0.00000000000000e+00 0.00000000000000e+00 0.00000000000000e+00 0.00000000000000e+00 0.00000000000000e+00 0.00000000000000e+00 
1.29993472575780e-03 2.98322788629308e+02 2.98231936030544e+02 1.69495401514069e+20 4.27720457665276e+17 2.96782435828152e+16 4.07717315167628e+15 2.07719811241620e+14 9.84016043028508e+17 3.13401737881801e+15 1.09941174915870e+11 1.14499075367365e+16 2.12505990849054e+15 3.71660583144635e+09 0.00000000000000e+00 0.00000000000000e+00 0.00000000000000e+00 0.00000000000000e+00 0.00000000000000e+00 0.00000000000000e+00 0.00000000000000e+00 
1.44148071557398e-03 2.98323425942107e+02 2.98232263749644e+02 1.69396530554191e+20 4.73338565146810e+17 2.99506816938256e+16 4.07476007341646e+15 2.14481341500075e+14 1.08905358038707e+18 3.14661106682768e+15 1.21461946554783e+11 1.12366245475146e+16 2.49681668777160e+15 4.29999534773426e+09 0.00000000000000e+00 0.00000000000000e+00 0.00000000000000e+00 0.00000000000000e+00 0.00000000000000e+00 0.00000000000000e+00 0.00000000000000e+00 
1.58302670539016e-03 2.98324028006577e+02 2.98232565736907e+02 1.69298177812098e+20 5.18773360800801e+17 3.01642656128011e+16 4.07235419908585e+15 2.21061252125981e+14 1.19369386967930e+18 3.15915634919891e+15 1.33955747817887e+11 1.08700207356092e+16 2.86819400096203e+15 4.89075377843607e+09 0.00000000000000e+00 0.00000000000000e+00 0.00000000000000e+00 0.00000000000000e+00 0.00000000000000e+00 0.00000000000000e+00 0.00000000000000e+00 
1.79471580035076e-03 2.98324886311280e+02 2.98232850935726e+02 1.69151925780946e+20 5.86386872189798e+17 3.04153576684514e+16 4.06877608069127e+15 2.31422137953352e+14 1.34953451096398e+18 3.17784014209860e+15 1.54553508132737e+11 1.01384526138691e+16 3.41269721751608e+15 5.78270886101207e+09 0.00000000000000e+00 0.00000000000000e+00 0.00000000000000e+00 0.00000000000000e+00 0.00000000000000e+00 0.00000000000000e+00 0.00000000000000e+00 
2.00640489531137e-03 2.98325717696757e+02 2.98233257406011e+02 1.69006534839207e+20 6.53604006136709e+17 3.06249877387131e+16 4.06522080309609e+15 2.43192625026939e+14 1.50469612364410e+18 3.19644331317686e+15 1.77436534860588e+11 9.30709727639647e+15 3.93371019659118e+15 6.67911039172013e+09 0.00000000000000e+00 0.00000000000000e+00 0.00000000000000e+00 0.00000000000000e+00 0.00000000000000e+00 0.00000000000000e+00 0.00000000000000e+00 
2.21809399027197e-03 2.98326535980103e+02 2.98233651052025e+02 1.68861890431098e+20 7.20431272063852e+17 3.08146934445829e+16 4.06168505805055e+15 2.56688384450891e+14 1.65927074876953e+18 3.21497676598464e+15 2.02380636317019e+11 8.47480211249177e+15 4.42506415315404e+15 7.57596291511722e+09 0.00000000000000e+00 0.00000000000000e+00 0.00000000000000e+00 0.00000000000000e+00 0.00000000000000e+00 0.00000000000000e+00 0.00000000000000e+00 
2.42978308523257e-03 2.98327347379359e+02 2.98234038452671e+02 1.68717921450519e+20 7.86873605622199e+17 3.09930546417688e+16 4.05816554982547e+15 2.71848590339418e+14 1.81331879265827e+18 3.23344741705974e+15 2.29008872155652e+11 7.70098405775721e+15 4.88525230278786e+15 8.47091443666431e+09 0.00000000000000e+00 0.00000000000000e+00 0.00000000000000e+00 0.00000000000000e+00 0.00000000000000e+00 0.00000000000000e+00 0.00000000000000e+00 
2.64147218019317e-03 2.98328155169043e+02 2.98234422568092e+02 1.68574591376536e+20 8.52934431691373e+17 3.11641029687304e+16 4.05466137875520e+15 2.88404126856752e+14 1.96687013478856e+18 3.25185860007616e+15 2.56816411286228e+11 7.00984600042180e+15 5.31580253709479e+15 9.36251652204484e+09 0.00000000000000e+00 0.00000000000000e+00 0.00000000000000e+00 0.00000000000000e+00 0.00000000000000e+00 0.00000000000000e+00 0.00000000000000e+00 
2.90174784602554e-03 2.98329144093353e+02 2.98234804957221e+02 1.68399206326374e+20 9.33638657839398e+17 3.13684050899478e+16 4.05037342675848e+15 3.10322265391767e+14 2.15500887377081e+18 3.27441652987988e+15 2.92260106250579e+11 6.28831822946040e+15 5.80846105594295e+15 1.04527548740332e+10 0.00000000000000e+00 0.00000000000000e+00 0.00000000000000e+00 0.00000000000000e+00 0.00000000000000e+00 0.00000000000000e+00 0.00000000000000e+00 
3.16202351185791e-03 2.98330130628763e+02 2.98235273068752e+02 1.68224739759925e+20 1.01377422135402e+18 3.15684551066202e+16 4.04610772934274e+15 3.33502218316946e+14 2.34242721399672e+18 3.29688765809423e+15 3.28581431998020e+11 5.69679274918077e+15 6.26671168278236e+15 1.15354094578556e+10 0.00000000000000e+00 0.00000000000000e+00 0.00000000000000e+00 0.00000000000000e+00 0.00000000000000e+00 0.00000000000000e+00 0.00000000000000e+00 
3.42229917769028e-03 2.98331114592099e+02 2.98235740031405e+02 1.68051194514930e+20 1.09334431278454e+18 3.17656205269806e+16 4.04186422852195e+15 3.57514977943642e+14 2.52911590467681e+18 3.31927086836440e+15 3.65326990247508e+11 5.21221022431265e+15 6.69668049427671e+15 1.26098353597645e+10 0.00000000000000e+00 0.00000000000000e+00 0.00000000000000e+00 0.00000000000000e+00 0.00000000000000e+00 0.00000000000000e+00 0.00000000000000e+00 
3.68257484352265e-03 2.98332095475536e+02 2.98236205758547e+02 1.67878577469361e+20 1.17235200852335e+18 3.19604870487689e+16 4.03764322111016e+15 3.82019706656069e+14 2.71506305625411e+18 3.34156473255125e+15 4.02206489127257e+11 4.81099856066512e+15 7.10338893389458e+15 1.36756201254544e+10 0.00000000000000e+00 0.00000000000000e+00 0.00000000000000e+00 0.00000000000000e+00 0.00000000000000e+00 0.00000000000000e+00 0.00000000000000e+00 
3.94285050935502e-03 2.98333073020243e+02 2.98236670009042e+02 1.67706895191327e+20 1.25080044765266e+18 3.21533008191016e+16 4.03344495074384e+15 4.06758423623263e+14 2.90025794506273e+18 3.36376801436294e+15 4.39073758904838e+11 4.47275913319492e+15 7.49074782474730e+15 1.47325122692422e+10 0.00000000000000e+00 0.00000000000000e+00 0.00000000000000e+00 0.00000000000000e+00 0.00000000000000e+00 0.00000000000000e+00 0.00000000000000e+00 
4.20312617518739e-03 2.98334046250586e+02 2.98237132660313e+02 1.67536147414798e+20 1.32869310288782e+18 3.23442475736326e+16 4.02926943967197e+15 4.31593853995274e+14 3.08469692148370e+18 3.38588018048353e+15 4.75991515626333e+11 4.18598566838034e+15 7.86163917697973e+15 1.57803852225488e+10 0.00000000000000e+00 0.00000000000000e+00 0.00000000000000e+00 0.00000000000000e+00 0.00000000000000e+00 0.00000000000000e+00 0.00000000000000e+00 
4.52218747972793e-03 2.98335234146531e+02 2.98237593248276e+02 1.67328110258803e+20 1.42342532147834e+18 3.25759933398230e+16 4.02418192885988e+15 4.62007402821686e+14 3.30975592580248e+18 3.41286166796860e+15 5.21246328283854e+11 3.88849846710044e+15 8.29736701894160e+15 1.70525566803465e+10 0.00000000000000e+00 0.00000000000000e+00 0.00000000000000e+00 0.00000000000000e+00 0.00000000000000e+00 0.00000000000000e+00 0.00000000000000e+00 
4.84124878426847e-03 2.98336415673241e+02 2.98238155401765e+02 1.67121476924560e+20 1.51733394955561e+18 3.28053370355585e+16 4.01912868024176e+15 4.92258607140161e+14 3.53366797230612e+18 3.43970500888309e+15 5.66434719483420e+11 3.63567861269280e+15 8.71543704348664e+15 1.83111100195511e+10 0.00000000000000e+00 0.00000000000000e+00 0.00000000000000e+00 0.00000000000000e+00 0.00000000000000e+00 0.00000000000000e+00 0.00000000000000e+00 
5.16031008880901e-03 2.98337590437447e+02 2.98238714510615e+02 1.66916242700941e+20 1.61042557444854e+18 3.30323857211273e+16 4.01410962700295e+15 5.22269518489218e+14 3.75643214233676e+18 3.46641005342065e+15 6.11567829306798e+11 3.41707621708544e+15 9.11836864920546e+15 1.95561039790086e+10 0.00000000000000e+00 0.00000000000000e+00 0.00000000000000e+00 0.00000000000000e+00 0.00000000000000e+00 0.00000000000000e+00 0.00000000000000e+00 
5.47937139334955e-03 2.98338758663744e+02 2.98239270388334e+02 1.66712400872454e+20 1.70270685301423e+18 3.32572183862271e+16 4.00912460978225e+15 5.51996356566333e+14 3.97804984314170e+18 3.49297698433079e+15 6.56668970203823e+11 3.22564045682694e+15 9.50805868163014e+15 2.07876316388408e+10 0.00000000000000e+00 0.00000000000000e+00 0.00000000000000e+00 0.00000000000000e+00 0.00000000000000e+00 0.00000000000000e+00 0.00000000000000e+00 
5.79843269789009e-03 2.98339920178864e+02 2.98239823142539e+02 1.66509943106981e+20 1.79418448062076e+18 3.34799028746292e+16 4.00417343932173e+15 5.81418878346284e+14 4.19852430316040e+18 3.51940615057557e+15 7.01745048659619e+11 3.05684002613720e+15 9.88600087096704e+15 2.20058166314055e+10 0.00000000000000e+00 0.00000000000000e+00 0.00000000000000e+00 0.00000000000000e+00 0.00000000000000e+00 0.00000000000000e+00 0.00000000000000e+00 
6.11749400243063e-03 2.98341075076706e+02 2.98240372691356e+02 1.66308861113553e+20 1.88486510973691e+18 3.37004936227242e+16 3.99925592298681e+15 6.10522087015048e+14 4.41785889844699e+18 3.54569794247796e+15 7.46765110192462e+11 2.90671100487322e+15 1.02534572214952e+16 2.32108033190307e+10 0.00000000000000e+00 0.00000000000000e+00 0.00000000000000e+00 0.00000000000000e+00 0.00000000000000e+00 0.00000000000000e+00 0.00000000000000e+00 
6.78390584414707e-03 2.98343465919838e+02 2.98240919080097e+02 1.65893268572000e+20 2.07172466030884e+18 3.41546470789930e+16 3.98909254833296e+15 6.70249195617531e+14 4.87231548219264e+18 3.60017150695644e+15 8.40561390315588e+11 2.64070370059543e+15 1.09912560054420e+16 2.56857213051561e+10 0.00000000000000e+00 0.00000000000000e+00 0.00000000000000e+00 0.00000000000000e+00 0.00000000000000e+00 0.00000000000000e+00 0.00000000000000e+00 
7.45031768586351e-03 2.98345828025165e+02 2.98242050109273e+02 1.65483559076094e+20 2.25519597028774e+18 3.46001541849691e+16 3.97907315767899e+15 7.28537344794401e+14 5.32185621555287e+18 3.65405229683784e+15 9.34007555642843e+11 2.42360292352819e+15 1.16949913541288e+16 2.81051458657722e+10 0.00000000000000e+00 0.00000000000000e+00 0.00000000000000e+00 0.00000000000000e+00 0.00000000000000e+00 0.00000000000000e+00 0.00000000000000e+00 
8.11672952757995e-03 2.98348161822235e+02 2.98243167422096e+02 1.65079649466813e+20 2.43533815981664e+18 3.50372574638289e+16 3.96919573206854e+15 7.85414467966832e+14 5.76652470611902e+18 3.70734536453726e+15 1.02704399157546e+12 2.24318199188059e+15 1.23700482598812e+16 3.04705156550907e+10 0.00000000000000e+00 0.00000000000000e+00 0.00000000000000e+00 0.00000000000000e+00 0.00000000000000e+00 0.00000000000000e+00 0.00000000000000e+00 
8.78314136929640e-03 2.98350467682009e+02 2.98244271227759e+02 1.64681457955882e+20 2.61220935779880e+18 3.54661627566004e+16 3.95945827935767e+15 8.40914709746993e+14 6.20636499702116e+18 3.76005583949564e+15 1.11957914788919e+12 2.09048831389540e+15 1.30203424474225e+16 3.27832554466420e+10 0.00000000000000e+00 0.00000000000000e+00 0.00000000000000e+00 0.00000000000000e+00 0.00000000000000e+00 0.00000000000000e+00 0.00000000000000e+00 
9.44955321101284e-03 2.98352745875057e+02 2.98245361707342e+02 1.64288903279236e+20 2.78586675415132e+18 3.58870601497723e+16 3.94985881869572e+15 8.95079605508037e+14 6.64142201660991e+18 3.81218895675896e+15 1.21156688901193e+12 1.95939456168620e+15 1.36488348492897e+16 3.50447538142022e+10 0.00000000000000e+00 0.00000000000000e+00 0.00000000000000e+00 0.00000000000000e+00 0.00000000000000e+00 0.00000000000000e+00 0.00000000000000e+00 
1.04500542242879e-02 2.98356114994942e+02 2.98246438993915e+02 1.63709957884910e+20 3.04067174772493e+18 3.65043086490380e+16 3.93570167121982e+15 9.73992778209245e+14 7.28570303155436e+18 3.88938535846232e+15 1.34860033064539e+12 1.79441663953114e+15 1.45566388806319e+16 3.83467362890447e+10 0.00000000000000e+00 0.00000000000000e+00 0.00000000000000e+00 0.00000000000000e+00 0.00000000000000e+00 0.00000000000000e+00 0.00000000000000e+00 
1.14505552375630e-02 2.98359423726023e+02 2.98248031949972e+02 1.63143268691018e+20 3.28854598174076e+18 3.71044434618152e+16 3.92184455325193e+15 1.05013644430408e+15 7.91945821923632e+18 3.96531035381012e+15 1.48423973040772e+12 1.65788733755246e+15 1.54267550256132e+16 4.15406709441979e+10 0.00000000000000e+00 0.00000000000000e+00 0.00000000000000e+00 0.00000000000000e+00 0.00000000000000e+00 0.00000000000000e+00 0.00000000000000e+00 
1.24510562508381e-02 2.98362673028020e+02 2.98249596129721e+02 1.62588572943763e+20 3.52967116814060e+18 3.76879665701633e+16 3.90828102544133e+15 1.12365139628014e+15 8.54284089145152e+18 4.03998194700316e+15 1.61844812432730e+12 1.54368665485201e+15 1.62637170401014e+16 4.46307856898739e+10 0.00000000000000e+00 0.00000000000000e+00 0.00000000000000e+00 0.00000000000000e+00 0.00000000000000e+00 0.00000000000000e+00 0.00000000000000e+00 
1.34515572641132e-02 2.98365864070224e+02 2.98251132002050e+02 1.62045614516115e+20 3.76422437980510e+18 3.82553546214438e+16 3.89500479794066e+15 1.19465958328447e+15 9.15600219034176e+18 4.11341797382610e+15 1.75116858254866e+12 1.44669232938551e+15 1.70711535939817e+16 4.76211272753190e+10 0.00000000000000e+00 0.00000000000000e+00 0.00000000000000e+00 0.00000000000000e+00 0.00000000000000e+00 0.00000000000000e+00 0.00000000000000e+00 
1.44520582773883e-02 2.98368997801103e+02 2.98252640134764e+02 1.61514143285974e+20 3.99237819696908e+18 3.88070668917196e+16 3.88200973451996e+15 1.26327356213733e+15 9.75909144633155e+18 4.18563608780952e+15 1.88236138825416e+12 1.36286677495919e+15 1.78519453128958e+16 5.05155626005583e+10 0.00000000000000e+00 0.00000000000000e+00 0.00000000000000e+00 0.00000000000000e+00 0.00000000000000e+00 0.00000000000000e+00 0.00000000000000e+00 
1.54525592906634e-02 2.98372075223127e+02 2.98254120989829e+02 1.60993914068247e+20 4.21430083224945e+18 3.93435424102636e+16 3.86928981619359e+15 1.32960500725327e+15 1.03522570398848e+19 4.25665387071989e+15 2.01202109801337e+12 1.28991135070120e+15 1.86083442519968e+16 5.33177880757042e+10 0.00000000000000e+00 0.00000000000000e+00 0.00000000000000e+00 0.00000000000000e+00 0.00000000000000e+00 0.00000000000000e+00 0.00000000000000e+00 
1.69444760181924e-02 2.98376561760571e+02 2.98255575054160e+02 1.60238528490484e+20 4.53400464130095e+18 4.01161248103502e+16 3.85082063171790e+15 1.42449392017530e+15 1.12186516419754e+19 4.36036152239105e+15 2.20247683498747e+12 1.19719110694481e+15 1.96949246357794e+16 5.73327168501041e+10 0.00000000000000e+00 0.00000000000000e+00 0.00000000000000e+00 0.00000000000000e+00 0.00000000000000e+00 0.00000000000000e+00 0.00000000000000e+00 
1.84363927457214e-02 2.98380928467794e+02 2.98257694600634e+02 1.59506838203714e+20 4.84074254608114e+18 4.08571056061689e+16 3.83293128175380e+15 1.51483686264456e+15 1.20637827929518e+19 4.46149565688990e+15 2.38942622970806e+12 1.11886414362847e+15 2.07361708399158e+16 6.11615284094113e+10 0.00000000000000e+00 0.00000000000000e+00 0.00000000000000e+00 0.00000000000000e+00 0.00000000000000e+00 0.00000000000000e+00 0.00000000000000e+00 
1.99283094732505e-02 2.98385178386942e+02 2.98259757182707e+02 1.58798095277510e+20 5.13502075076483e+18 4.15677657686118e+16 3.81560340733733e+15 1.60092059470365e+15 1.28881215765731e+19 4.56011250666191e+15 2.57290844239286e+12 1.05282873408821e+15 2.17358546711890e+16 6.48146094697445e+10 0.00000000000000e+00 0.00000000000000e+00 0.00000000000000e+00 0.00000000000000e+00 0.00000000000000e+00 0.00000000000000e+00 0.00000000000000e+00 
2.14202262007795e-02 2.98389314590702e+02 2.98261764272968e+02 1.58111577944431e+20 5.41732616505971e+18 4.22493324173948e+16 3.79881928965544e+15 1.68299201980656e+15 1.36921286863104e+19 4.65626725547677e+15 2.75288840213432e+12 9.95652467690660e+14 2.26971383367080e+16 6.83016861436122e+10 0.00000000000000e+00 0.00000000000000e+00 0.00000000000000e+00 0.00000000000000e+00 0.00000000000000e+00 0.00000000000000e+00 0.00000000000000e+00 
2.29121429283086e-02 2.98393339899389e+02 2.98263717355909e+02 1.57446586476326e+20 5.68812725991360e+18 4.29029813423396e+16 3.78256176183430e+15 1.76129175280043e+15 1.44762577013275e+19 4.75001432647147e+15 2.92939688146635e+12 9.45815063815609e+14 2.36225560222194e+16 7.16318684646400e+10 0.00000000000000e+00 0.00000000000000e+00 0.00000000000000e+00 0.00000000000000e+00 0.00000000000000e+00 0.00000000000000e+00 0.00000000000000e+00 
2.44040596558376e-02 2.98397257237103e+02 2.98265617793509e+02 1.56802443503899e+20 5.94787466455249e+18 4.35298359848877e+16 3.76681420071680e+15 1.83603929963849e+15 1.52409540510832e+19 4.84140729780460e+15 3.10246139608560e+12 9.02262405051053e+14 2.45142405691702e+16 7.48136963618343e+10 0.00000000000000e+00 0.00000000000000e+00 0.00000000000000e+00 0.00000000000000e+00 0.00000000000000e+00 0.00000000000000e+00 0.00000000000000e+00 
2.68451374336779e-02 2.98403441039661e+02 2.98267466994835e+02 1.55791768613305e+20 6.35014997755743e+18 4.45004880093168e+16 3.74210637669476e+15 1.95118493917690e+15 1.64513749185715e+19 4.98600401088403e+15 3.37824555530411e+12 8.41281876850620e+14 2.59049743428971e+16 7.97204756151783e+10 0.00000000000000e+00 0.00000000000000e+00 0.00000000000000e+00 0.00000000000000e+00 0.00000000000000e+00 0.00000000000000e+00 0.00000000000000e+00 
2.92862152115182e-02 2.98409354837065e+02 2.98270385582939e+02 1.54832413800491e+20 6.72578892695917e+18 4.54067544060245e+16 3.71865357860084e+15 2.05815725328933e+15 1.76128038069814e+19 5.12466441306039e+15 3.64499066237317e+12 7.90182316487882e+14 2.72167827783242e+16 8.42837113658432e+10 0.00000000000000e+00 0.00000000000000e+00 0.00000000000000e+00 0.00000000000000e+00 0.00000000000000e+00 0.00000000000000e+00 0.00000000000000e+00 
3.17272929893585e-02 2.98415009996951e+02 2.98273176167727e+02 1.53921760545114e+20 7.07648986277373e+18 4.62528255634818e+16 3.69639161058316e+15 2.15766645483179e+15 1.87270557833556e+19 5.25760845600588e+15 3.90288343694625e+12 7.47493359302788e+14 2.84552828593796e+16 8.85324483074982e+10 0.00000000000000e+00 0.00000000000000e+00 0.00000000000000e+00 0.00000000000000e+00 0.00000000000000e+00 0.00000000000000e+00 0.00000000000000e+00 
3.41683707671988e-02 2.98420417337740e+02 2.98275844204760e+02 1.53057332501853e+20 7.40384135161593e+18 4.70426160630734e+16 3.67525978152863e+15 2.25034190173922e+15 1.97958859767337e+19 5.38504924933635e+15 4.15205768809720e+12 7.10571205568486e+14 2.96251053707590e+16 9.24928906026869e+10 0.00000000000000e+00 0.00000000000000e+00 0.00000000000000e+00 0.00000000000000e+00 0.00000000000000e+00 0.00000000000000e+00 0.00000000000000e+00 
3.66094485450391e-02 2.98425587264764e+02 2.98278394878447e+02 1.52236780829238e+20 7.70933215932572e+18 4.77797828228460e+16 3.65520054265414e+15 2.33676253639264e+15 2.08209951969389e+19 5.50719367301858e+15 4.39271214911271e+12 6.78525495663167e+14 3.07301396512903e+16 9.61887966119495e+10 0.00000000000000e+00 0.00000000000000e+00 0.00000000000000e+00 0.00000000000000e+00 0.00000000000000e+00 0.00000000000000e+00 0.00000000000000e+00 
3.97744170871791e-02 2.98431955938796e+02 2.98280833168014e+02 1.51234003929100e+20 8.07550194138511e+18 4.86635920400802e+16 3.63068652405419e+15 2.44044430243171e+15 2.20881390433346e+19 5.65806130332708e+15 4.69246161644153e+12 6.42987395815531e+14 3.20730707344296e+16 1.00623882291142e+11 0.00000000000000e+00 0.00000000000000e+00 0.00000000000000e+00 0.00000000000000e+00 0.00000000000000e+00 0.00000000000000e+00 0.00000000000000e+00 
4.29393856293191e-02 2.98437963552350e+02 2.98283836310418e+02 1.50296601143626e+20 8.41012591279503e+18 4.94716373041089e+16 3.60777027044317e+15 2.53544265587704e+15 2.32880826046027e+19 5.80079388117488e+15 4.97865838592468e+12 6.12755261858086e+14 3.33200751653384e+16 1.04691147396937e+11 0.00000000000000e+00 0.00000000000000e+00 0.00000000000000e+00 0.00000000000000e+00 0.00000000000000e+00 0.00000000000000e+00 0.00000000000000e+00 
4.61043541714591e-02 2.98443629257711e+02 2.98286668693640e+02 1.49420427050855e+20 8.71572715062131e+18 5.02100862723409e+16 3.58635028006936e+15 2.62260470298508e+15 2.44240395178544e+19 5.93578305788151e+15 5.25170664401823e+12 5.86710454180125e+14 3.44771371522273e+16 1.08428069163230e+11 0.00000000000000e+00 0.00000000000000e+00 0.00000000000000e+00 0.00000000000000e+00 0.00000000000000e+00 0.00000000000000e+00 0.00000000000000e+00 
4.92693227135991e-02 2.98448971705575e+02 2.98289339448241e+02 1.48601503517871e+20 8.99469223354979e+18 5.08847338587456e+16 3.56632920487463e+15 2.70270197995299e+15 2.54991636474258e+19 6.06341479282852e+15 5.51204270532263e+12 5.64069455578563e+14 3.55498243443879e+16 1.11867394678191e+11 0.00000000000000e+00 0.00000000000000e+00 0.00000000000000e+00 0.00000000000000e+00 0.00000000000000e+00 0.00000000000000e+00 0.00000000000000e+00 
5.39038962754111e-02 2.98456246147454e+02 2.98291857452497e+02 1.47498360665082e+20 9.35941034794856e+18 5.17679209508542e+16 3.53935798445352e+15 2.80858021437159e+15 2.69696574748675e+19 6.23775636959419e+15 5.87115562437202e+12 5.35711788064227e+14 3.69781924884868e+16 1.16424481975194e+11 0.00000000000000e+00 0.00000000000000e+00 0.00000000000000e+00 0.00000000000000e+00 0.00000000000000e+00 0.00000000000000e+00 0.00000000000000e+00 
5.85384698372232e-02 2.98462916487014e+02 2.98295285486747e+02 1.46499429473019e+20 9.67785738230458e+18 5.25405191512967e+16 3.51493271364512e+15 2.90258832411993e+15 2.83249855934058e+19 6.39819337193109e+15 6.20529921694138e+12 5.12200766457358e+14 3.82510466554129e+16 1.20482663341559e+11 0.00000000000000e+00 0.00000000000000e+00 0.00000000000000e+00 0.00000000000000e+00 0.00000000000000e+00 0.00000000000000e+00 0.00000000000000e+00 
6.31730433990352e-02 2.98469032528016e+02 2.98298428298630e+02 1.45594595495931e+20 9.95576742059940e+18 5.32162805489817e+16 3.49280619990002e+15 2.98632371400892e+15 2.95738369255189e+19 6.54579465056195e+15 6.51589489776801e+12 4.92198214331290e+14 3.93823415653519e+16 1.24107705250217e+11 0.00000000000000e+00 0.00000000000000e+00 0.00000000000000e+00 0.00000000000000e+00 0.00000000000000e+00 0.00000000000000e+00 0.00000000000000e+00 
6.78076169608473e-02 2.98474639556878e+02 2.98301309508289e+02 1.44774864545912e+20 1.01981041242786e+19 5.38070933836864e+16 3.47275866216349e+15 3.06111839363508e+15 3.07242092056110e+19 6.68154223560711e+15 6.80431935643406e+12 4.74942370080213e+14 4.03844424752628e+16 1.27354972167838e+11 0.00000000000000e+00 0.00000000000000e+00 0.00000000000000e+00 0.00000000000000e+00 0.00000000000000e+00 0.00000000000000e+00 0.00000000000000e+00 
7.24421905226594e-02 2.98479778817423e+02 2.98303950572830e+02 1.44032219488936e+20 1.04091755102713e+19 5.43232591073964e+16 3.45459422233744e+15 3.12805666434823e+15 3.17834633051903e+19 6.80633850409373e+15 7.07190676279402e+12 4.60205802573259e+14 4.12687848881098e+16 1.30271588276034e+11 0.00000000000000e+00 0.00000000000000e+00 0.00000000000000e+00 0.00000000000000e+00 0.00000000000000e+00 0.00000000000000e+00 0.00000000000000e+00 
8.07474796879530e-02 2.98487937009441e+02 2.98306371017778e+02 1.42871564107595e+20 1.07210585220548e+19 5.50897504303497e+16 3.42620052347590e+15 3.23126884626317e+15 3.34751783444603e+19 7.00521004364262e+15 7.50329583026566e+12 4.38336022527063e+14 4.25919960701462e+16 1.34794200260525e+11 0.00000000000000e+00 0.00000000000000e+00 0.00000000000000e+00 0.00000000000000e+00 0.00000000000000e+00 0.00000000000000e+00 0.00000000000000e+00 
8.90527688532466e-02 2.98494908287933e+02 2.98310212747648e+02 1.41899141376346e+20 1.09629376207751e+19 5.56889214658811e+16 3.40240541877985e+15 3.31655222959704e+15 3.49316915195621e+19 7.17594037632365e+15 7.87875106342654e+12 4.20969979596333e+14 4.36250028483572e+16 1.38566341413298e+11 0.00000000000000e+00 0.00000000000000e+00 0.00000000000000e+00 0.00000000000000e+00 0.00000000000000e+00 0.00000000000000e+00 0.00000000000000e+00 
9.73580580185402e-02 2.98500860884997e+02 2.98313495040900e+02 1.41084540971736e+20 1.11494722286106e+19 5.61555821795907e+16 3.38246637593772e+15 3.38732718381573e+15 3.61842865752879e+19 7.32234529642688e+15 8.20468365407391e+12 4.06931482978443e+14 4.44146171023660e+16 1.41731565486046e+11 0.00000000000000e+00 0.00000000000000e+00 0.00000000000000e+00 0.00000000000000e+00 0.00000000000000e+00 0.00000000000000e+00 0.00000000000000e+00 
1.05663347183834e-01 2.98505940542843e+02 2.98316297342560e+02 1.40402137797410e+20 1.12924565178781e+19 5.65176202811360e+16 3.36575792424969e+15 3.44632577295294e+15 3.72604407885798e+19 7.44777305486638e+15 8.48700789094289e+12 3.95541270450818e+14 4.50014745958677e+16 1.44398943472324e+11 0.00000000000000e+00 0.00000000000000e+00 0.00000000000000e+00 0.00000000000000e+00 0.00000000000000e+00 0.00000000000000e+00 0.00000000000000e+00 
1.13968636349127e-01 2.98510272944615e+02 2.98318688428924e+02 1.39830412714830e+20 1.14013222096032e+19 5.67973606165345e+16 3.35175471879824e+15 3.49568308808901e+15 3.81841729561005e+19 7.55513662384266e+15 8.73106522782477e+12 3.86178144413245e+14 4.54208659407380e+16 1.46656669218074e+11 0.00000000000000e+00 0.00000000000000e+00 0.00000000000000e+00 0.00000000000000e+00 0.00000000000000e+00 0.00000000000000e+00 0.00000000000000e+00 
1.22273925514421e-01 2.98513966040900e+02 2.98320727578048e+02 1.39351378508485e+20 1.14835398057213e+19 5.70124627493367e+16 3.34001770608483e+15 3.53708945336057e+15 3.89763861807957e+19 7.64696536822205e+15 8.94165542286420e+12 3.78371394432333e+14 4.57029374284982e+16 1.48573872791406e+11 0.00000000000000e+00 0.00000000000000e+00 0.00000000000000e+00 0.00000000000000e+00 0.00000000000000e+00 0.00000000000000e+00 0.00000000000000e+00 
1.36685014170078e-01 2.98519113385262e+02 2.98322465682665e+02 1.38698945801616e+20 1.15787739058505e+19 5.72698369438965e+16 3.32402400844133e+15 3.59378720099654e+15 4.00893673714767e+19 7.77550185904366e+15 9.23957755626880e+12 3.67758361141365e+14 4.59368163781560e+16 1.51246988483835e+11 0.00000000000000e+00 0.00000000000000e+00 0.00000000000000e+00 0.00000000000000e+00 0.00000000000000e+00 0.00000000000000e+00 0.00000000000000e+00 
1.51096102825734e-01 2.98523004357803e+02 2.98324887981208e+02 1.38219104175368e+20 1.16338296768100e+19 5.74274852963033e+16 3.31225352979648e+15 3.63593776121183e+15 4.09384593282902e+19 7.87313954161545e+15 9.46851355792315e+12 3.60085094141019e+14 4.59413155206620e+16 1.53278197899688e+11 0.00000000000000e+00 0.00000000000000e+00 0.00000000000000e+00 0.00000000000000e+00 0.00000000000000e+00 0.00000000000000e+00 0.00000000000000e+00 
1.65507191481391e-01 2.98525946598411e+02 2.98326718859108e+02 1.37865239173854e+20 1.16640784030975e+19 5.75220225523383e+16 3.30356769294016e+15 3.66748493768255e+15 4.15858178045725e+19 7.94729071098174e+15 9.64405054338969e+12 3.54244821279277e+14 4.57982441563324e+16 1.54827401988390e+11 0.00000000000000e+00 0.00000000000000e+00 0.00000000000000e+00 0.00000000000000e+00 0.00000000000000e+00 0.00000000000000e+00 0.00000000000000e+00 
1.79918280137047e-01 2.98528169321061e+02 2.98328103203697e+02 1.37604183735542e+20 1.16789949451851e+19 5.75763437216424e+16 3.29715577904629e+15 3.69113101024128e+15 4.20785974487510e+19 8.00353036152127e+15 9.77825874815443e+12 3.49948617079472e+14 4.55658963099099e+16 1.56010877694745e+11 0.00000000000000e+00 0.00000000000000e+00 0.00000000000000e+00 0.00000000000000e+00 0.00000000000000e+00 0.00000000000000e+00 0.00000000000000e+00 
1.94329368792704e-01 2.98529845374594e+02 2.98329148937936e+02 1.37411825612783e+20 1.16845662458895e+19 5.76051366353764e+16 3.29242802128271e+15 3.70887571929967e+15 4.24528912461113e+19 8.04609889329604e+15 9.88056540748829e+12 3.46654561185796e+14 4.52848455038808e+16 1.56915955207524e+11 0.00000000000000e+00 0.00000000000000e+00 0.00000000000000e+00 0.00000000000000e+00 0.00000000000000e+00 0.00000000000000e+00 0.00000000000000e+00 
2.17540804803150e-01 2.98531702793742e+02 2.98329937429812e+02 1.37205091275388e+20 1.16826236989850e+19 5.76197519524616e+16 3.28734213153843e+15 3.72851852753103e+15 4.28716181758744e+19 8.09350453301078e+15 9.99540096938266e+12 3.42964067403958e+14 4.47930659454961e+16 1.57940913749355e+11 0.00000000000000e+00 0.00000000000000e+00 0.00000000000000e+00 0.00000000000000e+00 0.00000000000000e+00 0.00000000000000e+00 0.00000000000000e+00 
2.40752240813596e-01 2.98532876113402e+02 2.98330811179401e+02 1.37078670821500e+20 1.16761686087038e+19 5.76179015636768e+16 3.28422879387211e+15 3.74095798633674e+15 4.31387417449884e+19 8.12360954269164e+15 1.00689066817136e+13 3.40669201906693e+14 4.43212933182476e+16 1.58604365810361e+11 0.00000000000000e+00 0.00000000000000e+00 0.00000000000000e+00 0.00000000000000e+00 0.00000000000000e+00 0.00000000000000e+00 0.00000000000000e+00 
2.63963676824042e-01 2.98533623448152e+02 2.98331363081176e+02 1.37000188348195e+20 1.16695216386770e+19 5.76113649527347e+16 3.28229438397656e+15 3.74889959831431e+15 4.33102289697704e+19 8.14287320370972e+15 1.01162341779925e+13 3.39183206712000e+14 4.39062583664205e+16 1.59034395751681e+11 0.00000000000000e+00 0.00000000000000e+00 0.00000000000000e+00 0.00000000000000e+00 0.00000000000000e+00 0.00000000000000e+00 0.00000000000000e+00 
2.87175112834488e-01 2.98534098926851e+02 2.98331714590928e+02 1.36951449328948e+20 1.16638222114916e+19 5.76041435420405e+16 3.28109202989033e+15 3.75395979050239e+15 4.34201463391473e+19 8.15518263116203e+15 1.01466076876832e+13 3.38228095202936e+14 4.35578801852562e+16 1.59314024473200e+11 0.00000000000000e+00 0.00000000000000e+00 0.00000000000000e+00 0.00000000000000e+00 0.00000000000000e+00 0.00000000000000e+00 0.00000000000000e+00 
3.10386548844934e-01 2.98534398604290e+02 2.98331938222443e+02 1.36921555462602e+20 1.16592178230142e+19 5.75974879468720e+16 3.28035383166706e+15 3.75716755507371e+15 4.34899966672447e+19 8.16297973033134e+15 1.01659336959192e+13 3.37612747914210e+14 4.32736642104722e+16 1.59494502380991e+11 0.00000000000000e+00 0.00000000000000e+00 0.00000000000000e+00 0.00000000000000e+00 0.00000000000000e+00 0.00000000000000e+00 0.00000000000000e+00 
3.56000281097754e-01 2.98534677686743e+02 2.98332079162482e+02 1.36895165157263e+20 1.16531657885529e+19 5.75876401829072e+16 3.27970080413500e+15 3.76020379033829e+15 4.35560899073784e+19 8.17031474871605e+15 1.01842640012443e+13 3.37022761245700e+14 4.28735324363040e+16 1.59670149073787e+11 0.00000000000000e+00 0.00000000000000e+00 0.00000000000000e+00 0.00000000000000e+00 0.00000000000000e+00 0.00000000000000e+00 0.00000000000000e+00 
4.01614013350573e-01 2.98534791620408e+02 2.98332210404749e+02 1.36884774788369e+20 1.16502508681330e+19 5.75826863372328e+16 3.27944340578087e+15 3.76145201846735e+15 4.35834179577577e+19 8.17334308601331e+15 1.01919469097919e+13 3.36794583182849e+14 4.26360810912761e+16 1.59741783014844e+11 0.00000000000000e+00 0.00000000000000e+00 0.00000000000000e+00 0.00000000000000e+00 0.00000000000000e+00 0.00000000000000e+00 0.00000000000000e+00 
4.47227745603392e-01 2.98534852039820e+02 2.98332263980882e+02 1.36879041921718e+20 1.16489976034655e+19 5.75807160932089e+16 3.27930154425785e+15 3.76210952708136e+15 4.35977964645847e+19 8.17494277607919e+15 1.01959382854845e+13 3.36663045878112e+14 4.25011453696500e+16 1.59780212978308e+11 0.00000000000000e+00 0.00000000000000e+00 0.00000000000000e+00 0.00000000000000e+00 0.00000000000000e+00 0.00000000000000e+00 0.00000000000000e+00 
4.92841477856212e-01 2.98534883374003e+02 2.98332292394748e+02 1.36876055844156e+20 1.16483702464985e+19 5.75797633989833e+16 3.27922763433142e+15 3.76245985619696e+15 4.36052563180659e+19 8.17577261351758e+15 1.01979799454512e+13 3.36592501203131e+14 4.24236808332065e+16 1.59800956690927e+11 0.00000000000000e+00 0.00000000000000e+00 0.00000000000000e+00 0.00000000000000e+00 0.00000000000000e+00 0.00000000000000e+00 0.00000000000000e+00 
5.38455210109031e-01 2.98534894365604e+02 2.98332307130756e+02 1.36875139486887e+20 1.16479951635575e+19 5.75791182015911e+16 3.27920481215379e+15 3.76259763837414e+15 4.36079768400388e+19 8.17607149302800e+15 1.01987210654779e+13 3.36561924750800e+14 4.23780639927341e+16 1.59809211531379e+11 0.00000000000000e+00 0.00000000000000e+00 0.00000000000000e+00 0.00000000000000e+00 0.00000000000000e+00 0.00000000000000e+00 0.00000000000000e+00 
6.20814418866651e-01 2.98534894411222e+02 2.98332312298985e+02 1.36875304172889e+20 1.16478014848476e+19 5.75787345786369e+16 3.27920871420731e+15 3.76261264803077e+15 4.36081376835690e+19 8.17608567525356e+15 1.01987687286311e+13 3.36558720436266e+14 4.23440172745378e+16 1.59810358060070e+11 0.00000000000000e+00 0.00000000000000e+00 0.00000000000000e+00 0.00000000000000e+00 0.00000000000000e+00 0.00000000000000e+00 0.00000000000000e+00 
7.03173627624271e-01 2.98534892611974e+02 2.98332312319352e+02 1.36875532872894e+20 1.16477731345987e+19 5.75786627720547e+16 3.27921431975269e+15 3.76259184079312e+15 4.36077741102373e+19 8.17604458010710e+15 1.01986800528250e+13 3.36562916421833e+14 4.23317120564963e+16 1.59809423044278e+11 0.00000000000000e+00 0.00000000000000e+00 0.00000000000000e+00 0.00000000000000e+00 0.00000000000000e+00 0.00000000000000e+00 0.00000000000000e+00 
7.85532836381891e-01 2.98534894511268e+02 2.98332311472810e+02 1.36875334919085e+20 1.16477582864469e+19 5.75786533238052e+16 3.27920944078911e+15 3.76261015413605e+15 4.36082179367421e+19 8.17609484146964e+15 1.01988044740411e+13 3.36559674147210e+14 4.23256192572553e+16 1.59810500965529e+11 0.00000000000000e+00 0.00000000000000e+00 0.00000000000000e+00 0.00000000000000e+00 0.00000000000000e+00 0.00000000000000e+00 0.00000000000000e+00 
8.67892045139511e-01 2.98534896164131e+02 2.98332312366217e+02 1.36875164955148e+20 1.16477413753289e+19 5.75786382267614e+16 3.27920524319696e+15 3.76263037493876e+15 4.36086005570910e+19 8.17613764911820e+15 1.01989049089214e+13 3.36555226385068e+14 4.23226488800954e+16 1.59811612117748e+11 0.00000000000000e+00 0.00000000000000e+00 0.00000000000000e+00 0.00000000000000e+00 0.00000000000000e+00 0.00000000000000e+00 0.00000000000000e+00 
9.50251253897131e-01 2.98534896079447e+02 2.98332313143669e+02 1.36875179365800e+20 1.16477362122335e+19 5.75786288717293e+16 3.27920558987061e+15 3.76263185985907e+15 4.36085845575159e+19 8.17613557275036e+15 1.01988968581049e+13 3.36554580274007e+14 4.23218228651854e+16 1.59811690589750e+11 0.00000000000000e+00 0.00000000000000e+00 0.00000000000000e+00 0.00000000000000e+00 0.00000000000000e+00 0.00000000000000e+00 0.00000000000000e+00 
1.35441284283211e+00 2.98534895925834e+02 2.98332313103817e+02 1.36875195968107e+20 1.16477376290744e+19 5.75786306197487e+16 3.27920599935766e+15 3.76263019264570e+15 4.36085510515776e+19 8.17613189382061e+15 1.01988885167596e+13 3.36554992829234e+14 4.23209791470790e+16 1.59811589252603e+11 0.00000000000000e+00 0.00000000000000e+00 0.00000000000000e+00 0.00000000000000e+00 0.00000000000000e+00 0.00000000000000e+00 0.00000000000000e+00 
1.75857443176709e+00 2.98534895228834e+02 2.98332313031575e+02 1.36875265463171e+20 1.16477489921016e+19 5.75786494062796e+16 3.27920771099224e+15 3.76262433389112e+15 4.36083853742182e+19 8.17611316612553e+15 1.01988373880754e+13 3.36555243460953e+14 4.23222965582085e+16 1.59811290296935e+11 0.00000000000000e+00 0.00000000000000e+00 0.00000000000000e+00 0.00000000000000e+00 0.00000000000000e+00 0.00000000000000e+00 0.00000000000000e+00 
2.16273602070207e+00 2.98534895336983e+02 2.98332312703798e+02 1.36875253018805e+20 1.16477483955201e+19 5.75786469030642e+16 3.27920740947117e+15 3.76262376237445e+15 4.36084110160988e+19 8.17611623827929e+15 1.01988490113336e+13 3.36556158364101e+14 4.23224444813716e+16 1.59811232720273e+11 0.00000000000000e+00 0.00000000000000e+00 0.00000000000000e+00 0.00000000000000e+00 0.00000000000000e+00 0.00000000000000e+00 0.00000000000000e+00 
2.56689760963705e+00 2.98534895433527e+02 2.98332312754644e+02 1.36875243516325e+20 1.16477465928382e+19 5.75786437956051e+16 3.27920717528714e+15 3.76262451510841e+15 4.36084341108510e+19 8.17611884154485e+15 1.01988562524814e+13 3.36555987202282e+14 4.23222840731291e+16 1.59811274946583e+11 0.00000000000000e+00 0.00000000000000e+00 0.00000000000000e+00 0.00000000000000e+00 0.00000000000000e+00 0.00000000000000e+00 0.00000000000000e+00 
6.60851349898683e+00 2.98534895429816e+02 2.98332312800042e+02 1.36875244034535e+20 1.16477465362807e+19 5.75786437933093e+16 3.27920718770269e+15 3.76262455012397e+15 4.36084332963951e+19 8.17611873846897e+15 1.01988557290369e+13 3.36555993754904e+14 4.23222480560295e+16 1.59811280066510e+11 0.00000000000000e+00 0.00000000000000e+00 0.00000000000000e+00 0.00000000000000e+00 0.00000000000000e+00 0.00000000000000e+00 0.00000000000000e+00 
1.06501293883366e+01 2.98534895427572e+02 2.98332312798297e+02 1.36875244242528e+20 1.16477465871439e+19 5.75786438763723e+16 3.27920719285198e+15 3.76262452732200e+15 4.36084327629897e+19 8.17611867920199e+15 1.01988555783534e+13 3.36555999438309e+14 4.23222532908983e+16 1.59811278656452e+11 0.00000000000000e+00 0.00000000000000e+00 0.00000000000000e+00 0.00000000000000e+00 0.00000000000000e+00 0.00000000000000e+00 0.00000000000000e+00 
1.46917452776864e+01 2.98534895427556e+02 2.98332312797242e+02 1.36875244244761e+20 1.16477465881797e+19 5.75786438781690e+16 3.27920719290759e+15 3.76262452667363e+15 4.36084327560473e+19 8.17611867842370e+15 1.01988555767224e+13 3.36555999390178e+14 4.23222534318669e+16 1.59811278641505e+11 0.00000000000000e+00 0.00000000000000e+00 0.00000000000000e+00 0.00000000000000e+00 0.00000000000000e+00 0.00000000000000e+00 0.00000000000000e+00 
5.51079041711843e+01 2.98534895427560e+02 2.98332312797235e+02 1.36875244244325e+20 1.16477465880427e+19 5.75786438775859e+16 3.27920719289757e+15 3.76262452638354e+15 4.36084327571695e+19 8.17611867857495e+15 1.01988555778039e+13 3.36555999546968e+14 4.23222534547971e+16 1.59811278626758e+11 0.00000000000000e+00 0.00000000000000e+00 0.00000000000000e+00 0.00000000000000e+00 0.00000000000000e+00 0.00000000000000e+00 0.00000000000000e+00 
9.55240630646821e+01 2.98534895427560e+02 2.98332312797236e+02 1.36875244244329e+20 1.16477465880411e+19 5.75786438775859e+16 3.27920719289771e+15 3.76262452638693e+15 4.36084327571894e+19 8.17611867857748e+15 1.01988555778122e+13 3.36555999544388e+14 4.23222534539792e+16 1.59811278626812e+11 0.00000000000000e+00 0.00000000000000e+00 0.00000000000000e+00 0.00000000000000e+00 0.00000000000000e+00 0.00000000000000e+00 0.00000000000000e+00 
1.35940221958180e+02 2.98534895427560e+02 2.98332312797237e+02 1.36875244244327e+20 1.16477465880407e+19 5.75786438775849e+16 3.27920719289764e+15 3.76262452638461e+15 4.36084327571889e+19 8.17611867857729e+15 1.01988555778090e+13 3.36555999546906e+14 4.23222534543743e+16 1.59811278626832e+11 0.00000000000000e+00 0.00000000000000e+00 0.00000000000000e+00 0.00000000000000e+00 0.00000000000000e+00 0.00000000000000e+00 0.00000000000000e+00 
2.35940221958180e+02 2.98534895427560e+02 2.98332312797236e+02 1.36875244244326e+20 1.16477465880407e+19 5.75786438775847e+16 3.27920719289763e+15 3.76262452638472e+15 4.36084327571887e+19 8.17611867857725e+15 1.01988555778090e+13 3.36555999546822e+14 4.23222534543607e+16 1.59811278626830e+11 0.00000000000000e+00 0.00000000000000e+00 0.00000000000000e+00 0.00000000000000e+00 0.00000000000000e+00 0.00000000000000e+00 0.00000000000000e+00 
3.35940221958180e+02 2.98534895427560e+02 2.98332312797236e+02 1.36875244244318e+20 1.16477465880399e+19 5.75786438775803e+16 3.27920719289738e+15 3.76262452638449e+15 4.36084327571860e+19 8.17611867857670e+15 1.01988555778089e+13 3.36555999546822e+14 4.23222534543585e+16 1.59811278626801e+11 0.00000000000000e+00 0.00000000000000e+00 0.00000000000000e+00 0.00000000000000e+00 0.00000000000000e+00 0.00000000000000e+00 0.00000000000000e+00 
4.35940221958180e+02 2.98534895427560e+02 2.98332312797236e+02 1.36875244244302e+20 1.16477465880386e+19 5.75786438775721e+16 3.27920719289693e+15 3.76262452638405e+15 4.36084327571809e+19 8.17611867857568e+15 1.01988555778089e+13 3.36555999546820e+14 4.23222534543546e+16 1.59811278626746e+11 0.00000000000000e+00 0.00000000000000e+00 0.00000000000000e+00 0.00000000000000e+00 0.00000000000000e+00 0.00000000000000e+00 0.00000000000000e+00 
5.35940221958180e+02 2.98534895427560e+02 2.98332312797236e+02 1.36875244244309e+20 1.16477465880392e+19 5.75786438775759e+16 3.27920719289714e+15 3.76262452638426e+15 4.36084327571833e+19 8.17611867857616e+15 1.01988555778090e+13 3.36555999546819e+14 4.23222534543562e+16 1.59811278626771e+11 0.00000000000000e+00 0.00000000000000e+00 0.00000000000000e+00 0.00000000000000e+00 0.00000000000000e+00 0.00000000000000e+00 0.00000000000000e+00 
6.35940221958180e+02 2.98534895427560e+02 2.98332312797236e+02 1.36875244244302e+20 1.16477465880386e+19 5.75786438775724e+16 3.27920719289695e+15 3.76262452638407e+15 4.36084327571811e+19 8.17611867857573e+15 1.01988555778089e+13 3.36555999546821e+14 4.23222534543548e+16 1.59811278626749e+11 0.00000000000000e+00 0.00000000000000e+00 0.00000000000000e+00 0.00000000000000e+00 0.00000000000000e+00 0.00000000000000e+00 0.00000000000000e+00 
7.35940221958180e+02 2.98534895427560e+02 2.98332312797236e+02 1.36875244244278e+20 1.16477465880366e+19 5.75786438775600e+16 3.27920719289625e+15 3.76262452638341e+15 4.36084327571734e+19 8.17611867857418e+15 1.01988555778088e+13 3.36555999546821e+14 4.23222534543491e+16 1.59811278626666e+11 0.00000000000000e+00 0.00000000000000e+00 0.00000000000000e+00 0.00000000000000e+00 0.00000000000000e+00 0.00000000000000e+00 0.00000000000000e+00 
8.35940221958180e+02 2.98534895427560e+02 2.98332312797236e+02 1.36875244244286e+20 1.16477465880372e+19 5.75786438775638e+16 3.27920719289647e+15 3.76262452638361e+15 4.36084327571758e+19 8.17611867857466e+15 1.01988555778089e+13 3.36555999546818e+14 4.23222534543506e+16 1.59811278626690e+11 0.00000000000000e+00 0.00000000000000e+00 0.00000000000000e+00 0.00000000000000e+00 0.00000000000000e+00 0.00000000000000e+00 0.00000000000000e+00 
9.35940221958180e+02 2.98534895427560e+02 2.98332312797236e+02 1.36875244244280e+20 1.16477465880367e+19 5.75786438775610e+16 3.27920719289631e+15 3.76262452638346e+15 4.36084327571741e+19 8.17611867857431e+15 1.01988555778088e+13 3.36555999546821e+14 4.23222534543496e+16 1.59811278626673e+11 0.00000000000000e+00 0.00000000000000e+00 0.00000000000000e+00 0.00000000000000e+00 0.00000000000000e+00 0.00000000000000e+00 0.00000000000000e+00 
1.00000000000000e+03 2.98534895427560e+02 2.98332312797236e+02 1.36875244244280e+20 1.16477465880367e+19 5.75786438775608e+16 3.27920719289630e+15 3.76262452638345e+15 4.36084327571740e+19 8.17611867857430e+15 1.01988555778089e+13 3.36555999546820e+14 4.23222534543494e+16 1.59811278626671e+11 0.00000000000000e+00 0.00000000000000e+00 0.00000000000000e+00 0.00000000000000e+00 0.00000000000000e+00 0.00000000000000e+00 0.00000000000000e+00 
