Time(s)              GasTemp(K)           NearWallTemp(K)      [O2(X)](m^-3)        [O2(a1Dg)](m^-3)     [O2(b1Sg+)](m^-3)    [O2(A3Su+_C3Du_c1Su-)](m^-3) [O2(+,X)](m^-3)      [O(3P)](m^-3)        [O(1D)](m^-3)        [O(+,gnd)](m^-3)     [O(-,gnd)](m^-3)     [O3(X)](m^-3)        [O3(exc)](m^-3)      [CO2(X)](m^-3)       [CO2(e1)](m^-3)      [CO2(+,X)](m^-3)     [CO(X)](m^-3)        [CO(a3P)](m^-3)      [CO(+,X)](m^-3)      [C(X)](m^-3)        
0.00000000000000e+00 4.28377453700000e+02 3.70502354165000e+02 6.70037058309029e+22 6.70037058309029e-03 6.70037058309029e-03 6.70037058309029e-03 0.00000000000000e+00 0.00000000000000e+00 0.00000000000000e+00 0.00000000000000e+00 0.00000000000000e+00 0.00000000000000e+00 0.00000000000000e+00 0.00000000000000e+00 0.00000000000000e+00 0.00000000000000e+00 0.00000000000000e+00 0.00000000000000e+00 0.00000000000000e+00 0.00000000000000e+00 
5.59548022014431e-17 4.28377453699998e+02 3.85146251486893e+02 6.70037058309029e+22 8.83526274890617e+06 2.09703729357054e+06 2.61366051136023e+06 4.89152322044772e+01 6.16467519083555e+06 7.24890864607300e+05 4.40467184199087e-04 3.41367061982642e+05 1.08016877636791e-06 2.63414346382531e-10 0.00000000000000e+00 0.00000000000000e+00 0.00000000000000e+00 0.00000000000000e+00 0.00000000000000e+00 0.00000000000000e+00 0.00000000000000e+00 
1.11909604402886e-16 4.28377453699996e+02 3.85146251486892e+02 6.70037058309029e+22 1.76705254911162e+07 4.19407458052023e+06 5.22732101601780e+06 9.78304644089543e+01 1.23293503817747e+07 1.44978172911101e+06 8.80934368371805e-04 6.82734123964034e+05 3.40914027308975e-06 8.31366797869962e-10 0.00000000000000e+00 0.00000000000000e+00 0.00000000000000e+00 0.00000000000000e+00 0.00000000000000e+00 0.00000000000000e+00 0.00000000000000e+00 
1.67864406604329e-16 4.28377453699994e+02 3.85146251486891e+02 6.70037058309028e+22 2.65057882333306e+07 6.29111186755111e+06 7.84098152067304e+06 1.46745696613431e+02 1.84940255728196e+07 2.17467259350895e+06 1.32140155251760e-03 1.02410118594415e+06 7.01324130842094e-06 1.71027751933064e-09 0.00000000000000e+00 0.00000000000000e+00 0.00000000000000e+00 0.00000000000000e+00 0.00000000000000e+00 0.00000000000000e+00 0.00000000000000e+00 
4.11997668707811e-16 4.28377453699986e+02 3.85146251486890e+02 6.70037058309028e+22 6.50544280272028e+07 1.54405777497106e+07 1.92444972141775e+07 3.60165005319702e+02 4.53907744674837e+07 5.33740330414128e+06 3.24317924215124e-03 2.51350068583119e+06 3.66607335420240e-05 8.94023542950904e-09 0.00000000000000e+00 0.00000000000000e+00 0.00000000000000e+00 0.00000000000000e+00 0.00000000000000e+00 0.00000000000000e+00 0.00000000000000e+00 
6.56130930811292e-16 4.28377453699978e+02 3.85146251486884e+02 6.70037058309027e+22 1.03603067821156e+08 2.45900436333875e+07 3.06480129076384e+07 5.73584314025970e+02 7.22875233641244e+07 8.50013401279683e+06 5.16495693128166e-03 4.00290018569440e+06 9.01394840097150e-05 2.19817807966178e-08 0.00000000000000e+00 0.00000000000000e+00 0.00000000000000e+00 0.00000000000000e+00 0.00000000000000e+00 0.00000000000000e+00 0.00000000000000e+00 
9.00264192914774e-16 4.28377453699970e+02 3.85146251486879e+02 6.70037058309026e+22 1.42151707615192e+08 3.37395095186057e+07 4.20515286010551e+07 7.87003622732234e+02 9.91842722627731e+07 1.16628647194444e+07 7.08673461990090e-03 5.49229968553338e+06 1.67825859015999e-04 4.09266958373137e-08 0.00000000000000e+00 0.00000000000000e+00 0.00000000000000e+00 0.00000000000000e+00 0.00000000000000e+00 0.00000000000000e+00 0.00000000000000e+00 
1.14439745501826e-15 4.28377453699962e+02 3.85146251486874e+02 6.70037058309025e+22 1.80700347409310e+08 4.28889754053738e+07 5.34550442944274e+07 1.00042293143849e+03 1.26081021163441e+08 1.48255954240729e+07 9.00851230800618e-03 6.98169918534801e+06 2.69852685700574e-04 6.58073723180828e-08 0.00000000000000e+00 0.00000000000000e+00 0.00000000000000e+00 0.00000000000000e+00 0.00000000000000e+00 0.00000000000000e+00 0.00000000000000e+00 
1.86894549295948e-15 4.28377453699937e+02 3.85146251486869e+02 6.70037058309023e+22 2.95106475798368e+08 7.00431104117233e+07 8.72988345670474e+07 1.63381692310336e+03 2.05906221867234e+08 2.42120686310624e+07 1.47120376717313e-02 1.14019960181854e+07 7.16143091384752e-04 1.74641563896600e-07 0.00000000000000e+00 0.00000000000000e+00 0.00000000000000e+00 0.00000000000000e+00 0.00000000000000e+00 0.00000000000000e+00 0.00000000000000e+00 
2.59349353090070e-15 4.28377453699913e+02 3.85146251486853e+02 6.70037058309021e+22 4.09512604188156e+08 9.71972454317380e+07 1.21142624839276e+08 2.26721091476819e+03 2.85731422588828e+08 3.35985418202497e+07 2.04155630309246e-02 1.58222928508081e+07 1.37705017463568e-03 3.35813050460591e-07 0.00000000000000e+00 0.00000000000000e+00 0.00000000000000e+00 0.00000000000000e+00 0.00000000000000e+00 0.00000000000000e+00 0.00000000000000e+00 
3.31804156884192e-15 4.28377453699889e+02 3.85146251486837e+02 6.70037058309019e+22 5.23918732578674e+08 1.24351380465418e+08 1.54986415111112e+08 2.90060490643299e+03 3.65556623328225e+08 4.29850149916341e+07 2.61190883855859e-02 2.02425896832160e+07 2.25258060923141e-03 5.49323459518459e-07 0.00000000000000e+00 0.00000000000000e+00 0.00000000000000e+00 0.00000000000000e+00 0.00000000000000e+00 0.00000000000000e+00 0.00000000000000e+00 
4.04258960678314e-15 4.28377453699864e+02 3.85146251486822e+02 6.70037058309017e+22 6.38324860969922e+08 1.51505515512764e+08 1.88830205382556e+08 3.53399889809776e+03 4.45381824085423e+08 5.23714881452159e+07 3.18226137357152e-02 2.46628865154093e+07 3.34273287939650e-03 8.15172421441240e-07 0.00000000000000e+00 0.00000000000000e+00 0.00000000000000e+00 0.00000000000000e+00 0.00000000000000e+00 0.00000000000000e+00 0.00000000000000e+00 
1.12880699861954e-14 4.28377453699621e+02 3.85146251486806e+02 6.70037058308994e+22 1.78238614492254e+09 4.23046866737817e+08 5.27268108075437e+08 9.86793881474386e+03 1.24363383263650e+09 1.46236218701898e+08 8.88578669877521e-02 6.88658548255321e+07 2.60483276493842e-02 6.35225102221519e-06 0.00000000000000e+00 0.00000000000000e+00 0.00000000000000e+00 0.00000000000000e+00 0.00000000000000e+00 0.00000000000000e+00 0.00000000000000e+00 
1.85335503656076e-14 4.28377453699377e+02 3.85146251486650e+02 6.70037058308972e+22 2.92644742894815e+09 6.94588219329409e+08 8.65706010729119e+08 1.62018787313870e+04 2.04188584296776e+09 2.40100947478328e+08 1.45893119786595e-01 1.13068823114183e+08 7.02159141539269e-02 1.71231381470691e-05 0.00000000000000e+00 0.00000000000000e+00 0.00000000000000e+00 0.00000000000000e+00 0.00000000000000e+00 0.00000000000000e+00 0.00000000000000e+00 
2.57790307450198e-14 4.28377453699134e+02 3.85146251486494e+02 6.70037058308950e+22 4.07050871304675e+09 9.66129573287539e+08 1.20414391334360e+09 2.25358186480271e+04 2.84013785507920e+09 3.33965674474509e+08 2.02928372132244e-01 1.57271791381362e+08 1.35845473808431e-01 3.31278292774074e-05 0.00000000000000e+00 0.00000000000000e+00 0.00000000000000e+00 0.00000000000000e+00 0.00000000000000e+00 0.00000000000000e+00 0.00000000000000e+00 
3.30245111244320e-14 4.28377453698890e+02 3.85146251486338e+02 6.70037058308928e+22 5.21456999721833e+09 1.23767092861221e+09 1.54258181591889e+09 2.88697585646642e+04 3.63838986897081e+09 4.27830399690440e+08 2.59963624024699e-01 2.01474759627069e+08 2.22937003607851e-01 5.43663236945670e-05 0.00000000000000e+00 0.00000000000000e+00 0.00000000000000e+00 0.00000000000000e+00 0.00000000000000e+00 0.00000000000000e+00 0.00000000000000e+00 
1.05479314918554e-13 4.28377453696456e+02 3.85146251486182e+02 6.70037058308706e+22 1.66551828429485e+10 3.95308455701843e+09 4.92696083951577e+09 9.22091577308718e+04 1.16209101057966e+10 1.36647755393604e+09 8.30316118023604e-01 6.43504440903185e+08 2.27426071880720e+00 5.54610468209762e-04 0.00000000000000e+00 0.00000000000000e+00 0.00000000000000e+00 0.00000000000000e+00 0.00000000000000e+00 0.00000000000000e+00 0.00000000000000e+00 
1.77934118712676e-13 4.28377453694021e+02 3.85146251484621e+02 6.70037058308483e+22 2.80957956959773e+10 6.66849832207838e+09 8.31133985919274e+09 1.55548556896781e+05 1.96034305206400e+10 2.30512453015673e+09 1.40066856670315e+00 1.08553412003211e+09 6.47178153416576e+00 1.57823497847416e-03 0.00000000000000e+00 0.00000000000000e+00 0.00000000000000e+00 0.00000000000000e+00 0.00000000000000e+00 0.00000000000000e+00 0.00000000000000e+00 
2.50388922506799e-13 4.28377453691586e+02 3.85146251483060e+02 6.70037058308261e+22 3.95364085563049e+10 9.38391222379202e+09 1.16957188749498e+10 2.18887956062393e+05 2.75859511135010e+10 3.24377132835254e+09 1.97102097006334e+00 1.52756379701384e+09 1.28154994507869e+01 3.12523986827599e-03 0.00000000000000e+00 0.00000000000000e+00 0.00000000000000e+00 0.00000000000000e+00 0.00000000000000e+00 0.00000000000000e+00 0.00000000000000e+00 
3.22843726300921e-13 4.28377453689152e+02 3.85146251481500e+02 6.70037058308039e+22 5.09770214239312e+10 1.20993262621593e+10 1.50800978867869e+10 2.82227355227706e+05 3.55684718843796e+10 4.18241794852350e+09 2.54137332810417e+00 1.96959347184839e+09 2.13054144603895e+01 5.19562514975528e-03 0.00000000000000e+00 0.00000000000000e+00 0.00000000000000e+00 0.00000000000000e+00 0.00000000000000e+00 0.00000000000000e+00 0.00000000000000e+00 
1.04739176424214e-12 4.28377453664804e+02 3.85146251479939e+02 6.70037058305817e+22 1.65383150501624e+11 3.92534741617751e+10 4.89238877895629e+10 9.15621346864448e+05 1.15393689384117e+11 1.35688743588788e+10 8.24489441594946e+00 6.38989010209832e+09 2.24245400915567e+02 5.46854037143311e-02 0.00000000000000e+00 0.00000000000000e+00 0.00000000000000e+00 0.00000000000000e+00 0.00000000000000e+00 0.00000000000000e+00 0.00000000000000e+00 
1.77193980218336e-12 4.28377453640457e+02 3.85146251464331e+02 6.70037058303594e+22 2.79789280309189e+11 6.64076357267285e+10 8.27676773003471e+10 1.54901533847138e+06 1.95218924685570e+11 2.29553129667879e+10 1.39484109718637e+01 1.08101865176292e+10 6.41805084855354e+02 1.56513234741544e-01 0.00000000000000e+00 0.00000000000000e+00 0.00000000000000e+00 0.00000000000000e+00 0.00000000000000e+00 0.00000000000000e+00 0.00000000000000e+00 
2.49648784012459e-12 4.28377453616110e+02 3.85146251448723e+02 6.70037058301372e+22 3.94195410846625e+11 9.35618109569949e+10 1.16611466419140e+11 2.18240933004851e+06 2.75044177788706e+11 3.23417337722831e+10 1.96519229958503e+01 1.52304827184409e+10 1.27398445643631e+03 3.10679129350059e-01 0.00000000000000e+00 0.00000000000000e+00 0.00000000000000e+00 0.00000000000000e+00 0.00000000000000e+00 0.00000000000000e+00 0.00000000000000e+00 
3.22103587806581e-12 4.28377453591762e+02 3.85146251433115e+02 6.70037058299150e+22 5.08601542113931e+11 1.20715999852548e+11 1.50455255145941e+11 2.81580332159584e+06 3.54869448693492e+11 4.17281367753981e+10 2.53554304879131e+01 1.96507787045337e+10 2.12078350535301e+03 5.17183099186194e-01 0.00000000000000e+00 0.00000000000000e+00 0.00000000000000e+00 0.00000000000000e+00 0.00000000000000e+00 0.00000000000000e+00 0.00000000000000e+00 
1.04665162574780e-11 4.28377453348289e+02 3.85146251417507e+02 6.70037058276928e+22 1.65266289492956e+12 3.92258640389522e+11 4.88893120854411e+11 9.14974323542964e+06 1.15312313681986e+12 1.35591187687840e+11 8.23902561540638e+01 6.38537267559158e+10 2.23928525196340e+04 5.46082114897743e+00 0.00000000000000e+00 0.00000000000000e+00 0.00000000000000e+00 0.00000000000000e+00 0.00000000000000e+00 0.00000000000000e+00 0.00000000000000e+00 
1.77119966368902e-11 4.28377453104816e+02 3.85146251261427e+02 6.70037058254706e+22 2.79672432073129e+12 6.63802647425679e+11 8.27330947363720e+11 1.54836831462825e+07 1.95137860507263e+12 2.29452458400791e+11 1.39424628632044e+02 1.08056653335403e+11 6.41268774956972e+04 1.56382800263198e+01 0.00000000000000e+00 0.00000000000000e+00 0.00000000000000e+00 0.00000000000000e+00 0.00000000000000e+00 0.00000000000000e+00 0.00000000000000e+00 
2.49574770163025e-11 4.28377452861342e+02 3.85146251105347e+02 6.70037058232484e+22 3.94078581951834e+12 9.35348020936342e+11 1.16576873467387e+12 2.18176230541540e+07 2.74963585341961e+12 3.23311948946453e+11 1.96458547925378e+02 1.52259558443003e+11 1.27322848595091e+05 3.10495708507041e+01 0.00000000000000e+00 0.00000000000000e+00 0.00000000000000e+00 0.00000000000000e+00 0.00000000000000e+00 0.00000000000000e+00 0.00000000000000e+00 
3.22029573957147e-11 4.28377452617869e+02 3.85146250949267e+02 6.70037058210262e+22 5.08484739128990e+12 1.20689476089566e+12 1.50420648278487e+12 2.81515629590440e+07 3.54789488182706e+12 4.17169659358551e+11 2.53492014037756e+02 1.96462442078727e+11 2.11980755513368e+05 5.16947052680976e+01 0.00000000000000e+00 0.00000000000000e+00 0.00000000000000e+00 0.00000000000000e+00 0.00000000000000e+00 0.00000000000000e+00 0.00000000000000e+00 
1.04657761189837e-10 4.28377450183141e+02 3.85146250793187e+02 6.70037057988040e+22 1.65254671228604e+13 3.92243730581457e+12 4.88858180794316e+12 9.14909618438355e+07 1.15305830570264e+13 1.35564886833476e+12 8.23801751544182e+02 6.38490097486190e+11 2.23896256638628e+06 5.46011660287672e+02 0.00000000000000e+00 0.00000000000000e+00 0.00000000000000e+00 0.00000000000000e+00 0.00000000000000e+00 0.00000000000000e+00 0.00000000000000e+00 
1.77112564983959e-10 4.28377447748419e+02 3.85146249232389e+02 6.70037057765816e+22 2.79660941519558e+13 6.63811646607550e+12 8.27295321319140e+12 1.54830360430090e+08 1.95134491997480e+13 2.29395010247924e+12 1.39406617517086e+03 1.08051560571687e+12 6.41212618739538e+06 1.56372627660156e+03 0.00000000000000e+00 0.00000000000000e+00 0.00000000000000e+00 0.00000000000000e+00 0.00000000000000e+00 0.00000000000000e+00 0.00000000000000e+00 
2.49567368778081e-10 4.28377445313704e+02 3.85146247671596e+02 6.70037057543591e+22 3.94067284778023e+13 9.35393221700986e+12 1.16573206985339e+13 2.18169758717492e+08 2.74964932778020e+13 3.23207339398115e+12 1.96428528844084e+03 1.52253896677986e+12 1.27314617801651e+07 3.10484966979606e+03 0.00000000000000e+00 0.00000000000000e+00 0.00000000000000e+00 0.00000000000000e+00 0.00000000000000e+00 0.00000000000000e+00 0.00000000000000e+00 
3.22022172572203e-10 4.28377442878995e+02 3.85146246110806e+02 6.70037057321365e+22 5.08473700995892e+13 1.20698845327852e+13 1.50416842639751e+13 2.81509156705713e+08 3.54797152574799e+13 4.17001877654824e+12 2.53445909504379e+03 1.96456018068470e+12 2.11969590403663e+07 5.16939347998948e+03 0.00000000000000e+00 0.00000000000000e+00 0.00000000000000e+00 0.00000000000000e+00 0.00000000000000e+00 0.00000000000000e+00 0.00000000000000e+00 
1.04657021051342e-09 4.28377418532266e+02 3.85146244550021e+02 6.70037055099024e+22 1.65254187301291e+14 3.92369094213142e+13 4.88851043254443e+13 9.14903120013790e+08 1.15321707461781e+14 1.35396997923203e+13 8.23370662868171e+03 6.38465422948345e+12 2.23887095139393e+08 5.46071609736984e+04 0.00000000000000e+00 0.00000000000000e+00 0.00000000000000e+00 0.00000000000000e+00 0.00000000000000e+00 0.00000000000000e+00 0.00000000000000e+00 
1.77111824845465e-09 4.28377394186187e+02 3.85146228942400e+02 6.70037052876541e+22 2.79661733172037e+14 6.64175613112837e+13 8.27281324019225e+13 1.54829705302752e+09 1.95181451356785e+14 2.28916283854252e+13 1.39284277089239e+04 1.08045335733559e+13 6.41181626790997e+08 1.56400244277647e+05 0.00000000000000e+00 0.00000000000000e+00 0.00000000000000e+00 0.00000000000000e+00 0.00000000000000e+00 0.00000000000000e+00 0.00000000000000e+00 
2.49566628639587e-09 4.28377369840758e+02 3.85146213335197e+02 6.70037050653917e+22 3.94070006940742e+14 9.36118156262257e+13 1.16570768497701e+14 2.18169095543248e+09 2.75058914872858e+14 3.22258366247715e+13 1.96186258531352e+04 1.52241982214021e+13 1.27307071640374e+09 3.10559720020780e+05 0.00000000000000e+00 0.00000000000000e+00 0.00000000000000e+00 0.00000000000000e+00 0.00000000000000e+00 0.00000000000000e+00 0.00000000000000e+00 
3.22021432433709e-09 4.28377345495977e+02 3.85146197728410e+02 6.70037048431152e+22 5.08479007801225e+14 1.20819646671307e+14 1.50413012617276e+14 2.81508482689942e+09 3.54954064481020e+14 4.15423580385787e+13 2.53043047424462e+04 1.96436481831520e+13 2.11954406082300e+09 5.17097170008530e+05 0.00000000000000e+00 0.00000000000000e+00 0.00000000000000e+00 0.00000000000000e+00 0.00000000000000e+00 0.00000000000000e+00 0.00000000000000e+00 
8.43735207206116e-09 4.28377170219437e+02 3.85146182122040e+02 6.70037032421892e+22 1.33230708710904e+15 3.17129285983159e+14 3.94083901619635e+14 7.37586233180380e+09 9.30761517417592e+14 1.08107165206891e+14 6.61111717788580e+04 5.14597406103236e+13 1.45491010754161e+10 3.55173140196507e+06 0.00000000000000e+00 0.00000000000000e+00 0.00000000000000e+00 0.00000000000000e+00 0.00000000000000e+00 0.00000000000000e+00 0.00000000000000e+00 
1.36544898197852e-08 4.28376994976056e+02 3.85146069759955e+02 6.70037016405420e+22 2.15617252494505e+15 5.14132026273624e+14 6.37734469434989e+14 1.19366380926048e+10 1.50747183298348e+15 1.73769071395181e+14 1.06685284825185e+05 8.32647060810205e+13 3.80999945111924e+10 9.30692456512023e+06 0.00000000000000e+00 0.00000000000000e+00 0.00000000000000e+00 0.00000000000000e+00 0.00000000000000e+00 0.00000000000000e+00 0.00000000000000e+00 
1.88716275675093e-08 4.28376819765436e+02 3.85145957419150e+02 6.70037000381832e+22 2.98007502625762e+15 7.11818464516517e+14 8.81364717744820e+14 1.64974119862300e+10 2.08507274124660e+15 2.38540346252309e+14 1.47028007980849e+05 1.15058548157695e+14 7.27683716273392e+10 1.77869135082934e+07 0.00000000000000e+00 0.00000000000000e+00 0.00000000000000e+00 0.00000000000000e+00 0.00000000000000e+00 0.00000000000000e+00 0.00000000000000e+00 
2.40887653152334e-08 4.28376644587182e+02 3.85145845099369e+02 6.70036984351224e+22 3.80401430026343e+15 9.10179334313094e+14 1.12497464822962e+15 2.10581838897436e+10 2.66355215055948e+15 3.02433081143506e+14 1.87140696340235e+05 1.46841270399068e+14 1.18550382860670e+11 2.89958731680670e+07 0.00000000000000e+00 0.00000000000000e+00 0.00000000000000e+00 0.00000000000000e+00 0.00000000000000e+00 0.00000000000000e+00 0.00000000000000e+00 
2.93059030629574e-08 4.28376469440905e+02 3.85145732800359e+02 6.70036968313691e+22 4.62799006035947e+15 1.10920550307705e+15 1.36856426256898e+15 2.56189536803416e+10 3.24289814388601e+15 3.65459192823617e+14 2.27024696146548e+05 1.78612876360291e+14 1.75442181667278e+11 4.29379180464635e+07 0.00000000000000e+00 0.00000000000000e+00 0.00000000000000e+00 0.00000000000000e+00 0.00000000000000e+00 0.00000000000000e+00 0.00000000000000e+00 
7.42761863205710e-08 4.28374960999301e+02 3.85145620521872e+02 6.70036829800791e+22 1.17319051798052e+16 2.85104705352848e+15 3.46739725726627e+15 6.49314212266092e+10 8.27094259690513e+15 8.74482807304889e+14 5.61526858638177e+05 4.52014969240319e+14 1.12587749744305e+12 2.77009432575631e+08 0.00000000000000e+00 0.00000000000000e+00 0.00000000000000e+00 0.00000000000000e+00 0.00000000000000e+00 0.00000000000000e+00 0.00000000000000e+00 
1.19246469578185e-07 4.28373454676956e+02 3.85144653528005e+02 6.70036690835565e+22 1.88383417894698e+16 4.63628675975241e+15 5.56472196984248e+15 1.04243644313886e+11 1.33555011058891e+16 1.32698925567736e+15 8.79967049913923e+05 7.24593660173867e+14 2.89902161796299e+12 7.16864997701428e+08 0.00000000000000e+00 0.00000000000000e+00 0.00000000000000e+00 0.00000000000000e+00 0.00000000000000e+00 0.00000000000000e+00 0.00000000000000e+00 
1.64216752835798e-07 4.28371950269373e+02 3.85143687894411e+02 6.70036551467607e+22 2.59471488918918e+16 6.46011796671030e+15 7.66053947440543e+15 1.43555544980812e+11 1.84903015114457e+16 1.72925052417493e+15 1.18313694264850e+06 9.96351209228261e+14 5.49242285915204e+12 1.36466898863974e+09 0.00000000000000e+00 0.00000000000000e+00 0.00000000000000e+00 0.00000000000000e+00 0.00000000000000e+00 0.00000000000000e+00 0.00000000000000e+00 
2.09187036093412e-07 4.28370447594804e+02 3.85142723490006e+02 6.70036411740989e+22 3.30581922078325e+16 8.31826925461442e+15 9.75485084464366e+15 1.82867045633972e+11 2.36697700808129e+16 2.08684017608781e+15 1.47178918072787e+06 1.26728986828164e+15 8.90363538114319e+12 2.22234568845401e+09 0.00000000000000e+00 0.00000000000000e+00 0.00000000000000e+00 0.00000000000000e+00 0.00000000000000e+00 0.00000000000000e+00 0.00000000000000e+00 
2.54157319351025e-07 4.28368946491550e+02 3.85141760198289e+02 6.70036271694919e+22 4.01713521891692e+16 1.02069408152116e+16 1.18476571536472e+16 2.22178069058225e+11 2.88889484855403e+16 2.40471637379230e+15 1.74663934227148e+06 1.53741188116719e+15 1.31302196006460e+13 3.29160712811508e+09 0.00000000000000e+00 0.00000000000000e+00 0.00000000000000e+00 0.00000000000000e+00 0.00000000000000e+00 0.00000000000000e+00 0.00000000000000e+00 
2.99127602608639e-07 4.28367446815746e+02 3.85140797915608e+02 6.70036131364281e+22 4.72865223930278e+16 1.21227523924966e+16 1.39389594736898e+16 2.61488538430193e+11 3.41434258695432e+16 2.68728981046147e+15 2.00836760510990e+06 1.80671948361876e+15 1.81697426897228e+13 4.57397544255226e+09 0.00000000000000e+00 0.00000000000000e+00 0.00000000000000e+00 0.00000000000000e+00 0.00000000000000e+00 0.00000000000000e+00 0.00000000000000e+00 
4.19953358052329e-07 4.28363423616377e+02 3.85139836549747e+02 6.70035753146978e+22 6.64127479867810e+16 1.73821536414914e+16 1.95504111743263e+16 3.67104222133565e+11 4.84067038428519e+16 3.30089057232632e+15 2.65149515898104e+06 2.52627633602759e+15 3.57174756923447e+13 9.08500303634682e+09 0.00000000000000e+00 0.00000000000000e+00 0.00000000000000e+00 0.00000000000000e+00 0.00000000000000e+00 0.00000000000000e+00 0.00000000000000e+00 
5.40779113496019e-07 4.28359407826211e+02 3.85137257490042e+02 6.70035373577309e+22 8.55513381605741e+16 2.27694726222661e+16 2.51510342976599e+16 4.72713886823558e+11 6.28360650711090e+16 3.74837662247140e+15 3.21589855005114e+06 3.24001310570695e+15 5.90693770266523e+13 1.51650362683203e+10 0.00000000000000e+00 0.00000000000000e+00 0.00000000000000e+00 0.00000000000000e+00 0.00000000000000e+00 0.00000000000000e+00 0.00000000000000e+00 
6.61604868939709e-07 4.28355397988089e+02 3.85134683192790e+02 6.70034993008403e+22 1.04701208078449e+17 2.82505104430632e+16 3.07408495613069e+16 5.78316082916788e+11 7.73868841075412e+16 4.07437051376601e+15 3.71155136763403e+06 3.94797240636399e+15 8.81789621360244e+13 2.28294405789184e+10 0.00000000000000e+00 0.00000000000000e+00 0.00000000000000e+00 0.00000000000000e+00 0.00000000000000e+00 0.00000000000000e+00 0.00000000000000e+00 
7.82430624383399e-07 4.28351393030325e+02 3.85132112723948e+02 6.70034611699872e+22 1.23861556173282e+17 3.38001361943517e+16 3.63198776451658e+16 6.83909379863445e+11 9.20263682979543e+16 4.31166210023803e+15 4.14716404843871e+06 4.65019653105934e+15 1.23000081709673e+14 3.20894542213847e+10 0.00000000000000e+00 0.00000000000000e+00 0.00000000000000e+00 0.00000000000000e+00 0.00000000000000e+00 0.00000000000000e+00 0.00000000000000e+00 
9.03256379827089e-07 4.28347392159654e+02 3.85129545396557e+02 6.70034229843782e+22 1.43031785493720e+17 3.93997687937097e+16 4.18881391909771e+16 7.89492365856736e+11 1.06730271850356e+17 4.48449445247216e+15 4.53035031345509e+06 5.34672746787754e+15 1.63486920485268e+14 4.29533493276551e+10 0.00000000000000e+00 0.00000000000000e+00 0.00000000000000e+00 0.00000000000000e+00 0.00000000000000e+00 0.00000000000000e+00 0.00000000000000e+00 
1.02408213527078e-06 4.28343394797124e+02 3.85126980702130e+02 6.70033847580204e+22 1.62211456591696e+17 4.50358686346172e+16 4.74456548020044e+16 8.95063647578361e+11 1.21480927593421e+17 4.61053208957647e+15 4.86776010192781e+06 6.03760690877223e+15 2.09593995838007e+14 5.54271500507498e+10 0.00000000000000e+00 0.00000000000000e+00 0.00000000000000e+00 0.00000000000000e+00 0.00000000000000e+00 0.00000000000000e+00 0.00000000000000e+00 
1.20851787667302e-06 4.28337298820194e+02 3.85124418269551e+02 6.70033263507892e+22 1.91505961087008e+17 5.36878773599141e+16 5.59083083105839e+16 1.05618835698020e+12 1.44059195512142e+17 4.74086092240908e+15 5.30751911526139e+06 7.08140322428076e+15 2.90709716474231e+14 7.75819484728717e+10 0.00000000000000e+00 0.00000000000000e+00 0.00000000000000e+00 0.00000000000000e+00 0.00000000000000e+00 0.00000000000000e+00 0.00000000000000e+00 
1.39295361807526e-06 4.28331209078723e+02 3.85120510585583e+02 6.70032678954177e+22 2.20820958772254e+17 6.23797186225604e+16 6.43460437927454e+16 1.21727778457662e+12 1.66687501774174e+17 4.82103731564046e+15 5.67140211479762e+06 8.11227347744072e+15 3.84656799303588e+14 1.03508182773770e+11 0.00000000000000e+00 0.00000000000000e+00 0.00000000000000e+00 0.00000000000000e+00 0.00000000000000e+00 0.00000000000000e+00 0.00000000000000e+00 
1.57738935947750e-06 4.28325124952737e+02 3.85116606929078e+02 6.70032094068079e+22 2.50155944576507e+17 7.10970909700284e+16 7.27589340097496e+16 1.37832721575857e+12 1.89347186872887e+17 4.86971202773462e+15 5.97354145907541e+06 9.13036212788110e+15 4.91277886139929e+14 1.33212006199178e+11 0.00000000000000e+00 0.00000000000000e+00 0.00000000000000e+00 0.00000000000000e+00 0.00000000000000e+00 0.00000000000000e+00 0.00000000000000e+00 
1.76182510087974e-06 4.28319046018479e+02 3.85112706902587e+02 6.70031508951003e+22 2.79510557773572e+17 7.98303081452126e+16 8.11470515129106e+16 1.53933202977779e+12 2.12025613743332e+17 4.89951358011926e+15 6.22547248053955e+06 1.01358121354560e+16 6.10417365346286e+14 1.66697298341955e+11 0.00000000000000e+00 0.00000000000000e+00 0.00000000000000e+00 0.00000000000000e+00 0.00000000000000e+00 0.00000000000000e+00 0.00000000000000e+00 
1.94626084228198e-06 4.28312972005405e+02 3.85108810234435e+02 6.70030923667178e+22 3.08884550379682e+17 8.85732873518899e+16 8.95104686439094e+16 1.70028769816560e+12 2.34714847552444e+17 4.91836845825898e+15 6.43660205384890e+06 1.11287649803040e+16 7.41921354395652e+14 2.03966391114966e+11 0.00000000000000e+00 0.00000000000000e+00 0.00000000000000e+00 0.00000000000000e+00 0.00000000000000e+00 0.00000000000000e+00 0.00000000000000e+00 
2.13069658368422e-06 4.28306902765375e+02 3.85104916751150e+02 6.70030338251122e+22 3.38277764519754e+17 9.73228246468651e+16 9.78492575351071e+16 1.86118978328350e+12 2.57410710159184e+17 4.93044664313627e+15 6.61457144450525e+06 1.21093606770669e+16 8.85637682814047e+14 2.45020534606702e+11 0.00000000000000e+00 0.00000000000000e+00 0.00000000000000e+00 0.00000000000000e+00 0.00000000000000e+00 0.00000000000000e+00 0.00000000000000e+00 
2.46111038696554e-06 4.28296041431810e+02 3.85101026357717e+02 6.70029289229190e+22 3.90982931690825e+17 1.13007292216392e+17 1.12726715448361e+17 2.14929573217991e+12 2.98077981249272e+17 4.94370839426818e+15 6.86966053956753e+06 1.38356213530881e+16 1.17316514252110e+15 3.28034725944405e+11 0.00000000000000e+00 0.00000000000000e+00 0.00000000000000e+00 0.00000000000000e+00 0.00000000000000e+00 0.00000000000000e+00 0.00000000000000e+00 
2.79152419024685e-06 4.28285194822833e+02 3.85094064299618e+02 6.70028239914117e+22 4.43748915920119e+17 1.28701335011748e+17 1.27525773626935e+17 2.43719150682744e+12 3.38751582004776e+17 4.95009561014085e+15 7.06464789370118e+06 1.55234517036407e+16 1.49855335593827e+15 4.23199588832446e+11 0.00000000000000e+00 0.00000000000000e+00 0.00000000000000e+00 0.00000000000000e+00 0.00000000000000e+00 0.00000000000000e+00 0.00000000000000e+00 
3.12193799352817e-06 4.28274362790824e+02 3.85087111776789e+02 6.70027190333313e+22 4.96575330803542e+17 1.44403077188823e+17 1.42246841784851e+17 2.72485369247424e+12 3.79429081968115e+17 4.95199568096458e+15 7.21786050929418e+06 1.71736221458145e+16 1.86096752169670e+15 5.30514747875104e+11 0.00000000000000e+00 0.00000000000000e+00 0.00000000000000e+00 0.00000000000000e+00 0.00000000000000e+00 0.00000000000000e+00 0.00000000000000e+00 
3.45235179680948e-06 4.28263545217568e+02 3.85080168694248e+02 6.70026140506955e+22 5.49461813210019e+17 1.60111326839231e+17 1.56890327504680e+17 3.01225973342355e+12 4.20108943933443e+17 4.95090426155744e+15 7.34207432356350e+06 1.87868887015641e+16 2.25958947141589e+15 6.49979818083224e+11 0.00000000000000e+00 0.00000000000000e+00 0.00000000000000e+00 0.00000000000000e+00 0.00000000000000e+00 0.00000000000000e+00 0.00000000000000e+00 
3.78276560009080e-06 4.28252741947225e+02 3.85073234975866e+02 6.70025090464250e+22 6.02407974004379e+17 1.75823998713700e+17 1.71456636247517e+17 3.29938791108482e+12 4.60788465731801e+17 4.94948341989670e+15 7.44643228368057e+06 2.03639932134632e+16 2.69361735922673e+15 7.81593976576365e+11 0.00000000000000e+00 0.00000000000000e+00 0.00000000000000e+00 0.00000000000000e+00 0.00000000000000e+00 0.00000000000000e+00 0.00000000000000e+00 
4.11317940337211e-06 4.28241952841440e+02 3.85066310521405e+02 6.70024040230072e+22 6.55413438530554e+17 1.91539410807110e+17 1.85946171364504e+17 3.58621732388537e+12 5.01465472117585e+17 4.94986972823685e+15 7.53731296677334e+06 2.19056635972646e+16 3.16226536571086e+15 9.25355503555395e+11 0.00000000000000e+00 0.00000000000000e+00 0.00000000000000e+00 0.00000000000000e+00 0.00000000000000e+00 0.00000000000000e+00 0.00000000000000e+00 
4.69524340038771e-06 4.28222980905498e+02 3.85059395241836e+02 6.70022189639979e+22 7.48932370421472e+17 2.19233747752381e+17 2.11285716744286e+17 4.09071523171768e+12 5.73120899328319e+17 4.95076990480432e+15 7.67564494592647e+06 2.45374695195274e+16 4.06973185116675e+15 1.20815082727220e+12 0.00000000000000e+00 0.00000000000000e+00 0.00000000000000e+00 0.00000000000000e+00 0.00000000000000e+00 0.00000000000000e+00 0.00000000000000e+00 
5.27730739740330e-06 4.28204052531044e+02 3.85047235408313e+02 6.70020338475640e+22 8.42632737343851e+17 2.46940631517891e+17 2.36390431073495e+17 4.59412013531192e+12 6.44773975919267e+17 4.95151464566030e+15 7.79927816349021e+06 2.70653220767864e+16 5.07816372565600e+15 1.52862720558174e+12 0.00000000000000e+00 0.00000000000000e+00 0.00000000000000e+00 0.00000000000000e+00 0.00000000000000e+00 0.00000000000000e+00 0.00000000000000e+00 
5.85937139441890e-06 4.28185167364156e+02 3.85035103790799e+02 6.70018486773485e+22 9.36512822396921e+17 2.74660162109078e+17 2.61262473187466e+17 5.09633473855471e+12 7.16424954330844e+17 4.95166961689151e+15 7.91567520784470e+06 2.94929056634381e+16 6.18360361922435e+15 1.88677533089289e+12 0.00000000000000e+00 0.00000000000000e+00 0.00000000000000e+00 0.00000000000000e+00 0.00000000000000e+00 0.00000000000000e+00 0.00000000000000e+00 
6.44143539143449e-06 4.28166325024568e+02 3.85023000160559e+02 6.70016634575550e+22 1.03057090501749e+18 3.02391742372183e+17 2.85903981352008e+17 5.59726889512457e+12 7.88073183337620e+17 4.95171645863460e+15 8.02804357423534e+06 3.18237774289724e+16 7.38223960070943e+15 2.28258582403606e+12 0.00000000000000e+00 0.00000000000000e+00 0.00000000000000e+00 0.00000000000000e+00 0.00000000000000e+00 0.00000000000000e+00 0.00000000000000e+00 
7.02349938845008e-06 4.28147525141443e+02 3.85010924271999e+02 6.70014781920873e+22 1.12480528664037e+18 3.30134922151542e+17 3.10317073977456e+17 6.09683908799306e+12 8.59718209027315e+17 4.95195087824542e+15 8.13804561478940e+06 3.40613747004008e+16 8.67039638304717e+15 2.71604891374656e+12 0.00000000000000e+00 0.00000000000000e+00 0.00000000000000e+00 0.00000000000000e+00 0.00000000000000e+00 0.00000000000000e+00 0.00000000000000e+00 
8.33316759191410e-06 4.28105378034441e+02 3.84998875885594e+02 6.70010611873974e+22 1.33747258059598e+18 3.92599932944334e+17 3.64423178396520e+17 7.21552759965048e+12 1.02091059364638e+18 4.95262860462095e+15 8.38136002300371e+06 3.87718235899455e+16 1.18782210947155e+16 3.82897753292634e+12 0.00000000000000e+00 0.00000000000000e+00 0.00000000000000e+00 0.00000000000000e+00 0.00000000000000e+00 0.00000000000000e+00 0.00000000000000e+00 
9.64283579537812e-06 4.28063440075964e+02 3.84971865894250e+02 6.70006440060076e+22 1.55100523926111e+18 4.55120750074358e+17 4.17407022751969e+17 8.32615863725419e+12 1.18208532525145e+18 4.95346711879530e+15 8.62394475573588e+06 4.30624758466174e+16 1.54834829286103e+16 5.13236011856343e+12 0.00000000000000e+00 0.00000000000000e+00 0.00000000000000e+00 0.00000000000000e+00 0.00000000000000e+00 0.00000000000000e+00 0.00000000000000e+00 
1.09525039988421e-05 4.28021707334452e+02 3.84944991393744e+02 6.70002266822358e+22 1.76538489942238e+18 5.17695232587266e+17 4.69291708045470e+17 9.42808520648765e+12 1.34324136665983e+18 4.95421976292070e+15 8.86698941502861e+06 4.69666867328046e+16 1.94508821927975e+16 6.62607489213541e+12 0.00000000000000e+00 0.00000000000000e+00 0.00000000000000e+00 0.00000000000000e+00 0.00000000000000e+00 0.00000000000000e+00 0.00000000000000e+00 
1.22621722023062e-05 4.27980175952131e+02 3.84918249844388e+02 6.69998092474215e+22 1.98059361659966e+18 5.80321098193621e+17 5.20099841323331e+17 1.05207887782355e+13 1.50437758879824e+18 4.95495018771757e+15 9.11004105183977e+06 5.05152106739612e+16 2.37480430951462e+16 8.30999591191338e+12 0.00000000000000e+00 0.00000000000000e+00 0.00000000000000e+00 0.00000000000000e+00 0.00000000000000e+00 0.00000000000000e+00 0.00000000000000e+00 
1.35718404057702e-05 4.27938842150857e+02 3.84891638754323e+02 6.69993917300444e+22 2.19661384914677e+18 6.42996140884644e+17 5.69853558263970e+17 1.16038607124049e+13 1.66549303572694e+18 4.95573578787574e+15 9.35303436407859e+06 5.37364580679459e+16 2.83452103819882e+16 1.01839933019726e+13 0.00000000000000e+00 0.00000000000000e+00 0.00000000000000e+00 0.00000000000000e+00 0.00000000000000e+00 0.00000000000000e+00 0.00000000000000e+00 
1.70992477438544e-05 4.27828469869403e+02 3.84865155683249e+02 6.69982669790343e+22 2.78233958517684e+18 8.12031737110344e+17 6.98779210354553e+17 1.44712430197192e+13 2.09932718526437e+18 4.95797846860973e+15 1.00088167536010e+07 6.09752447030594e+16 4.20215980063245e+16 1.61756745712909e+13 0.00000000000000e+00 0.00000000000000e+00 0.00000000000000e+00 0.00000000000000e+00 0.00000000000000e+00 0.00000000000000e+00 0.00000000000000e+00 
2.06266550819386e-05 4.27719434871984e+02 3.84794445762761e+02 6.69971422318544e+22 3.37350774108005e+18 9.81371655153179e+17 8.20618713762097e+17 1.72632733784020e+13 2.53299666909085e+18 4.96040435405922e+15 1.06665326718437e+07 6.64682070691853e+16 5.72238141853116e+16 2.35424905102842e+13 0.00000000000000e+00 0.00000000000000e+00 0.00000000000000e+00 0.00000000000000e+00 0.00000000000000e+00 0.00000000000000e+00 0.00000000000000e+00 
2.41540624200228e-05 4.27611671097623e+02 3.84724602513333e+02 6.69960178210843e+22 3.96981351392159e+18 1.15098104337972e+18 9.35759211714892e+17 1.99792039352003e+13 2.96649697339041e+18 4.96293701778729e+15 1.13260641555638e+07 7.05816277632463e+16 7.35779194306707e+16 3.22815599466312e+13 0.00000000000000e+00 0.00000000000000e+00 0.00000000000000e+00 0.00000000000000e+00 0.00000000000000e+00 0.00000000000000e+00 0.00000000000000e+00 
2.76814697581070e-05 4.27505116227549e+02 3.84655583280596e+02 6.69948939921231e+22 4.57097021287118e+18 1.32082796274468e+18 1.04456581270793e+18 2.26206341921779e+13 3.39982782315386e+18 4.96559148789141e+15 1.19871013121927e+07 7.36053982564188e+16 9.07927866462557e+16 4.23898449042115e+13 0.00000000000000e+00 0.00000000000000e+00 0.00000000000000e+00 0.00000000000000e+00 0.00000000000000e+00 0.00000000000000e+00 0.00000000000000e+00 
3.12088770961912e-05 4.27399711391256e+02 3.84587347831451e+02 6.69937709251475e+22 5.17670758576244e+18 1.49088289782673e+18 1.14738334501661e+18 2.51904946014919e+13 3.83299159112533e+18 4.96836740754389e+15 1.26494531194419e+07 7.57699461455146e+16 1.08640658812468e+17 5.38641676043523e+13 0.00000000000000e+00 0.00000000000000e+00 0.00000000000000e+00 0.00000000000000e+00 0.00000000000000e+00 0.00000000000000e+00 0.00000000000000e+00 
3.67760385263891e-05 4.27235562472774e+02 3.84519858164229e+02 6.69920002741865e+22 6.14142997632740e+18 1.75963164134970e+18 1.29824753046344e+18 2.91100021827411e+13 4.51630684345013e+18 4.97295520903505e+15 1.36971981285778e+07 7.78569073978696e+16 1.37691992380800e+17 7.47448054295562e+13 0.00000000000000e+00 0.00000000000000e+00 0.00000000000000e+00 0.00000000000000e+00 0.00000000000000e+00 0.00000000000000e+00 0.00000000000000e+00 
4.23431999565869e-05 4.27073936461947e+02 3.84414773739012e+02 6.69902321920122e+22 7.11599699450446e+18 2.02873017675283e+18 1.43619426039525e+18 3.28738575865078e+13 5.19923165524285e+18 4.97776515288552e+15 1.47468593303432e+07 7.88031151124287e+16 1.67353205992646e+17 9.90062049171790e+13 0.00000000000000e+00 0.00000000000000e+00 0.00000000000000e+00 0.00000000000000e+00 0.00000000000000e+00 0.00000000000000e+00 0.00000000000000e+00 
4.79103613867848e-05 4.26914645740780e+02 3.84311326461866e+02 6.69884668685654e+22 8.09955097129166e+18 2.29808751271701e+18 1.56232150067168e+18 3.64968391265831e+13 5.88178601612385e+18 4.98276526702602e+15 1.57982611588715e+07 7.89972952903588e+16 1.97261911925241e+17 1.26634018415732e+14 0.00000000000000e+00 0.00000000000000e+00 0.00000000000000e+00 0.00000000000000e+00 0.00000000000000e+00 0.00000000000000e+00 0.00000000000000e+00 
5.34775228169826e-05 4.26757519142699e+02 3.84209395295518e+02 6.69867043715003e+22 9.09131065309059e+18 2.56762146909505e+18 1.67763050329763e+18 3.99934063449954e+13 6.56399151012598e+18 4.98792789733940e+15 1.68509676042785e+07 7.86988800449171e+16 2.27187471043782e+17 1.57613136221423e+14 0.00000000000000e+00 0.00000000000000e+00 0.00000000000000e+00 0.00000000000000e+00 0.00000000000000e+00 0.00000000000000e+00 0.00000000000000e+00 
5.90446842471805e-05 4.26602400065722e+02 3.84108869835825e+02 6.69849446998351e+22 1.00905617932957e+19 2.83725685316947e+18 1.78303691318894e+18 4.33761733665399e+13 7.24586786364337e+18 4.99322824674660e+15 1.79044721922438e+07 7.80820607032658e+16 2.56981777368958e+17 1.91927718875885e+14 0.00000000000000e+00 0.00000000000000e+00 0.00000000000000e+00 0.00000000000000e+00 0.00000000000000e+00 0.00000000000000e+00 0.00000000000000e+00 
6.71495564826006e-05 4.26379872102942e+02 3.84009649092602e+02 6.69823878640530e+22 1.15573831564100e+19 3.22984404553681e+18 1.92047665909426e+18 4.81190389004547e+13 8.23801463599291e+18 5.00114571481659e+15 1.94391314725000e+07 7.68400614059763e+16 2.99943487996678e+17 2.47812239808557e+14 0.00000000000000e+00 0.00000000000000e+00 0.00000000000000e+00 0.00000000000000e+00 0.00000000000000e+00 0.00000000000000e+00 0.00000000000000e+00 
7.52544287180207e-05 4.26160898687083e+02 3.83867346133613e+02 6.69798367417538e+22 1.30368910621921e+19 3.62230810936977e+18 2.04101952241730e+18 5.26697093603875e+13 9.22954414712072e+18 5.00925275139574e+15 2.09740020894153e+07 7.54050624644833e+16 3.42248360539066e+17 3.10677044362681e+14 0.00000000000000e+00 0.00000000000000e+00 0.00000000000000e+00 0.00000000000000e+00 0.00000000000000e+00 0.00000000000000e+00 0.00000000000000e+00 
8.33593009534409e-05 4.25945127438322e+02 3.83727356996016e+02 6.69772910939639e+22 1.45274812750208e+19 4.01447791740238e+18 2.14672199011864e+18 5.70489489130971e+13 1.02204920577296e+19 5.01750208086712e+15 2.25087252311744e+07 7.39026494418019e+16 3.83814604762161e+17 3.80465197001783e+14 0.00000000000000e+00 0.00000000000000e+00 0.00000000000000e+00 0.00000000000000e+00 0.00000000000000e+00 0.00000000000000e+00 0.00000000000000e+00 
9.14641731888610e-05 4.25732250116306e+02 3.83589454593663e+02 6.69747506629790e+22 1.60277523949269e+19 4.40620396095110e+18 2.23938120728398e+18 6.12738900884140e+13 1.12108893529525e+19 5.02585482164871e+15 2.40431473928914e+07 7.23926870660836e+16 4.24619644544142e+17 4.57116467114452e+14 0.00000000000000e+00 0.00000000000000e+00 0.00000000000000e+00 0.00000000000000e+00 0.00000000000000e+00 0.00000000000000e+00 0.00000000000000e+00 
9.95690454242812e-05 4.25521995863370e+02 3.83453440315716e+02 6.69722152018107e+22 1.75364745515174e+19 4.79735499412394e+18 2.32057470881342e+18 6.53586278909283e+13 1.22007625074174e+19 5.03428319379470e+15 2.55770111868532e+07 7.09042485720287e+16 4.64665406995586e+17 5.40567466858699e+14 0.00000000000000e+00 0.00000000000000e+00 0.00000000000000e+00 0.00000000000000e+00 0.00000000000000e+00 0.00000000000000e+00 0.00000000000000e+00 
1.14474466209846e-04 4.25141419436943e+02 3.83319139665128e+02 6.69675645351838e+22 2.03297770392211e+19 5.51484804369341e+18 2.44433553593109e+18 7.25476056545757e+13 1.40199266246016e+19 5.04987723721828e+15 2.83967683802024e+07 6.82789472523122e+16 5.36378322687814e+17 7.11564179095043e+14 0.00000000000000e+00 0.00000000000000e+00 0.00000000000000e+00 0.00000000000000e+00 0.00000000000000e+00 0.00000000000000e+00 0.00000000000000e+00 
1.29379886995411e-04 4.24767677516389e+02 3.83076140472978e+02 6.69629286224107e+22 2.31424471004856e+19 6.22942281651609e+18 2.54115415090692e+18 7.93738123456941e+13 1.58375477506955e+19 5.06551668200475e+15 3.12142229025093e+07 6.58374053088676e+16 6.05681585601009e+17 9.04892029114903e+14 0.00000000000000e+00 0.00000000000000e+00 0.00000000000000e+00 0.00000000000000e+00 0.00000000000000e+00 0.00000000000000e+00 0.00000000000000e+00 
1.44285307780976e-04 4.24399769676642e+02 3.82837624924761e+02 6.69583063844937e+22 2.59699787577503e+19 6.94060790965883e+18 2.61682355844942e+18 8.58888928311748e+13 1.76537427722628e+19 5.08112714692887e+15 3.40291714602100e+07 6.35710036107189e+16 6.72715149192924e+17 1.12008102776674e+15 0.00000000000000e+00 0.00000000000000e+00 0.00000000000000e+00 0.00000000000000e+00 0.00000000000000e+00 0.00000000000000e+00 0.00000000000000e+00 
1.59190728566541e-04 4.24036919225949e+02 3.82602948784671e+02 6.69536969398461e+22 2.88088923243941e+19 7.64804566821636e+18 2.67582303293397e+18 9.21335917328155e+13 1.94686125456304e+19 5.09666110021664e+15 3.68416912306866e+07 6.14563742983822e+16 7.37613443806282e+17 1.35662927766905e+15 0.00000000000000e+00 0.00000000000000e+00 0.00000000000000e+00 0.00000000000000e+00 0.00000000000000e+00 0.00000000000000e+00 0.00000000000000e+00 
1.74096149352106e-04 4.23678514967626e+02 3.82371611739233e+02 6.69490995615055e+22 3.16564672398932e+19 8.35146392594763e+18 2.72166028290313e+18 9.81424419408267e+13 2.12822493075122e+19 5.11209151887905e+15 3.96518351648386e+07 5.94789419969888e+16 8.00492419570738e+17 1.61400585951794e+15 0.00000000000000e+00 0.00000000000000e+00 0.00000000000000e+00 0.00000000000000e+00 0.00000000000000e+00 0.00000000000000e+00 0.00000000000000e+00 
2.02738291417059e-04 4.23000683406352e+02 3.82143219916232e+02 6.69402970895144e+22 3.71455940925717e+19 9.69119372802621e+18 2.78192445307371e+18 1.09126601654999e+14 2.47641530006697e+19 5.14139048462669e+15 4.50449310014705e+07 5.60296624338886e+16 9.16007025536629e+17 2.16495032251272e+15 0.00000000000000e+00 0.00000000000000e+00 0.00000000000000e+00 0.00000000000000e+00 0.00000000000000e+00 0.00000000000000e+00 0.00000000000000e+00 
2.31380433482013e-04 4.22334985417150e+02 3.81711575239173e+02 6.69315335501550e+22 4.26479228791124e+19 1.10143373471855e+19 2.81787503288975e+18 1.19512039420400e+14 2.82423305340067e+19 5.17025749585758e+15 5.04290693739592e+07 5.29779367578375e+16 1.02507122082232e+18 2.78652232846479e+15 0.00000000000000e+00 0.00000000000000e+00 0.00000000000000e+00 0.00000000000000e+00 0.00000000000000e+00 0.00000000000000e+00 0.00000000000000e+00 
2.60022575546967e-04 4.21679739888247e+02 3.81288041665037e+02 6.69228063751845e+22 4.81562884106839e+19 1.23203369872473e+19 2.83882004169557e+18 1.29422986408690e+14 3.17172226340388e+19 5.19875610700912e+15 5.58042756944584e+07 5.02567182439612e+16 1.12822027557848e+18 3.47426018420266e+15 0.00000000000000e+00 0.00000000000000e+00 0.00000000000000e+00 0.00000000000000e+00 0.00000000000000e+00 0.00000000000000e+00 0.00000000000000e+00 
2.88664717611920e-04 4.21033922508012e+02 3.80871531390835e+02 6.69141136975330e+22 5.36665148996309e+19 1.36089750714937e+19 2.85021765604440e+18 1.38948404032679e+14 3.51891950082705e+19 5.22694025512113e+15 6.11706676623760e+07 4.78108548993943e+16 1.22589013810871e+18 4.22345821315487e+15 0.00000000000000e+00 0.00000000000000e+00 0.00000000000000e+00 0.00000000000000e+00 0.00000000000000e+00 0.00000000000000e+00 0.00000000000000e+00 
3.17306859676874e-04 4.20396867327900e+02 3.80461377512635e+02 6.69054540698952e+22 5.91760508735105e+19 1.48802194551484e+19 2.85542845000647e+18 1.48155482454846e+14 3.86585594500371e+19 5.25485660372199e+15 6.65284609562342e+07 4.56002505600112e+16 1.31844196779035e+18 5.02922992086273e+15 0.00000000000000e+00 0.00000000000000e+00 0.00000000000000e+00 0.00000000000000e+00 0.00000000000000e+00 0.00000000000000e+00 0.00000000000000e+00 
3.63264140956569e-04 4.19391925875749e+02 3.80057142840316e+02 6.68916256074865e+22 6.80111305410463e+19 1.68838567482900e+19 2.85580891877424e+18 1.62389548056300e+14 4.42204786028105e+19 5.29918007118736e+15 7.51078517040491e+07 4.24772426502907e+16 1.45699719558680e+18 6.42767594736058e+15 0.00000000000000e+00 0.00000000000000e+00 0.00000000000000e+00 0.00000000000000e+00 0.00000000000000e+00 0.00000000000000e+00 0.00000000000000e+00 
4.09221422236263e-04 4.18407014994565e+02 3.79420188838885e+02 6.68778751619149e+22 7.68360225630506e+19 1.88434887451265e+19 2.85149876932659e+18 1.76104389457122e+14 4.97773095519476e+19 5.34310069357193e+15 8.36661491901577e+07 3.97705080089899e+16 1.58424294770261e+18 7.93787035013808e+15 0.00000000000000e+00 0.00000000000000e+00 0.00000000000000e+00 0.00000000000000e+00 0.00000000000000e+00 0.00000000000000e+00 0.00000000000000e+00 
4.55178703515958e-04 4.17441310944438e+02 3.78796786456243e+02 6.68641995159166e+22 8.56487993820333e+19 2.07599669565262e+19 2.84516529072288e+18 1.89417434379305e+14 5.53298154097661e+19 5.38681892659073e+15 9.22044975200383e+07 3.74061823031073e+16 1.70105432857835e+18 9.53882832538125e+15 0.00000000000000e+00 0.00000000000000e+00 0.00000000000000e+00 0.00000000000000e+00 0.00000000000000e+00 0.00000000000000e+00 0.00000000000000e+00 
5.01135984795653e-04 4.16494283408414e+02 3.78186367069214e+02 6.68505960826849e+22 9.44488122230956e+19 2.26342691271049e+19 2.83779420435579e+18 2.02405332791366e+14 6.08785761936114e+19 5.43017919653386e+15 1.00723165785940e+08 3.53102578297874e+16 1.80813134001080e+18 1.12099560493289e+16 0.00000000000000e+00 0.00000000000000e+00 0.00000000000000e+00 0.00000000000000e+00 0.00000000000000e+00 0.00000000000000e+00 0.00000000000000e+00 
5.47093266075348e-04 4.15565499822038e+02 3.77588550541437e+02 6.68370625303930e+22 1.03235815104902e+20 2.44674124224495e+19 2.82983693707408e+18 2.15127499270593e+14 6.64240840810032e+19 5.47330971151158e+15 1.09223639736070e+08 3.34582961882826e+16 1.90607724026104e+18 1.29314769932920e+16 0.00000000000000e+00 0.00000000000000e+00 0.00000000000000e+00 0.00000000000000e+00 0.00000000000000e+00 0.00000000000000e+00 0.00000000000000e+00 
6.09799169891697e-04 4.14326943455239e+02 3.77003020664059e+02 6.68187059085750e+22 1.15203890778228e+20 2.69040605092127e+19 2.81854992176100e+18 2.32126181312043e+14 7.39859542065304e+19 5.53186576338953e+15 1.20792285899536e+08 3.12189599184311e+16 2.02589582633595e+18 1.53284921825009e+16 0.00000000000000e+00 0.00000000000000e+00 0.00000000000000e+00 0.00000000000000e+00 0.00000000000000e+00 0.00000000000000e+00 0.00000000000000e+00 
6.72505073708047e-04 4.13120664930076e+02 3.76223393428580e+02 6.68004707224745e+22 1.27147276973329e+20 2.92685434016878e+19 2.80717704510759e+18 2.48790279003609e+14 8.15431621877062e+19 5.59011817063156e+15 1.32329359375090e+08 2.92766053044727e+16 2.13082320275600e+18 1.77419730507930e+16 0.00000000000000e+00 0.00000000000000e+00 0.00000000000000e+00 0.00000000000000e+00 0.00000000000000e+00 0.00000000000000e+00 0.00000000000000e+00 
7.35210977524396e-04 4.11945794187688e+02 3.75465399309410e+02 6.67823524789647e+22 1.39066001780213e+20 3.15634229955518e+19 2.79586469372790e+18 2.65180946427804e+14 8.90962375074488e+19 5.64806617750149e+15 1.43835736855407e+08 2.75804826309160e+16 2.22190828966227e+18 2.01345509320541e+16 0.00000000000000e+00 0.00000000000000e+00 0.00000000000000e+00 0.00000000000000e+00 0.00000000000000e+00 0.00000000000000e+00 0.00000000000000e+00 
7.97916881340746e-04 4.10801507351001e+02 3.74728395095773e+02 6.67643470354602e+22 1.50960177186105e+20 3.37912196933199e+19 2.78462109434568e+18 2.81339221728580e+14 9.66455063170221e+19 5.70571763131190e+15 1.55312537489527e+08 2.60777526169886e+16 2.30009234987795e+18 2.24751416771069e+16 0.00000000000000e+00 0.00000000000000e+00 0.00000000000000e+00 0.00000000000000e+00 0.00000000000000e+00 0.00000000000000e+00 0.00000000000000e+00 
8.60622785157095e-04 4.09687004520188e+02 3.74011771880767e+02 6.67464505041663e+22 1.62829911247964e+20 3.59544015608955e+19 2.77344150424565e+18 2.97295430069766e+14 1.04191141927267e+20 5.76307687184017e+15 1.66760841898065e+08 2.47351816621910e+16 2.36623102940550e+18 2.47389948839924e+16 0.00000000000000e+00 0.00000000000000e+00 0.00000000000000e+00 0.00000000000000e+00 0.00000000000000e+00 0.00000000000000e+00 0.00000000000000e+00 
9.60637194664127e-04 4.07969116927992e+02 3.73314940812794e+02 6.67181222877194e+22 1.81711481932477e+20 3.92768415504795e+19 2.75576903277642e+18 3.22381347732117e+14 1.16218786330573e+20 5.85397281872011e+15 1.84963611080706e+08 2.28730823650300e+16 2.44876496473994e+18 2.81494317993118e+16 0.00000000000000e+00 0.00000000000000e+00 0.00000000000000e+00 0.00000000000000e+00 0.00000000000000e+00 0.00000000000000e+00 0.00000000000000e+00 
1.06065160417116e-03 4.06321961855266e+02 3.72243064729829e+02 6.66900474623636e+22 2.00531434657867e+20 4.24505018492985e+19 2.73830816134145e+18 3.47084107915802e+14 1.28237072999932e+20 5.94416019101803e+15 2.03098805583100e+08 2.12851509462639e+16 2.50581212520935e+18 3.12716297516329e+16 0.00000000000000e+00 0.00000000000000e+00 0.00000000000000e+00 0.00000000000000e+00 0.00000000000000e+00 0.00000000000000e+00 0.00000000000000e+00 
1.16066601367819e-03 4.04742610926914e+02 3.71217861248211e+02 6.66622125827870e+22 2.19290095132801e+20 4.54844753196790e+19 2.72106293027650e+18 3.71454368508930e+14 1.40245347616737e+20 6.03365350454658e+15 2.21168651786643e+08 1.99144374694312e+16 2.54030973095538e+18 3.40872198063120e+16 0.00000000000000e+00 0.00000000000000e+00 0.00000000000000e+00 0.00000000000000e+00 0.00000000000000e+00 0.00000000000000e+00 0.00000000000000e+00 
1.26068042318522e-03 4.03228269709749e+02 3.70237210259806e+02 6.66346050473637e+22 2.37987776197494e+20 4.83874057803538e+19 2.70402707216120e+18 3.95527084124260e+14 1.52242623560436e+20 6.12246273697029e+15 2.39174839148066e+08 1.87195113317964e+16 2.55502846482243e+18 3.66023325870609e+16 0.00000000000000e+00 0.00000000000000e+00 0.00000000000000e+00 0.00000000000000e+00 0.00000000000000e+00 0.00000000000000e+00 0.00000000000000e+00 
1.36069483269225e-03 4.01776267733135e+02 3.69299100691727e+02 6.66072130293355e+22 2.56624775194817e+20 5.11674715324219e+19 2.68719613129043e+18 4.19328150847974e+14 1.64227719490125e+20 6.21059634427149e+15 2.57118681475046e+08 1.76685978707065e+16 2.55258798362411e+18 3.88387095778362e+16 0.00000000000000e+00 0.00000000000000e+00 0.00000000000000e+00 0.00000000000000e+00 0.00000000000000e+00 0.00000000000000e+00 0.00000000000000e+00 
1.53596969855202e-03 3.99374443167645e+02 3.68401622275895e+02 6.65596959704255e+22 2.89140523219399e+20 5.57658002410622e+19 2.65819242655659e+18 4.60440416559883e+14 1.85198262942195e+20 6.36344528005921e+15 2.88417962801454e+08 1.61043137481297e+16 2.51416495751812e+18 4.21809095371201e+16 0.00000000000000e+00 0.00000000000000e+00 0.00000000000000e+00 0.00000000000000e+00 0.00000000000000e+00 0.00000000000000e+00 0.00000000000000e+00 
1.71124456441178e-03 3.97143397049096e+02 3.66921420082080e+02 6.65127532015749e+22 3.21472197713230e+20 6.00480017367030e+19 2.62980959016952e+18 5.00863402962336e+14 2.06120536020383e+20 6.51428663666607e+15 3.19533850493700e+08 1.48079381770641e+16 2.44252848286844e+18 4.49317193998892e+16 0.00000000000000e+00 0.00000000000000e+00 0.00000000000000e+00 0.00000000000000e+00 0.00000000000000e+00 0.00000000000000e+00 0.00000000000000e+00 
1.88651943027154e-03 3.95071168542397e+02 3.65551375090528e+02 6.64663372315022e+22 3.53621140021417e+20 6.40476790258314e+19 2.60203972765858e+18 5.40658880975977e+14 2.26987994962679e+20 6.66316191023339e+15 3.50470770492445e+08 1.37171018225277e+16 2.34808974936896e+18 4.72518211238845e+16 0.00000000000000e+00 0.00000000000000e+00 0.00000000000000e+00 0.00000000000000e+00 0.00000000000000e+00 0.00000000000000e+00 0.00000000000000e+00 
2.06179429613130e-03 3.93146766501605e+02 3.64283132799450e+02 6.64204073109404e+22 3.85588604395674e+20 6.77939761545579e+19 2.57487238728708e+18 5.79872371299144e+14 2.47794969028649e+20 6.81011474327935e+15 3.81233455864885e+08 1.27936443067693e+16 2.23953278805683e+18 4.92677192886659e+16 0.00000000000000e+00 0.00000000000000e+00 0.00000000000000e+00 0.00000000000000e+00 0.00000000000000e+00 0.00000000000000e+00 0.00000000000000e+00 
2.23706916199106e-03 3.91360061090173e+02 3.63109083046023e+02 6.63749288791467e+22 4.17375758830017e+20 7.13120476907749e+19 2.54829594194290e+18 6.18538432310958e+14 2.68536830133757e+20 6.95519180295705e+15 4.11826844889895e+08 1.19932284701189e+16 2.12382874280883e+18 5.10655773246271e+16 0.00000000000000e+00 0.00000000000000e+00 0.00000000000000e+00 0.00000000000000e+00 0.00000000000000e+00 0.00000000000000e+00 0.00000000000000e+00 
2.51324295104765e-03 3.88802176967592e+02 3.62022272938942e+02 6.63041197201436e+22 4.67098273330193e+20 7.64421688227606e+19 2.50758833930754e+18 6.78422545649673e+14 3.01079111016346e+20 7.18010394284504e+15 4.59703354203320e+08 1.09291796196832e+16 1.93895850516431e+18 5.35692922280202e+16 0.00000000000000e+00 0.00000000000000e+00 0.00000000000000e+00 0.00000000000000e+00 0.00000000000000e+00 0.00000000000000e+00 0.00000000000000e+00 
2.78941674010424e-03 3.86529972112006e+02 3.60471838372606e+02 6.62342684696796e+22 5.16379914625413e+20 8.11288898540684e+19 2.46826223802302e+18 7.37123853141822e+14 3.33442461799515e+20 7.40069457530253e+15 5.07199778607187e+08 1.00534477699248e+16 1.76394912508060e+18 5.57838158407432e+16 0.00000000000000e+00 0.00000000000000e+00 0.00000000000000e+00 0.00000000000000e+00 0.00000000000000e+00 0.00000000000000e+00 0.00000000000000e+00 
3.06559052916084e-03 3.84513909553717e+02 3.59100010547394e+02 6.61653047836378e+22 5.65224530871573e+20 8.54282096947700e+19 2.43025932310564e+18 7.94726146611600e+14 3.65623065291388e+20 7.61718113261838e+15 5.54343606882220e+08 9.32195154342530e+15 1.60706727160391e+18 5.77663528869341e+16 0.00000000000000e+00 0.00000000000000e+00 0.00000000000000e+00 0.00000000000000e+00 0.00000000000000e+00 0.00000000000000e+00 0.00000000000000e+00 
3.34176431821743e-03 3.82727920266324e+02 3.57887154194114e+02 6.60971763732355e+22 6.13635761301602e+20 8.93840652962301e+19 2.39351922081099e+18 8.51299024934028e+14 3.97621040896323e+20 7.82978312794567e+15 6.01163582137054e+08 8.69947277118165e+15 1.47143955051552e+18 5.95440974981180e+16 0.00000000000000e+00 0.00000000000000e+00 0.00000000000000e+00 0.00000000000000e+00 0.00000000000000e+00 0.00000000000000e+00 0.00000000000000e+00 
3.61793810727402e-03 3.81148816967864e+02 3.56816132665226e+02 6.60298429138037e+22 6.61617071102923e+20 9.30321347925369e+19 2.35798210501597e+18 9.06903572015074e+14 4.29438793381167e+20 8.03871337696930e+15 6.47687776937218e+08 8.16416660046264e+15 1.35707697658762e+18 6.11390650873118e+16 0.00000000000000e+00 0.00000000000000e+00 0.00000000000000e+00 0.00000000000000e+00 0.00000000000000e+00 0.00000000000000e+00 0.00000000000000e+00 
3.95796638535449e-03 3.79458544553251e+02 3.55871870588303e+02 6.59479860638614e+22 7.20106541064309e+20 9.71444938701337e+19 2.31579592969270e+18 9.74113984760159e+14 4.68370753611916e+20 8.29120216052425e+15 7.04600917664078e+08 7.59655355235453e+15 1.24288004504049e+18 6.28808728962821e+16 0.00000000000000e+00 0.00000000000000e+00 0.00000000000000e+00 0.00000000000000e+00 0.00000000000000e+00 0.00000000000000e+00 0.00000000000000e+00 
4.29799466343495e-03 3.78016246909513e+02 3.54863945138252e+02 6.58672344935351e+22 7.77955199001139e+20 1.00883525801441e+20 2.27524483018911e+18 1.04002984692934e+15 5.07041647026146e+20 8.53876770351511e+15 7.61147124586351e+08 7.11494986343348e+15 1.15404816955362e+18 6.44033839641330e+16 0.00000000000000e+00 0.00000000000000e+00 0.00000000000000e+00 0.00000000000000e+00 0.00000000000000e+00 0.00000000000000e+00 0.00000000000000e+00 
4.63802294151541e-03 3.76791815384224e+02 3.54006192732875e+02 6.57875456772181e+22 8.35168686729427e+20 1.04290143035389e+20 2.23623491456375e+18 1.10473024810410e+15 5.45458199835621e+20 8.78171498868547e+15 8.17361964130033e+08 6.69673265242186e+15 1.08570304242696e+18 6.57270445300903e+16 0.00000000000000e+00 0.00000000000000e+00 0.00000000000000e+00 0.00000000000000e+00 0.00000000000000e+00 0.00000000000000e+00 0.00000000000000e+00 
4.97805121959587e-03 3.75758984478189e+02 3.53279668929124e+02 6.57088827503693e+22 8.91752428784015e+20 1.07399783670352e+20 2.19867960610085e+18 1.16828576476980e+15 5.83626250753880e+20 9.02031534895511e+15 8.73274573538378e+08 6.33040113986122e+15 1.03327600850464e+18 6.68702907823499e+16 0.00000000000000e+00 0.00000000000000e+00 0.00000000000000e+00 0.00000000000000e+00 0.00000000000000e+00 0.00000000000000e+00 0.00000000000000e+00 
5.31807949767633e-03 3.74894721785919e+02 3.52668008848265e+02 6.56312124371103e+22 9.47711685848472e+20 1.10243816592137e+20 2.16249925365208e+18 1.23075840350672e+15 6.21550525575624e+20 9.25480856881625e+15 9.28907994100052e+08 6.00822246419690e+15 9.92993683880439e+17 6.78510049867378e+16 0.00000000000000e+00 0.00000000000000e+00 0.00000000000000e+00 0.00000000000000e+00 0.00000000000000e+00 0.00000000000000e+00 0.00000000000000e+00 
5.85724535654352e-03 3.73822300378509e+02 3.52156990941712e+02 6.55100167706163e+22 1.03517577376410e+21 1.14275032742617e+20 2.10777160914767e+18 1.32772729347687e+15 6.81193709508860e+20 9.61872725050639e+15 1.01659352245943e+09 5.56873675157779e+15 9.47359275191718e+17 6.91113604704374e+16 0.00000000000000e+00 0.00000000000000e+00 0.00000000000000e+00 0.00000000000000e+00 0.00000000000000e+00 0.00000000000000e+00 0.00000000000000e+00 
6.39641121541071e-03 3.73054775823302e+02 3.51523880844840e+02 6.53911317871722e+22 1.12110254778609e+21 1.17804693748262e+20 2.05605396155126e+18 1.42230109427218e+15 7.40243381804998e+20 9.97357546551149e+15 1.10366940073715e+09 5.19588418163720e+15 9.16639160026176e+17 7.00610382989051e+16 0.00000000000000e+00 0.00000000000000e+00 0.00000000000000e+00 0.00000000000000e+00 0.00000000000000e+00 0.00000000000000e+00 0.00000000000000e+00 
6.93557707427791e-03 3.72535574982174e+02 3.51071366583499e+02 6.52744612515633e+22 1.20551161316843e+21 1.20913961532381e+20 2.00711317962323e+18 1.51463735342818e+15 7.98706388459699e+20 1.03199659633510e+16 1.19016414229127e+09 4.88106309409642e+15 8.95635649476967e+17 7.07523985789962e+16 0.00000000000000e+00 0.00000000000000e+00 0.00000000000000e+00 0.00000000000000e+00 0.00000000000000e+00 0.00000000000000e+00 0.00000000000000e+00 
7.47474293314510e-03 3.72219137435865e+02 3.50765435862819e+02 6.51599221511127e+22 1.28842226379435e+21 1.23669189974786e+20 1.96073895867117e+18 1.60486708993588e+15 8.56586985940876e+20 1.06584292435078e+16 1.27609277044545e+09 4.60727840840491e+15 8.81276576792718e+17 7.12276670802866e+16 0.00000000000000e+00 0.00000000000000e+00 0.00000000000000e+00 0.00000000000000e+00 0.00000000000000e+00 0.00000000000000e+00 0.00000000000000e+00 
8.01390879201229e-03 3.72068367786733e+02 3.50578901688082e+02 6.50474425850354e+22 1.36985357500649e+21 1.26124865703106e+20 1.91674263036450e+18 1.69310526361008e+15 9.13888049271272e+20 1.09894224510153e+16 1.36146117041715e+09 4.36720072703726e+15 8.71587276577547e+17 7.15237022383246e+16 0.00000000000000e+00 0.00000000000000e+00 0.00000000000000e+00 0.00000000000000e+00 0.00000000000000e+00 0.00000000000000e+00 0.00000000000000e+00 
8.67926994767232e-03 3.72066582942549e+02 3.50489765173752e+02 6.49113836629006e+22 1.46833323869422e+21 1.28807543514003e+20 1.86547492369987e+18 1.79939252882282e+15 9.83805157918297e+20 1.13881896708907e+16 1.46603856643493e+09 4.11035105965455e+15 8.64166758824626e+17 7.16887331377921e+16 0.00000000000000e+00 0.00000000000000e+00 0.00000000000000e+00 0.00000000000000e+00 0.00000000000000e+00 0.00000000000000e+00 0.00000000000000e+00 
9.34463110333236e-03 3.72224774035425e+02 3.50488009420740e+02 6.47782628990707e+22 1.56462405076571e+21 1.31170811855577e+20 1.81728191086550e+18 1.90294901946381e+15 1.05284653174457e+21 1.17768590967370e+16 1.56975228052292e+09 3.88817665387071e+15 8.60177661348627e+17 7.16796371748113e+16 0.00000000000000e+00 0.00000000000000e+00 0.00000000000000e+00 0.00000000000000e+00 0.00000000000000e+00 0.00000000000000e+00 0.00000000000000e+00 
1.00099922589924e-02 3.72506656388394e+02 3.50580220815004e+02 6.46479911360240e+22 1.65876101171220e+21 1.33269105694204e+20 1.77190836384676e+18 2.00390867264442e+15 1.12101506613477e+21 1.21560120068451e+16 1.67258665795700e+09 3.69325473812083e+15 8.58601827919655e+17 7.15364943487208e+16 0.00000000000000e+00 0.00000000000000e+00 0.00000000000000e+00 0.00000000000000e+00 0.00000000000000e+00 0.00000000000000e+00 0.00000000000000e+00 
1.06753534146524e-02 3.72884181742507e+02 3.50745149274765e+02 6.45204908115000e+22 1.75077886050751e+21 1.35145004984813e+20 1.72912619349684e+18 2.10238475232287e+15 1.18831349967328e+21 1.25261625832621e+16 1.77452428645009e+09 3.52186739328875e+15 8.58810335838994e+17 7.12906390274622e+16 0.00000000000000e+00 0.00000000000000e+00 0.00000000000000e+00 0.00000000000000e+00 0.00000000000000e+00 0.00000000000000e+00 0.00000000000000e+00 
1.13407145703125e-02 3.73335428671448e+02 3.50966406754302e+02 6.43956931108829e+22 1.84071205735550e+21 1.36832299992477e+20 1.68872872937451e+18 2.19847459060320e+15 1.25474465627392e+21 1.28877760516367e+16 1.87554693198235e+09 3.36994182017389e+15 8.60351648684256e+17 7.09673200819021e+16 0.00000000000000e+00 0.00000000000000e+00 0.00000000000000e+00 0.00000000000000e+00 0.00000000000000e+00 0.00000000000000e+00 0.00000000000000e+00 
1.28071269939433e-02 3.74516287663637e+02 3.51231203111029e+02 6.41298982914241e+22 2.03172643552991e+21 1.40003950134939e+20 1.60723854212161e+18 2.40224959039506e+15 1.39810725788817e+21 1.36566055732486e+16 2.09489212122222e+09 3.08696028095573e+15 8.66941063292944e+17 7.00671204169760e+16 0.00000000000000e+00 0.00000000000000e+00 0.00000000000000e+00 0.00000000000000e+00 0.00000000000000e+00 0.00000000000000e+00 0.00000000000000e+00 
1.42735394175742e-02 3.75845176815462e+02 3.51925440593661e+02 6.38763484516937e+22 2.21314069581105e+21 1.42600373728596e+20 1.53478815356150e+18 2.59570229041715e+15 1.53730547886840e+21 1.43896439858589e+16 2.30952490321500e+09 2.85905257493539e+15 8.76009587276185e+17 6.90317551446072e+16 0.00000000000000e+00 0.00000000000000e+00 0.00000000000000e+00 0.00000000000000e+00 0.00000000000000e+00 0.00000000000000e+00 0.00000000000000e+00 
1.57399518412051e-02 3.77243120391091e+02 3.52708641829523e+02 6.36345315542365e+22 2.38531013281504e+21 1.44761694792052e+20 1.47004111092919e+18 2.77950400716048e+15 1.67237832257470e+21 1.50899067108636e+16 2.51929155086717e+09 2.67357503085800e+15 8.86445802578979e+17 6.79444639934758e+16 0.00000000000000e+00 0.00000000000000e+00 0.00000000000000e+00 0.00000000000000e+00 0.00000000000000e+00 0.00000000000000e+00 0.00000000000000e+00 
1.72063642648360e-02 3.78668388904799e+02 3.53534606289081e+02 6.34039921224229e+22 2.54858313361266e+21 1.46574877123185e+20 1.41188655021310e+18 2.95424438491392e+15 1.80336999055661e+21 1.57599761451831e+16 2.72409099055234e+09 2.51746290206367e+15 8.97623665114192e+17 6.68582917028452e+16 0.00000000000000e+00 0.00000000000000e+00 0.00000000000000e+00 0.00000000000000e+00 0.00000000000000e+00 0.00000000000000e+00 0.00000000000000e+00 
1.86727766884669e-02 3.80097121332763e+02 3.54378832053832e+02 6.31843048802648e+22 2.70330094647743e+21 1.48100865042619e+20 1.35944785440897e+18 3.12045702995458e+15 1.93032959250143e+21 1.64019046205412e+16 2.92385742633522e+09 2.38513679050738e+15 9.09128827695421e+17 6.57918534005515e+16 0.00000000000000e+00 0.00000000000000e+00 0.00000000000000e+00 0.00000000000000e+00 0.00000000000000e+00 0.00000000000000e+00 0.00000000000000e+00 
2.03313167844664e-02 3.81698189342929e+02 3.55227218202273e+02 6.29484012563537e+22 2.86839946697299e+21 1.49539720348069e+20 1.30607691718352e+18 3.29877272966632e+15 2.06913214045388e+21 1.70963303061476e+16 3.14367191927025e+09 2.25793010548702e+15 9.22212023690049e+17 6.46307571581189e+16 0.00000000000000e+00 0.00000000000000e+00 0.00000000000000e+00 0.00000000000000e+00 0.00000000000000e+00 0.00000000000000e+00 0.00000000000000e+00 
2.19898568804660e-02 3.83269149199074e+02 3.56180414166588e+02 6.27252902637046e+22 3.02345507283253e+21 1.50726015158032e+20 1.25816327478073e+18 3.46743339664171e+15 2.20292976636319e+21 1.77592470252438e+16 3.35694103440910e+09 2.14935533172027e+15 9.35144481099354e+17 6.35295269814527e+16 0.00000000000000e+00 0.00000000000000e+00 0.00000000000000e+00 0.00000000000000e+00 0.00000000000000e+00 0.00000000000000e+00 0.00000000000000e+00 
2.36483969764655e-02 3.84801567892829e+02 3.57118200929969e+02 6.25144235393944e+22 3.16893105798832e+21 1.51700515928904e+20 1.21498016349122e+18 3.62701865960558e+15 2.33181291641965e+21 1.83924967778333e+16 3.56364872304600e+09 2.05569043749299e+15 9.47793523719444e+17 6.24918821969691e+16 0.00000000000000e+00 0.00000000000000e+00 0.00000000000000e+00 0.00000000000000e+00 0.00000000000000e+00 0.00000000000000e+00 0.00000000000000e+00 
2.53069370724651e-02 3.86291036886973e+02 3.58035358796211e+02 6.23152698557150e+22 3.30527987656023e+21 1.52494589512118e+20 1.17591817316512e+18 3.77805546150289e+15 2.45587785282951e+21 1.89976737936789e+16 3.76380498572754e+09 1.97417330846176e+15 9.60082031822204e+17 6.15183414533943e+16 0.00000000000000e+00 0.00000000000000e+00 0.00000000000000e+00 0.00000000000000e+00 0.00000000000000e+00 0.00000000000000e+00 0.00000000000000e+00 
2.69654771684646e-02 3.87735153851402e+02 3.58929044025043e+02 6.21273123117748e+22 3.43294282074868e+21 1.53133812590093e+20 1.14046767327517e+18 3.92102988612290e+15 2.57522580891227e+21 1.95761721746611e+16 3.95743978362882e+09 1.90257575765175e+15 9.71960343679120e+17 6.06085054808851e+16 0.00000000000000e+00 0.00000000000000e+00 0.00000000000000e+00 0.00000000000000e+00 0.00000000000000e+00 0.00000000000000e+00 0.00000000000000e+00 
3.03812094988104e-02 3.90561685659010e+02 3.59797604318163e+02 6.17733753610854e+22 3.67029924524586e+21 1.54048315379400e+20 1.07708286539655e+18 4.19194567199094e+15 2.80661892054032e+21 2.06886672508833e+16 4.33590501434953e+09 1.77950540174337e+15 9.95033570427279e+17 5.89264679748536e+16 0.00000000000000e+00 0.00000000000000e+00 0.00000000000000e+00 0.00000000000000e+00 0.00000000000000e+00 0.00000000000000e+00 0.00000000000000e+00 
3.37969418291563e-02 3.93184953632375e+02 3.61503506035468e+02 6.14605867777751e+22 3.87621231547480e+21 1.54544849489910e+20 1.02429590676052e+18 4.43409200909050e+15 3.01942192781366e+21 2.17024025334058e+16 4.68750221262955e+09 1.68165660988604e+15 1.01618725943557e+18 5.74809208983472e+16 0.00000000000000e+00 0.00000000000000e+00 0.00000000000000e+00 0.00000000000000e+00 0.00000000000000e+00 0.00000000000000e+00 0.00000000000000e+00 
3.72126741595021e-02 3.95606649946109e+02 3.63093634095806e+02 6.11849574746340e+22 4.05406183670661e+21 1.54731497900120e+20 9.79933379973069e+17 4.65055349920867e+15 3.21464147673977e+21 2.26252890564782e+16 5.01302416679079e+09 1.60193109110777e+15 1.03547645035523e+18 5.62474138437866e+16 0.00000000000000e+00 0.00000000000000e+00 0.00000000000000e+00 0.00000000000000e+00 0.00000000000000e+00 0.00000000000000e+00 0.00000000000000e+00 
4.06284064898479e-02 3.97832594222313e+02 3.64567405103114e+02 6.09427565219053e+22 4.20698332850077e+21 1.54687368551909e+20 9.42368888301644e+17 4.84400544561497e+15 3.39331309577855e+21 2.34643121105463e+16 5.31344320220973e+09 1.53599984286706e+15 1.05303339821064e+18 5.52006402691326e+16 0.00000000000000e+00 0.00000000000000e+00 0.00000000000000e+00 0.00000000000000e+00 0.00000000000000e+00 0.00000000000000e+00 0.00000000000000e+00 
4.40441388201937e-02 3.99870391234497e+02 3.65926928560137e+02 6.07305108321782e+22 4.33786687815924e+21 1.54474316279440e+20 9.10355385193903e+17 5.01679995706927e+15 3.55648116802144e+21 2.42258630152321e+16 5.58986196285765e+09 1.48085491952342e+15 1.06901266780927e+18 5.43171902165457e+16 0.00000000000000e+00 0.00000000000000e+00 0.00000000000000e+00 0.00000000000000e+00 0.00000000000000e+00 0.00000000000000e+00 0.00000000000000e+00 
4.93119878985986e-02 4.02665160584238e+02 3.67175596339934e+02 6.04546489800943e+22 4.50247174153203e+21 1.53921470323181e+20 8.69668474909935e+17 5.24754724671119e+15 3.78011845774706e+21 2.52620880598598e+16 5.97189149357281e+09 1.41167129621378e+15 1.09087635879050e+18 5.32284694040443e+16 0.00000000000000e+00 0.00000000000000e+00 0.00000000000000e+00 0.00000000000000e+00 0.00000000000000e+00 0.00000000000000e+00 0.00000000000000e+00 
5.45798369770035e-02 4.05070505358866e+02 3.68894339521589e+02 6.02318824880985e+22 4.62949689722922e+21 1.53208626580039e+20 8.37339703838680e+17 5.44085853522592e+15 3.97303580140235e+21 2.61480412719415e+16 6.30433611260116e+09 1.35763633835239e+15 1.10984010813304e+18 5.24165296204068e+16 0.00000000000000e+00 0.00000000000000e+00 0.00000000000000e+00 0.00000000000000e+00 0.00000000000000e+00 0.00000000000000e+00 0.00000000000000e+00 
5.98476860554085e-02 4.07126764438550e+02 3.70379301540234e+02 6.00529887439044e+22 4.72631666456302e+21 1.52423125734663e+20 8.11275251086982e+17 5.60258563072876e+15 4.13875844144890e+21 2.69028358949718e+16 6.59200618284017e+09 1.31377523105605e+15 1.12624036872068e+18 5.18195620069389e+16 0.00000000000000e+00 0.00000000000000e+00 0.00000000000000e+00 0.00000000000000e+00 0.00000000000000e+00 0.00000000000000e+00 0.00000000000000e+00 
6.51155351338134e-02 4.08874661038167e+02 3.71652889459612e+02 5.99101267898956e+22 4.79907399568451e+21 1.51617958441784e+20 7.90296499048206e+17 5.73764053434933e+15 4.28057767276678e+21 2.75428060492156e+16 6.83966919525947e+09 1.27834342929009e+15 1.14047697007052e+18 5.13935953915473e+16 0.00000000000000e+00 0.00000000000000e+00 0.00000000000000e+00 0.00000000000000e+00 0.00000000000000e+00 0.00000000000000e+00 0.00000000000000e+00 
7.03833842122183e-02 4.10352763388422e+02 3.72738452747536e+02 5.97966755303349e+22 4.85284084526385e+21 1.50830963323413e+20 7.73229224974444e+17 5.85014453235834e+15 4.40151746412737e+21 2.80837129926170e+16 7.05191501536356e+09 1.24964678480406e+15 1.15290680259888e+18 5.11024889439813e+16 0.00000000000000e+00 0.00000000000000e+00 0.00000000000000e+00 0.00000000000000e+00 0.00000000000000e+00 0.00000000000000e+00 0.00000000000000e+00 
8.17987876519170e-02 4.12788937602115e+02 3.73658561134802e+02 5.96280597582824e+22 4.92169282818039e+21 1.49274343058658e+20 7.46298785763474e+17 6.03211781649139e+15 4.60414674319913e+21 2.89762434922001e+16 7.40951231569756e+09 1.20359143069842e+15 1.17459598782881e+18 5.08100349490400e+16 0.00000000000000e+00 0.00000000000000e+00 0.00000000000000e+00 0.00000000000000e+00 0.00000000000000e+00 0.00000000000000e+00 0.00000000000000e+00 
9.32141910916158e-02 4.14433109392954e+02 3.75179218594338e+02 5.95299304179098e+22 4.95086027478837e+21 1.48006879286919e+20 7.28784038049701e+17 6.15299145039560e+15 4.74459176685315e+21 2.95820350555526e+16 7.65866930425887e+09 1.17287564603850e+15 1.19059215178572e+18 5.07818783858738e+16 0.00000000000000e+00 0.00000000000000e+00 0.00000000000000e+00 0.00000000000000e+00 0.00000000000000e+00 0.00000000000000e+00 0.00000000000000e+00 
1.04629594531315e-01 4.15533045723421e+02 3.76208386459402e+02 5.94737220565088e+22 4.95978901458557e+21 1.47027713440951e+20 7.17297614866717e+17 6.23312095631732e+15 4.84109641077449e+21 2.99900866141888e+16 7.83038747740849e+09 1.15223141736266e+15 1.20228673023120e+18 5.08726460171816e+16 0.00000000000000e+00 0.00000000000000e+00 0.00000000000000e+00 0.00000000000000e+00 0.00000000000000e+00 0.00000000000000e+00 0.00000000000000e+00 
1.16044997971013e-01 4.16263361810240e+02 3.76898160385417e+02 5.94424601655564e+22 4.95888824750593e+21 1.46292923360010e+20 7.09728899987819e+17 6.28592556514425e+15 4.90688025493016e+21 3.02628731454882e+16 7.94761700422258e+09 1.13828633565100e+15 1.21076047918963e+18 5.10072101182304e+16 0.00000000000000e+00 0.00000000000000e+00 0.00000000000000e+00 0.00000000000000e+00 0.00000000000000e+00 0.00000000000000e+00 0.00000000000000e+00 
1.27460401410712e-01 4.16742908983938e+02 3.77356693794484e+02 5.94260455050496e+22 4.95361167303761e+21 1.45752416101884e+20 7.04744010402595e+17 6.32041763838852e+15 4.95133480180196e+21 3.04435309256607e+16 8.02686245880003e+09 1.12884571671445e+15 1.21684097289360e+18 5.11490816364324e+16 0.00000000000000e+00 0.00000000000000e+00 0.00000000000000e+00 0.00000000000000e+00 0.00000000000000e+00 0.00000000000000e+00 0.00000000000000e+00 
1.44036354148059e-01 4.17147286113623e+02 3.77658009540521e+02 5.94171186506638e+22 4.94349941576134e+21 1.45225474485672e+20 7.00451628186661e+17 6.34949645289347e+15 4.99045739302213e+21 3.05981668594944e+16 8.09653515306980e+09 1.12039508565495e+15 1.22261822959395e+18 5.13370387105050e+16 0.00000000000000e+00 0.00000000000000e+00 0.00000000000000e+00 0.00000000000000e+00 0.00000000000000e+00 0.00000000000000e+00 0.00000000000000e+00 
1.60612306885405e-01 4.17359878196018e+02 3.77912219977583e+02 5.94152748619167e+22 4.93487333530428e+21 1.44906278916475e+20 6.98134130679262e+17 6.36489473329352e+15 5.01202932110965e+21 3.06809575169825e+16 8.13488893580624e+09 1.11565268642347e+15 1.22605443581089e+18 5.14766534181035e+16 0.00000000000000e+00 0.00000000000000e+00 0.00000000000000e+00 0.00000000000000e+00 0.00000000000000e+00 0.00000000000000e+00 0.00000000000000e+00 
1.77188259622752e-01 4.17474075478012e+02 3.78045905005715e+02 5.94155473081120e+22 4.92878028408465e+21 1.44716127713441e+20 6.96870122140454e+17 6.37320157433602e+15 5.02404694251659e+21 3.07260113386183e+16 8.15622378997446e+09 1.11299442825423e+15 1.22808160516005e+18 5.15694538990532e+16 0.00000000000000e+00 0.00000000000000e+00 0.00000000000000e+00 0.00000000000000e+00 0.00000000000000e+00 0.00000000000000e+00 0.00000000000000e+00 
1.93764212360098e-01 4.17534838734668e+02 3.78117724965788e+02 5.94164287400274e+22 4.92469015335621e+21 1.44604094958050e+20 6.96184608162383e+17 6.37761367502292e+15 5.03068602086208e+21 3.07503039984046e+16 8.16798887464234e+09 1.11150913706664e+15 1.22926318733978e+18 5.16292321120978e+16 0.00000000000000e+00 0.00000000000000e+00 0.00000000000000e+00 0.00000000000000e+00 0.00000000000000e+00 0.00000000000000e+00 0.00000000000000e+00 
2.10340165097445e-01 4.17565405354378e+02 3.78155940180291e+02 5.94174593037125e+22 4.92195139319904e+21 1.44538936593745e+20 6.95825500141649e+17 6.37984202367066e+15 5.03423128686702e+21 3.07628237264284e+16 8.17425279858193e+09 1.11069645305632e+15 1.22993982369224e+18 5.16678159961630e+16 0.00000000000000e+00 0.00000000000000e+00 0.00000000000000e+00 0.00000000000000e+00 0.00000000000000e+00 0.00000000000000e+00 0.00000000000000e+00 
2.41042445935739e-01 4.17581235325173e+02 3.78175161945251e+02 5.94190386016270e+22 4.91931914676312e+21 1.44489263373244e+20 6.95601586912946e+17 6.38104874118246e+15 5.03643539373765e+21 3.07698842435959e+16 8.17811584197086e+09 1.11012810991917e+15 1.23042932968501e+18 5.17034516387133e+16 0.00000000000000e+00 0.00000000000000e+00 0.00000000000000e+00 0.00000000000000e+00 0.00000000000000e+00 0.00000000000000e+00 0.00000000000000e+00 
2.71744726774033e-01 4.17585443195295e+02 3.78185110859822e+02 5.94197518626487e+22 4.91827755130412e+21 1.44471564538104e+20 6.95530556267915e+17 6.38140436954432e+15 5.03712705080681e+21 3.07719328516314e+16 8.17932076239639e+09 1.10993319065517e+15 1.23059835938811e+18 5.17173602523261e+16 0.00000000000000e+00 0.00000000000000e+00 0.00000000000000e+00 0.00000000000000e+00 0.00000000000000e+00 0.00000000000000e+00 0.00000000000000e+00 
3.02447007612327e-01 4.17589561238640e+02 3.78187753745189e+02 5.94199483483816e+22 4.91784174085702e+21 1.44461995607240e+20 6.95484938707911e+17 6.38170731093831e+15 5.03762460216208e+21 3.07736359458292e+16 8.18019788699709e+09 1.10982892199831e+15 1.23070074703298e+18 5.17232386071370e+16 0.00000000000000e+00 0.00000000000000e+00 0.00000000000000e+00 0.00000000000000e+00 0.00000000000000e+00 0.00000000000000e+00 0.00000000000000e+00 
3.33149288450621e-01 4.17591831597095e+02 3.78190343172778e+02 5.94200359318265e+22 4.91762594364196e+21 1.44457120504486e+20 6.95465127722230e+17 6.38185715224947e+15 5.03789064032301e+21 3.07745469746151e+16 8.18066697775130e+09 1.10978602412594e+15 1.23075731851823e+18 5.17259782117146e+16 0.00000000000000e+00 0.00000000000000e+00 0.00000000000000e+00 0.00000000000000e+00 0.00000000000000e+00 0.00000000000000e+00 0.00000000000000e+00 
3.63851569288915e-01 4.17591689437257e+02 3.78191770917183e+02 5.94201210542793e+22 4.91753161283292e+21 1.44456315622377e+20 6.95466897542490e+17 6.38184168494642e+15 5.03791060622462e+21 3.07745250348067e+16 8.18069648731913e+09 1.10978764118934e+15 1.23077531687195e+18 5.17269998799604e+16 0.00000000000000e+00 0.00000000000000e+00 0.00000000000000e+00 0.00000000000000e+00 0.00000000000000e+00 0.00000000000000e+00 0.00000000000000e+00 
5.06089070743478e-01 4.17591403412788e+02 3.78191680915980e+02 5.94202185743697e+22 4.91743592095276e+21 1.44455461587616e+20 6.95478074540256e+17 6.38180926360566e+15 5.03790860798751e+21 3.07744309614198e+16 8.18069296721672e+09 1.10980834753119e+15 1.23078386510775e+18 5.17277317134080e+16 0.00000000000000e+00 0.00000000000000e+00 0.00000000000000e+00 0.00000000000000e+00 0.00000000000000e+00 0.00000000000000e+00 0.00000000000000e+00 
6.48326572198040e-01 4.17590296319047e+02 3.78191500527604e+02 5.94201810108196e+22 4.91753529686162e+21 1.44457734207479e+20 6.95487963111673e+17 6.38173432535969e+15 5.03778050231904e+21 3.07739870530264e+16 8.18046630093683e+09 1.10982978969631e+15 1.23075742432174e+18 5.17264652445946e+16 0.00000000000000e+00 0.00000000000000e+00 0.00000000000000e+00 0.00000000000000e+00 0.00000000000000e+00 0.00000000000000e+00 0.00000000000000e+00 
7.90564073652603e-01 4.17590440047224e+02 3.78190804290511e+02 5.94201711850525e+22 4.91753847864820e+21 1.44456986613361e+20 6.95474831348271e+17 6.38176642232863e+15 5.03779533062966e+21 3.07740808897627e+16 8.18048148449093e+09 1.10979933337811e+15 1.23075052641393e+18 5.17270485467769e+16 0.00000000000000e+00 0.00000000000000e+00 0.00000000000000e+00 0.00000000000000e+00 0.00000000000000e+00 0.00000000000000e+00 0.00000000000000e+00 
9.32801575107165e-01 4.17590609252777e+02 3.78190894709246e+02 5.94201727477332e+22 4.91752978477877e+21 1.44457410838574e+20 6.95484777722910e+17 6.38175601424824e+15 5.03780869604883e+21 3.07741058116564e+16 8.18052186636364e+09 1.10982303508983e+15 1.23076060278177e+18 5.17265575262607e+16 0.00000000000000e+00 0.00000000000000e+00 0.00000000000000e+00 0.00000000000000e+00 0.00000000000000e+00 0.00000000000000e+00 0.00000000000000e+00 
1.81528445037747e+00 4.17590603310539e+02 3.78191001222188e+02 5.94201749922554e+22 4.91752664290097e+21 1.44457112960194e+20 6.95479010483268e+17 6.38176426524248e+15 5.03781110460836e+21 3.07741236977846e+16 8.18052035074382e+09 1.10980937682837e+15 1.23075823040660e+18 5.17268817424888e+16 0.00000000000000e+00 0.00000000000000e+00 0.00000000000000e+00 0.00000000000000e+00 0.00000000000000e+00 0.00000000000000e+00 0.00000000000000e+00 
2.69776732564777e+00 4.17590599150922e+02 3.78190997434449e+02 5.94201747702428e+22 4.91752712461390e+21 1.44457138957561e+20 6.95479126010599e+17 6.38176443601848e+15 5.03781053393584e+21 3.07741214532523e+16 8.18051941984124e+09 1.10980895853131e+15 1.23075801301719e+18 5.17268645840160e+16 0.00000000000000e+00 0.00000000000000e+00 0.00000000000000e+00 0.00000000000000e+00 0.00000000000000e+00 0.00000000000000e+00 0.00000000000000e+00 
3.58025020091807e+00 4.17590598832238e+02 3.78190994819991e+02 5.94201748962828e+22 4.91752702764197e+21 1.44457114921652e+20 6.95478453072366e+17 6.38176557822794e+15 5.03781052658389e+21 3.07741234071951e+16 8.18051937122139e+09 1.10980725769650e+15 1.23075753306631e+18 5.17268954809958e+16 0.00000000000000e+00 0.00000000000000e+00 0.00000000000000e+00 0.00000000000000e+00 0.00000000000000e+00 0.00000000000000e+00 0.00000000000000e+00 
1.24050789536211e+01 4.17590598670087e+02 3.78190994619108e+02 5.94201748916427e+22 4.91752704168685e+21 1.44457118198172e+20 6.95478466017391e+17 6.38176563049749e+15 5.03781050100374e+21 3.07741232871402e+16 8.18051935193422e+09 1.10980715335546e+15 1.23075749918277e+18 5.17268934817618e+16 0.00000000000000e+00 0.00000000000000e+00 0.00000000000000e+00 0.00000000000000e+00 0.00000000000000e+00 0.00000000000000e+00 0.00000000000000e+00 
2.12299077063241e+01 4.17590598826927e+02 3.78190994517246e+02 5.94201748817994e+22 4.91752704105369e+21 1.44457117831385e+20 6.95478540095124e+17 6.38176545187050e+15 5.03781052229543e+21 3.07741231523899e+16 8.18051938312533e+09 1.10980745937833e+15 1.23075758769152e+18 5.17268915385784e+16 0.00000000000000e+00 0.00000000000000e+00 0.00000000000000e+00 0.00000000000000e+00 0.00000000000000e+00 0.00000000000000e+00 0.00000000000000e+00 
3.00547364590271e+01 4.17590598773233e+02 3.78190994615826e+02 5.94201748836946e+22 4.91752704199520e+21 1.44457118419415e+20 6.95478527712444e+17 6.38176549947860e+15 5.03781051549313e+21 3.07741231624443e+16 8.18051937352626e+09 1.10980737226536e+15 1.23075756217029e+18 5.17268916151894e+16 0.00000000000000e+00 0.00000000000000e+00 0.00000000000000e+00 0.00000000000000e+00 0.00000000000000e+00 0.00000000000000e+00 0.00000000000000e+00 
1.18303023986057e+02 4.17590598789300e+02 3.78190994582069e+02 5.94201748826567e+22 4.91752704195034e+21 1.44457118323360e+20 6.95478534259204e+17 6.38176548334320e+15 5.03781051755096e+21 3.07741231514118e+16 8.18051937648651e+09 1.10980740146485e+15 1.23075757067182e+18 5.17268914740841e+16 0.00000000000000e+00 0.00000000000000e+00 0.00000000000000e+00 0.00000000000000e+00 0.00000000000000e+00 0.00000000000000e+00 0.00000000000000e+00 
2.06551311513087e+02 4.17590598796035e+02 3.78190994592170e+02 5.94201748825058e+22 4.91752704172041e+21 1.44457118231513e+20 6.95478534697445e+17 6.38176547676515e+15 5.03781051842497e+21 3.07741231533627e+16 8.18051937775300e+09 1.10980741320892e+15 1.23075757407707e+18 5.17268915013205e+16 0.00000000000000e+00 0.00000000000000e+00 0.00000000000000e+00 0.00000000000000e+00 0.00000000000000e+00 0.00000000000000e+00 0.00000000000000e+00 
2.94799599040117e+02 4.17590598796642e+02 3.78190994596403e+02 5.94201748824104e+22 4.91752704178099e+21 1.44457118233977e+20 6.95478535279900e+17 6.38176547636818e+15 5.03781051847661e+21 3.07741231519488e+16 8.18051937783128e+09 1.10980741390920e+15 1.23075757429461e+18 5.17268914846528e+16 0.00000000000000e+00 0.00000000000000e+00 0.00000000000000e+00 0.00000000000000e+00 0.00000000000000e+00 0.00000000000000e+00 0.00000000000000e+00 
3.94799599040117e+02 4.17590598797259e+02 3.78190994596785e+02 5.94201748824145e+22 4.91752704174394e+21 1.44457118224709e+20 6.95478535255213e+17 6.38176547568135e+15 5.03781051856309e+21 3.07741231523160e+16 8.18051937795386e+09 1.10980741510638e+15 1.23075757463764e+18 5.17268914890898e+16 0.00000000000000e+00 0.00000000000000e+00 0.00000000000000e+00 0.00000000000000e+00 0.00000000000000e+00 0.00000000000000e+00 0.00000000000000e+00 
4.94799599040117e+02 4.17590598797187e+02 3.78190994597173e+02 5.94201748824166e+22 4.91752704174736e+21 1.44457118225718e+20 6.95478535251736e+17 6.38176547576030e+15 5.03781051855309e+21 3.07741231522902e+16 8.18051937793938e+09 1.10980741496688e+15 1.23075757459750e+18 5.17268914887724e+16 0.00000000000000e+00 0.00000000000000e+00 0.00000000000000e+00 0.00000000000000e+00 0.00000000000000e+00 0.00000000000000e+00 0.00000000000000e+00 
5.94799599040117e+02 4.17590598797271e+02 3.78190994597128e+02 5.94201748824162e+22 4.91752704174089e+21 1.44457118224434e+20 6.95478535246855e+17 6.38176547565743e+15 5.03781051856576e+21 3.07741231523472e+16 8.18051937795765e+09 1.10980741514752e+15 1.23075757464885e+18 5.17268914893921e+16 0.00000000000000e+00 0.00000000000000e+00 0.00000000000000e+00 0.00000000000000e+00 0.00000000000000e+00 0.00000000000000e+00 0.00000000000000e+00 
6.94799599040117e+02 4.17590598797235e+02 3.78190994597181e+02 5.94201748824113e+22 4.91752704174294e+21 1.44457118224841e+20 6.95478535248507e+17 6.38176547569213e+15 5.03781051856125e+21 3.07741231523285e+16 8.18051937795166e+09 1.10980741508619e+15 1.23075757463139e+18 5.17268914891916e+16 0.00000000000000e+00 0.00000000000000e+00 0.00000000000000e+00 0.00000000000000e+00 0.00000000000000e+00 0.00000000000000e+00 0.00000000000000e+00 
7.94799599040117e+02 4.17590598797254e+02 3.78190994597158e+02 5.94201748824132e+22 4.91752704174155e+21 1.44457118224601e+20 6.95478535247034e+17 6.38176547567103e+15 5.03781051856395e+21 3.07741231523416e+16 8.18051937795552e+09 1.10980741512331e+15 1.23075757464189e+18 5.17268914893181e+16 0.00000000000000e+00 0.00000000000000e+00 0.00000000000000e+00 0.00000000000000e+00 0.00000000000000e+00 0.00000000000000e+00 0.00000000000000e+00 
8.94799599040117e+02 4.17590598797251e+02 3.78190994597170e+02 5.94201748824156e+22 4.91752704174236e+21 1.44457118224709e+20 6.95478535247805e+17 6.38176547568072e+15 5.03781051856291e+21 3.07741231523352e+16 8.18051937795367e+09 1.10980741510674e+15 1.23075757463727e+18 5.17268914892650e+16 0.00000000000000e+00 0.00000000000000e+00 0.00000000000000e+00 0.00000000000000e+00 0.00000000000000e+00 0.00000000000000e+00 0.00000000000000e+00 
1.00000000000000e+03 4.17590598797246e+02 3.78190994597168e+02 5.94201748824108e+22 4.91752704174187e+21 1.44457118224666e+20 6.95478535247514e+17 6.38176547567716e+15 5.03781051856302e+21 3.07741231523374e+16 8.18051937795429e+09 1.10980741511223e+15 1.23075757463873e+18 5.17268914892791e+16 0.00000000000000e+00 0.00000000000000e+00 0.00000000000000e+00 0.00000000000000e+00 0.00000000000000e+00 0.00000000000000e+00 0.00000000000000e+00 
