Time(s)              GasTemp(K)           NearWallTemp(K)      [O2(X)](m^-3)        [O2(a1Dg)](m^-3)     [O2(b1Sg+)](m^-3)    [O2(A3Su+_C3Du_c1Su-)](m^-3) [O2(+,X)](m^-3)      [O(3P)](m^-3)        [O(1D)](m^-3)        [O(+,gnd)](m^-3)     [O(-,gnd)](m^-3)     [O3(X)](m^-3)        [O3(exc)](m^-3)      [CO2(X)](m^-3)       [CO2(e1)](m^-3)      [CO2(+,X)](m^-3)     [CO(X)](m^-3)        [CO(a3P)](m^-3)      [CO(+,X)](m^-3)      [C(X)](m^-3)        
0.00000000000000e+00 4.80362480000000e+02 3.80145616000000e+02 5.88781221499743e+22 5.88781221499743e-03 5.88781221499743e-03 5.88781221499743e-03 0.00000000000000e+00 0.00000000000000e+00 0.00000000000000e+00 0.00000000000000e+00 0.00000000000000e+00 0.00000000000000e+00 0.00000000000000e+00 0.00000000000000e+00 0.00000000000000e+00 0.00000000000000e+00 0.00000000000000e+00 0.00000000000000e+00 0.00000000000000e+00 0.00000000000000e+00 
4.51157863696599e-17 4.80362479999997e+02 4.09853489844440e+02 5.88781221499743e+22 1.22918713227225e+07 2.91527477594022e+06 3.71111768348775e+06 1.17032121697377e+02 9.15372118647849e+06 1.20165281896079e+06 1.55190521068669e-03 4.81822081236047e+05 1.08016877636892e-06 2.05962015045016e-10 0.00000000000000e+00 0.00000000000000e+00 0.00000000000000e+00 0.00000000000000e+00 0.00000000000000e+00 0.00000000000000e+00 0.00000000000000e+00 
9.02315727393198e-17 4.80362479999994e+02 4.09853489844437e+02 5.88781221499743e+22 2.45837426395617e+07 5.83054954608442e+06 7.42223536108536e+06 2.34064243394754e+02 1.83074423730766e+07 2.40330563780195e+06 3.10381042131257e-03 9.63644162470844e+05 3.40914027309409e-06 6.50040452549830e-10 0.00000000000000e+00 0.00000000000000e+00 0.00000000000000e+00 0.00000000000000e+00 0.00000000000000e+00 0.00000000000000e+00 0.00000000000000e+00 
1.35347359108980e-16 4.80362479999991e+02 4.09853489844435e+02 5.88781221499743e+22 3.68756139564057e+07 8.74582431632232e+06 1.11333530386806e+07 3.51096365092130e+02 2.74611635597969e+07 3.60495845652095e+06 4.65571563187635e-03 1.44546624370436e+06 7.01324130843236e-06 1.33725519890684e-09 0.00000000000000e+00 0.00000000000000e+00 0.00000000000000e+00 0.00000000000000e+00 0.00000000000000e+00 0.00000000000000e+00 0.00000000000000e+00 
3.32189518588707e-16 4.80362479999977e+02 4.09853489844433e+02 5.88781221499741e+22 9.05055889330574e+07 2.14652963121041e+07 2.73251226280349e+07 8.61712657461525e+02 6.73992515489104e+07 8.84782253481267e+06 1.14267462955480e-02 3.54767716777628e+06 3.66607335414067e-05 6.99031366086354e-09 0.00000000000000e+00 0.00000000000000e+00 0.00000000000000e+00 0.00000000000000e+00 0.00000000000000e+00 0.00000000000000e+00 0.00000000000000e+00 
5.29031678068435e-16 4.80362479999964e+02 4.09853489844424e+02 5.88781221499740e+22 1.44135563909797e+08 3.41847683096373e+07 4.35168922173448e+07 1.37232894983091e+03 1.07337339540307e+08 1.40906866108213e+07 1.81977769580591e-02 5.64988809182433e+06 9.01394840078168e-05 1.71874156785461e-08 0.00000000000000e+00 0.00000000000000e+00 0.00000000000000e+00 0.00000000000000e+00 0.00000000000000e+00 0.00000000000000e+00 0.00000000000000e+00 
7.25873837548162e-16 4.80362479999951e+02 4.09853489844415e+02 5.88781221499739e+22 1.97765538886627e+08 4.69042403089497e+07 5.97086618066095e+07 1.88294524220027e+03 1.47275427534022e+08 1.93335506845109e+07 2.49688076193914e-02 7.75209901584815e+06 1.67825859012273e-04 3.20003251878518e-08 0.00000000000000e+00 0.00000000000000e+00 0.00000000000000e+00 0.00000000000000e+00 0.00000000000000e+00 0.00000000000000e+00 0.00000000000000e+00 
9.22715997027890e-16 4.80362479999938e+02 4.09853489844406e+02 5.88781221499738e+22 2.51395513863547e+08 5.96237123100510e+07 7.59004313958288e+07 2.39356153456963e+03 1.87213515530070e+08 2.45764147558686e+07 3.17398382795383e-02 9.85430993984759e+06 2.69852685694591e-04 5.14543691064959e-08 0.00000000000000e+00 0.00000000000000e+00 0.00000000000000e+00 0.00000000000000e+00 0.00000000000000e+00 0.00000000000000e+00 0.00000000000000e+00 
1.50691169066230e-15 4.80362479999898e+02 4.09853489844397e+02 5.88781221499735e+22 4.10560605905576e+08 9.73730480725862e+07 1.23954984807005e+08 3.90898810726200e+03 3.05743301444106e+08 4.01363873663463e+07 5.18351621786661e-02 1.60933319670871e+07 7.16143091210512e-04 1.36551136617944e-07 0.00000000000000e+00 0.00000000000000e+00 0.00000000000000e+00 0.00000000000000e+00 0.00000000000000e+00 0.00000000000000e+00 0.00000000000000e+00 
2.09110738429671e-15 4.80362479999859e+02 4.09853489844369e+02 5.88781221499732e+22 5.69725697948401e+08 1.35122383850895e+08 1.72009538217781e+08 5.42441467995426e+03 4.24273087378702e+08 5.56963599562635e+07 7.19304860673425e-02 2.23323539941117e+07 1.37705017416907e-03 2.62570104750805e-07 0.00000000000000e+00 0.00000000000000e+00 0.00000000000000e+00 0.00000000000000e+00 0.00000000000000e+00 0.00000000000000e+00 0.00000000000000e+00 
2.67530307793112e-15 4.80362479999819e+02 4.09853489844342e+02 5.88781221499729e+22 7.28890789992022e+08 1.72871719644977e+08 2.20064091628157e+08 6.93984125264640e+03 5.42802873333858e+08 7.12563325256196e+07 9.20258099455671e-02 2.85713760209215e+07 2.25258060835132e-03 4.29512546041661e-07 0.00000000000000e+00 0.00000000000000e+00 0.00000000000000e+00 0.00000000000000e+00 0.00000000000000e+00 0.00000000000000e+00 0.00000000000000e+00 
3.25949877156553e-15 4.80362479999780e+02 4.09853489844314e+02 5.88781221499725e+22 8.88055882036438e+08 2.10621055454833e+08 2.68118645038133e+08 8.45526782533841e+03 6.61332659309575e+08 8.68163050744146e+07 1.12121133813340e-01 3.48103980475163e+07 3.34273287798492e-03 6.37378171477929e-07 0.00000000000000e+00 0.00000000000000e+00 0.00000000000000e+00 0.00000000000000e+00 0.00000000000000e+00 0.00000000000000e+00 0.00000000000000e+00 
9.10145570790964e-15 4.80362479999385e+02 4.09853489844287e+02 5.88781221499694e+22 2.47970680252437e+09 5.88114414420940e+08 7.48664179115878e+08 2.36095335522519e+04 1.84663052019753e+09 2.42416029431524e+08 3.13074371916232e-01 9.72006183016462e+07 2.60483276372831e-02 4.96678498129715e-06 0.00000000000000e+00 0.00000000000000e+00 0.00000000000000e+00 0.00000000000000e+00 0.00000000000000e+00 0.00000000000000e+00 0.00000000000000e+00 
1.49434126442538e-14 4.80362479998991e+02 4.09853489844015e+02 5.88781221499662e+22 4.07135772309187e+09 9.65607774964406e+08 1.22920971315360e+09 3.87637992791533e+04 3.03192838314148e+09 3.98015751732553e+08 5.14027608973964e-01 1.59590838534288e+08 7.02159141228601e-02 1.33884736401140e-05 0.00000000000000e+00 0.00000000000000e+00 0.00000000000000e+00 0.00000000000000e+00 0.00000000000000e+00 0.00000000000000e+00 0.00000000000000e+00 
2.07853695805979e-14 4.80362479998596e+02 4.09853489843742e+02 5.88781221499631e+22 5.66300864373895e+09 1.34310113708523e+09 1.70975524715130e+09 5.39180650060427e+04 4.21722624814141e+09 5.53615471977504e+08 7.14980844986536e-01 2.21981058745441e+08 1.35845473753070e-01 2.59024406129370e-05 0.00000000000000e+00 0.00000000000000e+00 0.00000000000000e+00 0.00000000000000e+00 0.00000000000000e+00 0.00000000000000e+00 0.00000000000000e+00 
2.66273265169420e-14 4.80362479998202e+02 4.09853489843469e+02 5.88781221499599e+22 7.25465956446560e+09 1.72059450078341e+09 2.19030078110897e+09 6.90723307329200e+04 5.40252411519733e+09 7.09215190166378e+08 9.15934079953948e-01 2.84371278935105e+08 2.22937003525952e-01 4.25086853358260e-05 0.00000000000000e+00 0.00000000000000e+00 0.00000000000000e+00 0.00000000000000e+00 0.00000000000000e+00 0.00000000000000e+00 0.00000000000000e+00 
8.50468958803831e-14 4.80362479994257e+02 4.09853489843197e+02 5.88781221499284e+22 2.31711687761087e+10 5.49552822451989e+09 6.99575611848447e+09 2.20614988001029e+05 1.72555028988359e+10 2.26521225897084e+09 2.92546637214431e+00 9.08273479649887e+08 2.27426071945341e+00 4.33646423387276e-04 0.00000000000000e+00 0.00000000000000e+00 0.00000000000000e+00 0.00000000000000e+00 0.00000000000000e+00 0.00000000000000e+00 0.00000000000000e+00 
1.43466465243824e-13 4.80362479990312e+02 4.09853489840469e+02 5.88781221498969e+22 3.90876779957092e+10 9.27046210599210e+09 1.18012114518577e+10 3.72157645267930e+05 2.91084818880732e+10 3.82120912216756e+09 4.93499855981873e+00 1.53217567821582e+09 6.47178153884203e+00 1.23401196311821e-03 0.00000000000000e+00 0.00000000000000e+00 0.00000000000000e+00 0.00000000000000e+00 0.00000000000000e+00 0.00000000000000e+00 0.00000000000000e+00 
2.01886034607265e-13 4.80362479986367e+02 4.09853489837742e+02 5.88781221498654e+22 5.50041872232672e+10 1.30453961452000e+10 1.66066667812286e+10 5.23700302533623e+05 4.09614610829093e+10 5.37720577975655e+09 6.94453064297723e+00 2.15607787463292e+09 1.28154994657423e+01 2.44360531337924e-03 0.00000000000000e+00 0.00000000000000e+00 0.00000000000000e+00 0.00000000000000e+00 0.00000000000000e+00 0.00000000000000e+00 0.00000000000000e+00 
2.60305603970706e-13 4.80362479982422e+02 4.09853489835015e+02 5.88781221498339e+22 7.09206964587826e+10 1.68203303421437e+10 2.14121221065972e+10 6.75242959798109e+05 5.28144404833442e+10 6.93320223173784e+09 8.95406262161980e+00 2.77998006890117e+09 2.13054144949597e+01 4.06242648164084e-03 0.00000000000000e+00 0.00000000000000e+00 0.00000000000000e+00 0.00000000000000e+00 0.00000000000000e+00 0.00000000000000e+00 0.00000000000000e+00 
8.44501297605117e-13 4.80362479942972e+02 4.09853489832288e+02 5.88781221495187e+22 2.30085789251595e+11 5.45696809870359e+10 6.94666751401569e+10 2.19066953237655e+06 1.71344245795613e+11 2.24931554431372e+10 2.90493766596717e+01 9.01900189339729e+09 2.24245402776566e+02 4.27581707126167e-02 0.00000000000000e+00 0.00000000000000e+00 0.00000000000000e+00 0.00000000000000e+00 0.00000000000000e+00 0.00000000000000e+00 0.00000000000000e+00 
1.42869699123953e-12 4.80362479903522e+02 4.09853489805018e+02 5.88781221492036e+22 3.89250882840149e+11 9.23190474054744e+10 1.17521227773487e+11 3.70609610483422e+06 2.89874071667723e+11 3.80530880937978e+10 4.91446802461376e+01 1.52580235030091e+10 6.41805093002558e+02 1.22376704829208e-01 0.00000000000000e+00 0.00000000000000e+00 0.00000000000000e+00 0.00000000000000e+00 0.00000000000000e+00 0.00000000000000e+00 0.00000000000000e+00 
2.01289268487394e-12 4.80362479864072e+02 4.09853489777747e+02 5.88781221488885e+22 5.48415977224444e+11 1.30068429597439e+11 1.65575780006587e+11 5.22152267717113e+06 4.08403918099649e+11 5.36130001837455e+10 6.92399733810231e+01 2.14970448977365e+10 1.27398447827657e+03 2.42918035594727e-01 0.00000000000000e+00 0.00000000000000e+00 0.00000000000000e+00 0.00000000000000e+00 0.00000000000000e+00 0.00000000000000e+00 0.00000000000000e+00 
2.59708837850835e-12 4.80362479824622e+02 4.09853489750476e+02 5.88781221485733e+22 7.07581072404480e+11 1.67817827562909e+11 2.13630331839458e+11 6.73694924938727e+06 5.26933785091363e+11 6.91728917130074e+10 8.93352560643338e+01 2.77360660775797e+10 2.12078355137984e+03 4.04382170093632e-01 0.00000000000000e+00 0.00000000000000e+00 0.00000000000000e+00 0.00000000000000e+00 0.00000000000000e+00 0.00000000000000e+00 0.00000000000000e+00 
8.43904531485246e-12 4.80362479430122e+02 4.09853489723206e+02 5.88781221454220e+22 2.29923206797034e+12 5.45312674752891e+11 6.94175828155534e+11 2.18912149649063e+07 1.71223358578706e+12 2.24770676177732e+11 2.90287508062896e+02 9.01262660573751e+10 2.23928545014873e+04 4.26978028376702e+00 0.00000000000000e+00 0.00000000000000e+00 0.00000000000000e+00 0.00000000000000e+00 0.00000000000000e+00 0.00000000000000e+00 0.00000000000000e+00 
1.42810022511966e-11 4.80362479035622e+02 4.09853489450499e+02 5.88781221422706e+22 3.89088314310952e+12 9.22809099269664e+11 1.17472128444865e+12 3.70454806683479e+07 2.89753544243063e+12 3.80366404604887e+11 4.91238714910510e+02 1.52516444548745e+11 6.41268859889308e+04 1.22274668641775e+01 0.00000000000000e+00 0.00000000000000e+00 0.00000000000000e+00 0.00000000000000e+00 0.00000000000000e+00 0.00000000000000e+00 0.00000000000000e+00 
2.01229591875407e-11 4.80362478641121e+02 4.09853489177793e+02 5.88781221391193e+22 5.48253429782140e+12 1.30030710109337e+12 1.65526670071880e+12 5.21997463597113e+07 4.08283935499614e+12 5.35960077020385e+11 6.92188876612633e+02 2.14906601551694e+11 1.27322871122331e+05 2.42774486754225e+01 0.00000000000000e+00 0.00000000000000e+00 0.00000000000000e+00 0.00000000000000e+00 0.00000000000000e+00 0.00000000000000e+00 0.00000000000000e+00 
2.59649161238848e-11 4.80362478246622e+02 4.09853488905086e+02 5.88781221359679e+22 7.07418553210532e+12 1.67780668020322e+12 2.13581207696599e+12 6.73540120389955e+07 5.26814532345645e+12 6.91551693451366e+11 8.93137993174981e+02 2.77296737066229e+11 2.11980802683897e+05 4.04197328018967e+01 0.00000000000000e+00 0.00000000000000e+00 0.00000000000000e+00 0.00000000000000e+00 0.00000000000000e+00 0.00000000000000e+00 0.00000000000000e+00 
8.43844854873259e-11 4.80362474301627e+02 4.09853488632380e+02 5.88781221044543e+22 2.29907022511712e+13 5.45288921451522e+12 6.94126363817644e+12 2.18896668167182e+08 1.71213180724549e+13 2.24735478843137e+12 2.90257167817881e+03 9.01196910350935e+11 2.23896456030989e+06 4.26921764462990e+02 0.00000000000000e+00 0.00000000000000e+00 0.00000000000000e+00 0.00000000000000e+00 0.00000000000000e+00 0.00000000000000e+00 0.00000000000000e+00 
1.42804054850767e-10 4.80362470356640e+02 4.09853485905319e+02 5.88781220729405e+22 3.89072269266968e+13 9.22812945368429e+12 1.17467111970949e+13 3.70439323086493e+08 2.89746963799311e+13 3.80295231596125e+12 4.91190085573457e+03 1.52509493480097e+12 6.41213471517055e+06 1.22266211985931e+03 0.00000000000000e+00 0.00000000000000e+00 0.00000000000000e+00 0.00000000000000e+00 0.00000000000000e+00 0.00000000000000e+00 0.00000000000000e+00 
2.01223624214208e-10 4.80362466411662e+02 4.09853483178265e+02 5.88781220414265e+22 5.48237595580599e+13 1.30035273778589e+13 1.65521547537244e+13 5.21981976796126e+08 4.08282802199785e+13 5.35834430194636e+12 6.92112553129890e+03 2.14899081042199e+12 1.27314843759175e+07 2.42764756143363e+03 0.00000000000000e+00 0.00000000000000e+00 0.00000000000000e+00 0.00000000000000e+00 0.00000000000000e+00 0.00000000000000e+00 0.00000000000000e+00 
2.59643193577649e-10 4.80362462466693e+02 4.09853480451216e+02 5.88781220099124e+22 7.07403001446087e+13 1.67790829662499e+13 2.13575943080682e+13 6.73524629295236e+08 5.26820695654671e+13 6.91353077351569e+12 8.93024571058663e+03 2.77288453721991e+12 2.11970063248116e+07 4.04188517110181e+03 0.00000000000000e+00 0.00000000000000e+00 0.00000000000000e+00 0.00000000000000e+00 0.00000000000000e+00 0.00000000000000e+00 0.00000000000000e+00 
8.43838887212060e-10 4.80362423017454e+02 4.09853477724173e+02 5.88781216947620e+22 2.29906143309699e+14 5.45433028663964e+13 6.94117697269758e+13 2.18895108740255e+09 1.71231256011579e+14 2.24541020039531e+13 2.90157022752535e+04 9.01170362206998e+12 2.23889090181936e+08 4.26956907003953e+04 0.00000000000000e+00 0.00000000000000e+00 0.00000000000000e+00 0.00000000000000e+00 0.00000000000000e+00 0.00000000000000e+00 0.00000000000000e+00 
1.42803458084647e-09 4.80362383569048e+02 4.09853450454058e+02 5.88781213795953e+22 3.89072781249319e+14 9.23232654544820e+13 1.17465544921043e+14 3.70437742349447e+09 2.89800962029032e+14 3.79741527642505e+13 4.90907157390294e+04 1.52503078313710e+13 6.41190157512838e+08 1.22282793431459e+05 0.00000000000000e+00 0.00000000000000e+00 0.00000000000000e+00 0.00000000000000e+00 0.00000000000000e+00 0.00000000000000e+00 0.00000000000000e+00 
2.01223027448088e-09 4.80362344121475e+02 4.09853423184521e+02 5.88781210644123e+22 5.48240213342750e+14 1.30118950930671e+14 1.65518919893383e+14 5.21980363676609e+09 4.08391161778792e+14 5.34737088923277e+13 6.91552915525795e+04 2.14886971707729e+13 1.27309331730478e+09 2.42809939288090e+05 0.00000000000000e+00 0.00000000000000e+00 0.00000000000000e+00 0.00000000000000e+00 0.00000000000000e+00 0.00000000000000e+00 0.00000000000000e+00 
2.59642596811529e-09 4.80362304674732e+02 4.09853395915560e+02 5.88781207492129e+22 7.07408438940670e+14 1.67930338582979e+14 2.13571894647257e+14 6.73522972637439e+09 5.27001828231463e+14 6.89527974164176e+13 8.92094354217598e+04 2.77268716461926e+13 2.11959135232127e+09 4.04284185452060e+05 0.00000000000000e+00 0.00000000000000e+00 0.00000000000000e+00 0.00000000000000e+00 0.00000000000000e+00 0.00000000000000e+00 0.00000000000000e+00 
7.06103377290600e-09 4.80362003237629e+02 4.09853368647174e+02 5.88781183398238e+22 1.92384837267972e+15 4.57413255507600e+14 5.80794672124447e+14 1.83165898478233e+10 1.43413500304007e+15 1.86575805645530e+14 2.42125631668981e+05 7.53938741675720e+13 1.56747386908043e+10 2.99128674609498e+06 0.00000000000000e+00 0.00000000000000e+00 0.00000000000000e+00 0.00000000000000e+00 0.00000000000000e+00 0.00000000000000e+00 0.00000000000000e+00 
1.15256415776967e-08 4.80361701848579e+02 4.09853160272501e+02 5.88781159294928e+22 3.14033432545501e+15 7.47802872713764e+14 9.47994076494638e+14 2.98979423210190e+10 2.34244998266578e+15 3.03016955842042e+14 3.94435423624600e+05 1.23048330548451e+14 4.17596515826610e+10 7.97334192691013e+06 0.00000000000000e+00 0.00000000000000e+00 0.00000000000000e+00 0.00000000000000e+00 0.00000000000000e+00 0.00000000000000e+00 0.00000000000000e+00 
1.59902493824874e-08 4.80361400507149e+02 4.09852951931099e+02 5.88781135182294e+22 4.35686601151694e+15 1.03909007598941e+15 1.31517010921603e+15 4.14792867691873e+10 3.25193487294550e+15 4.18288141648864e+14 5.46141345846686e+05 1.70690243432307e+14 8.03711031519389e+10 1.53535544367006e+07 0.00000000000000e+00 0.00000000000000e+00 0.00000000000000e+00 0.00000000000000e+00 0.00000000000000e+00 0.00000000000000e+00 0.00000000000000e+00 
2.04548571872781e-08 4.80361099212910e+02 4.09852743622666e+02 5.88781111060428e+22 5.57344314820090e+15 1.33126584991575e+15 1.68232277174607e+15 5.30606228158883e+10 4.16257790864100e+15 5.32401127784910e+14 6.97245920629262e+05 2.18319615459579e+14 1.31505868640791e+11 2.51349951786668e+07 0.00000000000000e+00 0.00000000000000e+00 0.00000000000000e+00 0.00000000000000e+00 0.00000000000000e+00 0.00000000000000e+00 0.00000000000000e+00 
2.49194649920688e-08 4.80360797965436e+02 4.09852535346906e+02 5.88781086929423e+22 6.79006545587441e+15 1.62432127617724e+15 2.04945206554153e+15 6.46419500850041e+10 5.07436745123342e+15 6.45367552250502e+14 8.47751658193554e+05 2.65936449267787e+14 1.95160725302875e+11 3.73207019158630e+07 0.00000000000000e+00 0.00000000000000e+00 0.00000000000000e+00 0.00000000000000e+00 0.00000000000000e+00 0.00000000000000e+00 0.00000000000000e+00 
6.88119693980895e-08 4.80357838741151e+02 4.09852327103526e+02 5.88780849224551e+22 1.87532849029055e+16 4.55042831635154e+15 5.65753397615703e+15 1.78499883762559e+11 1.40970341211439e+16 1.69729069206247e+15 2.29604272526861e+06 7.33400615731459e+14 1.48688261963204e+12 2.85747848181734e+08 0.00000000000000e+00 0.00000000000000e+00 0.00000000000000e+00 0.00000000000000e+00 0.00000000000000e+00 0.00000000000000e+00 0.00000000000000e+00 
1.12704473804110e-07 4.80354883620602e+02 4.09850281482960e+02 5.88780610726549e+22 3.07205959631962e+16 7.55281087836325e+15 9.26335875946219e+15 2.92356576411567e+11 2.32191011000053e+16 2.64980769006701e+15 3.68901019562319e+06 1.19965567888083e+15 3.98533601131577e+12 7.69531679010808e+08 0.00000000000000e+00 0.00000000000000e+00 0.00000000000000e+00 0.00000000000000e+00 0.00000000000000e+00 0.00000000000000e+00 0.00000000000000e+00 
1.56596978210131e-07 4.80351932261224e+02 4.09848238704252e+02 5.88780371509652e+22 4.26917728541147e+16 1.06242735273281e+16 1.28669277979897e+16 4.06211673213799e+11 3.24311782287295e+16 3.51230822159035e+15 5.02887990289750e+06 1.66470411933080e+15 7.68746956167818e+12 1.49112225212014e+09 0.00000000000000e+00 0.00000000000000e+00 0.00000000000000e+00 0.00000000000000e+00 0.00000000000000e+00 0.00000000000000e+00 0.00000000000000e+00 
2.00489482616151e-07 4.80348984352835e+02 4.09846198530631e+02 5.88780131641073e+22 5.46666110440348e+16 1.37583015002154e+16 1.64682424739208e+16 5.20064820722658e+11 4.17247636222520e+16 4.29329369287900e+15 6.31778753310326e+06 2.12854840526756e+15 1.25902370337864e+13 2.45273853409586e+09 0.00000000000000e+00 0.00000000000000e+00 0.00000000000000e+00 0.00000000000000e+00 0.00000000000000e+00 0.00000000000000e+00 0.00000000000000e+00 
2.44381987022172e-07 4.80346039614384e+02 4.09844160747701e+02 5.88779891181714e+22 6.66449251177924e+16 1.69489923284532e+16 2.00673041688628e+16 6.33915666916866e+11 5.10921544374622e+16 5.00046647304174e+15 7.55778233521269e+06 2.59119099336659e+15 1.86905977847828e+13 3.65639102113200e+09 0.00000000000000e+00 0.00000000000000e+00 0.00000000000000e+00 0.00000000000000e+00 0.00000000000000e+00 0.00000000000000e+00 0.00000000000000e+00 
2.88274491428193e-07 4.80343097791244e+02 4.09842125161206e+02 5.88779650186747e+22 7.86265470041875e+16 2.01909990553885e+16 2.36641142635606e+16 7.47763861271799e+11 6.05263727723581e+16 5.64080399480537e+15 8.75083021002910e+06 3.05263432932995e+15 2.59855174038857e+13 5.10390027772727e+09 0.00000000000000e+00 0.00000000000000e+00 0.00000000000000e+00 0.00000000000000e+00 0.00000000000000e+00 0.00000000000000e+00 0.00000000000000e+00 
4.22699661860007e-07 4.80334103974444e+02 4.09840091595152e+02 5.88778909287654e+22 1.15340499633265e+17 3.03903599441438e+16 3.46657108946697e+16 1.09641515233697e+12 8.97715980296760e+16 7.24985739205099e+15 1.21320216698748e+07 4.45841546317457e+15 5.57265966802747e+13 1.10707267489914e+10 0.00000000000000e+00 0.00000000000000e+00 0.00000000000000e+00 0.00000000000000e+00 0.00000000000000e+00 0.00000000000000e+00 0.00000000000000e+00 
5.57124832291821e-07 4.80325129993488e+02 4.09833874557650e+02 5.88778164991526e+22 1.52080513594062e+17 4.09134149686489e+16 4.56462411361492e+16 1.44502836433441e+12 1.19437928707884e+17 8.43771534873794e+15 1.51400006150580e+07 5.85304047429487e+15 9.65570549805129e+13 1.93784891936737e+10 0.00000000000000e+00 0.00000000000000e+00 0.00000000000000e+00 0.00000000000000e+00 0.00000000000000e+00 0.00000000000000e+00 0.00000000000000e+00 
6.91550002723635e-07 4.80316171847360e+02 4.09827671281286e+02 5.88777418165004e+22 1.88843935414780e+17 5.16762150538258e+16 5.66057445164194e+16 1.79359368230958e+12 1.49415807533050e+17 9.31392237796957e+15 1.78186885444764e+07 7.23657820885159e+15 1.48390771709578e+14 3.00557367640970e+10 0.00000000000000e+00 0.00000000000000e+00 0.00000000000000e+00 0.00000000000000e+00 0.00000000000000e+00 0.00000000000000e+00 0.00000000000000e+00 
8.25975173155449e-07 4.80307226565245e+02 4.09821479000643e+02 5.88776669451412e+22 2.25628787761271e+17 6.26164660125400e+16 6.75442604979650e+16 2.14210141640002e+12 1.79623936843676e+17 9.95976367907062e+15 2.02068166451429e+07 8.60909701339927e+15 2.11142141363663e+14 4.31235781083840e+10 0.00000000000000e+00 0.00000000000000e+00 0.00000000000000e+00 0.00000000000000e+00 0.00000000000000e+00 0.00000000000000e+00 0.00000000000000e+00 
9.60400343587264e-07 4.80298291925011e+02 4.09815295662360e+02 5.88775919331784e+22 2.62433584689496e+17 7.36876109056144e+16 7.84618284760528e+16 2.49054200079531e+12 2.10001556103354e+17 1.04359875944670e+16 2.23385742604359e+07 9.97066481835038e+15 2.84726072409586e+14 5.85977303639681e+10 0.00000000000000e+00 0.00000000000000e+00 0.00000000000000e+00 0.00000000000000e+00 0.00000000000000e+00 0.00000000000000e+00 0.00000000000000e+00 
1.09482551401908e-06 4.80289366282576e+02 4.09809119730545e+02 5.88775168161846e+22 2.99257219667033e+17 8.48552432684225e+16 8.93584877776182e+16 2.83890599283280e+12 2.40503761180698e+17 1.07874863084702e+16 2.42441276239478e+07 1.13213491829799e+16 3.69057986301416e+14 7.64898013712149e+10 0.00000000000000e+00 0.00000000000000e+00 0.00000000000000e+00 0.00000000000000e+00 0.00000000000000e+00 0.00000000000000e+00 0.00000000000000e+00 
1.29935339230210e-06 4.80275800528248e+02 4.09802950068834e+02 5.88774023815198e+22 3.55318709594337e+17 1.01976509327292e+17 1.05897734111010e+17 3.36877388511532e+12 2.87079579956707e+17 1.11552798952286e+16 2.67686878679347e+07 1.33556895827275e+16 5.17796947923517e+14 1.08369547458792e+11 0.00000000000000e+00 0.00000000000000e+00 0.00000000000000e+00 0.00000000000000e+00 0.00000000000000e+00 0.00000000000000e+00 0.00000000000000e+00 
1.50388127058513e-06 4.80262250012158e+02 4.09793573124926e+02 5.88772878245274e+22 4.11419979154337e+17 1.19204496756081e+17 1.22388806486113e+17 3.89841063083910e+12 3.33791569476652e+17 1.13865126109011e+16 2.89106310424751e+07 1.53652261075875e+16 6.90928743593755e+14 1.45886291479421e+11 0.00000000000000e+00 0.00000000000000e+00 0.00000000000000e+00 0.00000000000000e+00 0.00000000000000e+00 0.00000000000000e+00 0.00000000000000e+00 
1.70840914886815e-06 4.80248712912645e+02 4.09784206831315e+02 5.88771731844597e+22 4.67559736540700e+17 1.36501447184984e+17 1.38831842492403e+17 4.42778458016547e+12 3.80590442893504e+17 1.15304318907083e+16 3.07360640357357e+07 1.73501924301891e+16 8.88162229785244e+14 1.89052480528710e+11 0.00000000000000e+00 0.00000000000000e+00 0.00000000000000e+00 0.00000000000000e+00 0.00000000000000e+00 0.00000000000000e+00 0.00000000000000e+00 
1.91293702715118e-06 4.80235187984227e+02 4.09774849928766e+02 5.88770584880775e+22 5.23737068417572e+17 1.53841711911822e+17 1.55226979339369e+17 4.95686471782251e+12 4.27442716901657e+17 1.16204825023881e+16 3.22998095210766e+07 1.93108206229725e+16 1.10920895131604e+15 2.37876129962634e+11 0.00000000000000e+00 0.00000000000000e+00 0.00000000000000e+00 0.00000000000000e+00 0.00000000000000e+00 0.00000000000000e+00 0.00000000000000e+00 
2.11746490543420e-06 4.80221674417713e+02 4.09765501556270e+02 5.88769437526819e+22 5.79951348125622e+17 1.71208811793314e+17 1.71574353856055e+17 5.48562065671038e+12 4.74326874904356e+17 1.16781433491534e+16 3.36472994022654e+07 2.12473411945604e+16 1.35378312452823e+15 2.92362232569683e+11 0.00000000000000e+00 0.00000000000000e+00 0.00000000000000e+00 0.00000000000000e+00 0.00000000000000e+00 0.00000000000000e+00 0.00000000000000e+00 
2.32199278371723e-06 4.80208171747533e+02 4.09756161154354e+02 5.88768289881236e+22 6.36202174865588e+17 1.88593489330792e+17 1.87874102490616e+17 6.01402263185378e+12 5.21230824987289e+17 1.17154694665274e+16 3.48160693037857e+07 2.31599830976714e+16 1.62160162078181e+15 3.52513641331270e+11 0.00000000000000e+00 0.00000000000000e+00 0.00000000000000e+00 0.00000000000000e+00 0.00000000000000e+00 0.00000000000000e+00 0.00000000000000e+00 
2.67946171653809e-06 4.80184597348467e+02 4.09746828401022e+02 5.88766283545570e+22 7.34602894448816e+17 2.19002464768381e+17 2.16248459588375e+17 6.93661390377912e+12 6.03232749412666e+17 1.17549735974074e+16 3.65207601072647e+07 2.64461953927188e+16 2.14466382249687e+15 4.71253326162623e+11 0.00000000000000e+00 0.00000000000000e+00 0.00000000000000e+00 0.00000000000000e+00 0.00000000000000e+00 0.00000000000000e+00 0.00000000000000e+00 
3.03693064935895e-06 4.80161054485082e+02 4.09730534567678e+02 5.88764276677716e+22 8.33113313007971e+17 2.49432774475502e+17 2.44478471980789e+17 7.85788401961041e+12 6.85252818380853e+17 1.17743779889809e+16 3.79002880941202e+07 2.96613610165732e+16 2.73639712788318e+15 6.07306695870874e+11 0.00000000000000e+00 0.00000000000000e+00 0.00000000000000e+00 0.00000000000000e+00 0.00000000000000e+00 0.00000000000000e+00 0.00000000000000e+00 
3.39439958217982e-06 4.80137542732748e+02 4.09714262887492e+02 5.88762269356375e+22 9.31732651092164e+17 2.79878285757264e+17 2.72564859747915e+17 8.77768741140943e+12 7.67282980202778e+17 1.17815532625565e+16 3.90456684486765e+07 3.28066674695414e+16 3.39534735682040e+15 7.60674001120340e+11 0.00000000000000e+00 0.00000000000000e+00 0.00000000000000e+00 0.00000000000000e+00 0.00000000000000e+00 0.00000000000000e+00 0.00000000000000e+00 
3.75186851500068e-06 4.80114061787206e+02 4.09698013065724e+02 5.88760261633967e+22 1.03046021154302e+18 3.10335383903331e+17 3.00508339418589e+17 9.69588400809063e+12 8.49318473091827e+17 1.17810863977034e+16 4.00226781671558e+07 3.58832875275087e+16 4.12008419572611e+15 9.31355084469752e+11 0.00000000000000e+00 0.00000000000000e+00 0.00000000000000e+00 0.00000000000000e+00 0.00000000000000e+00 0.00000000000000e+00 0.00000000000000e+00 
4.10933744782155e-06 4.80090611285504e+02 4.09681784890833e+02 5.88758253575457e+22 1.12929526194256e+18 3.40799207468268e+17 3.28309623982185e+17 1.06123391398014e+13 9.31352912097541e+17 1.17791935575942e+16 4.08795851375126e+07 3.88923791610633e+16 4.90920090897464e+15 1.11934892728937e+12 0.00000000000000e+00 0.00000000000000e+00 0.00000000000000e+00 0.00000000000000e+00 0.00000000000000e+00 0.00000000000000e+00 0.00000000000000e+00 
4.46680638064241e-06 4.80067190923674e+02 4.09665578110740e+02 5.88756245232851e+22 1.22823711180892e+18 3.71266122037835e+17 3.55969422908975e+17 1.15269234458954e+13 1.01338151727893e+18 1.17804918310611e+16 4.16511838445398e+07 4.18350856797287e+16 5.76131405605971e+15 1.32465304150974e+12 0.00000000000000e+00 0.00000000000000e+00 0.00000000000000e+00 0.00000000000000e+00 0.00000000000000e+00 0.00000000000000e+00 0.00000000000000e+00 
5.11661470423432e-06 4.80024694346126e+02 4.09649392514147e+02 5.88752593719208e+22 1.40836580735213e+18 4.26662668138646e+17 4.05889441064343e+17 1.31842707481159e+13 1.16248588887997e+18 1.17831062681972e+16 4.29037389083610e+07 4.70179842985036e+16 7.46723308452466e+15 1.74217902190313e+12 0.00000000000000e+00 0.00000000000000e+00 0.00000000000000e+00 0.00000000000000e+00 0.00000000000000e+00 0.00000000000000e+00 0.00000000000000e+00 
5.76642302782623e-06 4.79982296498560e+02 4.09620024423183e+02 5.88748941321637e+22 1.58884233273091e+18 4.82076681266813e+17 4.55348473170023e+17 1.48343281166800e+13 1.31158017084617e+18 1.17856691250371e+16 4.40472180516618e+07 5.19918945881365e+16 9.36886431046580e+15 2.21687810513570e+12 0.00000000000000e+00 0.00000000000000e+00 0.00000000000000e+00 0.00000000000000e+00 0.00000000000000e+00 0.00000000000000e+00 0.00000000000000e+00 
6.41623135141814e-06 4.79939996625899e+02 4.09590725722120e+02 5.88745288116196e+22 1.76966332159640e+18 5.37508536624060e+17 5.04350694397246e+17 1.64764440903431e+13 1.46066471722341e+18 1.17869868947762e+16 4.51338703066144e+07 5.67633263249538e+16 1.14584582006096e+16 2.74873344641162e+12 0.00000000000000e+00 0.00000000000000e+00 0.00000000000000e+00 0.00000000000000e+00 0.00000000000000e+00 0.00000000000000e+00 0.00000000000000e+00 
7.06603967501006e-06 4.79897793906098e+02 4.09561495881774e+02 5.88741634191677e+22 1.95082539857990e+18 5.92957063571979e+17 5.52900240940100e+17 1.81100215153493e+13 1.60973790168857e+18 1.17879056029272e+16 4.61880296634137e+07 6.13386282125707e+16 1.37285127404966e+16 3.33772766809624e+12 0.00000000000000e+00 0.00000000000000e+00 0.00000000000000e+00 0.00000000000000e+00 0.00000000000000e+00 0.00000000000000e+00 0.00000000000000e+00 
7.71584799860197e-06 4.79855687528757e+02 4.09532334326776e+02 5.88737979632703e+22 2.13232522935861e+18 6.48421202134139e+17 6.01001211366096e+17 1.97345140003266e+13 1.75879827652475e+18 1.17891476997064e+16 4.72226446448423e+07 6.57239942408107e+16 1.61717610618012e+16 3.98384239079962e+12 0.00000000000000e+00 0.00000000000000e+00 0.00000000000000e+00 0.00000000000000e+00 0.00000000000000e+00 0.00000000000000e+00 0.00000000000000e+00 
9.09319505868591e-06 4.79766753031047e+02 4.09503240489889e+02 5.88730231587448e+22 2.51813791018209e+18 7.66034056471190e+17 7.01492264424191e+17 2.31456580158469e+13 2.07470509633613e+18 1.17921974902527e+16 4.93814084061789e+07 7.44183481992747e+16 2.18918123319990e+16 5.54212273394041e+12 0.00000000000000e+00 0.00000000000000e+00 0.00000000000000e+00 0.00000000000000e+00 0.00000000000000e+00 0.00000000000000e+00 0.00000000000000e+00 
1.04705421187698e-05 4.79678240639275e+02 4.09441794046105e+02 5.88722481698835e+22 2.90542269855010e+18 8.83711170241958e+17 8.00024283278138e+17 2.65097422411110e+13 2.39054672564996e+18 1.17956974073154e+16 5.15288829810617e+07 8.23416211542726e+16 2.82949144488588e+16 7.35675173504292e+12 0.00000000000000e+00 0.00000000000000e+00 0.00000000000000e+00 0.00000000000000e+00 0.00000000000000e+00 0.00000000000000e+00 0.00000000000000e+00 
1.18478891788538e-05 4.79590143204741e+02 4.09380644324678e+02 5.88714730588946e+22 3.29414957462862e+18 1.00144876263641e+18 8.96634727895461e+17 2.98234722945992e+13 2.70631887504485e+18 1.17990846087172e+16 5.36760004759275e+07 8.95464296833701e+16 3.53212367438279e+16 9.42752323642320e+12 0.00000000000000e+00 0.00000000000000e+00 0.00000000000000e+00 0.00000000000000e+00 0.00000000000000e+00 0.00000000000000e+00 0.00000000000000e+00 
1.32252362389377e-05 4.79502453695105e+02 4.09319786320407e+02 5.88706978829836e+22 3.68428921951999e+18 1.11924281768203e+18 9.91360319162434e+17 3.30843519492494e+13 3.02201746830998e+18 1.18024463855585e+16 5.58219797928577e+07 9.60824408028759e+16 4.29151606065517e+16 1.17542181007845e+13 0.00000000000000e+00 0.00000000000000e+00 0.00000000000000e+00 0.00000000000000e+00 0.00000000000000e+00 0.00000000000000e+00 0.00000000000000e+00 
1.46025832990217e-05 4.79415165208573e+02 4.09259215110063e+02 5.88699226944320e+22 4.07581298579829e+18 1.23708948252858e+18 1.08423707173919e+18 3.62905738791572e+13 3.33763908764501e+18 1.18059626523255e+16 5.79669625584529e+07 1.01996549774690e+17 5.10249378214580e+16 1.43366050635854e+13 0.00000000000000e+00 0.00000000000000e+00 0.00000000000000e+00 0.00000000000000e+00 0.00000000000000e+00 0.00000000000000e+00 0.00000000000000e+00 
1.85004235585363e-05 4.79170257463881e+02 4.09198925862173e+02 5.88677292491471e+22 5.19107271589175e+18 1.57084759864542e+18 1.33735764668377e+18 4.50619879477235e+13 4.23040238406906e+18 1.18164735962228e+16 6.40454036116494e+07 1.15727862069298e+17 7.63799346009725e+16 2.30281300877927e+13 0.00000000000000e+00 0.00000000000000e+00 0.00000000000000e+00 0.00000000000000e+00 0.00000000000000e+00 0.00000000000000e+00 0.00000000000000e+00 
2.23982638180510e-05 4.78928360139695e+02 4.09029797079186e+02 5.88655369651640e+22 6.31658859450712e+18 1.90492861270437e+18 1.57672219415028e+18 5.33809084568216e+13 5.12249618869707e+18 1.18277921792562e+16 7.01423947773050e+07 1.25715170507788e+17 1.04547875566551e+17 3.37594528528042e+13 0.00000000000000e+00 0.00000000000000e+00 0.00000000000000e+00 0.00000000000000e+00 0.00000000000000e+00 0.00000000000000e+00 0.00000000000000e+00 
2.62961040775656e-05 4.78689332547643e+02 4.08862785586749e+02 5.88633465412885e+22 7.45178598012734e+18 2.23926991112726e+18 1.80306489384493e+18 6.12597616860706e+13 6.01390982151745e+18 1.18396667877870e+16 7.62627706664441e+07 1.32720873037631e+17 1.34747783269746e+17 4.65240410144931e+13 0.00000000000000e+00 0.00000000000000e+00 0.00000000000000e+00 0.00000000000000e+00 0.00000000000000e+00 0.00000000000000e+00 0.00000000000000e+00 
3.01939443370803e-05 4.78453041700760e+02 4.08697792944647e+02 5.88611584795774e+22 8.59612564632449e+18 2.57381707526680e+18 2.01707934931366e+18 6.87267979896537e+13 6.90465393920681e+18 1.18521097366304e+16 8.24072934560911e+07 1.37371923016274e+17 1.66365761593922e+17 6.13147596595185e+13 0.00000000000000e+00 0.00000000000000e+00 0.00000000000000e+00 0.00000000000000e+00 0.00000000000000e+00 0.00000000000000e+00 0.00000000000000e+00 
3.40917845965949e-05 4.78219361737595e+02 4.08534726117091e+02 5.88589731322582e+22 9.74909997999997e+18 2.90852183770936e+18 2.21942170503205e+18 7.58179871566397e+13 7.79475230415213e+18 1.18651066501014e+16 8.85755375071183e+07 1.40181039171170e+17 1.98921310914103e+17 7.81239336279548e+13 0.00000000000000e+00 0.00000000000000e+00 0.00000000000000e+00 0.00000000000000e+00 0.00000000000000e+00 0.00000000000000e+00 0.00000000000000e+00 
4.02273705656918e-05 4.77856529401841e+02 4.08373497070069e+02 5.88555392520590e+22 1.15803378728383e+19 3.43559416833226e+18 2.51577433030926e+18 8.63087285810043e+13 9.19461996504232e+18 1.18865331685278e+16 9.83305524726141e+07 1.41868437541091e+17 2.51169860292755e+17 1.08652674376850e+14 0.00000000000000e+00 0.00000000000000e+00 0.00000000000000e+00 0.00000000000000e+00 0.00000000000000e+00 0.00000000000000e+00 0.00000000000000e+00 
4.63629565347887e-05 4.77499437554855e+02 4.08123229532632e+02 5.88521132088943e+22 1.34300487637508e+19 3.96279490150844e+18 2.78700209061471e+18 9.61055641845528e+13 1.05930988861503e+19 1.19089873506090e+16 1.08134060468920e+08 1.41260072885497e+17 3.03766036738171e+17 1.44128102631569e+14 0.00000000000000e+00 0.00000000000000e+00 0.00000000000000e+00 0.00000000000000e+00 0.00000000000000e+00 0.00000000000000e+00 0.00000000000000e+00 
5.24985425038855e-05 4.77147687384309e+02 4.07877006120513e+02 5.88486951705697e+22 1.52966398714459e+19 4.48998472397009e+18 3.03518058324921e+18 1.05334171646316e+14 1.19903230784330e+19 1.19323305372503e+16 1.17975489286621e+08 1.39213390020752e+17 3.56038482413150e+17 1.84513058350196e+14 0.00000000000000e+00 0.00000000000000e+00 0.00000000000000e+00 0.00000000000000e+00 0.00000000000000e+00 0.00000000000000e+00 0.00000000000000e+00 
5.86341284729824e-05 4.76800912220375e+02 4.07634548107359e+02 5.88452851046206e+22 1.71786483536600e+19 5.01703446622250e+18 3.26221675696959e+18 1.14095638748786e+14 1.33864118616388e+19 1.19564337766566e+16 1.27845958595399e+08 1.36317407711490e+17 4.07562785551222e+17 2.29767555334107e+14 0.00000000000000e+00 0.00000000000000e+00 0.00000000000000e+00 0.00000000000000e+00 0.00000000000000e+00 0.00000000000000e+00 0.00000000000000e+00 
6.47697144420793e-05 4.76458774937433e+02 4.07395599315809e+02 5.88418828551379e+22 1.90747303630912e+19 5.54382394215640e+18 3.46986258131811e+18 1.22470000987113e+14 1.47814695294750e+19 1.19811779365390e+16 1.37738207497732e+08 1.32970313813074e+17 4.58083463655892e+17 2.79848779142364e+14 0.00000000000000e+00 0.00000000000000e+00 0.00000000000000e+00 0.00000000000000e+00 0.00000000000000e+00 0.00000000000000e+00 0.00000000000000e+00 
7.09053004111762e-05 4.76120965795686e+02 4.07159924284225e+02 5.88384881858716e+22 2.09836524592531e+19 6.07024167401971e+18 3.65972638975961e+18 1.30521370418329e+14 1.61755879157646e+19 1.20064621095649e+16 1.47646367680345e+08 1.29432113184175e+17 5.07465163470477e+17 3.34711083624385e+14 0.00000000000000e+00 0.00000000000000e+00 0.00000000000000e+00 0.00000000000000e+00 0.00000000000000e+00 0.00000000000000e+00 0.00000000000000e+00 
8.04139414800591e-05 4.75605337775653e+02 4.06927306739943e+02 5.88332416302675e+22 2.39647570025683e+19 6.88508323117624e+18 3.92225251240101e+18 1.42475678753359e+14 1.83344490050905e+19 1.20465096107224e+16 1.63019459905570e+08 1.23937640519459e+17 5.81616204843795e+17 4.29066121470800e+14 0.00000000000000e+00 0.00000000000000e+00 0.00000000000000e+00 0.00000000000000e+00 0.00000000000000e+00 0.00000000000000e+00 0.00000000000000e+00 
8.99225825489420e-05 4.75098476216650e+02 4.06572388107923e+02 5.88280115373887e+22 2.69702230384027e+19 7.69843145237569e+18 4.15051377876162e+18 1.53912405601758e+14 2.04914781372530e+19 1.20873614158730e+16 1.78404956246415e+08 1.18663152307559e+17 6.52916124728044e+17 5.34593472598481e+14 0.00000000000000e+00 0.00000000000000e+00 0.00000000000000e+00 0.00000000000000e+00 0.00000000000000e+00 0.00000000000000e+00 0.00000000000000e+00 
9.94312236178249e-05 4.74599548056620e+02 4.06223676111995e+02 5.88227968591093e+22 2.99967446676791e+19 8.50997343758414e+18 4.34881980890522e+18 1.64930230871260e+14 2.26468666820327e+19 1.21287870158713e+16 1.93795683413593e+08 1.13718529533126e+17 7.21502929387850e+17 6.51084189575065e+14 0.00000000000000e+00 0.00000000000000e+00 0.00000000000000e+00 0.00000000000000e+00 0.00000000000000e+00 0.00000000000000e+00 0.00000000000000e+00 
1.08939864686708e-04 4.74107822151959e+02 4.05880589566494e+02 5.88175966566397e+22 3.30414264534150e+19 9.31943238689333e+18 4.52094611735762e+18 1.75601854318726e+14 2.48007703444858e+19 1.21706011459372e+16 2.09185764944983e+08 1.09142453766028e+17 7.87535735213911e+17 7.78314393460062e+14 0.00000000000000e+00 0.00000000000000e+00 0.00000000000000e+00 0.00000000000000e+00 0.00000000000000e+00 0.00000000000000e+00 0.00000000000000e+00 
1.18448505755591e-04 4.73622656847746e+02 4.05542618523577e+02 5.88124100983294e+22 3.61017333294877e+19 1.01265641562246e+19 4.67019935455029e+18 1.85980874548285e+14 2.69533163327816e+19 1.22126549969368e+16 2.24570539315943e+08 1.04930957479168e+17 8.51176520744028e+17 9.16045949209114e+14 0.00000000000000e+00 0.00000000000000e+00 0.00000000000000e+00 0.00000000000000e+00 0.00000000000000e+00 0.00000000000000e+00 0.00000000000000e+00 
1.27957146824474e-04 4.73143489492317e+02 4.05209315536334e+02 5.88072364421240e+22 3.91754488349046e+19 1.09311547544110e+19 4.79947231765412e+18 1.96107560249503e+14 2.91046112242816e+19 1.22548274352166e+16 2.39948178937032e+08 1.01051697298080e+17 9.12587279576458e+17 1.06402720900784e+15 0.00000000000000e+00 0.00000000000000e+00 0.00000000000000e+00 0.00000000000000e+00 0.00000000000000e+00 0.00000000000000e+00 0.00000000000000e+00 
1.46203761886437e-04 4.72239022744514e+02 4.04880288288778e+02 5.87973422640251e+22 4.51043778058001e+19 1.24673388591488e+19 5.00063651149488e+18 2.14940301119748e+14 3.32296534445094e+19 1.23357801637284e+16 2.69428824086455e+08 9.43887039754110e+16 1.02471018516659e+18 1.37572616551342e+15 0.00000000000000e+00 0.00000000000000e+00 0.00000000000000e+00 0.00000000000000e+00 0.00000000000000e+00 0.00000000000000e+00 0.00000000000000e+00 
1.64450376948400e-04 4.71351974863467e+02 4.04259644596242e+02 5.87874893162151e+22 5.10644308464727e+19 1.39924279996001e+19 5.15209362881780e+18 2.33133089140976e+14 3.73509840211498e+19 1.24163895954735e+16 2.98884624379849e+08 8.85897832414375e+16 1.13004650119902e+18 1.72220087641062e+15 0.00000000000000e+00 0.00000000000000e+00 0.00000000000000e+00 0.00000000000000e+00 0.00000000000000e+00 0.00000000000000e+00 0.00000000000000e+00 
1.82696992010363e-04 4.70480106848036e+02 4.03651490867906e+02 5.87776745133207e+22 5.70469562827895e+19 1.55056255466797e+19 5.26519163930513e+18 2.50807835605872e+14 4.14690552183324e+19 1.24963851313157e+16 3.28296769898810e+08 8.34813943952552e+16 1.22929592345974e+18 2.10132791193737e+15 0.00000000000000e+00 0.00000000000000e+00 0.00000000000000e+00 0.00000000000000e+00 0.00000000000000e+00 0.00000000000000e+00 0.00000000000000e+00 
2.00943607072326e-04 4.69621665145814e+02 4.03054264743401e+02 5.87678953878485e+22 6.30452552149686e+19 1.70063423241185e+19 5.34873908242177e+18 2.68055850426322e+14 4.55842427330603e+19 1.25756251609911e+16 3.57668991371822e+08 7.89473761167998e+16 1.32300551530529e+18 2.51087155042979e+15 0.00000000000000e+00 0.00000000000000e+00 0.00000000000000e+00 0.00000000000000e+00 0.00000000000000e+00 0.00000000000000e+00 0.00000000000000e+00 
2.19190222134289e-04 4.68775272230609e+02 4.02466741541931e+02 5.87581498869849e+22 6.90541414923787e+19 1.84941574034600e+19 5.40957849398140e+18 2.84955269792566e+14 4.96968821326175e+19 1.26540573587514e+16 3.87005059608220e+08 7.49162387299154e+16 1.41163444434644e+18 2.94850824147503e+15 0.00000000000000e+00 0.00000000000000e+00 0.00000000000000e+00 0.00000000000000e+00 0.00000000000000e+00 0.00000000000000e+00 0.00000000000000e+00 
2.37436837196252e-04 4.67939849912150e+02 4.01887957907417e+02 5.87484363454571e+22 7.50696234197956e+19 1.99687759372829e+19 5.45298824867029e+18 3.01557584178476e+14 5.38072382896919e+19 1.27316843241149e+16 4.16293896950777e+08 7.12885057211298e+16 1.49557889202985e+18 3.41184985769716e+15 0.00000000000000e+00 0.00000000000000e+00 0.00000000000000e+00 0.00000000000000e+00 0.00000000000000e+00 0.00000000000000e+00 0.00000000000000e+00 
2.69433731092550e-04 4.66499051244574e+02 4.01317158254737e+02 5.87314761297543e+22 8.56259257552767e+19 2.25223174755799e+19 5.49800699017957e+18 3.30076198373956e+14 6.10102412471078e+19 1.28658948966310e+16 4.67557787260305e+08 6.57488608155931e+16 1.63239557183717e+18 4.27904154541500e+15 0.00000000000000e+00 0.00000000000000e+00 0.00000000000000e+00 0.00000000000000e+00 0.00000000000000e+00 0.00000000000000e+00 0.00000000000000e+00 
3.01430624988848e-04 4.65086107728620e+02 4.00333867043763e+02 5.87146040333439e+22 9.61816915564046e+19 2.50342528955404e+19 5.51716239704126e+18 3.57986868281429e+14 6.82079868270483e+19 1.29980165842429e+16 5.18689639960483e+08 6.10335196943614e+16 1.75722377720339e+18 5.20463052006087e+15 0.00000000000000e+00 0.00000000000000e+00 0.00000000000000e+00 0.00000000000000e+00 0.00000000000000e+00 0.00000000000000e+00 0.00000000000000e+00 
3.33427518885146e-04 4.63698735031475e+02 3.99370982086140e+02 5.86978154738820e+22 1.06729449860058e+20 2.75045914870762e+19 5.52050839586396e+18 3.85410163507663e+14 7.54013043333809e+19 1.31284104713762e+16 5.69690467460910e+08 5.69730024493768e+16 1.87118311419490e+18 6.17559566257386e+15 0.00000000000000e+00 0.00000000000000e+00 0.00000000000000e+00 0.00000000000000e+00 0.00000000000000e+00 0.00000000000000e+00 0.00000000000000e+00 
3.65424412781444e-04 4.62335456404318e+02 3.98426875813730e+02 5.86811069538744e+22 1.17264909850216e+20 2.99337110655448e+19 5.51390251467199e+18 4.12425966401630e+14 8.25908312084692e+19 1.32573321989471e+16 6.20561422540432e+08 5.34419693878592e+16 1.97515065373170e+18 7.17933776783541e+15 0.00000000000000e+00 0.00000000000000e+00 0.00000000000000e+00 0.00000000000000e+00 0.00000000000000e+00 0.00000000000000e+00 0.00000000000000e+00 
3.97421306677742e-04 4.60995232196019e+02 3.97500478451423e+02 5.86644756282148e+22 1.27785481990675e+20 3.23221870107582e+19 5.50094364460436e+18 4.39090988476385e+14 8.97770657848418e+19 1.33849778462378e+16 6.71304009118297e+08 5.03406176720291e+16 2.06984560044699e+18 8.20395361229612e+15 0.00000000000000e+00 0.00000000000000e+00 0.00000000000000e+00 0.00000000000000e+00 0.00000000000000e+00 0.00000000000000e+00 0.00000000000000e+00 
4.54578206395788e-04 4.58656224705047e+02 3.96591022779573e+02 5.86349514886427e+22 1.46537141459195e+20 3.64898635152721e+19 5.46838247984112e+18 4.85974114705135e+14 1.02606961305248e+20 1.36102349449179e+16 7.61634528447280e+08 4.56566420387487e+16 2.21772944065969e+18 1.00530998702189e+16 0.00000000000000e+00 0.00000000000000e+00 0.00000000000000e+00 0.00000000000000e+00 0.00000000000000e+00 0.00000000000000e+00 0.00000000000000e+00 
5.11735106113835e-04 4.56384805546977e+02 3.95006857140736e+02 5.86056542140951e+22 1.65230648145264e+20 4.05343687724339e+19 5.43094231829446e+18 5.32052298529699e+14 1.15429191697988e+20 1.38327369160055e+16 8.51572913808966e+08 4.17848490578878e+16 2.34081266833721e+18 1.18806300512900e+16 0.00000000000000e+00 0.00000000000000e+00 0.00000000000000e+00 0.00000000000000e+00 0.00000000000000e+00 0.00000000000000e+00 0.00000000000000e+00 
5.68892005831881e-04 4.54178434727220e+02 3.93472207112923e+02 5.85765738341770e+22 1.83863931215807e+20 4.44604003476820e+19 5.39205984330444e+18 5.77451293677615e+14 1.28244798650047e+20 1.40529584885330e+16 9.41135303351847e+08 3.85431809039511e+16 2.44145564139886e+18 1.36440539347136e+16 0.00000000000000e+00 0.00000000000000e+00 0.00000000000000e+00 0.00000000000000e+00 0.00000000000000e+00 0.00000000000000e+00 0.00000000000000e+00 
6.26048905549928e-04 4.52035100709417e+02 3.91985065193715e+02 5.85477016597236e+22 2.02436728346853e+20 4.82727882505796e+19 5.35268926235629e+18 6.22249489245874e+14 1.41054311079944e+20 1.42710539968674e+16 1.03033199836238e+09 3.57959290615513e+16 2.52166858820955e+18 1.53134840662078e+16 0.00000000000000e+00 0.00000000000000e+00 0.00000000000000e+00 0.00000000000000e+00 0.00000000000000e+00 0.00000000000000e+00 0.00000000000000e+00 
6.83205805267974e-04 4.49952953724351e+02 3.90543799166395e+02 5.85190297200693e+22 2.20949169554682e+20 5.19762960096490e+19 5.31320853314061e+18 6.66499832171007e+14 1.53857888691721e+20 1.44871019291553e+16 1.11917413591861e+09 3.34308980823369e+16 2.58325337753319e+18 1.68705959280481e+16 0.00000000000000e+00 0.00000000000000e+00 0.00000000000000e+00 0.00000000000000e+00 0.00000000000000e+00 0.00000000000000e+00 0.00000000000000e+00 
7.76486522194741e-04 4.46681682633307e+02 3.89146901838009e+02 5.84726477357689e+22 2.51032438339127e+20 5.77985519486155e+19 5.24934266300431e+18 7.37639956253029e+14 1.74740249220589e+20 1.48355376862609e+16 1.26342981167681e+09 3.02025629082637e+16 2.64797751881988e+18 1.91557827985464e+16 0.00000000000000e+00 0.00000000000000e+00 0.00000000000000e+00 0.00000000000000e+00 0.00000000000000e+00 0.00000000000000e+00 0.00000000000000e+00 
8.69767239121508e-04 4.43561266330706e+02 3.86958710614881e+02 5.84267487864956e+22 2.80956334746446e+20 6.33625171172650e+19 5.18680815044981e+18 8.07573543570802e+14 1.95605022290771e+20 1.51791202357757e+16 1.40680940816656e+09 2.75753826965344e+16 2.67421442243298e+18 2.11239058469495e+16 0.00000000000000e+00 0.00000000000000e+00 0.00000000000000e+00 0.00000000000000e+00 0.00000000000000e+00 0.00000000000000e+00 0.00000000000000e+00 
9.63047956048275e-04 4.40584783374525e+02 3.84878891706691e+02 5.83813048032351e+22 3.10722237513502e+20 6.86866123820139e+19 5.12573431600658e+18 8.76400520472618e+14 2.16449902277248e+20 1.55180546099309e+16 1.54934525376564e+09 2.53891157256342e+16 2.66817775087736e+18 2.28098502280767e+16 0.00000000000000e+00 0.00000000000000e+00 0.00000000000000e+00 0.00000000000000e+00 0.00000000000000e+00 0.00000000000000e+00 0.00000000000000e+00 
1.05632867297504e-03 4.37745705060061e+02 3.82901882934161e+02 5.83362900533411e+22 3.40331620928744e+20 7.37880558821712e+19 5.06601147754167e+18 9.44192795106001e+14 2.37272010508352e+20 1.58524571801750e+16 1.69106835792202e+09 2.35401366946928e+16 2.63557572482542e+18 2.42660080144418e+16 0.00000000000000e+00 0.00000000000000e+00 0.00000000000000e+00 0.00000000000000e+00 0.00000000000000e+00 0.00000000000000e+00 0.00000000000000e+00 
1.14960938990181e-03 4.35037820313293e+02 3.81022469870421e+02 5.82916808823019e+22 3.69785867498780e+20 7.86827957850192e+19 5.00757399081327e+18 1.01100784967075e+15 2.58068273888250e+20 1.61824458440701e+16 1.83200613783443e+09 2.19591209344436e+16 2.58166235659051e+18 2.55454173212394e+16 0.00000000000000e+00 0.00000000000000e+00 0.00000000000000e+00 0.00000000000000e+00 0.00000000000000e+00 0.00000000000000e+00 0.00000000000000e+00 
1.27570520491247e-03 4.31575480995560e+02 3.79235728770403e+02 5.82319856749972e+22 4.09357450556776e+20 8.49964573872087e+19 4.93061469901204e+18 1.09985752079999e+15 2.86134011219336e+20 1.66217521190417e+16 2.02132210556536e+09 2.01558893682941e+16 2.48323494755006e+18 2.70704155573326e+16 0.00000000000000e+00 0.00000000000000e+00 0.00000000000000e+00 0.00000000000000e+00 0.00000000000000e+00 0.00000000000000e+00 0.00000000000000e+00 
1.40180101992313e-03 4.28328356245867e+02 3.76959560635140e+02 5.81729445739864e+22 4.48650960036203e+20 9.09916028230965e+19 4.85594891060707e+18 1.18711109192788e+15 3.14140091484427e+20 1.70535781452989e+16 2.20931269021675e+09 1.86447307651873e+16 2.36488627564704e+18 2.84351968091311e+16 0.00000000000000e+00 0.00000000000000e+00 0.00000000000000e+00 0.00000000000000e+00 0.00000000000000e+00 0.00000000000000e+00 0.00000000000000e+00 
1.52789683493379e-03 4.25283598806504e+02 3.74833534394672e+02 5.81145160972909e+22 4.87669353171244e+20 9.66968742232305e+19 4.78349888359252e+18 1.27285558283730e+15 3.42080468374575e+20 1.74782358571694e+16 2.39603988945184e+09 1.73583239865021e+16 2.23524087100424e+18 2.96931828271644e+16 0.00000000000000e+00 0.00000000000000e+00 0.00000000000000e+00 0.00000000000000e+00 0.00000000000000e+00 0.00000000000000e+00 0.00000000000000e+00 
1.65399264994444e-03 4.22429257229309e+02 3.72847719480271e+02 5.80566648779295e+22 5.26415474768278e+20 1.02137023455932e+20 4.71317593934994e+18 1.35716603884101e+15 3.69950208234229e+20 1.78960266204629e+16 2.58156712458239e+09 1.62515632312444e+16 2.10116674761007e+18 3.08751198106970e+16 0.00000000000000e+00 0.00000000000000e+00 0.00000000000000e+00 0.00000000000000e+00 0.00000000000000e+00 0.00000000000000e+00 0.00000000000000e+00 
1.78008846495510e-03 4.19754184478558e+02 3.70992957868307e+02 5.79993609007169e+22 5.64892062855096e+20 1.07333382811653e+20 4.64489952941330e+18 1.44010887358201e+15 3.97745533141029e+20 1.83072510569403e+16 2.76595921411082e+09 1.52896439185748e+16 1.96793467881205e+18 3.19979425929375e+16 0.00000000000000e+00 0.00000000000000e+00 0.00000000000000e+00 0.00000000000000e+00 0.00000000000000e+00 0.00000000000000e+00 0.00000000000000e+00 
1.98065353370801e-03 4.15843523092546e+02 3.69260783454098e+02 5.79092827457343e+22 6.25543158447514e+20 1.15139475426756e+20 4.54033325846492e+18 1.56936255279247e+15 4.41796933586984e+20 1.89485476353139e+16 3.05707764999336e+09 1.39963702378326e+16 1.76627003297981e+18 3.36822935977065e+16 0.00000000000000e+00 0.00000000000000e+00 0.00000000000000e+00 0.00000000000000e+00 0.00000000000000e+00 0.00000000000000e+00 0.00000000000000e+00 
2.18121860246093e-03 4.12321822815521e+02 3.66739285782326e+02 5.78204433631366e+22 6.85529190264139e+20 1.22436035598301e+20 4.44045594710776e+18 1.69552738980792e+15 4.85647145788689e+20 1.95751380371963e+16 3.34575712436233e+09 1.29194143404948e+16 1.58579858252192e+18 3.52609691696676e+16 0.00000000000000e+00 0.00000000000000e+00 0.00000000000000e+00 0.00000000000000e+00 0.00000000000000e+00 0.00000000000000e+00 0.00000000000000e+00 
2.38178367121384e-03 4.09154290341530e+02 3.64479651522180e+02 5.77327787832473e+22 7.44859862265876e+20 1.29272484629040e+20 4.34497788536533e+18 1.81880183696661e+15 5.29294122088464e+20 2.01881092852384e+16 3.63225784788866e+09 1.20127869980540e+16 1.43063397282045e+18 3.67404597356343e+16 0.00000000000000e+00 0.00000000000000e+00 0.00000000000000e+00 0.00000000000000e+00 0.00000000000000e+00 0.00000000000000e+00 0.00000000000000e+00 
2.58234873996675e-03 4.06309682543315e+02 3.62456346650172e+02 5.76462401317703e+22 8.03544380857257e+20 1.35688254060566e+20 4.25362416533185e+18 1.93936057162708e+15 5.72739008472603e+20 2.07884766248355e+16 3.91682971992008e+09 1.12397398938549e+16 1.30074523587478e+18 3.81223714676639e+16 0.00000000000000e+00 0.00000000000000e+00 0.00000000000000e+00 0.00000000000000e+00 0.00000000000000e+00 0.00000000000000e+00 0.00000000000000e+00 
2.78291380871966e-03 4.03759757447852e+02 3.60646732855380e+02 5.75607881146823e+22 8.61591494206835e+20 1.41716167926045e+20 4.16613831479370e+18 2.05736154509658e+15 6.15984477622104e+20 2.13771715654974e+16 4.19970398714568e+09 1.05706286789599e+16 1.19390122267516e+18 3.94086212967729e+16 0.00000000000000e+00 0.00000000000000e+00 0.00000000000000e+00 0.00000000000000e+00 0.00000000000000e+00 0.00000000000000e+00 0.00000000000000e+00 
3.04411240383076e-03 4.00839117654239e+02 3.59030608872603e+02 5.74510779576164e+22 9.36245081425805e+20 1.49030855116591e+20 4.05761467392848e+18 2.20743499333360e+15 6.72009811687076e+20 2.21277244177859e+16 4.56589207114083e+09 9.82689288290156e+15 1.08408978413186e+18 4.09439149417176e+16 0.00000000000000e+00 0.00000000000000e+00 0.00000000000000e+00 0.00000000000000e+00 0.00000000000000e+00 0.00000000000000e+00 0.00000000000000e+00 
3.30531099894186e-03 3.98324095334054e+02 3.57186586302736e+02 5.73430897224123e+22 1.00984914330669e+21 1.55790908721705e+20 3.95477226292746e+18 2.35370259556936e+15 7.27708440907832e+20 2.28615519249083e+16 4.92994442934467e+09 9.19107468090045e+15 1.00101051429767e+18 4.23246827307972e+16 0.00000000000000e+00 0.00000000000000e+00 0.00000000000000e+00 0.00000000000000e+00 0.00000000000000e+00 0.00000000000000e+00 0.00000000000000e+00 
3.56650959405295e-03 3.96169514569626e+02 3.55604736747338e+02 5.72367660479619e+22 1.08242018936960e+21 1.62044894837089e+20 3.85718370488456e+18 2.49642425728439e+15 7.83085443592092e+20 2.35800850925882e+16 5.29218573543060e+09 8.64313454816168e+15 9.38114173452831e+17 4.35553370184294e+16 0.00000000000000e+00 0.00000000000000e+00 0.00000000000000e+00 0.00000000000000e+00 0.00000000000000e+00 0.00000000000000e+00 0.00000000000000e+00 
3.82770818916405e-03 3.94335525137703e+02 3.54254072840133e+02 5.71320547556068e+22 1.15397386143205e+21 1.67836007299821e+20 3.76446480639566e+18 2.63582774259445e+15 8.38144316625109e+20 2.42845619828658e+16 5.65287885122170e+09 8.16697345698492e+15 8.90052255740540e+17 4.46416884456936e+16 0.00000000000000e+00 0.00000000000000e+00 0.00000000000000e+00 0.00000000000000e+00 0.00000000000000e+00 0.00000000000000e+00 0.00000000000000e+00 
4.08890678427515e-03 3.92786796064145e+02 3.53107628109464e+02 5.70289072315619e+22 1.22452506071411e+21 1.73203342131546e+20 3.67626891156432e+18 2.77211478244776e+15 8.92886996322653e+20 2.49760533557318e+16 6.01223147094143e+09 7.74851813383308e+15 8.52818754700263e+17 4.55906374997444e+16 0.00000000000000e+00 0.00000000000000e+00 0.00000000000000e+00 0.00000000000000e+00 0.00000000000000e+00 0.00000000000000e+00 0.00000000000000e+00 
4.47420933305504e-03 3.90956984100824e+02 3.52141798575562e+02 5.68795096894005e+22 1.32679744052521e+21 1.80422110034232e+20 3.55377005978073e+18 2.96784750775714e+15 9.73063834684074e+20 2.59743180109585e+16 6.54020433549174e+09 7.21574601276265e+15 8.11683658993958e+17 4.67561595720843e+16 0.00000000000000e+00 0.00000000000000e+00 0.00000000000000e+00 0.00000000000000e+00 0.00000000000000e+00 0.00000000000000e+00 0.00000000000000e+00 
4.85951188183493e-03 3.89592610112278e+02 3.51003298448945e+02 5.67332814488482e+22 1.42696300556436e+21 1.86897352075382e+20 3.43954637826339e+18 3.15769517631819e+15 1.05255290657122e+21 2.69488477757255e+16 7.06596727936782e+09 6.76418616427183e+15 7.81886813886448e+17 4.76662561637619e+16 0.00000000000000e+00 0.00000000000000e+00 0.00000000000000e+00 0.00000000000000e+00 0.00000000000000e+00 0.00000000000000e+00 0.00000000000000e+00 
5.24481443061482e-03 3.88620426188915e+02 3.50156080800691e+02 5.65901015493264e+22 1.52506306194260e+21 1.92716715618623e+20 3.33281775215120e+18 3.34209052574342e+15 1.13135064590886e+21 2.79017327211648e+16 7.58975162045211e+09 6.37429904298802e+15 7.59786856640538e+17 4.83479890750552e+16 0.00000000000000e+00 0.00000000000000e+00 0.00000000000000e+00 0.00000000000000e+00 0.00000000000000e+00 0.00000000000000e+00 0.00000000000000e+00 
5.63011697939471e-03 3.87978501061513e+02 3.49553046937706e+02 5.64498609838187e+22 1.62113704640336e+21 1.97956192177930e+20 3.23289997173999e+18 3.52139952276715e+15 1.20945257187412e+21 2.88347086048868e+16 8.11168634014879e+09 6.03739302642213e+15 7.43026528516911e+17 4.88296115536049e+16 0.00000000000000e+00 0.00000000000000e+00 0.00000000000000e+00 0.00000000000000e+00 0.00000000000000e+00 0.00000000000000e+00 0.00000000000000e+00 
6.01541952817460e-03 3.87614385591602e+02 3.49154846362239e+02 5.63124611347780e+22 1.71522280110405e+21 2.02681888950762e+20 3.13918921983107e+18 3.69593586392105e+15 1.28685380596573e+21 2.97492428536305e+16 8.63182110346587e+09 5.74103103803807e+15 7.30056611324442e+17 4.91379625543523e+16 0.00000000000000e+00 0.00000000000000e+00 0.00000000000000e+00 0.00000000000000e+00 0.00000000000000e+00 0.00000000000000e+00 0.00000000000000e+00 
6.40072207695449e-03 3.87483762537216e+02 3.48928485924782e+02 5.61778124726067e+22 1.80735677858071e+21 2.06951384362111e+20 3.05114999233476e+18 3.86597948447698e+15 1.36354929177456e+21 3.06465759295802e+16 9.15014815480672e+09 5.47794295008056e+15 7.19895791459363e+17 4.92977424250400e+16 0.00000000000000e+00 0.00000000000000e+00 0.00000000000000e+00 0.00000000000000e+00 0.00000000000000e+00 0.00000000000000e+00 0.00000000000000e+00 
6.94304853451145e-03 3.87626651432561e+02 3.48846316998700e+02 5.59927982697231e+22 1.93379867136950e+21 2.12280966389664e+20 2.93593532214561e+18 4.09815854875210e+15 1.47029575855529e+21 3.18825109064030e+16 9.87657400236847e+09 5.15552496028190e+15 7.09227454445391e+17 4.93130186717123e+16 0.00000000000000e+00 0.00000000000000e+00 0.00000000000000e+00 0.00000000000000e+00 0.00000000000000e+00 0.00000000000000e+00 0.00000000000000e+00 
7.48537499206841e-03 3.88073254657660e+02 3.48932308696831e+02 5.58128695092611e+22 2.05653808718401e+21 2.16924194993288e+20 2.82985526887774e+18 4.32248124328114e+15 1.57562205219119e+21 3.30889333091059e+16 1.05990933453279e+10 4.87798447087094e+15 7.01646402408886e+17 4.91344140865601e+16 0.00000000000000e+00 0.00000000000000e+00 0.00000000000000e+00 0.00000000000000e+00 0.00000000000000e+00 0.00000000000000e+00 0.00000000000000e+00 
8.02770144962537e-03 3.88755080589305e+02 3.49205849271260e+02 5.56378425191039e+22 2.17566655147794e+21 2.20980762788703e+20 2.73192084819160e+18 4.53943256632543e+15 1.67951738368825e+21 3.42678799861417e+16 1.13173984483597e+10 4.63601166658570e+15 6.96332195174718e+17 4.88094887776176e+16 0.00000000000000e+00 0.00000000000000e+00 0.00000000000000e+00 0.00000000000000e+00 0.00000000000000e+00 0.00000000000000e+00 0.00000000000000e+00 
8.57002790718233e-03 3.89618863219253e+02 3.49624969607857e+02 5.54675529035086e+22 2.29127252284044e+21 2.24532629420276e+20 2.64128022679187e+18 4.74940591917837e+15 1.78197290251655e+21 3.54210442708890e+16 1.20311638995534e+10 4.42487746344795e+15 6.92751512135951e+17 4.83753849775162e+16 0.00000000000000e+00 0.00000000000000e+00 0.00000000000000e+00 0.00000000000000e+00 0.00000000000000e+00 0.00000000000000e+00 0.00000000000000e+00 
9.11235436473929e-03 3.90622662334586e+02 3.50157144435612e+02 5.53018514198807e+22 2.40344184667025e+21 2.27648128049630e+20 2.55717491192435e+18 4.95276114847058e+15 1.88298145478881e+21 3.65499214043073e+16 1.27400523194983e+10 4.23664382269961e+15 6.90475921030428e+17 4.78620895916042e+16 0.00000000000000e+00 0.00000000000000e+00 0.00000000000000e+00 0.00000000000000e+00 0.00000000000000e+00 0.00000000000000e+00 0.00000000000000e+00 
9.98517958540333e-03 3.92453938439854e+02 3.50776811680307e+02 5.50444664367359e+22 2.57696092976513e+21 2.31883515852171e+20 2.43394957679918e+18 5.26694663741640e+15 2.04249461234550e+21 3.83187847791106e+16 1.38699248040121e+10 3.97450473451213e+15 6.88806284893292e+17 4.69259005453024e+16 0.00000000000000e+00 0.00000000000000e+00 0.00000000000000e+00 0.00000000000000e+00 0.00000000000000e+00 0.00000000000000e+00 0.00000000000000e+00 
1.08580048060674e-02 3.94458277831312e+02 3.51910185143402e+02 5.47980922357611e+22 2.74213149937273e+21 2.35329252472660e+20 2.32373675227606e+18 5.56598913257059e+15 2.19823166721870e+21 4.00319979886438e+16 1.49849567040646e+10 3.75318407256376e+15 6.88836569661054e+17 4.59190557502728e+16 0.00000000000000e+00 0.00000000000000e+00 0.00000000000000e+00 0.00000000000000e+00 0.00000000000000e+00 0.00000000000000e+00 0.00000000000000e+00 
1.17308300267314e-02 3.96562653756468e+02 3.53154564283557e+02 5.45622582700407e+22 2.89928007849391e+21 2.38134287792985e+20 2.22469528751055e+18 5.85085540166028e+15 2.35018788130927e+21 4.16929325214272e+16 1.60839168591971e+10 3.56381925852074e+15 6.90042334574033e+17 4.48899969590167e+16 0.00000000000000e+00 0.00000000000000e+00 0.00000000000000e+00 0.00000000000000e+00 0.00000000000000e+00 0.00000000000000e+00 0.00000000000000e+00 
1.26036552473954e-02 3.98719090809253e+02 3.54465210569182e+02 5.43365373690802e+22 3.04872194685142e+21 2.40410257912104e+20 2.13530422682727e+18 6.12239017016687e+15 2.49836781821753e+21 4.33043689750964e+16 1.71657787583635e+10 3.39951501092690e+15 6.92057689582604e+17 4.38679742458043e+16 0.00000000000000e+00 0.00000000000000e+00 0.00000000000000e+00 0.00000000000000e+00 0.00000000000000e+00 0.00000000000000e+00 0.00000000000000e+00 
1.34764804680595e-02 4.00895038091786e+02 3.55812573060983e+02 5.41205334806109e+22 3.19076207952937e+21 2.42243679378359e+20 2.05430156034387e+18 6.38135990824032e+15 2.64278387635058e+21 4.48686216132148e+16 1.82296715143750e+10 3.25565976367756e+15 6.94613720208277e+17 4.28711219438941e+16 0.00000000000000e+00 0.00000000000000e+00 0.00000000000000e+00 0.00000000000000e+00 0.00000000000000e+00 0.00000000000000e+00 0.00000000000000e+00 
1.49083489078496e-02 4.04453353644899e+02 3.57176439147936e+02 5.37862640799829e+22 3.40851412300863e+21 2.44462321991985e+20 1.93692045002100e+18 6.78071061644265e+15 2.87160281435343e+21 4.73375732300438e+16 1.99342577477252e+10 3.05596949511718e+15 6.99566954518563e+17 4.13129941112652e+16 0.00000000000000e+00 0.00000000000000e+00 0.00000000000000e+00 0.00000000000000e+00 0.00000000000000e+00 0.00000000000000e+00 0.00000000000000e+00 
1.63402173476398e-02 4.07938766852678e+02 3.59415925749105e+02 5.34756084095319e+22 3.60838792570060e+21 2.45906892035549e+20 1.83556377921009e+18 7.15085312853729e+15 3.09046532323256e+21 4.96916273508055e+16 2.15858088863978e+10 2.88891870094848e+15 7.04953521065367e+17 3.98839618943818e+16 0.00000000000000e+00 0.00000000000000e+00 0.00000000000000e+00 0.00000000000000e+00 0.00000000000000e+00 0.00000000000000e+00 0.00000000000000e+00 
1.77720857874299e-02 4.11316289913353e+02 3.61620343767042e+02 5.31871317364656e+22 3.79157621687054e+21 2.46745028698372e+20 1.74746036202099e+18 7.49419115789247e+15 3.29952649234594e+21 5.19360285579894e+16 2.31823613329140e+10 2.74891411074799e+15 7.10507871620460e+17 3.85753108132785e+16 0.00000000000000e+00 0.00000000000000e+00 0.00000000000000e+00 0.00000000000000e+00 0.00000000000000e+00 0.00000000000000e+00 0.00000000000000e+00 
1.92039542272201e-02 4.14570440578503e+02 3.63766548525447e+02 5.29194913011851e+22 3.95921042654895e+21 2.47096333382595e+20 1.67038431960872e+18 7.81284673296312e+15 3.49897473481088e+21 5.40753627340572e+16 2.47225803092731e+10 2.62901845243651e+15 7.16057934087469e+17 3.73901291601555e+16 0.00000000000000e+00 0.00000000000000e+00 0.00000000000000e+00 0.00000000000000e+00 0.00000000000000e+00 0.00000000000000e+00 0.00000000000000e+00 
2.06358226670102e-02 4.17693759717329e+02 3.65843543317126e+02 5.26714152243108e+22 4.11236200872185e+21 2.47056228410464e+20 1.60244944067668e+18 8.10869894772480e+15 3.68902425567736e+21 5.61140376592565e+16 2.62058616896093e+10 2.52562070235818e+15 7.21473497983694e+17 3.63149606403888e+16 0.00000000000000e+00 0.00000000000000e+00 0.00000000000000e+00 0.00000000000000e+00 0.00000000000000e+00 0.00000000000000e+00 0.00000000000000e+00 
2.26409637573829e-02 4.21841240260367e+02 3.67845389311333e+02 5.23546191515342e+22 4.30440302801896e+21 2.46483595414162e+20 1.52022715762495e+18 8.48787921964398e+15 3.93982302133106e+21 5.88054606787670e+16 2.81862839062062e+10 2.40259194001023e+15 7.28716668700299e+17 3.49801370249450e+16 0.00000000000000e+00 0.00000000000000e+00 0.00000000000000e+00 0.00000000000000e+00 0.00000000000000e+00 0.00000000000000e+00 0.00000000000000e+00 
2.46461048477556e-02 4.25721739565739e+02 3.70516113992300e+02 5.20706884688727e+22 4.47265125774846e+21 2.45460529971233e+20 1.45037436697908e+18 8.82994415651798e+15 4.17335392255941e+21 6.13139759007095e+16 3.00538536909451e+10 2.29928497815258e+15 7.35454532104466e+17 3.38261688706840e+16 0.00000000000000e+00 0.00000000000000e+00 0.00000000000000e+00 0.00000000000000e+00 0.00000000000000e+00 0.00000000000000e+00 0.00000000000000e+00 
2.66512459381283e-02 4.29339120923474e+02 3.73027582299721e+02 5.18166904162804e+22 4.61954147856979e+21 2.44113300788062e+20 1.39060189549669e+18 9.13860308115437e+15 4.39036509139647e+21 6.36475877610262e+16 3.18095585887429e+10 2.21172370977519e+15 7.41662414609818e+17 3.28297948043455e+16 0.00000000000000e+00 0.00000000000000e+00 0.00000000000000e+00 0.00000000000000e+00 0.00000000000000e+00 0.00000000000000e+00 0.00000000000000e+00 
2.86563870285010e-02 4.32701226450903e+02 3.75379605001336e+02 5.15898965625817e+22 4.74731424771915e+21 2.42538932653217e+20 1.33911951458819e+18 9.41704176043574e+15 4.59164180986314e+21 6.58141653819957e+16 3.34553473863167e+10 2.13698275251130e+15 7.47360096977390e+17 3.19663910690967e+16 0.00000000000000e+00 0.00000000000000e+00 0.00000000000000e+00 0.00000000000000e+00 0.00000000000000e+00 0.00000000000000e+00 0.00000000000000e+00 
3.06615281188738e-02 4.35817558367152e+02 3.77574888858825e+02 5.13877687627825e+22 4.85802843138126e+21 2.40815090467774e+20 1.29453034569789e+18 9.66812016441534e+15 4.77799012213212e+21 6.78215104397484e+16 3.49939210525315e+10 2.07239221532844e+15 7.52555699186468e+17 3.12167015902651e+16 0.00000000000000e+00 0.00000000000000e+00 0.00000000000000e+00 0.00000000000000e+00 0.00000000000000e+00 0.00000000000000e+00 0.00000000000000e+00 
3.47067007063698e-02 4.41399740170122e+02 3.79617534983323e+02 5.10458726573481e+22 5.03677907078504e+21 2.37111776957233e+20 1.22134821173483e+18 1.01016021722336e+16 5.11180610067535e+21 7.14177829574390e+16 3.77854347714131e+10 1.96583398836223e+15 7.61620436348376e+17 3.00146474155596e+16 0.00000000000000e+00 0.00000000000000e+00 0.00000000000000e+00 0.00000000000000e+00 0.00000000000000e+00 0.00000000000000e+00 0.00000000000000e+00 
3.87518732938658e-02 4.46118166221161e+02 3.83294998763904e+02 5.07777962903947e+22 5.16712927781059e+21 2.33400355845162e+20 1.16517675539132e+18 1.04528027141743e+16 5.39477038044030e+21 7.44625178624182e+16 4.01867105231839e+10 1.88324225468103e+15 7.69029364069880e+17 2.91259137638951e+16 0.00000000000000e+00 0.00000000000000e+00 0.00000000000000e+00 0.00000000000000e+00 0.00000000000000e+00 0.00000000000000e+00 0.00000000000000e+00 
4.27970458813619e-02 4.50073746397668e+02 3.86421638992684e+02 5.05689203099156e+22 5.26031105980510e+21 2.29883903136283e+20 1.12160179060827e+18 1.07368514866020e+16 5.63325944335956e+21 7.70206297828326e+16 4.22349198624948e+10 1.81834561933393e+15 7.75124144047521e+17 2.84737841339133e+16 0.00000000000000e+00 0.00000000000000e+00 0.00000000000000e+00 0.00000000000000e+00 0.00000000000000e+00 0.00000000000000e+00 0.00000000000000e+00 
4.68422184688579e-02 4.53366744250669e+02 3.89055375145452e+02 5.04072062639023e+22 5.32527443643353e+21 2.26665215714470e+20 1.08750399389128e+18 1.09659609450548e+16 5.83325005240043e+21 7.91551648771652e+16 4.39691528472553e+10 1.76668766329488e+15 7.80181244792685e+17 2.80030004850754e+16 0.00000000000000e+00 0.00000000000000e+00 0.00000000000000e+00 0.00000000000000e+00 0.00000000000000e+00 0.00000000000000e+00 0.00000000000000e+00 
5.08873910563539e-02 4.56091137365805e+02 3.91256551312819e+02 5.02828083014393e+22 5.36909080019166e+21 2.23792002231559e+20 1.06061607362583e+18 1.11502823393297e+16 6.00019970183825e+21 8.09254380961721e+16 4.54280460485755e+10 1.72515116524343e+15 7.84400638314006e+17 2.76680425019890e+16 0.00000000000000e+00 0.00000000000000e+00 0.00000000000000e+00 0.00000000000000e+00 0.00000000000000e+00 0.00000000000000e+00 0.00000000000000e+00 
5.72731554567167e-02 4.59433798171435e+02 3.93083467214733e+02 5.01441908934373e+22 5.40769754101442e+21 2.19974436092123e+20 1.02899760567299e+18 1.13695978403746e+16 6.20790186932839e+21 8.31045113503801e+16 4.72563457665453e+10 1.67496530667003e+15 7.89721417569659e+17 2.73367133197171e+16 0.00000000000000e+00 0.00000000000000e+00 0.00000000000000e+00 0.00000000000000e+00 0.00000000000000e+00 0.00000000000000e+00 0.00000000000000e+00 
6.36589198570795e-02 4.61861215605321e+02 3.95332058945179e+02 5.00549196695577e+22 5.42312438299666e+21 2.16968000271860e+20 1.00711277219296e+18 1.15239279774180e+16 6.36163345279815e+21 8.46935214967264e+16 4.86181092464492e+10 1.63924416960800e+15 7.93876401384819e+17 2.71682757883092e+16 0.00000000000000e+00 0.00000000000000e+00 0.00000000000000e+00 0.00000000000000e+00 0.00000000000000e+00 0.00000000000000e+00 0.00000000000000e+00 
7.00446842574423e-02 4.63610640092314e+02 3.96969778263101e+02 4.99980241619780e+22 5.42582289211284e+21 2.14662453431052e+20 9.91436200664952e+17 1.16325586071538e+16 6.47465935751001e+21 8.58448120271777e+16 4.96235136525819e+10 1.61274599399348e+15 7.97020681286946e+17 2.70896433044875e+16 0.00000000000000e+00 0.00000000000000e+00 0.00000000000000e+00 0.00000000000000e+00 0.00000000000000e+00 0.00000000000000e+00 0.00000000000000e+00 
7.64304486578051e-02 4.64864399040478e+02 3.98152533761912e+02 4.99623661839914e+22 5.42195380974228e+21 2.12904985676274e+20 9.80636119341694e+17 1.17086065663497e+16 6.55724168130789e+21 8.66719805577863e+16 5.03597064222903e+10 1.59398960302833e+15 7.99500727088593e+17 2.70669759612309e+16 0.00000000000000e+00 0.00000000000000e+00 0.00000000000000e+00 0.00000000000000e+00 0.00000000000000e+00 0.00000000000000e+00 0.00000000000000e+00 
8.28162130581679e-02 4.65756363698292e+02 3.99001424661228e+02 4.99405531161088e+22 5.41510127036002e+21 2.11587818483982e+20 9.72833275802660e+17 1.17616636788845e+16 6.61721645685298e+21 8.72633816804732e+16 5.08951526543755e+10 1.58003262435400e+15 8.01392668791874e+17 2.70735689779117e+16 0.00000000000000e+00 0.00000000000000e+00 0.00000000000000e+00 0.00000000000000e+00 0.00000000000000e+00 0.00000000000000e+00 0.00000000000000e+00 
9.25087900268881e-02 4.66625938364583e+02 3.99605970738760e+02 4.99238722000200e+22 5.40308366803046e+21 2.10213008919730e+20 9.65350212294724e+17 1.18122328419722e+16 6.67737111659247e+21 8.78427325591383e+16 5.14319801137797e+10 1.56613021188732e+15 8.03454333986351e+17 2.71105954757741e+16 0.00000000000000e+00 0.00000000000000e+00 0.00000000000000e+00 0.00000000000000e+00 0.00000000000000e+00 0.00000000000000e+00 0.00000000000000e+00 
1.02201366995608e-01 4.67134469163583e+02 4.00195812849473e+02 4.99169755895677e+22 5.39268043852257e+21 2.09353524001603e+20 9.60852837597227e+17 1.18413871182038e+16 6.71369428126782e+21 8.81844008463859e+16 5.17559091501107e+10 1.55740869946469e+15 8.04775311864963e+17 2.71525841708830e+16 0.00000000000000e+00 0.00000000000000e+00 0.00000000000000e+00 0.00000000000000e+00 0.00000000000000e+00 0.00000000000000e+00 0.00000000000000e+00 
1.11893943964328e-01 4.67434639487160e+02 4.00540958698535e+02 4.99143077857115e+22 5.38488461670748e+21 2.08818308731273e+20 9.58187368959367e+17 1.18584122844862e+16 6.73569439057645e+21 8.83872160441233e+16 5.19518899460328e+10 1.55212035711081e+15 8.05631348368433e+17 2.71872884206252e+16 0.00000000000000e+00 0.00000000000000e+00 0.00000000000000e+00 0.00000000000000e+00 0.00000000000000e+00 0.00000000000000e+00 0.00000000000000e+00 
1.21586520933049e-01 4.67610985693224e+02 4.00744753381997e+02 4.99135746310955e+22 5.37932470531391e+21 2.08487702912646e+20 9.56568410091564e+17 1.18683104573280e+16 6.74894316912787e+21 8.85070714660029e+16 5.20697422222454e+10 1.54877291010359e+15 8.06160283865341e+17 2.72139857830922e+16 0.00000000000000e+00 0.00000000000000e+00 0.00000000000000e+00 0.00000000000000e+00 0.00000000000000e+00 0.00000000000000e+00 0.00000000000000e+00 
1.31279097901769e-01 4.67712318300302e+02 4.00864498932632e+02 4.99137507741398e+22 5.37542529077954e+21 2.08285368049898e+20 9.55634689074623e+17 1.18738954708083e+16 6.75679508606508e+21 8.85763903920005e+16 5.21394307603969e+10 1.54682450995905e+15 8.06502344651820e+17 2.72335197015283e+16 0.00000000000000e+00 0.00000000000000e+00 0.00000000000000e+00 0.00000000000000e+00 0.00000000000000e+00 0.00000000000000e+00 0.00000000000000e+00 
1.47576554340048e-01 4.67800472906927e+02 4.00933309922626e+02 4.99145253282539e+22 5.37129525961905e+21 2.08096435263370e+20 9.54785188495765e+17 1.18787143761247e+16 6.76388451163543e+21 8.86373275922953e+16 5.22021775590993e+10 1.54494161430371e+15 8.06821834897126e+17 2.72555223690955e+16 0.00000000000000e+00 0.00000000000000e+00 0.00000000000000e+00 0.00000000000000e+00 0.00000000000000e+00 0.00000000000000e+00 0.00000000000000e+00 
1.63874010778327e-01 4.67829601376206e+02 4.00993170234018e+02 4.99153034971693e+22 5.36931202133404e+21 2.08022955485303e+20 9.54495345290946e+17 1.18802485357920e+16 6.76644172944417e+21 8.86579048269154e+16 5.22246490902104e+10 1.54425255202950e+15 8.06956363142978e+17 2.72665179179402e+16 0.00000000000000e+00 0.00000000000000e+00 0.00000000000000e+00 0.00000000000000e+00 0.00000000000000e+00 0.00000000000000e+00 0.00000000000000e+00 
1.80171467216606e-01 4.67836917900785e+02 4.01012944369257e+02 4.99157753213025e+22 5.36848657932117e+21 2.07998752810397e+20 9.54414222216744e+17 1.18805996230392e+16 6.76719736799335e+21 8.86633168459447e+16 5.22312218318108e+10 1.54403279087046e+15 8.07004280137552e+17 2.72713061884582e+16 0.00000000000000e+00 0.00000000000000e+00 0.00000000000000e+00 0.00000000000000e+00 0.00000000000000e+00 0.00000000000000e+00 0.00000000000000e+00 
1.96468923654885e-01 4.67838203417759e+02 4.01017908000635e+02 4.99159877183714e+22 5.36818825763087e+21 2.07991829642284e+20 9.54396170279708e+17 1.18806448514887e+16 6.76738304781510e+21 8.86643802806828e+16 5.22328108592962e+10 1.54397259905169e+15 8.07019234056497e+17 2.72730972960661e+16 0.00000000000000e+00 0.00000000000000e+00 0.00000000000000e+00 0.00000000000000e+00 0.00000000000000e+00 0.00000000000000e+00 0.00000000000000e+00 
2.63847060035748e-01 4.67838902586692e+02 4.01018778552595e+02 4.99161036778271e+22 5.36802548050047e+21 2.07988075204111e+20 9.54386490528975e+17 1.18806689385819e+16 6.76748418271154e+21 8.86649580883432e+16 5.22336781476587e+10 1.54394011781120e+15 8.07027503755174e+17 2.72740774223337e+16 0.00000000000000e+00 0.00000000000000e+00 0.00000000000000e+00 0.00000000000000e+00 0.00000000000000e+00 0.00000000000000e+00 0.00000000000000e+00 
3.31225196416611e-01 4.67838898729169e+02 4.01019252025832e+02 4.99161028551757e+22 5.36802658071605e+21 2.07988105234406e+20 9.54386579207302e+17 1.18806686269452e+16 6.76748356746143e+21 8.86649545409132e+16 5.22336732510774e+10 1.54394040238840e+15 8.07027492276755e+17 2.72740723293962e+16 0.00000000000000e+00 0.00000000000000e+00 0.00000000000000e+00 0.00000000000000e+00 0.00000000000000e+00 0.00000000000000e+00 0.00000000000000e+00 
3.98603332797473e-01 4.67838881669646e+02 4.01019249415228e+02 4.99160981304177e+22 5.36803281347088e+21 2.07988232691953e+20 9.54386859472926e+17 1.18806683530866e+16 6.76748029713773e+21 8.86649388763673e+16 5.22336453439614e+10 1.54394147635737e+15 8.07027159122626e+17 2.72740328711821e+16 0.00000000000000e+00 0.00000000000000e+00 0.00000000000000e+00 0.00000000000000e+00 0.00000000000000e+00 0.00000000000000e+00 0.00000000000000e+00 
1.07238469660610e+00 4.67838879934543e+02 4.01019237886343e+02 4.99160964512808e+22 5.36803486587590e+21 2.07988270984880e+20 9.54386928564354e+17 1.18806684565294e+16 6.76747947421002e+21 8.86649362110831e+16 5.22336385425851e+10 1.54394179797657e+15 8.07027068488644e+17 2.72740201492196e+16 0.00000000000000e+00 0.00000000000000e+00 0.00000000000000e+00 0.00000000000000e+00 0.00000000000000e+00 0.00000000000000e+00 0.00000000000000e+00 
1.74616606041473e+00 4.67838880262247e+02 4.01019236728248e+02 4.99160966252929e+22 5.36803464812298e+21 2.07988266656223e+20 9.54386919794468e+17 1.18806684560437e+16 6.76747957032544e+21 8.86649365901888e+16 5.22336393406463e+10 1.54394176105877e+15 8.07027077659836e+17 2.72740214623425e+16 0.00000000000000e+00 0.00000000000000e+00 0.00000000000000e+00 0.00000000000000e+00 0.00000000000000e+00 0.00000000000000e+00 0.00000000000000e+00 
2.41994742422335e+00 4.67838880245421e+02 4.01019236948727e+02 4.99160966384409e+22 5.36803463286904e+21 2.07988266475127e+20 9.54386919746903e+17 1.18806684518501e+16 6.76747957489559e+21 8.86649365886880e+16 5.22336393797124e+10 1.54394175975981e+15 8.07027078880463e+17 2.72740215843155e+16 0.00000000000000e+00 0.00000000000000e+00 0.00000000000000e+00 0.00000000000000e+00 0.00000000000000e+00 0.00000000000000e+00 0.00000000000000e+00 
9.15776106230962e+00 4.67838880244648e+02 4.01019236937125e+02 4.99160966381427e+22 5.36803463327367e+21 2.07988266477602e+20 9.54386919741507e+17 1.18806684519876e+16 6.76747957467742e+21 8.86649365880490e+16 5.22336393776239e+10 1.54394175976422e+15 8.07027078811805e+17 2.72740215797314e+16 0.00000000000000e+00 0.00000000000000e+00 0.00000000000000e+00 0.00000000000000e+00 0.00000000000000e+00 0.00000000000000e+00 0.00000000000000e+00 
1.58955747003959e+01 4.67838880244852e+02 4.01019236936606e+02 4.99160966380776e+22 5.36803463334285e+21 2.07988266478540e+20 9.54386919741718e+17 1.18806684520083e+16 6.76747957466655e+21 8.86649365881315e+16 5.22336393775471e+10 1.54394175977151e+15 8.07027078809179e+17 2.72740215792887e+16 0.00000000000000e+00 0.00000000000000e+00 0.00000000000000e+00 0.00000000000000e+00 0.00000000000000e+00 0.00000000000000e+00 0.00000000000000e+00 
2.26333883384822e+01 4.67838880244854e+02 4.01019236936745e+02 4.99160966380774e+22 5.36803463334302e+21 2.07988266478543e+20 9.54386919741737e+17 1.18806684520081e+16 6.76747957466657e+21 8.86649365881318e+16 5.22336393775479e+10 1.54394175977158e+15 8.07027078809241e+17 2.72740215792903e+16 0.00000000000000e+00 0.00000000000000e+00 0.00000000000000e+00 0.00000000000000e+00 0.00000000000000e+00 0.00000000000000e+00 0.00000000000000e+00 
9.00115247193448e+01 4.67838880244834e+02 4.01019236936746e+02 4.99160966380712e+22 5.36803463334262e+21 2.07988266478540e+20 9.54386919741697e+17 1.18806684520068e+16 6.76747957466607e+21 8.86649365881333e+16 5.22336393775492e+10 1.54394175977154e+15 8.07027078809182e+17 2.72740215792887e+16 0.00000000000000e+00 0.00000000000000e+00 0.00000000000000e+00 0.00000000000000e+00 0.00000000000000e+00 0.00000000000000e+00 0.00000000000000e+00 
1.57389661100207e+02 4.67838880244822e+02 4.01019236936733e+02 4.99160966380673e+22 5.36803463334236e+21 2.07988266478537e+20 9.54386919741670e+17 1.18806684520060e+16 6.76747957466576e+21 8.86649365881343e+16 5.22336393775501e+10 1.54394175977151e+15 8.07027078809135e+17 2.72740215792872e+16 0.00000000000000e+00 0.00000000000000e+00 0.00000000000000e+00 0.00000000000000e+00 0.00000000000000e+00 0.00000000000000e+00 0.00000000000000e+00 
2.24767797481070e+02 4.67838880244802e+02 4.01019236936724e+02 4.99160966380610e+22 5.36803463334195e+21 2.07988266478532e+20 9.54386919741628e+17 1.18806684520048e+16 6.76747957466525e+21 8.86649365881359e+16 5.22336393775514e+10 1.54394175977146e+15 8.07027078809059e+17 2.72740215792847e+16 0.00000000000000e+00 0.00000000000000e+00 0.00000000000000e+00 0.00000000000000e+00 0.00000000000000e+00 0.00000000000000e+00 0.00000000000000e+00 
2.54767797481070e+02 4.67838880244801e+02 4.01019236936711e+02 4.99160966380605e+22 5.36803463334192e+21 2.07988266478532e+20 9.54386919741624e+17 1.18806684520047e+16 6.76747957466521e+21 8.86649365881360e+16 5.22336393775515e+10 1.54394175977145e+15 8.07027078809055e+17 2.72740215792846e+16 0.00000000000000e+00 0.00000000000000e+00 0.00000000000000e+00 0.00000000000000e+00 0.00000000000000e+00 0.00000000000000e+00 0.00000000000000e+00 
2.84767797481070e+02 4.67838880244799e+02 4.01019236936710e+02 4.99160966380600e+22 5.36803463334189e+21 2.07988266478532e+20 9.54386919741621e+17 1.18806684520046e+16 6.76747957466517e+21 8.86649365881361e+16 5.22336393775516e+10 1.54394175977145e+15 8.07027078809049e+17 2.72740215792844e+16 0.00000000000000e+00 0.00000000000000e+00 0.00000000000000e+00 0.00000000000000e+00 0.00000000000000e+00 0.00000000000000e+00 0.00000000000000e+00 
3.14767797481070e+02 4.67838880244797e+02 4.01019236936709e+02 4.99160966380593e+22 5.36803463334184e+21 2.07988266478531e+20 9.54386919741616e+17 1.18806684520044e+16 6.76747957466511e+21 8.86649365881363e+16 5.22336393775518e+10 1.54394175977144e+15 8.07027078809040e+17 2.72740215792841e+16 0.00000000000000e+00 0.00000000000000e+00 0.00000000000000e+00 0.00000000000000e+00 0.00000000000000e+00 0.00000000000000e+00 0.00000000000000e+00 
3.44767797481070e+02 4.67838880244797e+02 4.01019236936707e+02 4.99160966380593e+22 5.36803463334184e+21 2.07988266478531e+20 9.54386919741616e+17 1.18806684520044e+16 6.76747957466511e+21 8.86649365881363e+16 5.22336393775518e+10 1.54394175977144e+15 8.07027078809039e+17 2.72740215792841e+16 0.00000000000000e+00 0.00000000000000e+00 0.00000000000000e+00 0.00000000000000e+00 0.00000000000000e+00 0.00000000000000e+00 0.00000000000000e+00 
3.74767797481070e+02 4.67838880244795e+02 4.01019236936707e+02 4.99160966380586e+22 5.36803463334180e+21 2.07988266478531e+20 9.54386919741611e+17 1.18806684520043e+16 6.76747957466506e+21 8.86649365881365e+16 5.22336393775519e+10 1.54394175977144e+15 8.07027078809031e+17 2.72740215792838e+16 0.00000000000000e+00 0.00000000000000e+00 0.00000000000000e+00 0.00000000000000e+00 0.00000000000000e+00 0.00000000000000e+00 0.00000000000000e+00 
4.04767797481070e+02 4.67838880244797e+02 4.01019236936706e+02 4.99160966380594e+22 5.36803463334185e+21 2.07988266478531e+20 9.54386919741617e+17 1.18806684520045e+16 6.76747957466512e+21 8.86649365881362e+16 5.22336393775517e+10 1.54394175977144e+15 8.07027078809041e+17 2.72740215792842e+16 0.00000000000000e+00 0.00000000000000e+00 0.00000000000000e+00 0.00000000000000e+00 0.00000000000000e+00 0.00000000000000e+00 0.00000000000000e+00 
5.04767797481070e+02 4.67838880244811e+02 4.01019236936707e+02 4.99160966380636e+22 5.36803463334212e+21 2.07988266478534e+20 9.54386919741645e+17 1.18806684520053e+16 6.76747957466546e+21 8.86649365881352e+16 5.22336393775508e+10 1.54394175977148e+15 8.07027078809091e+17 2.72740215792858e+16 0.00000000000000e+00 0.00000000000000e+00 0.00000000000000e+00 0.00000000000000e+00 0.00000000000000e+00 0.00000000000000e+00 0.00000000000000e+00 
6.04767797481070e+02 4.67838880244806e+02 4.01019236936716e+02 4.99160966380623e+22 5.36803463334204e+21 2.07988266478533e+20 9.54386919741636e+17 1.18806684520050e+16 6.76747957466536e+21 8.86649365881355e+16 5.22336393775511e+10 1.54394175977147e+15 8.07027078809076e+17 2.72740215792853e+16 0.00000000000000e+00 0.00000000000000e+00 0.00000000000000e+00 0.00000000000000e+00 0.00000000000000e+00 0.00000000000000e+00 0.00000000000000e+00 
7.04767797481070e+02 4.67838880244806e+02 4.01019236936714e+02 4.99160966380621e+22 5.36803463334202e+21 2.07988266478533e+20 9.54386919741635e+17 1.18806684520050e+16 6.76747957466534e+21 8.86649365881356e+16 5.22336393775512e+10 1.54394175977146e+15 8.07027078809073e+17 2.72740215792852e+16 0.00000000000000e+00 0.00000000000000e+00 0.00000000000000e+00 0.00000000000000e+00 0.00000000000000e+00 0.00000000000000e+00 0.00000000000000e+00 
8.04767797481070e+02 4.67838880244811e+02 4.01019236936713e+02 4.99160966380640e+22 5.36803463334215e+21 2.07988266478535e+20 9.54386919741647e+17 1.18806684520054e+16 6.76747957466549e+21 8.86649365881351e+16 5.22336393775508e+10 1.54394175977148e+15 8.07027078809095e+17 2.72740215792859e+16 0.00000000000000e+00 0.00000000000000e+00 0.00000000000000e+00 0.00000000000000e+00 0.00000000000000e+00 0.00000000000000e+00 0.00000000000000e+00 
9.04767797481070e+02 4.67838880244775e+02 4.01019236936717e+02 4.99160966380522e+22 5.36803463334138e+21 2.07988266478526e+20 9.54386919741568e+17 1.18806684520030e+16 6.76747957466454e+21 8.86649365881380e+16 5.22336393775532e+10 1.54394175977139e+15 8.07027078808954e+17 2.72740215792813e+16 0.00000000000000e+00 0.00000000000000e+00 0.00000000000000e+00 0.00000000000000e+00 0.00000000000000e+00 0.00000000000000e+00 0.00000000000000e+00 
1.00000000000000e+03 4.67838880244743e+02 4.01019236936692e+02 4.99160966380421e+22 5.36803463334073e+21 2.07988266478518e+20 9.54386919741499e+17 1.18806684520010e+16 6.76747957466373e+21 8.86649365881406e+16 5.22336393775554e+10 1.54394175977131e+15 8.07027078808834e+17 2.72740215792774e+16 0.00000000000000e+00 0.00000000000000e+00 0.00000000000000e+00 0.00000000000000e+00 0.00000000000000e+00 0.00000000000000e+00 0.00000000000000e+00 
