Time(s)              GasTemp(K)           NearWallTemp(K)      [O2(X)](m^-3)        [O2(a1Dg)](m^-3)     [O2(b1Sg+)](m^-3)    [O2(A3Su+_C3Du_c1Su-)](m^-3) [O2(+,X)](m^-3)      [O(3P)](m^-3)        [O(1D)](m^-3)        [O(+,gnd)](m^-3)     [O(-,gnd)](m^-3)     [O3(X)](m^-3)        [O3(exc)](m^-3)      [CO2(X)](m^-3)       [CO2(e1)](m^-3)      [CO2(+,X)](m^-3)     [CO(X)](m^-3)        [CO(a3P)](m^-3)      [CO(+,X)](m^-3)      [C(X)](m^-3)        
0.00000000000000e+00 4.75029569650000e+02 3.66745806342500e+02 3.26815085058187e+20 3.26815085058187e-05 3.26815085058187e-05 3.26815085058187e-05 0.00000000000000e+00 0.00000000000000e+00 0.00000000000000e+00 0.00000000000000e+00 0.00000000000000e+00 0.00000000000000e+00 0.00000000000000e+00 3.26815085058187e+20 3.26815085058187e-05 0.00000000000000e+00 0.00000000000000e+00 0.00000000000000e+00 0.00000000000000e+00 0.00000000000000e+00 
1.34536079317333e-14 4.75029569575670e+02 3.90177002022993e+02 3.26815085058172e+20 5.62823788083331e+06 1.29989686441498e+06 2.11874661226947e+06 3.08427933444291e+03 8.44292628696316e+06 2.92985207842136e+06 6.46001902295566e-01 2.91117797588765e+05 1.08016877635347e-06 1.77263088797004e-12 3.26815085058183e+20 3.25271799777770e+06 1.11783738523447e+03 6.10772790579024e+05 2.05945580863197e+05 9.61523515212051e-13 2.15332620737187e-11 
2.69072158634667e-14 4.75029569501339e+02 3.90177001972545e+02 3.26815085058158e+20 1.12564757616459e+07 2.59979372910587e+06 4.23749322376250e+06 6.16855866913977e+03 1.68858525772330e+07 5.85970415359708e+06 1.29200380197146e+00 5.82235595171185e+05 3.40914027302967e-06 5.59463250859908e-12 3.26815085058179e+20 6.50543599505688e+06 2.23567476852025e+03 1.22154558121372e+06 4.11891161664532e+05 3.03468180484278e-12 6.79615191205372e-11 
4.03608237952000e-14 4.75029569427009e+02 3.90177001922097e+02 3.26815085058143e+20 1.68847136424707e+07 3.89969059411186e+06 6.35623983449610e+06 9.25283800409594e+03 2.53287788708793e+07 8.78955622545874e+06 1.93800569897246e+00 8.73353392747124e+05 7.01324130826647e-06 1.15092089740943e-11 3.26815085058175e+20 9.75815399186037e+06 3.35351214981625e+03 1.83231837190526e+06 6.17836742402701e+05 6.24290995296557e-12 1.39809598641295e-10 
9.90595067132544e-14 4.75029569102703e+02 3.90177001871649e+02 3.26815085058080e+20 4.14409629721733e+07 9.57119777186084e+06 1.56004244433138e+07 2.27096843511907e+04 6.21656375352582e+07 2.15726295949854e+07 4.75654034900887e+00 2.14351314301412e+06 3.66607335496919e-05 6.01627729045001e-11 3.26815085058157e+20 2.39499056182767e+07 8.23068577040212e+03 4.49714691202975e+06 1.51638636523894e+06 3.26339342335970e-11 7.30835033200098e-10 
1.57758189631309e-13 4.75029568778396e+02 3.90177001651542e+02 3.26815085058017e+20 6.59972123021039e+07 1.52427049554988e+07 2.48446090379383e+07 3.61665307031316e+04 9.90024962627401e+07 3.43557029025746e+07 7.57507494905336e+00 3.41367289316002e+06 9.01394840333470e-05 1.47925062831278e-10 3.26815085058139e+20 3.81416572358030e+07 1.31078593538005e+04 7.16197545321663e+06 2.41493598689466e+06 8.02386008140359e-11 1.79693875263320e-09 
2.16456872549363e-13 4.75029568454090e+02 3.90177001431435e+02 3.26815085057954e+20 9.05534616322661e+07 2.09142121451189e+07 3.40887936181453e+07 4.96233770599954e+04 1.35839355054322e+08 4.71387761472480e+07 1.03936094983164e+01 4.68383264318291e+06 1.67825859062420e-04 2.75413721754552e-10 3.26815085058121e+20 5.23334088442991e+07 1.79850328994241e+04 9.82680399548268e+06 3.31348560735120e+06 1.49391935430524e-10 3.34562365337810e-09 
2.75155555467418e-13 4.75029568129784e+02 3.90177001211328e+02 3.26815085057891e+20 1.15109710962661e+08 2.65857193407537e+07 4.33329781838559e+07 6.30802234218090e+04 1.72676213910354e+08 5.99218493286606e+07 1.32121439965194e+01 5.95399239308210e+06 2.69852685775169e-04 4.42846728243092e-10 3.26815085058104e+20 6.65251604437152e+07 2.28622064070656e+04 1.24916325388338e+07 4.21203522660200e+06 2.40212174856803e-10 5.37953765664028e-09 
4.49363753585919e-13 4.75029567167295e+02 3.90177000991221e+02 3.26815085057703e+20 1.87988687726919e+08 4.34178355336905e+07 7.07682229149708e+07 1.03017967204487e+05 2.82002054098566e+08 9.78599428727514e+07 2.15770982712767e+01 9.72362111914207e+06 7.16143093557262e-04 1.17523983974193e-09 3.26815085058051e+20 1.08643984039623e+08 3.73368684147358e+04 2.04004127044047e+07 6.87878517550697e+06 6.37482200919693e-10 1.42763772393579e-08 
6.23571951704421e-13 4.75029566204806e+02 3.90177000337980e+02 3.26815085057516e+20 2.60867664493229e+08 6.02499517796618e+07 9.82034675182659e+07 1.42955711030808e+05 3.91327894855063e+08 1.35798035859053e+08 2.99420520958228e+01 1.34932498441114e+07 1.37705018045349e-03 2.25983361950034e-09 3.26815085057998e+20 1.50762807555470e+08 5.18115300875074e+04 2.83091928795431e+07 9.54553511378052e+06 1.22579545897732e-09 2.74516197099389e-08 
7.97780149822923e-13 4.75029565242317e+02 3.90176999684738e+02 3.26815085057328e+20 3.33746641261594e+08 7.70820680786694e+07 1.25638711993737e+08 1.82893454900774e+05 5.00653736179864e+08 1.73736128287547e+08 3.83070054701439e+01 1.72628785679902e+07 2.25258062020451e-03 3.69663902324973e-09 3.26815085057946e+20 1.92881630991255e+08 6.62861914253701e+04 3.62179730642493e+07 1.22122850414223e+07 2.00515787214129e-09 4.49053981153931e-08 
9.71988347941425e-13 4.75029564279828e+02 3.90176999031496e+02 3.26815085057141e+20 4.06625618032012e+08 9.39141844307130e+07 1.53073956341385e+08 2.22831198814386e+05 6.09979578072964e+08 2.11674220158239e+08 4.66719583942431e+01 2.10325072907782e+07 3.34273289699624e-03 5.48565356721344e-09 3.26815085057893e+20 2.35000454346978e+08 8.07608524283261e+04 4.41267532585234e+07 1.48790349584324e+07 2.97556807296940e-09 6.66376822433814e-08 
2.71407032912644e-12 4.75029554654940e+02 3.90176998378255e+02 3.26815085055267e+20 1.13541538584914e+09 2.62235350868090e+08 4.27426392787682e+08 6.22208640350943e+05 1.70323802826007e+09 5.91055108186341e+08 1.30321462873313e+02 5.87287944586747e+07 2.60483278002256e-02 4.27470915452619e-08 3.26815085057366e+20 6.56188683500846e+08 2.25507444038231e+05 1.23214555727488e+08 4.15465335437971e+07 2.31871771181550e-08 5.19275770594718e-07 
4.45615231031146e-12 4.75029545030053e+02 3.90176991845839e+02 3.26815085053393e+20 1.86420515387162e+09 4.30556522609008e+08 7.01778816451799e+08 1.02158608625195e+06 2.79649653527659e+09 9.70435940434672e+08 2.13970922330627e+02 9.64250815175084e+07 7.02159145410989e-02 1.15229132984423e-07 3.26815085056839e+20 1.07737690464859e+09 3.70254002157798e+05 2.02302359153224e+08 6.82140310660029e+07 6.25033734822901e-08 1.39976061265188e-06 
6.19823429149648e-12 4.75029535405166e+02 3.90176985313424e+02 3.26815085051519e+20 2.59299492209945e+09 5.98877699653462e+08 9.76131227333747e+08 1.42096353651740e+06 3.88975509912245e+09 1.34981671690329e+09 2.97620336766249e+02 1.34121368467279e+08 1.35845474498208e-01 2.22931750924529e-07 3.26815085056312e+20 1.49856511779020e+09 5.15000526787076e+05 2.81390163535732e+08 9.48815275250507e+07 1.20924123324467e-07 2.70809184248376e-06 
7.94031627268150e-12 4.75029525780279e+02 3.90176978781009e+02 3.26815085049645e+20 3.32178469053264e+09 7.67198882001451e+08 1.25048362543353e+09 1.82034099114729e+06 4.98301371979764e+09 1.72919743759220e+09 3.81269706180209e+02 1.71817655307988e+08 2.22937004627950e-01 3.65854944140159e-07 3.26815085055785e+20 1.91975332292570e+09 6.59747017926089e+05 3.60477968875010e+08 1.21549022920941e+08 1.98449405852579e-07 4.44426940495476e-06 
2.53611360845317e-11 4.75029429531441e+02 3.90176972248595e+02 3.26815085030903e+20 1.06096823861590e+10 2.45041099717539e+09 3.99400690341254e+09 5.81411577749018e+06 1.59156030521597e+10 5.52300157660081e+09 1.21776092413716e+03 5.48780517716629e+08 2.27426071070365e+00 3.73221995459115e-06 3.26815085050514e+20 6.13163493394418e+09 2.10721008735902e+06 1.15135607489019e+09 3.88223918406174e+08 2.02444502647136e-06 4.53375962316401e-05 
4.27819558963819e-11 4.75029333282655e+02 3.90176906924474e+02 3.26815085012161e+20 1.78975801023209e+10 4.13362364270170e+09 6.73752890317595e+09 9.80789100027613e+06 2.68481980674453e+10 9.31680013764896e+09 2.05424763995575e+03 9.25743369219009e+08 6.47178147566093e+00 1.06206468669977e-05 3.26815085045243e+20 1.03435157443509e+10 3.55466980778887e+06 1.94223427658242e+09 6.54898707575671e+08 5.76087329510316e-06 1.29015563479559e-04 
6.02027757082320e-11 4.75029237033920e+02 3.90176841600396e+02 3.26815084993420e+20 2.51854778390182e+10 5.81683681857953e+09 9.48104962472462e+09 1.38016666595042e+07 3.77807987656463e+10 1.31105931207447e+10 2.89072985365939e+03 1.30270620981513e+09 1.28154992637884e+01 2.10311392216429e-05 3.26815085039972e+20 1.45553957541461e+10 5.00212617923524e+06 2.73311257395168e+09 9.21573390429471e+08 1.14077169152259e-05 2.55478175725225e-04 
7.76235955200822e-11 4.75029140785235e+02 3.90176776276360e+02 3.26815084974678e+20 3.24733755962508e+10 7.50005052480796e+09 1.22245690680594e+10 1.77954427551732e+07 4.87134051467541e+10 1.69043805258966e+10 3.72720756527260e+03 1.67966903950499e+09 2.13054140282464e+01 3.49637007110076e-05 3.26815085034701e+20 1.87672749633300e+10 6.44957920171871e+06 3.52399096699793e+09 1.18824796696762e+09 1.89649577628617e-05 4.24725437573790e-04 
2.51831793638584e-10 4.75028178301201e+02 3.90176710952366e+02 3.26815084787263e+20 1.05352354298013e+11 2.43322167560442e+10 3.96596931999675e+10 5.77332277157454e+07 1.58039781514617e+11 5.48419477935772e+10 1.20917370753086e+04 5.44929673655924e+09 2.24245377664920e+02 3.68004452780600e-04 3.26815084981992e+20 6.08860230216218e+10 2.09239252410339e+07 1.14327801596807e+10 3.85498788500342e+09 1.99602655922173e-04 4.47035543532419e-03 
4.26039991757086e-10 4.75027215822275e+02 3.90176057714741e+02 3.26815084599848e+20 1.78231335053282e+11 4.11644360212956e+10 6.70946895115076e+10 9.76710563192352e+07 2.67366726163406e+11 9.27789572765793e+10 2.04558164043306e+04 9.21892334298749e+09 6.41804983071863e+02 1.05325633273854e-03 3.26815084929284e+20 1.03004691019022e+11 3.53979364075503e+07 1.93415789200183e+10 6.52171717152216e+09 5.71259372171438e-04 1.27944556073232e-02 
6.00248189875588e-10 4.75026253348457e+02 3.90175404481329e+02 3.26815084412433e+20 2.51110317862028e+11 5.79967083196892e+10 9.45295580035304e+10 1.37608928564651e+08 3.76694239084967e+11 1.30715408983018e+11 2.88194455757619e+04 1.29885488587898e+10 1.27398418359084e+03 2.09072286288831e-03 3.26815084876575e+20 1.45123278955731e+11 4.98716127208999e+07 2.72503872479744e+10 9.18843582656428e+09 1.13391780402653e-03 2.53970303117601e-02 
7.74456387994089e-10 4.75025290879747e+02 3.90174751252130e+02 3.26815084225018e+20 3.23989302724223e+11 7.48290336503106e+10 1.21964298676927e+11 1.77546844450956e+08 4.86022320270761e+11 1.68651302921393e+11 3.71826246141339e+04 1.67581732839663e+10 2.12078293035792e+03 3.48040773236679e-03 3.26815084823867e+20 1.87241786831961e+11 6.43449542016424e+07 3.51592051435107e+10 1.18551438501721e+10 1.88755983138698e-03 4.22780841132831e-02 
2.31170005888078e-09 4.75016798108566e+02 3.90174098027142e+02 3.26815082571238e+20 9.67086326486570e+11 2.23362720846207e+11 3.64047718253083e+11 5.29967904970024e+08 1.45077709899021e+12 5.03380104254279e+11 1.10961274886998e+05 5.00219525803063e+10 1.88957862800014e+04 3.10107535813847e-02 3.26815084358761e+20 5.58899411571843e+11 1.92045745788032e+08 1.04948415007925e+11 3.53861819876136e+10 1.68132084782870e-02 3.76691372908538e-01 
3.84894372976746e-09 4.75008305735089e+02 3.90168334037945e+02 3.26815080917463e+20 1.61018351012059e+12 3.71900536753211e+11 6.06121185777564e+11 8.82392362838894e+08 2.41557611967338e+12 8.38065480887693e+11 1.84704893844702e+05 8.32856469539716e+10 5.23823325946793e+04 8.59697815677521e-02 3.26815083893662e+20 9.30550802478580e+11 3.19720481007995e+08 1.74738369833008e+11 5.89163923294768e+10 4.65961355635771e-02 1.04425650471106e+00 
5.38618740065415e-09 4.74999813759297e+02 3.90162570376714e+02 3.26815079263693e+20 2.25328085360623e+12 5.20442480742090e+11 8.48184701863695e+11 1.23482021734355e+09 3.38041937644319e+12 1.17270743867078e+12 2.58413498360525e+05 1.16549256405026e+11 1.02580388239643e+05 1.68360031021903e-01 3.26815083428569e+20 1.30219595969749e+12 4.47369173994655e+08 2.44529069592511e+11 8.24457749049037e+10 9.12238891591192e-02 2.04497662105111e+00 
6.92343107154084e-09 4.74991322181169e+02 3.90156807043430e+02 3.26815077609929e+20 2.89637835692344e+12 6.68988552183913e+11 1.09023826712454e+12 1.58725146777060e+09 4.34530686342537e+12 1.50730598344986e+12 3.32087105293670e+05 1.49812780933532e+11 1.69489919591512e+05 2.78184040365358e-01 3.26815082963482e+20 1.67383488337384e+12 5.74991838863948e+08 3.14320514260194e+11 1.05974329743025e+11 1.50684035035175e-01 3.37885486204576e+00 
8.46067474242752e-09 4.74982831000686e+02 3.90151044038072e+02 3.26815075956169e+20 3.53947602005219e+12 8.17538750450038e+11 1.33228188217291e+12 1.93968611340729e+09 5.31023857474840e+12 1.84186112106852e+12 4.05725731489573e+05 1.83076220539554e+11 2.53110893037694e+05 4.15444347151258e-01 3.26815082498402e+20 2.04546757365283e+12 7.02588489714929e+08 3.84112703809827e+11 1.29502056872963e+11 2.24964156374165e-01 5.04589436644974e+00 
2.38331114512944e-08 4.74897941061975e+02 3.90145281360622e+02 3.26815059418864e+20 9.97046143657007e+12 2.30326757026301e+12 3.75217090571697e+12 5.46421914999114e+09 1.49619867361208e+13 5.18502638789334e+12 1.14019174843590e+06 5.15705945877107e+11 2.00844254842149e+06 3.29760193339559e+00 3.26815077847949e+20 5.76145167152422e+12 1.97712731372602e+09 1.08207556204446e+12 3.64733810626990e+11 1.78014884820485e+00 4.00408489441117e+01 
3.92055481601613e-08 4.74813090865995e+02 3.90087672616780e+02 3.26815042882082e+20 1.64014628122245e+13 3.78940838171160e+12 6.17106558167546e+12 8.98909092663094e+09 2.46181508798294e+13 8.52385735970961e+12 1.87117815552651e+06 8.48327179036019e+11 5.43488144085780e+06 8.92618004911436e+00 3.26815073198130e+20 9.47681258933314e+12 3.24908014799631e+09 1.78011287963007e+12 5.99882825585681e+11 4.80377745415851e+00 1.08355379587490e+02 
5.45779848690281e-08 4.74728280392979e+02 3.90030096642383e+02 3.26815026345823e+20 2.28324801270218e+13 5.27596055751846e+12 8.58896652204114e+12 1.25143007366458e+10 3.42787251476472e+13 1.18583598668301e+13 2.59870166948291e+06 1.18093992007964e+12 1.05323939588815e+07 1.73037153533292e+01 3.26815068548944e+20 1.31915504721838e+13 4.51846090283368e+09 2.47822463035259e+12 8.34949130852345e+11 9.28363779526694e+00 2.09992619506141e+02 
6.99504215778950e-08 4.74643509623169e+02 3.89972553418059e+02 3.26815009810086e+20 2.92635133609945e+13 6.76292347127757e+12 1.10058743382867e+13 1.60398478772467e+10 4.39437036898420e+13 1.51885397310839e+13 3.32277892423932e+06 1.51354416907124e+12 1.73009464909864e+07 2.84327439830785e+01 3.26815063900393e+20 1.69056654651153e+13 5.78528336767593e+09 3.17641078800758e+12 1.06993275551969e+12 1.52076488171820e+01 3.44955698377463e+02 
8.53228582867619e-08 4.74558778536815e+02 3.89915042924445e+02 3.26814993274873e+20 3.56945624942019e+13 8.25029649744934e+12 1.34217896413680e+13 1.95657316494950e+10 5.36130806651282e+13 1.85144027658643e+13 4.04342647158521e+06 1.84613992607398e+12 2.57405054255785e+07 4.23158015595188e+01 3.26815059252475e+20 2.06191577131023e+13 7.04956121285657e+09 3.87467132640020e+12 1.30483372866988e+12 2.25638584719197e+01 5.13247742364362e+02 
1.93733050911951e-07 4.73962359192410e+02 3.89857565142191e+02 3.26814876679346e+20 8.10483474483808e+13 1.87512067356903e+13 3.04312882925134e+13 4.44406274067346e+10 1.21928284675894e+14 4.18471320292576e+13 9.02963083528775e+06 4.19144563961597e+12 1.32700689562196e+08 2.18635363204328e+02 3.26815026492192e+20 4.67899461888341e+13 1.58944565840316e+10 8.80108550512019e+12 2.95906873150569e+12 1.14107455486397e+02 2.64666770153291e+03 
3.02143243537140e-07 4.73367905582372e+02 3.89453144854299e+02 3.26814760109848e+20 1.26402915203187e+14 2.92722647415237e+13 4.73916687980706e+13 6.93319925864052e+10 1.90459918185285e+14 6.49674791329648e+13 1.38517332422437e+07 6.53632903632452e+12 3.22753516260641e+08 5.32938685855012e+02 3.26814993763355e+20 7.29298208989343e+13 2.46180511566791e+10 1.37311884758891e+13 4.60920475642059e+12 2.72331963705378e+02 6.43892089838973e+03 
4.10553436162330e-07 4.72775410821390e+02 3.89050343710597e+02 3.26814643566396e+20 1.71758258872299e+14 3.98132546465533e+13 6.43031433286438e+13 9.42395970073261e+10 2.59205966845489e+14 8.78774486870278e+13 1.85152121597482e+07 8.88079013797660e+12 5.95887196432578e+08 9.86112995401681e+02 3.26814961065907e+20 9.90388324265220e+13 3.32246860985620e+10 1.86649710905420e+13 6.25525196032099e+12 4.93533007425271e+02 1.18910893637327e+04 
5.18963628787519e-07 4.72184868048041e+02 3.88649154969260e+02 3.26814527049004e+20 2.17114371631310e+14 5.03739626127210e+13 8.11659228343493e+13 1.19163218596835e+11 3.28164436075777e+14 1.10579025560516e+14 2.30253637926246e+07 1.12248289661329e+13 9.52089940852820e+08 1.57904430270596e+03 3.26814928399793e+20 1.25117031201342e+14 4.17184635144828e+10 2.36024242237480e+13 7.89722047497635e+12 7.74260452764858e+02 1.90042467541044e+04 
6.27373821412708e-07 4.71596270424746e+02 3.88249571914686e+02 3.26814410557687e+20 2.62471246717190e+14 6.09541768140550e+13 9.79802170517202e+13 1.44102642931573e+11 3.97333350873728e+14 1.33074175070239e+14 2.73873082820011e+07 1.35684455421404e+13 1.39134996014932e+09 2.31261741401256e+03 3.26814895764957e+20 1.51164467500275e+14 5.01032646310049e+10 2.85435387729727e+13 9.53512040705156e+12 1.11129713015613e+03 2.77794583622428e+04 
7.35784014037898e-07 4.71009611137734e+02 3.87851587857440e+02 3.26814294092458e+20 3.07828877427779e+14 7.15536874199279e+13 1.14746234510035e+14 1.69057662837530e+11 4.66710755641946e+14 1.55364843153979e+14 3.16059953094946e+07 1.59116398871352e+13 1.91365546479293e+09 3.18771594051050e+03 3.26814863161346e+20 1.77181191447805e+14 5.83827651041482e+10 3.34883056584459e+13 1.11689618381350e+13 1.50164108819913e+03 3.82177811261182e+04 
1.07490234509981e-06 4.69186920216170e+02 3.87455196134201e+02 3.26813929945715e+20 4.49717058332995e+14 1.04832362145538e+14 1.66882655896886e+14 2.47218071729950e+11 6.85055343606799e+14 2.23793273721886e+14 4.39294778836090e+07 2.32386689920928e+13 4.08354001746408e+09 6.84861575798840e+03 3.26814761374864e+20 2.58366457680673e+14 8.36396038048468e+10 4.89795312713258e+13 1.62536942162423e+13 3.03680596548958e+03 8.16194534374611e+04 
1.41402067616172e-06 4.67382923362025e+02 3.86225449606355e+02 3.26813566054702e+20 5.91612368909926e+14 1.38291592699884e+14 2.18554979361867e+14 3.25523421498596e+11 9.05363114084762e+14 2.90297358180682e+14 5.50337251501465e+07 3.05615673837471e+13 7.06555115464820e+09 1.19299092862053e+04 3.26814659891732e+20 3.39253210559675e+14 1.07995276760247e+11 6.45061308533953e+13 2.12991185006184e+13 4.99219392529832e+03 1.41336498048666e+05 
1.75313900722363e-06 4.65597416474285e+02 3.85011017834186e+02 3.26813202419677e+20 7.33514615145366e+14 1.71925321039729e+14 2.69769364574716e+14 4.03968512486876e+11 1.12757774749812e+15 3.54933125300259e+14 6.50416601033146e+07 3.78803356709946e+13 1.08593279819918e+10 1.84584236616402e+04 3.26814558710330e+20 4.19842955927835e+14 1.31531849024657e+11 8.00678307541864e+13 2.63055385676457e+13 7.30688867337268e+03 2.17399698738096e+05 
2.09225733828554e-06 4.63830197672879e+02 3.83811701755310e+02 3.26812839040824e+20 8.75423608407713e+14 2.05727665237998e+14 3.20531861897202e+14 4.82548610809890e+11 1.35164462926690e+15 4.17754901268051e+14 7.40638100098010e+07 4.51949744446749e+13 1.54645095859544e+10 2.64608798428856e+04 3.26814457829066e+20 5.00137185574557e+14 1.54320096609825e+11 9.56643594526766e+13 3.12732559430525e+13 9.93081388205275e+03 3.09839056816882e+05 
2.43137566934745e-06 4.62081067276811e+02 3.82627304745161e+02 3.26812475918259e+20 1.01733916528127e+15 2.39692913950590e+14 3.70848414721055e+14 5.61259379460346e+11 1.57751079338202e+15 4.78815366088723e+14 8.21996281423481e+07 5.25054842783527e+13 2.08807350322030e+10 3.59638955122993e+04 3.26814357246370e+20 5.80137377437254e+14 1.76421641947867e+11 1.11295447538773e+14 3.62025698207111e+13 1.28224117477264e+04 4.18683797692152e+05 
2.77049400040936e-06 4.60349827783546e+02 3.81457632593518e+02 3.26812113052025e+20 1.15926110741395e+15 2.73815521334048e+14 4.20724861633970e+14 6.40096824853247e+11 1.80512487073223e+15 5.38165605231968e+14 8.95386089830819e+07 5.98118657290284e+13 2.71076433641571e+10 4.69939876420855e+04 3.26814256960696e+20 6.59844995790034e+14 1.97890447818652e+11 1.26960827696024e+14 4.10937770803736e+13 1.59471085910588e+04 5.43962377096292e+05 
3.46791658905484e-06 4.56844806323846e+02 3.80302493481826e+02 3.26811367595598e+20 1.45115369110111e+15 3.44463115923573e+14 5.21940559138207e+14 8.02614724861680e+11 2.27851409732372e+15 6.55057538084099e+14 1.02462017828649e+08 7.48250203845740e+13 4.24602276909340e+10 7.45900479931977e+04 3.26814051642668e+20 8.22856344210806e+14 2.40251674372300e+11 1.59284527438052e+14 5.10343949028412e+13 2.29865256537227e+04 8.53376355389735e+05 
4.16533917770033e-06 4.53412959795416e+02 3.77971737591327e+02 3.26810623222240e+20 1.74307110665736e+15 4.15708843666517e+14 6.21367546901786e+14 9.65624230833233e+11 2.75867321377347e+15 7.65335377291862e+14 1.12948056607734e+08 8.98207208076886e+13 6.12369318401097e+10 1.08985054039939e+05 3.26813847561408e+20 9.84648817191797e+14 2.80478645755927e+11 1.91749866244868e+14 6.08176162083556e+13 3.07003165779027e+04 1.23264445929029e+06 
4.86276176634582e-06 4.50052654811619e+02 3.75700033763102e+02 3.26809879929990e+20 2.03501198854899e+15 4.87510528083762e+14 7.19052666433034e+14 1.12910053795245e+12 3.24521363430157e+15 8.69385332898988e+14 1.21475359532559e+08 1.04798971257313e+14 8.34346150650708e+10 1.50405898026328e+05 3.26813644704182e+20 1.14523462746916e+15 3.18842323722434e+11 2.24354600502447e+14 7.04459330563473e+13 3.89525932331549e+04 1.68198422241927e+06 
5.56018435499130e-06 4.46762294697615e+02 3.73485806297118e+02 3.26809137715979e+20 2.32697504678915e+15 5.59828452148182e+14 8.15041107777354e+14 1.29302198468328e+12 3.73777026248698e+15 9.67570165221778e+14 1.28428203570507e+08 1.19759775765790e+14 1.09050136078841e+11 1.99077904301180e+05 3.26813443058540e+20 1.30462576346095e+15 3.55561586619423e+11 2.57096522215665e+14 7.99217980409922e+13 4.76419863141164e+04 2.20160010407321e+06 
6.25760694363679e-06 4.43540318746871e+02 3.71327519784239e+02 3.26808396576522e+20 2.61895906231718e+15 6.32625204568094e+14 9.09376479083996e+14 1.45736932612965e+12 4.23599995357187e+15 1.06023072170292e+15 1.34116399134811e+08 1.34703138159036e+14 1.38080353013021e+11 2.55224888982762e+05 3.26813242612288e+20 1.46283399571167e+15 3.90816955324361e+11 2.89973458411758e+14 8.92476249288036e+13 5.66917969965291e+04 2.79168372170559e+06 
6.95502953228227e-06 4.40385201517553e+02 3.69223678276046e+02 3.26807656507190e+20 2.91096288287992e+15 7.05865542917101e+14 1.00210087003832e+15 1.62212525275864e+12 4.73958015131103e+15 1.14768729928485e+15 1.38790274268718e+08 1.49629062074225e+14 1.70522123381969e+11 3.19069206882227e+05 3.26813043353482e+20 1.61987088288252e+15 4.24758724436212e+11 3.22983270581403e+14 9.84257892609741e+13 6.60451928836783e+04 3.45241407299446e+06 
8.35661478355286e-06 4.34240676854869e+02 3.67172824480096e+02 3.26806172431483e+20 3.49784807082411e+15 8.54263073913054e+14 1.18373675066969e+15 1.95440293280691e+12 5.76657892239676e+15 1.30890819717085e+15 1.45902221936436e+08 1.79572434235047e+14 2.46023729466134e+11 4.71544824309701e+05 3.26812646454129e+20 1.93196560693271e+15 4.89496191765762e+11 3.89715281053016e+14 1.16433669160058e+14 8.55917577112975e+04 4.99457203707231e+06 
9.75820003482345e-06 4.28348498434432e+02 3.63205842254933e+02 3.26804692608256e+20 4.08480076527818e+15 1.00407313603704e+15 1.35934212622071e+15 2.28815854197742e+12 6.81173237051223e+15 1.45253967515833e+15 1.50887760337703e+08 2.09445416901955e+14 3.35265533529235e+11 6.57775318428922e+05 3.26812254211092e+20 2.23946495026316e+15 5.50228857320085e+11 4.56958799866819e+14 1.33873109369503e+14 1.05960092323535e+05 6.82392030370580e+06 
1.11597852860940e-05 4.22697505616808e+02 3.59436095116742e+02 3.26803216981100e+20 4.67181369462712e+15 1.15507697145950e+15 1.52920896147335e+15 2.62329946737059e+12 7.87305594143529e+15 1.58054926752475e+15 1.54502973622094e+08 2.39248034252039e+14 4.38222003714982e+11 8.79515132925357e+05 3.26811866535355e+20 2.54245555137094e+15 6.07543136798082e+11 5.24697677007590e+14 1.50762051015582e+14 1.27000465771584e+05 8.94147221252131e+06 
1.25613705373646e-05 4.17277044903296e+02 3.55853088688023e+02 3.26801745487432e+20 5.25888034489040e+15 1.30708019540115e+15 1.69360994533915e+15 2.95974553508275e+12 8.94879221692689e+15 1.69467792245660e+15 1.57254403647509e+08 2.68980308772602e+14 5.54867595318159e+11 1.13849732498668e+06 3.26811483341001e+20 2.84102113944336e+15 6.61893396582106e+11 5.92916272002175e+14 1.67117869291047e+14 1.48600608787532e+05 1.13480572230163e+07 
1.39629557886352e-05 4.12076948416851e+02 3.52446880889790e+02 3.26800278059897e+20 5.84599487405528e+15 1.45990996934871e+15 1.85280002264135e+15 3.29742617510687e+12 1.00373833792399e+16 1.79646751674226e+15 1.59478745499208e+08 2.98642261599173e+14 6.85176750148288e+11 1.43643357646351e+06 3.26811104545006e+20 3.13524269613889e+15 7.13641330418129e+11 6.61599437548476e+14 1.82957391546853e+14 1.70676622836344e+05 1.40443280339587e+07 
1.53645410399058e-05 4.07087513884486e+02 3.49208056844238e+02 3.26798814627458e+20 6.43315204109321e+15 1.61341266487001e+15 2.00701772028476e+15 3.63627878617206e+12 1.11374486464995e+16 1.88728340164284e+15 1.61383013456814e+08 3.28233912784796e+14 8.29123896049812e+11 1.77501386342483e+06 3.26810730067076e+20 3.42519860028730e+15 7.63075161248268e+11 7.30732504362855e+14 1.98296914079478e+14 1.93170222880206e+05 1.70307672954073e+07 
1.77478783835084e-05 3.99060849610984e+02 3.46127704909374e+02 3.26796335085088e+20 7.43167310999634e+15 1.87560187952692e+15 2.25846849488490e+15 4.21501725009367e+12 1.30309947518344e+16 2.01988792098716e+15 1.64217666777488e+08 3.78391924256711e+14 1.10514049429873e+12 2.44878557780560e+06 3.26810102978221e+20 3.90867652240541e+15 8.42469395564226e+11 8.49283358616767e+14 2.23277592119098e+14 2.32258303703325e+05 2.27761443936562e+07 
2.01312157271111e-05 3.91574017656392e+02 3.41229884497370e+02 3.26793866507448e+20 8.43028396804204e+15 2.13877326325917e+15 2.49718906020369e+15 4.79674101812591e+12 1.49490938061827e+16 2.12927308548333e+15 1.66834311992219e+08 4.28346800415829e+14 1.42039224472151e+12 3.25293899886396e+06 3.26809487785209e+20 4.38039666187695e+15 9.16711894056618e+11 9.69027338370163e+14 2.46932236001222e+14 2.72276453612633e+05 2.93619612054427e+07 
2.25145530707137e-05 3.84587609144827e+02 3.36727634442796e+02 3.26791408514013e+20 9.42896786387081e+15 2.40245727617458e+15 2.72408339542020e+15 5.38123922588972e+12 1.68875595039646e+16 2.21955861094513e+15 1.69345727465654e+08 4.78098628733868e+14 1.77475311485064e+12 4.19531727822454e+06 3.26808884140195e+20 4.84069918991195e+15 9.86451625546216e+11 1.08990109773184e+15 2.69331215336631e+14 3.13103801671845e+05 3.67875382191222e+07 
2.48978904143164e-05 3.78065259032858e+02 3.32585986862972e+02 3.26788960726081e+20 1.04277106959829e+16 2.66626727886245e+15 2.93996614288363e+15 5.96832325435683e+12 1.88429494421585e+16 2.29412382073038e+15 1.71828042867735e+08 5.27647495640985e+14 2.16809694366720e+12 5.28354611639750e+06 3.26808291712032e+20 5.28990809048275e+15 1.05220207791863e+12 1.21184464502197e+15 2.90541172288489e+14 3.54637984405533e+05 4.50510678326255e+07 
2.72812277579190e-05 3.71973413295558e+02 3.28773174578826e+02 3.26786522771414e+20 1.14265005534148e+16 2.92988465319460e+15 3.14557341921218e+15 6.55782246118870e+12 2.08124270120704e+16 2.35574555510365e+15 1.74384347997815e+08 5.76993487897652e+14 2.60029744096115e+12 6.52501692933657e+06 3.26807710184843e+20 5.72833252775179e+15 1.11437739963732e+12 1.33480116465034e+15 3.10625219452668e+14 3.96799530305370e+05 5.41496984182726e+07 
2.96645651015216e-05 3.66281118981319e+02 3.25260353468455e+02 3.26784094286782e+20 1.24253273750852e+16 3.19304784368286e+15 3.34157167006894e+15 7.14958183154785e+12 2.27936605028676e+16 2.40669889032521e+15 1.77062233375287e+08 6.26136693572356e+14 3.07122818772401e+12 7.92686980987669e+06 3.26807139256825e+20 6.15626801221492e+15 1.17331023927730e+12 1.45871685476531e+15 3.29643120381173e+14 4.39528585587298e+05 6.40796119503814e+07 
3.40318919217890e-05 3.56796311678969e+02 3.22021347946913e+02 3.26779667667200e+20 1.42556890779105e+16 3.67345180246063e+15 3.67770071198918e+15 8.23935751685633e+12 2.64488604242641e+16 2.47801202403677e+15 1.82107091577294e+08 7.15662797361963e+14 4.03427209711751e+12 1.09341988828653e+07 3.26806119634137e+20 6.91413222418291e+15 1.27370661818720e+12 1.68811003005617e+15 3.61908004191113e+14 5.19138721580937e+05 8.44158733738421e+07 
3.83992187420564e-05 3.48401889498768e+02 3.16720681853363e+02 3.26775269638514e+20 1.60861047727009e+16 4.15061937462020e+15 3.98682377713677e+15 9.33545866795394e+12 3.01281662268379e+16 2.52838673614991e+15 1.87314781015393e+08 8.04508862158760e+14 5.12616129564197e+12 1.45426607167384e+07 3.26805132965686e+20 7.63935921620163e+15 1.36543194895818e+12 1.92026475368319e+15 3.91102991162029e+14 6.00216768494169e+05 1.07491140535671e+08 
4.27665455623238e-05 3.40960959081282e+02 3.12133611476854e+02 3.26770898303045e+20 1.79165420982690e+16 4.62383254255039e+15 4.27174484737540e+15 1.04371759052268e+13 3.38250047803789e+16 2.56411670988449e+15 1.92669831630635e+08 8.92675505332863e+14 6.34611472502202e+12 1.87887729636408e+07 3.26804177685357e+20 8.33348481336823e+15 1.44951644914650e+12 2.15491670335055e+15 4.17521662824000e+14 6.82549915197358e+05 1.33262213998149e+08 
4.71338723825912e-05 3.34356315628135e+02 3.08152688551952e+02 3.26766551931806e+20 1.97469770036202e+16 5.09261638040955e+15 4.53483259060159e+15 1.15438746056717e+13 3.75348985141784e+16 2.58942737898592e+15 1.98171712408253e+08 9.80163387247863e+14 7.69334993861910e+12 2.37052750358047e+07 3.26803252336380e+20 8.99793868334150e+15 1.52674908406143e+12 2.39182803756356e+15 4.41428174277059e+14 7.65969641089290e+05 1.61678842134846e+08 
5.15011992028586e-05 3.28486846483499e+02 3.04688567468142e+02 3.26762228958123e+20 2.15773908804256e+16 5.55664976898128e+15 4.77812087532269e+15 1.26549758119463e+13 4.12546829330814e+16 2.60725485390103e+15 2.03805930885541e+08 1.06697321444399e+15 9.16708319795146e+12 2.93211144770944e+07 3.26802355554572e+20 9.63406061680633e+15 1.59777433033286e+12 2.63078398178028e+15 4.63061048296300e+14 8.50334675469426e+05 1.92685205172935e+08 
5.92370282899120e-05 3.19639510362702e+02 3.01666512618184e+02 3.26754624945796e+20 2.48195017180588e+16 6.36633687566646e+15 5.16561282486206e+15 1.46322733973700e+13 4.78614056247582e+16 2.62624434692208e+15 2.14041649674556e+08 1.21907730468569e+15 1.20855536965447e+13 4.10567439396604e+07 3.26800833344835e+20 1.06950767836007e+16 1.70994585714820e+12 3.05848926175568e+15 4.96437105845107e+14 1.00173282512002e+06 2.53772159093038e+08 
6.69728573769654e-05 3.12423352607309e+02 2.97214971506795e+02 3.26747083064527e+20 2.80614365044527e+16 7.15969961850999e+15 5.50471591953163e+15 1.66190396896710e+13 5.44832138486066e+16 2.63604810203382e+15 2.24529632954146e+08 1.36906097286186e+15 1.53940763183008e+13 5.51738178865903e+07 3.26799390177449e+20 1.16776137695456e+16 1.80690241246339e+12 3.49106477423363e+15 5.24394967900018e+14 1.15517005501863e+06 3.22435581999844e+08 
7.47086864640188e-05 3.06515558309616e+02 2.93679636011904e+02 3.26739597367241e+20 3.13031485731168e+16 7.93643067811079e+15 5.80221342586475e+15 1.86128913368100e+13 6.11148819829794e+16 2.64102837890022e+15 2.35202329103588e+08 1.51692924220453e+15 1.90882708413137e+13 7.17522044357510e+07 3.26798020019575e+20 1.25876141683867e+16 1.89072934724626e+12 3.92771112438416e+15 5.47822190550460e+14 1.31022144259835e+06 3.98297282940909e+08 
8.24445155510722e-05 3.01665711641013e+02 2.90851279233099e+02 3.26732162779506e+20 3.45446041549090e+16 8.69652298846958e+15 6.06362368280007e+15 2.06117295019240e+13 6.77536101882219e+16 2.64326359209682e+15 2.46011699941014e+08 1.66268763242083e+15 2.31637477677281e+13 9.08449795464844e+07 3.26796717382682e+20 1.34304919163675e+16 1.96314377881015e+12 4.36776650292207e+15 5.67453458989918e+14 1.46655995862007e+06 4.80967703031597e+08 
9.01803446381256e-05 2.98000317489609e+02 2.88575003154177e+02 3.26724774464941e+20 3.77857775231825e+16 9.44032134982956e+15 6.29379932101930e+15 2.26136857291090e+13 7.43972719423857e+16 2.64428129391922e+15 2.56910966078114e+08 1.80634211922731e+15 2.76161100976637e+13 1.12441401984037e+08 3.26795476842625e+20 1.42116091440450e+16 2.02543982493212e+12 4.81067863859042e+15 5.83901767577527e+14 1.62384007309834e+06 5.70051397024463e+08 
1.01047301254940e-04 2.94187489186493e+02 2.85242743625471e+02 3.26714468489221e+20 4.23383147084011e+16 1.04576666230189e+16 6.57030759159030e+15 2.54280515675180e+13 8.37365588996249e+16 2.64446171688550e+15 2.72301758885488e+08 2.00460067910908e+15 3.44987301972706e+13 1.46906862691986e+08 3.26793830988976e+20 1.52125577209100e+16 2.09797759622042e+12 5.43683289878853e+15 6.02579906360357e+14 1.84593724480339e+06 7.05281607990859e+08 
1.11914257871754e-04 2.91326934181892e+02 2.83771692348037e+02 3.26704240277389e+20 4.68901903395668e+16 1.14431517260920e+16 6.79977981264672e+15 2.82411012505478e+13 9.30816196526179e+16 2.64398051444070e+15 2.87717808814211e+08 2.19873964404604e+15 4.21041631608469e+13 1.86094720462494e+08 3.26792288113836e+20 1.61109719115540e+16 2.15578120604220e+12 6.06666942754995e+15 6.17146376812036e+14 2.06908719869893e+06 8.51355863986955e+08 
1.22781214488569e-04 2.89005453663671e+02 2.82700686130576e+02 3.26694082064395e+20 5.14413593488699e+16 1.23973766072650e+16 6.98996349578793e+15 3.10492296316621e+13 1.02431103081658e+17 2.64322713321175e+15 3.03107728290305e+08 2.38877989189339e+15 5.04201755757799e+13 2.29922093961867e+08 3.26790837913047e+20 1.69170631197138e+16 2.20162198676664e+12 6.69936334916004e+15 6.28516039560282e+14 2.29305478115513e+06 1.00727937929672e+09 
1.33648171105383e-04 2.87084427706520e+02 2.81852628438361e+02 3.26683986533211e+20 5.59917863330509e+16 1.33211983530111e+16 7.14777642530642e+15 3.38493769387967e+13 1.11784012841909e+17 2.64244205977094e+15 3.18439090201445e+08 2.57474393056183e+15 5.94345266516007e+13 2.78323837442723e+08 3.26789470877730e+20 1.76402692134586e+16 2.23782392757490e+12 7.33428184429415e+15 6.37390400066019e+14 2.51758396775110e+06 1.17211980482891e+09 
1.44515127722197e-04 2.85518099783497e+02 2.81165462783674e+02 3.26673947388201e+20 6.05414419758426e+16 1.42155394678940e+16 7.27895996555904e+15 3.66389379530710e+13 1.21139602125830e+17 2.64176520749236e+15 3.33693336942277e+08 2.75665582551919e+15 6.91349752548458e+13 3.31222939078975e+08 3.26788178408492e+20 1.82891346911633e+16 2.26621394494409e+12 7.97093311435309e+15 6.44314328157279e+14 2.74244535906902e+06 1.34501277663568e+09 
1.65915990431463e-04 2.83262801865896e+02 2.80615126962267e+02 3.26654323444825e+20 6.94989684431177e+16 1.58939818321781e+16 7.47533932723714e+15 4.20935704354171e+13 1.39570033614538e+17 2.64085638587993e+15 3.63467315433549e+08 3.10315857546301e+15 9.01973186486445e+13 4.48137632670870e+08 3.26785823153195e+20 1.93774205933563e+16 2.30424266768025e+12 9.22846671906895e+15 6.53711727417726e+14 3.18571132302341e+06 1.70610833313222e+09 
1.87316853140728e-04 2.81793143676156e+02 2.79838680566563e+02 3.26634867659454e+20 7.84532465819786e+16 1.74679877813968e+16 7.61198256186112e+15 4.74846680304255e+13 1.58005881614045e+17 2.64056038565205e+15 3.92859741942851e+08 3.43425791441035e+15 1.13779903070296e+14 5.81256481532265e+08 3.26783678135613e+20 2.02559517053453e+16 2.32547891847355e+12 1.04891685734381e+16 6.59474722788899e+14 3.62887572170590e+06 2.09010628875222e+09 
2.08717715849993e-04 2.80817593485144e+02 2.79343002914952e+02 3.26615556590968e+20 8.74041497131964e+16 1.89437880532638e+16 7.70737299928009e+15 5.28013164323179e+13 1.76445245830462e+17 2.64069275781997e+15 4.21876159509965e+08 3.75018418921805e+15 1.39789804025289e+14 7.29726628672704e+08 3.26781702517992e+20 2.09654227222515e+16 2.33543822740999e+12 1.17517101070019e+16 6.63069430414365e+14 4.07151454911660e+06 2.49258236858829e+09 
2.30118578559258e-04 2.80156380766852e+02 2.79018518846320e+02 3.26596372871805e+20 9.63515797499409e+16 2.03273389265246e+16 7.77380785928416e+15 5.80352784665047e+13 1.94886832282267e+17 2.64108954731143e+15 4.50535790720329e+08 4.05118723663602e+15 1.68134609731059e+14 8.92744375630859e+08 3.26779863827752e+20 2.15382287619182e+16 2.33769273647677e+12 1.30153431911351e+16 6.65317874263005e+14 4.51342687738833e+06 2.90997659949632e+09 
2.51519441268523e-04 2.79706671437995e+02 2.78800667857981e+02 3.26577302955070e+20 1.05295457483635e+17 2.16243111684474e+16 7.81983342839170e+15 6.31801967208640e+13 2.13329597982453e+17 2.64167394259525e+15 4.78869166748426e+08 4.33753417020124e+15 1.98722585098174e+14 1.06957524726339e+09 3.26778135941869e+20 2.20004490754769e+16 2.33472327679186e+12 1.42796201662240e+16 6.66709008506432e+14 4.95452569340242e+06 3.33941994384354e+09 
2.89330414624437e-04 2.79254999081239e+02 2.78653466651261e+02 3.26543857352314e+20 1.21088598717737e+17 2.37202536770935e+16 7.86784451416764e+15 7.20390121179511e+13 2.45914528654854e+17 2.64303768038721e+15 5.28259137931829e+08 4.80851507067164e+15 2.57970435366111e+14 1.41377517437949e+09 3.26775294164412e+20 2.26065186590597e+16 2.32165882675251e+12 1.65141387133905e+16 6.67910616686746e+14 5.73186301073015e+06 4.12105584559982e+09 
3.27141387980351e-04 2.79029074671096e+02 2.78506413264390e+02 3.26510686608270e+20 1.36870153266339e+17 2.55898494015679e+16 7.89267498857891e+15 8.05860955428178e+13 2.78496360962578e+17 2.64463640858300e+15 5.76970896656176e+08 5.23629536934324e+15 3.23444163303801e+14 1.79572437652575e+09 3.26772644784228e+20 2.30207159262775e+16 2.30409058684357e+12 1.87488110962056e+16 6.68437916341618e+14 6.50676080041409e+06 4.92352093550331e+09 
3.64952361336265e-04 2.78909811249664e+02 2.78433156296225e+02 3.26477756167551e+20 1.52639891934543e+17 2.72578265996507e+16 7.90596446090884e+15 8.88107105004670e+13 3.11071771180167e+17 2.64634691240600e+15 6.25148019487561e+08 5.62264001986743e+15 3.94661281646073e+14 2.21254151103676e+09 3.26770125662397e+20 2.33051610579461e+16 2.28511250243902e+12 2.09832206952112e+16 6.68723177190650e+14 7.27954477910469e+06 5.74009372131763e+09 
4.02763334692178e-04 2.78848655172174e+02 2.78394565489176e+02 3.26445040265793e+20 1.68397637697864e+17 2.87462161137044e+16 7.91283337607959e+15 9.67091501249773e+13 3.43637937613996e+17 2.64811446905675e+15 6.72893938016153e+08 5.96940935238111e+15 4.71152909212012e+14 2.66170496519269e+09 3.26767696184965e+20 2.35004770005459e+16 2.26607965720379e+12 2.32172438576411e+16 6.68879709977626e+14 8.05059928106868e+06 6.56640454427007e+09 
4.40574308048092e-04 2.78821299960077e+02 2.78374799121478e+02 3.26412517772881e+20 1.84143247023946e+17 3.00746585813130e+16 7.91589971693988e+15 1.04282816113213e+14 3.76192334580376e+17 2.64991224445750e+15 7.20324022859902e+08 6.27853234849276e+15 5.52465347664429e+14 3.14095115097473e+09 3.26765328964324e+20 2.36340623970024e+16 2.24784212414198e+12 2.54508242705948e+16 6.68951945418592e+14 8.82030021054924e+06 7.39949244296278e+09 
5.05512780146254e-04 2.78810798312800e+02 2.78365963293706e+02 3.26357063022728e+20 2.11156911216300e+17 3.20313803540937e+16 7.91662955639937e+15 1.16551958586724e+14 4.32069124118566e+17 2.65302216651701e+15 8.01357825112591e+08 6.72733301330790e+15 7.02122700670192e+14 4.02849804673500e+09 3.26761359805451e+20 2.37683061496733e+16 2.21988623028910e+12 2.92857248721927e+16 6.68992977288065e+14 1.01400494739488e+07 8.84075560297942e+09 
5.70451252244415e-04 2.78808602236297e+02 2.78362574526557e+02 3.26302047963907e+20 2.38133972884068e+17 3.36435221878764e+16 7.91583133338868e+15 1.27928053034835e+14 4.87894671197340e+17 2.65612646582920e+15 8.82147519976921e+08 7.08105746791680e+15 8.62632628064030e+14 4.98948302536647e+09 3.26757456742092e+20 2.38380400390959e+16 2.19712214257853e+12 3.31190484395375e+16 6.69020193517451e+14 1.14583317672277e+07 1.02891699717420e+10 
6.35389724342577e-04 2.78805696978272e+02 2.78361868516493e+02 3.26247410130869e+20 2.65074109484150e+17 3.49743376796580e+16 7.91485991648075e+15 1.38476447827902e+14 5.43660876913843e+17 2.65922416710362e+15 9.62868108670066e+08 7.34983539709260e+15 1.03206302663455e+15 6.01565513796855e+09 3.26753586930590e+20 2.38761030616744e+16 2.17928740619489e+12 3.69507766802704e+16 6.69056813843440e+14 1.27763723896144e+07 1.17411210795114e+10 
7.00328196440738e-04 2.78805395194218e+02 2.78360933444702e+02 3.26193099472583e+20 2.91977121511040e+17 3.60748980271493e+16 7.91363809064175e+15 1.48274908374662e+14 5.99361448883072e+17 2.66231993336758e+15 1.04367422187905e+09 7.54360521099260e+15 1.20865955987499e+15 7.09968688496084e+09 3.26749736121186e+20 2.38967154768665e+16 2.16580321897372e+12 4.07809507044512e+16 6.69091807386458e+14 1.40951516750221e+07 1.31950137256335e+10 
7.65266668538900e-04 2.78808416399254e+02 2.78360839232324e+02 3.26139074399172e+20 3.18842898601395e+17 3.69868687742310e+16 7.91212583409824e+15 1.57406126558889e+14 6.54991610748783e+17 2.66541221267470e+15 1.12473979994006e+09 7.67190927036910e+15 1.39084603971862e+15 8.23499374423774e+09 3.26745897090835e+20 2.39070490275805e+16 2.15612154835297e+12 4.46096269823778e+16 6.69120555941625e+14 1.54154061375979e+07 1.46500227872383e+10 
8.96161716391549e-04 2.78812802289227e+02 2.78361818310786e+02 3.26030915323211e+20 3.72882443342533e+17 3.83768396623059e+16 7.90899975496779e+15 1.74115545211760e+14 7.66898727011804e+17 2.67161293859901e+15 1.28937641748163e+09 7.76699321425717e+15 1.76975459261276e+15 1.06570519223075e+10 3.26738179265128e+20 2.39117066006425e+16 2.14711875711405e+12 5.23227457244633e+16 6.69176013379872e+14 1.80834406479058e+07 1.75845562723233e+10 
1.02705676424420e-03 2.78814261373888e+02 2.78363241591973e+02 3.25923555522031e+20 4.26770806304626e+17 3.93456559194418e+16 7.90601139433088e+15 1.89070381032433e+14 8.78490922355892e+17 2.67778308046500e+15 1.45597457604646e+09 7.69791140831243e+15 2.15643549949136e+15 1.32239228221429e+10 3.26730471297591e+20 2.39116523509305e+16 2.14852755281748e+12 6.00307076372451e+16 6.69231540796888e+14 2.07621996936861e+07 2.05195370111898e+10 
1.15795181209685e-03 2.78814581195372e+02 2.78363719514747e+02 3.25816834971918e+20 4.80508670420089e+17 4.00380220131808e+16 7.90315688093776e+15 2.02798193464186e+14 9.89763785536913e+17 2.68393143051483e+15 1.62436227323258e+09 7.51926175204738e+15 2.54380078435665e+15 1.59028472612256e+10 3.26722767741662e+20 2.39116303188192e+16 2.15669311207951e+12 6.77342166156837e+16 6.69289419700138e+14 2.34517630039057e+07 2.34546278933921e+10 
1.28884685994950e-03 2.78815511826913e+02 2.78363829408816e+02 3.25710645183028e+20 5.34097013135162e+17 4.05450616309395e+16 7.90029503663887e+15 2.15709531088721e+14 1.10072220229908e+18 2.69006012600314e+15 1.79433512361421e+09 7.27359173710493e+15 2.92701745090679e+15 1.86680894763578e+10 3.26715068788381e+20 2.39107544323411e+16 2.16901756847926e+12 7.54339721420653e+16 6.69347797433312e+14 2.61514849636860e+07 2.63901699937743e+10 
1.41974190780215e-03 2.78816838380063e+02 2.78364136622301e+02 3.25604909645251e+20 5.87536879395089e+17 4.09262029584142e+16 7.89740122730341e+15 2.28102237827488e+14 1.21137597073127e+18 2.69617014662061e+15 1.96577041180090e+09 6.99249369268931e+15 3.30300674102753e+15 2.14993232113210e+10 3.26707374026579e+20 2.39088101962736e+16 2.18363204104048e+12 8.31306023608594e+16 6.69406063423912e+14 2.88596885091452e+07 2.93264220323571e+10 
1.59522602810890e-03 2.78818334670401e+02 2.78364571755498e+02 3.25463775014922e+20 6.58949679372434e+17 4.13062946967134e+16 7.89354018974868e+15 2.44237308104660e+14 1.35926693218499e+18 2.70433447490989e+15 2.19727082993888e+09 6.59705723921006e+15 3.79293570167527e+15 2.53716260327009e+10 3.26697062419066e+20 2.39058419675086e+16 2.20441414570969e+12 9.34450743475263e+16 6.69485094032085e+14 3.25009905311172e+07 3.32642466165406e+10 
1.77071014841565e-03 2.78819523471858e+02 2.78365063981527e+02 3.25323261530779e+20 7.30099518373322e+17 4.15976774668681e+16 7.88971454288153e+15 2.60105492568536e+14 1.50665967524875e+18 2.71247044958522e+15 2.42961789480544e+09 6.21168756865279e+15 4.26486602058087e+15 2.93039403556006e+10 3.26686754263448e+20 2.39031088184158e+16 2.22443586441419e+12 1.03755858668222e+17 6.69565576046797e+14 3.61492550737313e+07 3.72039368628987e+10 
1.94619426872240e-03 2.78820674238144e+02 2.78365456876659e+02 3.25183308729524e+20 8.00988183611535e+17 4.18383134103013e+16 7.88591014158131e+15 2.75854854775521e+14 1.65357936810246e+18 2.72058036827807e+15 2.66217578893694e+09 5.85297446323375e+15 4.71882369852796e+15 3.32742467058986e+10 3.26676448890009e+20 2.39006034845731e+16 2.24253016268981e+12 1.14063633536919e+17 6.69647440375751e+14 3.98014155781135e+07 4.11458113800360e+10 
2.12167838902915e-03 2.78821854642893e+02 2.78365837496411e+02 3.25043879823017e+20 8.71617205542079e+17 4.20484221395668e+16 7.88211585241557e+15 2.91538241073143e+14 1.80004769700269e+18 2.72866580392679e+15 2.89447220181288e+09 5.52635928053368e+15 5.15591453328462e+15 3.72668867210283e+10 3.26666146084636e+20 2.38980866654970e+16 2.25829927784001e+12 1.24368852918155e+17 6.69730534027819e+14 4.34552679772583e+07 4.50901083926327e+10 
2.29716250933591e-03 2.78823002797782e+02 2.78366227708917e+02 3.24904950711973e+20 9.41987937794181e+17 4.22395682832148e+16 7.87833364630331e+15 3.07166289394133e+14 1.94608280504177e+18 2.73672784551754e+15 3.12617583781241e+09 5.23195398710952e+15 5.57760308252055e+15 4.12705537390972e+10 3.26655845593871e+20 2.38954988962319e+16 2.27171518572015e+12 1.34671829779732e+17 6.69814840376142e+14 4.71093446278134e+07 4.90369748774375e+10 
2.67482012970503e-03 2.78825343650493e+02 2.78366607515985e+02 3.24607566084965e+20 1.09256359366526e+18 4.26208274555809e+16 7.87024287732631e+15 3.40581518572862e+14 2.25898217034265e+18 2.75400375978714e+15 3.62217068236966e+09 4.69517032191414e+15 6.44151576283476e+15 4.98825390760201e+10 3.26633684283148e+20 2.38899495365532e+16 2.29338805035185e+12 1.56838474259553e+17 6.70000259178032e+14 5.49707797375844e+07 5.75402122834476e+10 
2.98637552204415e-03 2.78827203402693e+02 2.78367382908092e+02 3.24363851290434e+20 1.21589493851358e+18 4.29150177512792e+16 7.86361414646387e+15 3.67839890024868e+14 2.51572851958461e+18 2.76818140308650e+15 4.02732575970079e+09 4.33449799830868e+15 7.11423682733462e+15 5.69666062736315e+10 3.26615408053285e+20 2.38853946376309e+16 2.30525580957662e+12 1.75119083229098e+17 6.70157153543044e+14 6.14497787927470e+07 6.45647421377610e+10 
3.29793091438328e-03 2.78829024358429e+02 2.78367999560593e+02 3.24121552793807e+20 1.33842938717999e+18 4.32024763248369e+16 7.85702469300113e+15 3.94753413338410e+14 2.77127748908794e+18 2.78229471499396e+15 4.42928634551445e+09 4.03051962772010e+15 7.75732736386528e+15 6.40121675424098e+10 3.26597136715786e+20 2.38808645925559e+16 2.31287256459349e+12 1.93394775872420e+17 6.70317397199410e+14 6.79232127109171e+07 7.15981950198753e+10 
3.60948630672241e-03 2.78830812719372e+02 2.78368603713778e+02 3.23880641649411e+20 1.46017268549160e+18 4.34866793778359e+16 7.85047359531134e+15 4.21282425334856e+14 3.02566805633548e+18 2.79634569724445e+15 4.82769633937271e+09 3.77053164563067e+15 8.37535187887628e+15 7.10099607314514e+10 3.26578869838646e+20 2.38763494821125e+16 2.31721489993700e+12 2.11665993289016e+17 6.70480838976817e+14 7.43902249553999e+07 7.86407002946120e+10 
3.92104169906154e-03 2.78832573287107e+02 2.78369197369832e+02 3.23641095331970e+20 1.58113039893293e+18 4.37685362657924e+16 7.84396021964688e+15 4.47406400090489e+14 3.27893160344402e+18 2.81033592394902e+15 5.22257051421202e+09 3.54507028116527e+15 8.97183618735804e+15 7.79555726221735e+10 3.26560607069072e+20 2.38718472164429e+16 2.31900490769192e+12 2.29933089765904e+17 6.70647354295849e+14 8.08506451508960e+07 8.56923520235646e+10 
4.33298920225081e-03 2.78834865045699e+02 2.78369782078859e+02 3.23326425570234e+20 1.73986670952225e+18 4.41378939237725e+16 7.83540501647133e+15 4.81315957111296e+14 3.61211438931008e+18 2.82874295649420e+15 5.73929097349830e+09 3.28922314570298e+15 9.73175829732598e+15 8.70564464830352e+10 3.26536465349669e+20 2.38659150298381e+16 2.31828774151689e+12 2.54080507999124e+17 6.70872080897449e+14 8.93824055588510e+07 9.50303956293623e+10 
4.74493670544009e-03 2.78837122141691e+02 2.78370543578093e+02 3.23014070461483e+20 1.89725092338430e+18 4.45036871248145e+16 7.82691351790804e+15 5.14509088107290e+14 3.94342112634857e+18 2.84704848079335e+15 6.24990573149686e+09 3.07073566696656e+15 1.04636805082222e+16 9.60617644774888e+10 3.26512329721352e+20 2.38600069621190e+16 2.31489465696150e+12 2.78221808688936e+17 6.71101805959398e+14 9.79022185376683e+07 1.04384664388153e+11 
5.15688420862937e-03 2.78839349547478e+02 2.78371293931832e+02 3.22703994719449e+20 2.05329538139741e+18 4.48660202341194e+16 7.81848463351436e+15 5.47001804387944e+14 4.27289445406208e+18 2.86525464365848e+15 6.75438489259225e+09 2.88121624447243e+15 1.11715653936194e+16 1.04972408648450e+11 3.26488199698254e+20 2.38541226039002e+16 2.30953398414244e+12 3.02357477569556e+17 6.71336362513843e+14 1.06410166863825e+08 1.13755243469957e+11 
5.56883171181864e-03 2.78841550453770e+02 2.78372034745050e+02 3.22396167101399e+20 2.20801203742401e+18 4.52250253507423e+16 7.81011743230636e+15 5.78818147459521e+14 4.60056953150163e+18 2.88336321801902e+15 7.25292351398425e+09 2.71522457848508e+15 1.18583951018124e+16 1.13790015264671e+11 3.26464074880963e+20 2.38482612919621e+16 2.30262994887465e+12 3.26487914429369e+17 6.71575614562624e+14 1.14906199106904e+08 1.23142181690326e+11 
5.98077921500792e-03 2.78843727312643e+02 2.78372767047012e+02 3.22090559543520e+20 2.36141248920689e+18 4.55808186508865e+16 7.80181108122122e+15 6.09982064109124e+14 4.92647619235259e+18 2.90137571365762e+15 7.74563559921252e+09 2.56882222028999e+15 1.25265321108837e+16 1.22516251843110e+11 3.26439954938879e+20 2.38424226669530e+16 2.29451571553960e+12 3.50613450008092e+17 6.71819446665784e+14 1.23390374768845e+08 1.32545501143256e+11 
6.69022413357975e-03 2.78847425701779e+02 2.78373491628386e+02 3.21569382701196e+20 2.62254221397950e+18 4.61862151687524e+16 7.78764661638711e+15 6.62178751370903e+14 5.48366983599806e+18 2.93217474831653e+15 8.58087277982001e+09 2.35328728624455e+15 1.36386880084794e+16 1.37334675842708e+11 3.26398426930603e+20 2.38324200465106e+16 2.27853867634807e+12 3.92151030257109e+17 6.72249824252915e+14 1.37974700333620e+08 1.48778018973804e+11 
7.39966905215158e-03 2.78851066320747e+02 2.78374723264585e+02 3.21054595075649e+20 2.87985890178854e+18 4.67825570239575e+16 7.77365688979637e+15 7.12606353580275e+14 6.03580900752910e+18 2.96269849035525e+15 9.40004236277006e+09 2.17411873855310e+15 1.47090903691061e+16 1.51894551487602e+11 3.26356911439866e+20 2.38224826179165e+16 2.26069225181948e+12 4.33676016751678e+17 6.72693045929039e+14 1.52524238855941e+08 1.65059022302653e+11 
8.10911397072342e-03 2.78854655001211e+02 2.78375936368985e+02 3.20546087891502e+20 3.13341842542647e+18 4.73700493694039e+16 7.75983874139599e+15 7.61359394166102e+14 6.58299044712314e+18 2.99295188304286e+15 1.02036145122463e+10 2.02229598091467e+15 1.57438629949401e+16 1.66203264023218e+11 3.26315407583202e+20 2.38126091380730e+16 2.24187182521725e+12 4.75189293682923e+17 6.73148735648769e+14 1.67042293871217e+08 1.81388326291043e+11 
8.81855888929525e-03 2.78858195892783e+02 2.78377132818714e+02 3.20043762193978e+20 3.38327547765373e+18 4.79488845615575e+16 7.74618932482271e+15 8.08525637377954e+14 7.12529549939590e+18 3.02293910145602e+15 1.09922904186006e+10 1.89149974418724e+15 1.67475368057364e+16 1.80267620810755e+11 3.26273914708341e+20 2.38027985632181e+16 2.22257327406128e+12 5.16691514184787e+17 6.73616576037731e+14 1.81530195234626e+08 1.97765654959503e+11 
9.52800380786708e-03 2.78861691320786e+02 2.78378313947422e+02 3.19547523806523e+20 3.62948381598331e+18 4.85192377557973e+16 7.73270596502405e+15 8.54191775341822e+14 7.66279768138789e+18 3.05266392968952e+15 1.17669290538000e+10 1.77852364528315e+15 1.77236384064661e+16 1.94093908440705e+11 3.26232432241662e+20 2.37930499385097e+16 2.20282927854570e+12 5.58183253084845e+17 6.74096284770528e+14 1.95986099641816e+08 2.14190695462105e+11 
1.05902726728738e-02 2.78866845743270e+02 2.78379480499045e+02 3.18815683173024e+20 3.99143051611886e+18 4.93577235820632e+16 7.71282199953392e+15 9.19917072794169e+14 8.45877589608833e+18 3.09668845415685e+15 1.29016038136166e+10 1.63497469074262e+15 1.91400299705544e+16 2.14364025051893e+11 3.26170338064372e+20 2.37785670076330e+16 2.17325010390231e+12 6.20291178265182e+17 6.74836200354764e+14 2.17577710240997e+08 2.38872744502596e+11 
1.16525415378806e-02 2.78871910358974e+02 2.78381201756856e+02 3.18097012379681e+20 4.34548860659024e+18 5.01780282846351e+16 7.69329676874895e+15 9.82653100191286e+14 9.24433148571109e+18 3.14014262249083e+15 1.40077561835060e+10 1.51506041159220e+15 2.05088769868916e+16 2.34132006856700e+11 3.26108265110795e+20 2.37642183407842e+16 2.14408617180774e+12 6.82377719672322e+17 6.75601391480423e+14 2.39108869063153e+08 2.63659681622387e+11 
1.27148104028873e-02 2.78876889854193e+02 2.78382894212051e+02 3.17391247812208e+20 4.69182742576079e+18 5.09806028660260e+16 7.67412285012414e+15 1.04259833769133e+15 1.00196412321005e+19 3.18303567721849e+15 1.50870506626509e+10 1.41298110062543e+15 2.18358767661719e+16 2.53415052907805e+11 3.26046212567356e+20 2.37500015323968e+16 2.11565000286079e+12 7.44443693654009e+17 6.76391180258786e+14 2.60584442782150e+08 2.88550095538308e+11 
1.37770792678940e-02 2.78881787470614e+02 2.78384559356794e+02 3.16698136617943e+20 5.03061249935057e+18 5.17658699966991e+16 7.65529315550019e+15 1.09993821333082e+15 1.07848691716279e+19 3.22537623568088e+15 1.61408819078099e+10 1.32548386587617e+15 2.31254687585243e+16 2.72229361045600e+11 3.25984179777633e+20 2.37359143210258e+16 2.08797829296325e+12 8.06489759478900e+17 6.77204947598045e+14 2.82003948677531e+08 3.13542533251695e+11 
1.48393481329008e-02 2.78886606334907e+02 2.78386198216827e+02 3.16017436174583e+20 5.36200563574116e+18 5.25342305446230e+16 7.63680089161986e+15 1.15483428847829e+15 1.15401685235046e+19 3.26717238157701e+15 1.71707636311284e+10 1.24945830088989e+15 2.43812843158144e+16 2.90590243460639e+11 3.25922166249135e+20 2.37219545776207e+16 2.06127746940403e+12 8.68516412135508e+17 6.78042119635968e+14 3.03374143402328e+08 3.38635505840653e+11 
1.59016169979075e-02 2.78891348572737e+02 2.78387811781883e+02 3.15348911199138e+20 5.68616511028764e+18 5.32860685420848e+16 7.61863949873284e+15 1.20743117638088e+15 1.22856853968852e+19 3.30843183819682e+15 1.81780179155604e+10 1.18325547203196e+15 2.56063016527292e+16 3.08512265604407e+11 3.25860171552570e+20 2.37081202678830e+16 2.03535745758197e+12 9.30524083678329e+17 6.78902158289746e+14 3.24690047012827e+08 3.63827501145789e+11 
1.73019688952299e-02 2.78897487324573e+02 2.78389400718448e+02 3.14485843347552e+20 6.10270003571735e+18 5.42525739860619e+16 7.59519297077815e+15 1.27347186933739e+15 1.32537555641841e+19 3.36201485245556e+15 1.94728014931393e+10 1.10705329450404e+15 2.71780454674865e+16 3.31490913921386e+11 3.25778474470532e+20 2.36900714356545e+16 2.00286938614136e+12 1.01223804578956e+18 6.80070018605793e+14 3.52727885813630e+08 3.97185924156752e+11 
1.87023207925522e-02 2.78903501290682e+02 2.78391459086565e+02 3.13643039631955e+20 6.50727812756763e+18 5.51918418190636e+16 7.57229653831402e+15 1.33602992236267e+15 1.42053647797874e+19 3.41469391969160e+15 2.07321897764291e+10 1.04148066668805e+15 2.87047829352537e+16 3.53761146319302e+11 3.25696809159431e+20 2.36722330320044e+16 1.97197456489772e+12 1.09391998698801e+18 6.81275667015474e+14 3.80689944244984e+08 4.30710208797459e+11 
2.01026726898746e-02 2.78909394161233e+02 2.78393477285930e+02 3.12820013909465e+20 6.90023567818209e+18 5.61046618496555e+16 7.54993671453283e+15 1.39535973791853e+15 1.51408022570210e+19 3.46648452530763e+15 2.19582461805982e+10 9.84584645209706e+14 3.01900895391031e+16 3.75351468587008e+11 3.25615175260579e+20 2.36546009935731e+16 1.94263682322968e+12 1.17557027108110e+18 6.82518087325214e+14 4.08581617754500e+08 4.64396820529275e+11 
2.15030245871970e-02 2.78915169353006e+02 2.78395456468338e+02 3.12016296379921e+20 7.28189920551699e+18 5.69917976134671e+16 7.52810048749928e+15 1.45168752088893e+15 1.60603458525851e+19 3.51740159152243e+15 2.31527041825566e+10 9.34636192339343e+14 3.16368662562760e+16 3.96288848670461e+11 3.25533572543269e+20 2.36371714199315e+16 1.91481063414365e+12 1.25718913368448e+18 6.83796321013504e+14 4.36409050711159e+08 4.98242230631556e+11 
2.29033764845194e-02 2.78920829921076e+02 2.78397397699327e+02 3.11231431477219e+20 7.65258599970941e+18 5.78539887474089e+16 7.50677526076635e+15 1.50522042012154e+15 1.69642644849516e+19 3.56745960335677e+15 2.43171469997645e+10 8.90396329838356e+14 3.30474916618571e+16 4.16598910500383e+11 3.25452000865134e+20 2.36199405404414e+16 1.88840796442843e+12 1.33877672193519e+18 6.85109458522373e+14 4.64176825658223e+08 5.32242931412108e+11 
2.53474694074919e-02 2.78930443050538e+02 2.78399301929377e+02 3.09905432172788e+20 8.27417471451840e+18 5.93011545381773e+16 7.47074355894108e+15 1.59249452013360e+15 1.85052520648547e+19 3.65281162530434e+15 2.62818426793255e+10 8.24518063544787e+14 3.54285767924387e+16 4.50615893283147e+11 3.25309704526261e+20 2.35903319366204e+16 1.84538627747045e+12 1.48110027974868e+18 6.87482391249497e+14 5.12500002852020e+08 5.91947447052389e+11 
2.77915623304643e-02 2.78939729517977e+02 2.78402539334389e+02 3.08633255105024e+20 8.86483815620805e+18 6.06781406506171e+16 7.43616899324590e+15 1.67271340807374e+15 2.00007806040145e+19 3.73566247793968e+15 2.81660285585039e+10 7.69331939069694e+14 3.77142252840059e+16 4.82916980190840e+11 3.25167502402065e+20 2.35612987198757e+16 1.80607723112139e+12 1.62332894398152e+18 6.89954683494447e+14 5.60678028189964e+08 6.52096283519614e+11 
3.02356552534368e-02 2.78948701640422e+02 2.78405671021722e+02 3.07412731512542e+20 9.42608252030958e+18 6.19884029291404e+16 7.40299193168516e+15 1.74664856757230e+15 2.14521479421570e+19 3.81608274885069e+15 2.99754125997903e+10 7.22902264067420e+14 3.99113379492950e+16 5.13613422450786e+11 3.25025394630070e+20 2.35328228638794e+16 1.76987806502266e+12 1.76546259980131e+18 6.92522290614975e+14 6.08705585805400e+08 7.12671737193850e+11 
3.26797481764093e-02 2.78957371413915e+02 2.78408700814180e+02 3.06241793905397e+20 9.95933882836379e+18 6.32352179421994e+16 7.37115561835454e+15 1.81495721324966e+15 2.28606045259847e+19 3.89414065419399e+15 3.17147070512577e+10 6.83064804787724e+14 4.20253944096137e+16 5.42807538913209e+11 3.24883381620651e+20 2.35048870869426e+16 1.73657325666295e+12 1.90750085812439e+18 6.95181435356388e+14 6.56609291002217e+08 7.73656580631039e+11 
3.51238410993818e-02 2.78965749854711e+02 2.78411632446380e+02 3.05118464927492e+20 1.04659688073661e+19 6.44216973419773e+16 7.34060585642333e+15 1.87821021011247e+15 2.42273615714578e+19 3.96990240049096e+15 3.33887165452510e+10 6.48547573567977e+14 4.40608835579812e+16 5.70594198784690e+11 3.24741463915251e+20 2.34774747340514e+16 1.70577127656533e+12 2.04944319813346e+18 6.97928556061986e+14 7.04394946467290e+08 8.35033976434562e+11 
3.85192658456899e-02 2.78976925458935e+02 2.78414469349389e+02 3.03633390148682e+20 1.11280131909731e+19 6.59753451888216e+16 7.30020395617181e+15 1.95860893846835e+15 2.60590966744542e+19 4.07146272129389e+15 3.56120889954134e+10 6.07612020537638e+14 4.67652168392847e+16 6.07022836683211e+11 3.24544465945655e+20 2.34402312241184e+16 1.66669962762993e+12 2.24647440816459e+18 7.01884748339662e+14 7.70605396570928e+08 9.20922929576134e+11 
4.19146905919981e-02 2.78987585509410e+02 2.78418259339860e+02 3.02231728194643e+20 1.17444444489183e+19 6.74256918560361e+16 7.26205358888154e+15 2.03137711215005e+15 2.78156662418458e+19 4.16888330490612e+15 3.77247256388474e+10 5.73032925532257e+14 4.93339798170543e+16 6.41117297864119e+11 3.24347655034187e+20 2.34039255896944e+16 1.63139989591904e+12 2.44331746276358e+18 7.05995914044405e+14 8.36637028440622e+08 1.00749649385664e+12 
4.53101153383062e-02 2.78997754726028e+02 2.78421881104158e+02 3.00908915714840e+20 1.23183357956475e+19 6.87797067287030e+16 7.22603041384077e+15 2.09746682555842e+15 2.95000110869480e+19 4.26232624878346e+15 3.97342831962137e+10 5.43748634540741e+14 5.17748392260762e+16 6.73069580730268e+11 3.24151032984352e+20 2.33685182312385e+16 1.59928657114129e+12 2.63997060643600e+18 7.10254263828727e+14 9.02478249338690e+08 1.09471496353935e+12 
4.87055400846143e-02 2.79007457043748e+02 2.78425342396108e+02 2.99660658148370e+20 1.28525512505748e+19 7.00438812413067e+16 7.19201759816132e+15 2.15770679547208e+15 3.11149580883715e+19 4.35194768653108e+15 4.16476109630639e+10 5.18135207256368e+14 5.40941750751242e+16 7.03052876881473e+11 3.23954601959136e+20 2.33339713838101e+16 1.57008138165469e+12 2.83643172154800e+18 7.14652529437258e+14 9.68204229998162e+08 1.18254055151003e+12 
5.21009648309224e-02 2.79016714292108e+02 2.78428650753050e+02 2.98482902617105e+20 1.33497646292649e+19 7.12242607578175e+16 7.15990507965076e+15 2.21278722811724e+15 3.26632329540923e+19 4.43789840275524e+15 4.34706028296388e+10 4.95964289996282e+14 5.62977388830591e+16 7.31223849445463e+11 3.23758363983818e+20 2.33002488997175e+16 1.54329436500732e+12 3.03269882627130e+18 7.19183933360506e+14 1.03377342149830e+09 1.27093743039861e+12 
5.83375405823655e-02 2.79032644401935e+02 2.78431813061320e+02 2.96487608789648e+20 1.41768181377406e+19 7.31968343600554e+16 7.10545088957062e+15 2.30274030570701e+15 3.53442700208593e+19 4.58682425767586e+15 4.66038932869361e+10 4.61788174490921e+14 6.00655474684903e+16 7.78748317433696e+11 3.23398433227860e+20 2.32403172808308e+16 1.49959068185969e+12 3.39268075088643e+18 7.27826731808608e+14 1.15389621157858e+09 1.43468910737193e+12 
6.45741163338086e-02 2.79047265353788e+02 2.78437268608765e+02 2.94695573216973e+20 1.49013120088133e+19 7.49369549985850e+16 7.05647081187753e+15 2.38000971436329e+15 3.78247502100876e+19 4.72471736750390e+15 4.94795085878123e+10 4.34177879934151e+14 6.34904128173564e+16 8.21376257166993e+11 3.23039172283959e+20 2.31828486374504e+16 1.46181544635169e+12 3.75199000158753e+18 7.36860870119676e+14 1.27365447033088e+09 1.60006655638603e+12 
7.08106920852517e-02 2.79060685091760e+02 2.78442292531041e+02 2.93087657916750e+20 1.55352971407286e+19 7.64718165338425e+16 7.01244732709744e+15 2.44694818642738e+15 4.01187042299111e+19 4.85235549440878e+15 5.21223190055081e+10 4.11167578475542e+14 6.65971541065364e+16 8.59759945829160e+11 3.22680593465202e+20 2.31276613900205e+16 1.42887770502708e+12 4.11061447929027e+18 7.46255168759249e+14 1.39317248569951e+09 1.76689263357339e+12 
7.70472678366947e-02 2.79073004328714e+02 2.78446919267491e+02 2.91646021415642e+20 1.60897858397841e+19 7.78261512083944e+16 6.97289989080824e+15 2.50536614506457e+15 4.22396551907708e+19 4.97049170622688e+15 5.45532980178124e+10 3.92043626036768e+14 6.94098682283942e+16 8.94439845341628e+11 3.22322707712016e+20 2.30745834212190e+16 1.39992331601117e+12 4.46854344583597e+18 7.55980491205360e+14 1.51237681042655e+09 1.93501286979925e+12 
8.49055527571376e-02 2.79087113524167e+02 2.78451181146287e+02 2.90039593374926e+20 1.66913163034482e+19 7.93115207486591e+16 6.92872668198838e+15 2.56909234504859e+15 4.46868433908202e+19 5.10699722338226e+15 5.73461676806540e+10 3.72057724848350e+14 7.25728448311811e+16 9.33584353407575e+11 3.21872763635716e+20 2.30104443397175e+16 1.36811297901407e+12 4.91853879946380e+18 7.68660424044790e+14 1.66221779224207e+09 2.14849519760707e+12 
9.27638376775804e-02 2.79099789082443e+02 2.78456081428461e+02 2.88643286644672e+20 1.71986471604298e+19 8.05820799948480e+16 6.89021216922603e+15 2.62365485371479e+15 4.69026675095709e+19 5.23082852085717e+15 5.98665362219027e+10 3.55400951955892e+14 7.53450877045980e+16 9.68323040719442e+11 3.21423955613822e+20 2.29491122066625e+16 1.34061729166505e+12 5.36739485003575e+18 7.81776135605065e+14 1.81177657465720e+09 2.36358447103399e+12 
1.00622122598023e-01 2.79111180083193e+02 2.78460503831443e+02 2.87432012715239e+20 1.76261088955257e+19 8.16699491359594e+16 6.85668356062028e+15 2.67073976942713e+15 4.89084472216416e+19 5.34317249009520e+15 6.21433039532275e+10 3.41471104893083e+14 7.77638765943984e+16 9.99289234323030e+11 3.20976301591812e+20 2.28903243658280e+16 1.31665500481479e+12 5.81509395833476e+18 7.95285005565886e+14 1.96102941387230e+09 2.58007894405839e+12 
1.08480407518466e-01 2.79121421419700e+02 2.78464496882734e+02 2.86383519511047e+20 1.79860321870444e+19 8.26027388605030e+16 6.82754495788577e+15 2.71165834715037e+15 5.07238479483778e+19 5.44512362364559e+15 6.42021925011047e+10 3.29650569308545e+14 7.98638637609187e+16 1.02700183856472e+12 3.20529818095318e+20 2.28338414642647e+16 1.29563333641360e+12 6.26161987786731e+18 8.09148005837984e+14 2.11002124425335e+09 2.79781205111311e+12 
1.24744213141600e-01 2.79139438668489e+02 2.78468104702973e+02 2.84654876231498e+20 1.85564165311423e+19 8.41306294448988e+16 6.77915160107226e+15 2.78070074160670e+15 5.39471209651729e+19 5.62702253096916e+15 6.78609748360707e+10 3.10126648037416e+14 8.33218712925185e+16 1.07575670642640e+12 3.19609540247450e+20 2.27234068042275e+16 1.25956046985831e+12 7.18197805965337e+18 8.38830576405809e+14 2.41772964028226e+09 3.25175107699455e+12 
1.41008018764733e-01 2.79153931613455e+02 2.78474503136472e+02 2.83400494750193e+20 1.89535878950567e+19 8.52545615404176e+16 6.74359527264123e+15 2.83421974683289e+15 5.65668999668755e+19 5.77616294258672e+15 7.08478050045286e+10 2.95583077279448e+14 8.57917568349134e+16 1.11532347632489e+12 3.18694456898629e+20 2.26203101122872e+16 1.23114269786344e+12 8.09713329116534e+18 8.69614979093732e+14 2.72444785584881e+09 3.70946017952551e+12 
1.57271824387867e-01 2.79165642485951e+02 2.78479712856049e+02 2.82507366264222e+20 1.92315968186507e+19 8.60960709870731e+16 6.71785319828428e+15 2.87665906896371e+15 5.87001191124653e+19 5.89901085074940e+15 7.33003441627453e+10 2.84244675254805e+14 8.74848321824272e+16 1.14784289931802e+12 3.17784667237909e+20 2.25231846695531e+16 1.20828946953258e+12 9.00698799197752e+18 9.01261979654323e+14 3.03051765351258e+09 4.17035414104012e+12 
1.73535630011001e-01 2.79175144115883e+02 2.78483980658407e+02 2.81891946715570e+20 1.94268175343493e+19 8.67377501355480e+16 6.69968296873378e+15 2.91083307679750e+15 6.04403605605563e+19 6.00069806389497e+15 7.53252924324843e+10 2.75330689920249e+14 8.85716649257792e+16 1.17488165043237e+12 3.16880247453013e+20 2.24309490498795e+16 1.18961508044220e+12 9.91146725387853e+18 9.33575294810368e+14 3.33581250111990e+09 4.63401650084178e+12 
1.89799435634134e-01 2.79182885532943e+02 2.78487497983925e+02 2.81491446664992e+20 1.95641747588517e+19 8.72367988773600e+16 6.68739377606844e+15 2.93882662868587e+15 6.18627677022711e+19 6.08531959342203e+15 7.70071641686453e+10 2.68053681612515e+14 8.91874467325706e+16 1.19760975122378e+12 3.15981260384325e+20 2.23427437516622e+16 1.17409156339448e+12 1.08105092587291e+19 9.66393517103321e+14 3.64055687692590e+09 5.10014883821596e+12 
2.17420243878695e-01 2.79192926686981e+02 2.78490415542874e+02 2.81178718331814e+20 1.97094278535708e+19 8.78612901842577e+16 6.67661870599109e+15 2.97603594034070e+15 6.37098934767608e+19 6.19856986805247e+15 7.92516033425672e+10 2.58668418456768e+14 8.94381712538103e+16 1.22866399473905e+12 3.14467070298005e+20 2.22003650503700e+16 1.15316174722093e+12 1.23247844092129e+19 1.02293181258889e+15 4.15638012193734e+09 5.89680709145780e+12 
2.45041052123255e-01 2.79200211652118e+02 2.78494308476488e+02 2.81175835059001e+20 1.97952202229533e+19 8.83251515535679e+16 6.67442523361209e+15 3.00471072468261e+15 6.50426013907748e+19 6.28439766511276e+15 8.09466727414150e+10 2.51666714966609e+14 8.90410196810317e+16 1.25292747343929e+12 3.12968812165413e+20 2.20650783153463e+16 1.13689237348792e+12 1.38231199887263e+19 1.07998479512621e+15 4.67021738197086e+09 6.69940490831677e+12 
2.72661860367816e-01 2.79205649032967e+02 2.78497255469902e+02 2.81368886505990e+20 1.98532252565542e+19 8.87051617431461e+16 6.67771021777209e+15 3.02788983253381e+15 6.60243232703104e+19 6.35158887668904e+15 8.22683911662351e+10 2.46222508871818e+14 8.82726806871356e+16 1.27253254460274e+12 3.11486538415900e+20 2.19350698933318e+16 1.12372767559931e+12 1.53054658173518e+19 1.13711862732603e+15 5.18192984959275e+09 7.50755263235240e+12 
3.00282668612376e-01 2.79209825965652e+02 2.78499565472650e+02 2.81688753935672e+20 1.98978587427122e+19 8.90387287251628e+16 6.68457110906103e+15 3.04735459223448e+15 6.67638932258069e+19 6.40593477616387e+15 8.33332435662033e+10 2.41824773406705e+14 8.73058671603618e+16 1.28890585790376e+12 3.10020224044741e+20 2.18091352673026e+16 1.11267643454234e+12 1.67718484102618e+19 1.19402880816980e+15 5.69138258330259e+09 8.32080707838850e+12 
3.27903476856937e-01 2.79213133922794e+02 2.78501438809332e+02 2.82091365087577e+20 1.99360516793170e+19 8.93453949239455e+16 6.69378539544852e+15 3.06428774359442e+15 6.73353098212481e+19 6.45135088066218e+15 8.42201037209869e+10 2.38141932242538e+14 8.62473863065489e+16 1.30301606495753e+12 3.08569790818652e+20 2.16864552383739e+16 1.10308986781579e+12 1.82223470375710e+19 1.25049882057799e+15 6.19849325058699e+09 9.13869938367514e+12 
3.71913197013075e-01 2.79217210842007e+02 2.78503009424981e+02 2.82837928485788e+20 1.99919007964195e+19 8.98037501534662e+16 6.71149289631212e+15 3.08783100094397e+15 6.80133622348825e+19 6.51133457095072e+15 8.53877215646471e+10 2.33256806541181e+14 8.45128420372169e+16 1.32231976321192e+12 3.06291253996440e+20 2.14964211624436e+16 1.08985881581394e+12 2.05009838538836e+19 1.33923976639010e+15 7.00154680818263e+09 1.04501939205804e+13 
4.15922917169213e-01 2.79220460992450e+02 2.78505092766395e+02 2.83644463295877e+20 2.00488701526569e+19 9.02488545010942e+16 6.73098479403759e+15 3.10890803043529e+15 6.85295783102489e+19 6.56266050641602e+15 8.63860988156253e+10 2.29115237263358e+14 8.28578897942510e+16 1.33932440820746e+12 3.04052161923226e+20 2.13116921826774e+16 1.07815950036394e+12 2.27401725506457e+19 1.42603591879456e+15 7.79814592262687e+09 1.17704356315986e+13 
4.59932637325351e-01 2.79223263407344e+02 2.78506881479890e+02 2.84472541219084e+20 2.01082004221831e+19 9.06888443305892e+16 6.75117176046545e+15 3.12845622634103e+15 6.89588766874259e+19 6.60926863694988e+15 8.72952989819947e+10 2.25446257269423e+14 8.13369466212515e+16 1.35503053546766e+12 3.01851789187138e+20 2.11313960438574e+16 1.06740447536622e+12 2.49406396501064e+19 1.51065148615643e+15 8.58798100134003e+09 1.30976713734607e+13 
5.03942357481489e-01 2.79225792703311e+02 2.78508506469866e+02 2.85306213912434e+20 2.01685905073881e+19 9.11237664238701e+16 6.77159194294545e+15 3.14691864999804e+15 6.93365556788222e+19 6.65299454297585e+15 8.81528185725406e+10 2.22100836861441e+14 7.99504074761135e+16 1.36993004525097e+12 2.99689333884869e+20 2.09550742638142e+16 1.05729977589500e+12 2.71031875780625e+19 1.59302461056286e+15 9.37103263914106e+09 1.44300205312321e+13 
5.47952077637627e-01 2.79228140231167e+02 2.78510028197455e+02 2.86137642808331e+20 2.02290330357214e+19 9.15530214010221e+16 6.79201565438275e+15 3.16456982099874e+15 6.96811615339114e+19 6.69480057706134e+15 8.89782895641774e+10 2.18992846194621e+14 7.86828406778813e+16 1.38428489761094e+12 2.97563988453828e+20 2.07824457234060e+16 1.04768281255901e+12 2.92286241682509e+19 1.67316724855373e+15 1.01473620825532e+10 1.57656511974227e+13 
6.37551627912767e-01 2.79232555994846e+02 2.78511478374690e+02 2.87806249682952e+20 2.03514127345889e+19 9.24108997404965e+16 6.83310763730811e+15 3.19860637417854e+15 7.03199071567440e+19 6.77604390865755e+15 9.06013825074603e+10 2.13206948607035e+14 7.64063846370020e+16 1.41236757114831e+12 2.93348501028384e+20 2.04416531147722e+16 1.02924791015081e+12 3.34442932047793e+19 1.82964340959769e+15 1.17073804873124e+10 1.84879750881801e+13 
7.27151178187907e-01 2.79236704211094e+02 2.78514278678685e+02 2.89424755388086e+20 2.04709524995335e+19 9.32471458979496e+16 6.87301602647857e+15 3.23061126309054e+15 7.09194880089359e+19 6.85446882053424e+15 9.21952044559703e+10 2.08040718190479e+14 7.44495357952215e+16 1.43956036319677e+12 2.89277140371597e+20 2.01141384502443e+16 1.01201544037336e+12 3.75158308889367e+19 1.97742836078742e+15 1.32391604762813e+10 2.12060510429930e+13 
8.16750728463048e-01 2.79240663600959e+02 2.78516952430940e+02 2.90989926756053e+20 2.05869497322984e+19 9.40618252707501e+16 6.91163260240415e+15 3.26097460731813e+15 7.14941083111382e+19 6.93082807570784e+15 9.37738866091206e+10 2.03267822445187e+14 7.27212650945676e+16 1.46606749825081e+12 2.85343846427951e+20 1.97991220288055e+16 9.95713392194164e+11 4.14492974112475e+19 2.11717899017331e+15 1.47443116470145e+10 2.39080565315485e+13 
9.06350278738188e-01 2.79244431739199e+02 2.78519527792540e+02 2.92505040873213e+20 2.06993095922763e+19 9.48548669730309e+16 6.94903937891382e+15 3.28973340561628e+15 7.20433027281587e+19 7.00506896418107e+15 9.53342032814756e+10 1.98954761167499e+14 7.11684052654093e+16 1.49188059364538e+12 2.81542880019570e+20 1.94960122869059e+16 9.80360217056012e+11 4.52504320201329e+19 2.24942164647657e+15 1.62219880016712e+10 2.65885686750803e+13 
9.95949829013328e-01 2.79248020365188e+02 2.78522004558202e+02 2.93972237022794e+20 2.08081164368443e+19 9.56268040425627e+16 6.98528768010486e+15 3.31702723233237e+15 7.25680502054196e+19 7.07724490583071e+15 9.68760604927026e+10 1.94993090221768e+14 6.97610246155531e+16 1.51700974754960e+12 2.77868903880263e+20 1.92042420272578e+16 9.65821617798357e+11 4.89245719183935e+19 2.37479598612685e+15 1.76732622716730e+10 2.92386243529479e+13 
1.14926871299890e+00 2.79253810799675e+02 2.78524387409350e+02 2.96374922696715e+20 2.09863678309069e+19 9.69012060553167e+16 7.04468823091450e+15 3.36093195101378e+15 7.34193410191470e+19 7.19651622224637e+15 9.94784296404184e+10 1.88819575415265e+14 6.76108668705129e+16 1.55857698378479e+12 2.71859799956766e+20 1.87295243631285e+16 9.42567138344762e+11 5.49339461613056e+19 2.57476300569391e+15 2.00983572300730e+10 3.36907115524175e+13 
1.30258759698448e+00 2.79259184380132e+02 2.78528272933443e+02 2.98646841671143e+20 2.11549328936805e+19 9.81182000036352e+16 7.10090014289833e+15 3.40133136394087e+15 7.42160717992692e+19 7.31060615030512e+15 1.02033617136222e+11 1.83492388945422e+14 6.57514617710057e+16 1.59837310663487e+12 2.66185393045981e+20 1.82840587549951e+16 9.21277680555240e+11 6.06086110772956e+19 2.75790990215782e+15 2.24467759003670e+10 3.80229199406831e+13 
1.45590648097005e+00 2.79264185738398e+02 2.78531926710671e+02 3.00795214339847e+20 2.13143363280728e+19 9.92801806165170e+16 7.15409341877746e+15 3.43875179750187e+15 7.49631350779888e+19 7.41976429147465e+15 1.04540198175029e+11 1.78755685681795e+14 6.41231820070245e+16 1.63646190905707e+12 2.60825475194555e+20 1.78657471423734e+16 9.01621346079800e+11 6.59687746491822e+19 2.92633212788753e+15 2.47212837996108e+10 4.22089676715618e+13 
1.60922536495562e+00 2.79268846340615e+02 2.78535367315920e+02 3.02827228531673e+20 2.14651162300580e+19 1.00389343263383e+17 7.20443931154938e+15 3.47349231054574e+15 7.56642519490260e+19 7.52417007598443e+15 1.06995679565844e+11 1.74547934022634e+14 6.26825443736388e+16 1.67289615981185e+12 2.55761000376365e+20 1.74726625501341e+16 8.83452468009485e+11 7.10334834925140e+19 3.08136955734651e+15 2.69219899344592e+10 4.62485800620891e+13 
1.87348408459348e+00 2.79276165382392e+02 2.78538608891805e+02 3.06079310555785e+20 2.17064684309923e+19 1.02185857493782e+17 7.28508222566894e+15 3.52783221640975e+15 7.67757191434630e+19 7.69374389441930e+15 1.11109968273696e+11 1.68322104182515e+14 6.05522906512760e+16 1.73205960962737e+12 2.47665659539472e+20 1.68487396975459e+16 8.55162272026867e+11 7.91292018132875e+19 3.32122181933878e+15 3.05497243203720e+10 5.28604598657181e+13 
2.13774280423133e+00 2.79282676600611e+02 2.78543770952367e+02 3.09035848016100e+20 2.19259576240262e+19 1.03842486732777e+17 7.35846815819587e+15 3.57602604680242e+15 7.77754372262813e+19 7.85064123281601e+15 1.15061693562494e+11 1.63128915602855e+14 5.87890374491003e+16 1.78675199252671e+12 2.40316037697625e+20 1.62868555353286e+16 8.30169985578031e+11 8.64791695267947e+19 3.53110961009176e+15 3.39667990592444e+10 5.90049070133014e+13 
2.40200152386918e+00 2.79288484278083e+02 2.78548437911817e+02 3.11723821440458e+20 2.21255828396955e+19 1.05368787362275e+17 7.42524594930571e+15 3.61895818478156e+15 7.86763826534155e+19 7.99568697736452e+15 1.18845006106691e+11 1.58745014499257e+14 5.73073365501778e+16 1.83724586658594e+12 2.33641439549189e+20 1.57803009098580e+16 8.07972319510473e+11 9.31540841184338e+19 3.71555471873258e+15 3.71783967543330e+10 6.46876096532519e+13 
2.66626024350703e+00 2.79293675933768e+02 2.78552661020989e+02 3.14168131308366e+20 2.23071794613490e+19 1.06773965384418e+17 7.48601758108129e+15 3.65732437739490e+15 7.94895906671922e+19 8.12966305505474e+15 1.22456180994283e+11 1.55011136955786e+14 5.60472332922548e+16 1.88380958249667e+12 2.27577522319279e+20 1.53231264604466e+16 7.88173527309244e+11 9.92182905801205e+19 3.87827376695404e+15 4.01905908090238e+10 6.99255170459741e+13 
3.07817711087712e+00 2.79300705390521e+02 2.78556485524811e+02 3.17541116986190e+20 2.25578964118000e+19 1.08741011430388e+17 7.56995153408288e+15 3.70933384483039e+15 8.06029442126904e+19 8.31795048740411e+15 1.27731436509738e+11 1.50192968873241e+14 5.44283001373733e+16 1.94908984850171e+12 2.19217863612966e+20 1.46975380286457e+16 7.61356626414353e+11 1.07578350352941e+20 4.09549886648598e+15 4.45007836304187e+10 7.72440547597115e+13 
3.49009397824721e+00 2.79306643751557e+02 2.78561739618779e+02 3.20449329511726e+20 2.27741877372782e+19 1.10463845974345e+17 7.64238681976802e+15 3.75335398913826e+15 8.15553256209192e+19 8.48359549020174e+15 1.32575400174464e+11 1.46336627268741e+14 5.31287747118206e+16 2.00634654066330e+12 2.12017073475315e+20 1.41629677277199e+16 7.38668305195846e+11 1.14779488000405e+20 4.27619496213066e+15 4.83671674268042e+10 8.36325538787519e+13 
3.90201084561730e+00 2.79311677070907e+02 2.78566248276277e+02 3.22959156605607e+20 2.29609433245707e+19 1.11971337904196e+17 7.70494899844027e+15 3.79072695746329e+15 8.23717584860098e+19 8.62910687501833e+15 1.36998743067051e+11 1.43230320787565e+14 5.20787832143440e+16 2.05648592024489e+12 2.05807731161766e+20 1.37051431356918e+16 7.19392140605776e+11 1.20989131305070e+20 4.42748800122178e+15 5.18225339647811e+10 8.91960217193469e+13 
4.31392771298739e+00 2.79315956822338e+02 2.78570122594398e+02 3.25126124055228e+20 2.31222659790315e+19 1.13288745940545e+17 7.75900146177216e+15 3.82258601546878e+15 8.30727982856605e+19 8.75671304284103e+15 1.41014518125581e+11 1.40687658470715e+14 5.12224284862806e+16 2.10032270286649e+12 2.00450145892092e+20 1.33124366967212e+16 7.02933163606383e+11 1.26346977125363e+20 4.55482817516385e+15 5.48995583382462e+10 9.40296226900336e+13 
4.72584458035748e+00 2.79319604996636e+02 2.78573455689602e+02 3.26996986410240e+20 2.32616117007186e+19 1.14438320455227e+17 7.80569490632015e+15 3.84984026749960e+15 8.36754350676595e+19 8.86841059898792e+15 1.44638661643662e+11 1.38572894482883e+14 5.05120339495336e+16 2.13858445211354e+12 1.95827008722950e+20 1.29752774190707e+16 6.88823625704386e+11 1.30970339712420e+20 4.66239006666732e+15 5.76299206632164e+10 9.82232660182208e+13 
5.51565207274622e+00 2.79325164262261e+02 2.78576325136572e+02 3.29892724983169e+20 2.34774136536087e+19 1.16240406584252e+17 7.87801661744688e+15 3.89152124969088e+15 8.46034541675054e+19 9.04416010424205e+15 1.50560011560624e+11 1.35469004882428e+14 4.94652835794637e+16 2.19856633989925e+12 1.88675568748243e+20 1.24568274096799e+16 6.67182052007489e+11 1.38122129347163e+20 4.82467755851660e+15 6.19963503961827e+10 1.04747163859319e+14 
6.30545956513496e+00 2.79329287562312e+02 2.78580750317164e+02 3.32076347302183e+20 2.36402416975915e+19 1.17618177461798e+17 7.93259188027574e+15 3.92256044364064e+15 8.52997927653390e+19 9.17908126772256e+15 1.55297945192093e+11 1.33259910724739e+14 4.87156583412117e+16 2.24441399837803e+12 1.83285911894422e+20 1.20685407637436e+16 6.51000590468238e+11 1.43512050339699e+20 4.94390287102177e+15 6.54077777172910e+10 1.09685708407101e+14 
7.09526705752370e+00 2.79332362709458e+02 2.78584074515406e+02 3.33726260423827e+20 2.37633363686642e+19 1.18670902780138e+17 7.97385192107520e+15 3.94580899367710e+15 8.58238503440700e+19 9.28251126776566e+15 1.59052481532250e+11 1.31652314286447e+14 4.81715999263696e+16 2.27943937973968e+12 1.79215429770785e+20 1.17767958898880e+16 6.38833083889162e+11 1.47582732375754e+20 5.03202981716493e+15 6.80604626478433e+10 1.13429794420449e+14 
7.88507454991244e+00 2.79334666096448e+02 2.78586578302449e+02 3.34973061065179e+20 2.38563944829299e+19 1.19472502692024e+17 8.00504278967680e+15 3.96328144801595e+15 8.62189091428395e+19 9.36144659936144e+15 1.61991348474935e+11 1.30466571900956e+14 4.77701980109504e+16 2.30608942850816e+12 1.76140301522534e+20 1.15570874090687e+16 6.29654436742650e+11 1.50658011790452e+20 5.09783244514764e+15 7.01063872834771e+10 1.16259844888172e+14 
8.67488204230118e+00 2.79336393623442e+02 2.78588466791776e+02 3.35914353463965e+20 2.39266688298352e+19 1.20081144777333e+17 8.02859750146006e+15 3.97641852017176e+15 8.65166241942365e+19 9.42148307050242e+15 1.64267188892892e+11 1.29587647709105e+14 4.74719620379116e+16 2.32632198768811e+12 1.73819165069408e+20 1.13916801397257e+16 6.22737232722752e+11 1.52979262504991e+20 5.14693290007946e+15 7.16741792113888e+10 1.18401175574829e+14 
1.00010963600777e+01 2.79338363364355e+02 2.78589890541647e+02 3.36993874376626e+20 2.40072852038022e+19 1.20782830800081e+17 8.05561782137912e+15 3.99143170465834e+15 8.68575562508280e+19 9.49080715785467e+15 1.66942722275291e+11 1.28595026666673e+14 4.71352208867473e+16 2.34963154125383e+12 1.71157604360079e+20 1.12024053914204e+16 6.14807885001867e+11 1.55640954247933e+20 5.20284001518222e+15 7.34978277519212e+10 1.20855430120352e+14 
1.13273106778543e+01 2.79339583358296e+02 2.78591521496122e+02 3.37666985500879e+20 2.40575639067839e+19 1.21222914059416e+17 8.07247056542823e+15 4.00075067785762e+15 8.70697717126260e+19 9.53436244521211e+15 1.68653511596285e+11 1.27989634664406e+14 4.69288869384759e+16 2.36424847616513e+12 1.69498372040280e+20 1.10847217143101e+16 6.09874391593413e+11 1.57300268337125e+20 5.23730536348788e+15 7.46519343199291e+10 1.22387965407603e+14 
1.26535249956309e+01 2.79340351184365e+02 2.78592536636662e+02 3.38092274772088e+20 2.40893370391515e+19 1.21501817513231e+17 8.08312024974382e+15 4.00662264829316e+15 8.72036859204188e+19 9.56198850771433e+15 1.69750213764604e+11 1.27611961497748e+14 4.68003962302239e+16 2.37350972357841e+12 1.68450175759658e+20 1.10104778529147e+16 6.06761110703349e+11 1.58348516330841e+20 5.25895307203595e+15 7.53869808830291e+10 1.23357017646220e+14 
1.39797393134074e+01 2.79340835621012e+02 2.78593177392804e+02 3.38361195544142e+20 2.41094297591921e+19 1.21678490383037e+17 8.08985494318842e+15 4.01033025122407e+15 8.72883100679492e+19 9.57949725523623e+15 1.70448001146289e+11 1.27374906195420e+14 4.67197168321151e+16 2.37937659914564e+12 1.67787422806003e+20 1.09635759847454e+16 6.04794277799960e+11 1.59011302018335e+20 5.27258986806140e+15 7.58537132496504e+10 1.23970024509590e+14 
1.53059536311840e+01 2.79341138490766e+02 2.78593582352687e+02 3.38529571688554e+20 2.41220107319447e+19 1.21789237055618e+17 8.09407190575449e+15 4.01264911486602e+15 8.73412734040821e+19 9.59047622835284e+15 1.70886880895428e+11 1.27227305426765e+14 4.66694081021199e+16 2.38305420805182e+12 1.67372480568028e+20 1.09342273721960e+16 6.03563641800614e+11 1.59426264762833e+20 5.28110679078036e+15 7.61467707443517e+10 1.24353998635841e+14 
1.74323066756720e+01 2.79341392752845e+02 2.78593835816346e+02 3.38671057438030e+20 2.41325835061128e+19 1.21882433436751e+17 8.09761555860514e+15 4.01459788910910e+15 8.73857772355653e+19 9.59972010303202e+15 1.71259756068152e+11 1.27102908287481e+14 4.66270829069745e+16 2.38614697332467e+12 1.67023805251229e+20 1.09095730565754e+16 6.02527410650599e+11 1.59774957349651e+20 5.28826333199372e+15 7.63943052236195e+10 1.24676320591372e+14 
1.95586597201599e+01 2.79341513306521e+02 2.78594048762387e+02 3.38738175306939e+20 2.41375991531554e+19 1.21926675654448e+17 8.09929663481718e+15 4.01552224767812e+15 8.74068896033004e+19 9.60410951107978e+15 1.71437381791673e+11 1.27043916113258e+14 4.66069611371101e+16 2.38761501026222e+12 1.66858400176558e+20 1.08978803307848e+16 6.02035633389786e+11 1.59940370686488e+20 5.29165566333517e+15 7.65119781741758e+10 1.24829200914774e+14 
2.16850127646479e+01 2.79341576820073e+02 2.78594149772354e+02 3.38773562731724e+20 2.41402434202854e+19 1.21949980964068e+17 8.10018298563275e+15 4.01600860484047e+15 8.74180117725252e+19 9.60642057840488e+15 1.71529761231477e+11 1.27013256919734e+14 4.65965003557874e+16 2.38838916362009e+12 1.66771200766394e+20 1.08917178406489e+16 6.01777604399902e+11 1.60027574514674e+20 5.29343786424658e+15 7.65737037458022e+10 1.24909995092593e+14 
2.38113658091358e+01 2.79341610237688e+02 2.78594203012029e+02 3.38792191775238e+20 2.41416352589444e+19 1.21962226571194e+17 8.10064959340919e+15 4.01626400400399e+15 8.74238604084849e+19 9.60763381380521e+15 1.71577267490318e+11 1.26997415507106e+14 4.65910981131422e+16 2.38879673437467e+12 1.66725302838438e+20 1.08884753076722e+16 6.01642747877488e+11 1.60073474794166e+20 5.29437135164239e+15 7.66058895657473e+10 1.24952669909851e+14 
2.59377188536238e+01 2.79341624857478e+02 2.78594231031036e+02 3.38800796728274e+20 2.41422792833714e+19 1.21968130743195e+17 8.10086562486454e+15 4.01637718456797e+15 8.74265197472562e+19 9.60822581866319e+15 1.71602748543342e+11 1.26991694751457e+14 4.65890405709741e+16 2.38899340918950e+12 1.66704140160801e+20 1.08870127714359e+16 6.01582194799311e+11 1.60094638609926e+20 5.29475985602845e+15 7.66222932810392e+10 1.24972672594173e+14 
3.12064171521348e+01 2.79341639516568e+02 2.78594243653145e+02 3.38808535270022e+20 2.41428560593792e+19 1.21972932701349e+17 8.10105895740439e+15 4.01648684384167e+15 8.74289799946034e+19 9.60869273299824e+15 1.71617438615551e+11 1.26984076687034e+14 4.65865506450377e+16 2.38915422227305e+12 1.66685047404199e+20 1.08856328295808e+16 6.01526085904115e+11 1.60113732318987e+20 5.29518259982933e+15 7.66336641950925e+10 1.24990369604289e+14 
3.64751154506458e+01 2.79341637808141e+02 2.78594255594266e+02 3.38807567520695e+20 2.41427837359011e+19 1.21972301190555e+17 8.10103471437390e+15 4.01647405394644e+15 8.74286806330454e+19 9.60863050055163e+15 1.71614784411400e+11 1.26984710638480e+14 4.65867489200297e+16 2.38913314774869e+12 1.66687427393929e+20 1.08858008129911e+16 6.01532723408686e+11 1.60111352123488e+20 5.29513596653023e+15 7.66320166028988e+10 1.24988074656753e+14 
4.17438137491568e+01 2.79341636807742e+02 2.78594254150631e+02 3.38806532771075e+20 2.41427053288197e+19 1.21971380232397e+17 8.10100826918992e+15 4.01646515650339e+15 8.74284044761361e+19 9.60853277900317e+15 1.71609430798680e+11 1.26983791064009e+14 4.65865295128655e+16 2.38910172803033e+12 1.66689932434446e+20 1.08859430849305e+16 6.01537807936488e+11 1.60108846763723e+20 5.29513148198372e+15 7.66288656500747e+10 1.24985325303854e+14 
4.70125120476677e+01 2.79341635953507e+02 2.78594252931930e+02 3.38806487762151e+20 2.41427028188379e+19 1.21971557918597e+17 8.10100760597777e+15 4.01645944922070e+15 8.74283451745634e+19 9.60855586566291e+15 1.71611874689290e+11 1.26985612966646e+14 4.65870394662245e+16 2.38910853434168e+12 1.66690084805185e+20 1.08859849968865e+16 6.01540670836666e+11 1.60108694239957e+20 5.29508476812100e+15 7.66299484611931e+10 1.24985649237570e+14 
7.77336698756264e+01 2.79341636336715e+02 2.78594252558515e+02 3.38806749040304e+20 2.41427228030849e+19 1.21971789163483e+17 8.10101421052143e+15 4.01646323117135e+15 8.74284282308401e+19 9.60858092158431e+15 1.71614208181417e+11 1.26985193838425e+14 4.65869256419523e+16 2.38911518662647e+12 1.66689439099351e+20 1.08859418769879e+16 6.01537744591372e+11 1.60109339871937e+20 5.29509908759307e+15 7.66309657920202e+10 1.24986083995532e+14 
1.08454827703585e+02 2.79341636374078e+02 2.78594252920163e+02 3.38806779740387e+20 2.41427251692086e+19 1.21971819907962e+17 8.10101499638386e+15 4.01646370037404e+15 8.74284377266165e+19 9.60858432075087e+15 1.71614499758359e+11 1.26985128319135e+14 4.65869000534093e+16 2.38911615194088e+12 1.66689363542726e+20 1.08859375248506e+16 6.01537378209688e+11 1.60109415521121e+20 5.29509997958411e+15 7.66311015403298e+10 1.24986131980601e+14 
1.39175985531544e+02 2.79341636394341e+02 2.78594252959672e+02 3.38806778051371e+20 2.41427250044904e+19 1.21971811171972e+17 8.10101494188293e+15 4.01646381387926e+15 8.74284383219236e+19 9.60858322307746e+15 1.71614257385810e+11 1.26985086556350e+14 4.65868879385997e+16 2.38911591711187e+12 1.66689366741364e+20 1.08859369856357e+16 6.01537379058487e+11 1.60109412361455e+20 5.29510095805445e+15 7.66310328851731e+10 1.24986117163127e+14 
2.39175985531544e+02 2.79341636396622e+02 2.78594252966235e+02 3.38806777132088e+20 2.41427249262501e+19 1.21971808837886e+17 8.10101491694709e+15 4.01646382101542e+15 8.74284381203808e+19 9.60858293166897e+15 1.71614172506576e+11 1.26985082025579e+14 4.65868863731106e+16 2.38911586616551e+12 1.66689368953308e+20 1.08859370419336e+16 6.01537398190260e+11 1.60109410161577e+20 5.29510098369804e+15 7.66310133486487e+10 1.24986116193214e+14 
3.39175985531544e+02 2.79341636396769e+02 2.78594252966347e+02 3.38806777219961e+20 2.41427249320097e+19 1.21971808811894e+17 8.10101491901197e+15 4.01646381948294e+15 8.74284381369465e+19 9.60858292590122e+15 1.71614170598350e+11 1.26985083278929e+14 4.65868867982768e+16 2.38911586632705e+12 1.66689368735997e+20 1.08859370221188e+16 6.01537400635034e+11 1.60109410370631e+20 5.29510098557620e+15 7.66310127003162e+10 1.24986116788864e+14 
4.39175985531544e+02 2.79341636396577e+02 2.78594252966474e+02 3.38806777179566e+20 2.41427249296804e+19 1.21971808876973e+17 8.10101491804182e+15 4.01646381965762e+15 8.74284381265234e+19 9.60858293584814e+15 1.71614179645020e+11 1.26985082783582e+14 4.65868866336469e+16 2.38911586656953e+12 1.66689368828676e+20 1.08859370318369e+16 6.01537398373768e+11 1.60109410275431e+20 5.29510098202798e+15 7.66310139849503e+10 1.24986116627896e+14 
5.39175985531544e+02 2.79341636396588e+02 2.78594252966371e+02 3.38806777194263e+20 2.41427249307494e+19 1.21971808889528e+17 8.10101491840445e+15 4.01646381941783e+15 8.74284381308127e+19 9.60858293725207e+15 1.71614181842662e+11 1.26985082952781e+14 4.65868866919896e+16 2.38911586668416e+12 1.66689368793083e+20 1.08859370285351e+16 6.01537398329742e+11 1.60109410311381e+20 5.29510098362313e+15 7.66310141618588e+10 1.24986116670438e+14 
6.39175985531544e+02 2.79341636396583e+02 2.78594252966387e+02 3.38806777188712e+20 2.41427249303496e+19 1.21971808885447e+17 8.10101491827214e+15 4.01646381949695e+15 8.74284381290323e+19 9.60858293680319e+15 1.71614181333229e+11 1.26985082891074e+14 4.65868866707442e+16 2.38911586664792e+12 1.66689368807244e+20 1.08859370298647e+16 6.01537398330644e+11 1.60109410297533e+20 5.29510098284033e+15 7.66310141129122e+10 1.24986116661701e+14 
7.39175985531544e+02 2.79341636396588e+02 2.78594252966380e+02 3.38806777190773e+20 2.41427249304907e+19 1.21971808885709e+17 8.10101491832257e+15 4.01646381948299e+15 8.74284381297255e+19 9.60858293679344e+15 1.71614180977505e+11 1.26985082912404e+14 4.65868866779754e+16 2.38911586666176e+12 1.66689368802182e+20 1.08859370293839e+16 6.01537398378363e+11 1.60109410302625e+20 5.29510098316146e+15 7.66310140924807e+10 1.24986116663037e+14 
8.39175985531544e+02 2.79341636396586e+02 2.78594252966384e+02 3.38806777190027e+20 2.41427249304389e+19 1.21971808885513e+17 8.10101491830430e+15 4.01646381948905e+15 8.74284381294591e+19 9.60858293678232e+15 1.71614180955424e+11 1.26985082904897e+14 4.65868866754199e+16 2.38911586665706e+12 1.66689368804051e+20 1.08859370295628e+16 6.01537398369099e+11 1.60109410300737e+20 5.29510098303003e+15 7.66310140942028e+10 1.24986116663197e+14 
9.39175985531544e+02 2.79341636396586e+02 2.78594252966382e+02 3.38806777190270e+20 2.41427249304559e+19 1.21971808885607e+17 8.10101491831002e+15 4.01646381948638e+15 8.74284381295523e+19 9.60858293679087e+15 1.71614180989681e+11 1.26985082907480e+14 4.65868866763008e+16 2.38911586665818e+12 1.66689368803376e+20 1.08859370294982e+16 6.01537398370007e+11 1.60109410301403e+20 5.29510098308081e+15 7.66310140952551e+10 1.24986116662950e+14 
1.00000000000000e+03 2.79341636396586e+02 2.78594252966383e+02 3.38806777190198e+20 2.41427249304509e+19 1.21971808885583e+17 8.10101491830824e+15 4.01646381948685e+15 8.74284381295260e+19 9.60858293678919e+15 1.71614180996929e+11 1.26985082906818e+14 4.65868866760750e+16 2.38911586665771e+12 1.66689368803537e+20 1.08859370295141e+16 6.01537398369304e+11 1.60109410301243e+20 5.29510098306744e+15 7.66310140953435e+10 1.24986116663068e+14 
