Time(s)              GasTemp(K)           NearWallTemp(K)      [O2(X)](m^-3)        [O2(a1Dg)](m^-3)     [O2(b1Sg+)](m^-3)    [O2(A3Su+_C3Du_c1Su-)](m^-3) [O2(+,X)](m^-3)      [O(3P)](m^-3)        [O(1D)](m^-3)        [O(+,gnd)](m^-3)     [O(-,gnd)](m^-3)     [O3(X)](m^-3)        [O3(exc)](m^-3)      [CO2(X)](m^-3)       [CO2(e1)](m^-3)      [CO2(+,X)](m^-3)     [CO(X)](m^-3)        [CO(a3P)](m^-3)      [CO(+,X)](m^-3)      [C(X)](m^-3)        
0.00000000000000e+00 4.24110734928000e+02 3.68582330717600e+02 2.88097444142673e+20 2.88097444142673e-05 2.88097444142673e-05 2.88097444142673e-05 0.00000000000000e+00 0.00000000000000e+00 0.00000000000000e+00 0.00000000000000e+00 0.00000000000000e+00 0.00000000000000e+00 0.00000000000000e+00 0.00000000000000e+00 0.00000000000000e+00 0.00000000000000e+00 0.00000000000000e+00 0.00000000000000e+00 0.00000000000000e+00 0.00000000000000e+00 
7.65886180780217e-15 4.24110734865566e+02 3.82419100599050e+02 2.88097444142649e+20 8.58777630319101e+06 2.02059001835897e+06 3.72331148698521e+06 7.54965558491481e+03 1.51227183039471e+07 4.52732947625354e+06 2.57651727624568e+00 4.41130202908235e+05 8.21395869726148e-07 1.66084571084824e-12 0.00000000000000e+00 0.00000000000000e+00 0.00000000000000e+00 0.00000000000000e+00 0.00000000000000e+00 0.00000000000000e+00 0.00000000000000e+00 
1.53177236156043e-14 4.24110734803131e+02 3.82419100559257e+02 2.88097444142624e+20 1.71755526063610e+07 4.04118003692708e+06 7.44662297291415e+06 1.50993111698239e+04 3.02454366100862e+07 9.05465895031249e+06 5.15303455256195e+00 8.82260405815217e+05 2.59242240741010e-06 5.24182528247368e-12 0.00000000000000e+00 0.00000000000000e+00 0.00000000000000e+00 0.00000000000000e+00 0.00000000000000e+00 0.00000000000000e+00 0.00000000000000e+00 
2.29765854234065e-14 4.24110734740697e+02 3.82419100519464e+02 2.88097444142600e+20 2.57633289095390e+07 6.06177005573817e+06 1.11699344577940e+07 2.26489667547272e+04 4.53681549184636e+07 1.35819884221306e+07 7.72955182895031e+00 1.32339060872092e+06 5.33309939168307e-06 1.07834183004469e-11 0.00000000000000e+00 0.00000000000000e+00 0.00000000000000e+00 0.00000000000000e+00 0.00000000000000e+00 0.00000000000000e+00 0.00000000000000e+00 
5.95866243699211e-14 4.24110734442256e+02 3.82419100479672e+02 2.88097444142483e+20 6.68136615586812e+07 1.57203696184536e+07 2.89676936794621e+07 5.87369902667770e+04 1.17656090170813e+08 3.52230249395452e+07 2.00455330033346e+01 3.43203211629877e+06 3.10039355975170e-05 6.26893260987961e-11 0.00000000000000e+00 0.00000000000000e+00 0.00000000000000e+00 0.00000000000000e+00 0.00000000000000e+00 0.00000000000000e+00 0.00000000000000e+00 
9.61966633164357e-14 4.24110734143815e+02 3.82419100289459e+02 2.88097444142367e+20 1.07863994208002e+08 2.53789691866301e+07 4.67654528775502e+07 9.48250137786961e+04 1.89944025473470e+08 5.68640614065944e+07 3.23615141793392e+01 5.54067362384784e+06 7.84687098199496e-05 1.58662132661666e-10 0.00000000000000e+00 0.00000000000000e+00 0.00000000000000e+00 0.00000000000000e+00 0.00000000000000e+00 0.00000000000000e+00 0.00000000000000e+00 
1.32806702262950e-13 4.24110733845374e+02 3.82419100099246e+02 2.88097444142250e+20 1.48914326857505e+08 3.50375687603464e+07 6.45632120517183e+07 1.30913037290483e+05 2.62231960827159e+08 7.85050978225520e+07 4.46774953569873e+01 7.64931513136771e+06 1.48041644636809e-04 2.99337189759552e-10 0.00000000000000e+00 0.00000000000000e+00 0.00000000000000e+00 0.00000000000000e+00 0.00000000000000e+00 0.00000000000000e+00 0.00000000000000e+00 
1.69416741209465e-13 4.24110733546932e+02 3.82419099909033e+02 2.88097444142134e+20 1.89964659507190e+08 4.46961683396302e+07 8.23609712018466e+07 1.67001060802136e+05 3.34519896232137e+08 1.00146134187162e+08 5.69934765362871e+01 9.75795663885823e+06 2.39833511669263e-04 4.84938475479436e-10 0.00000000000000e+00 0.00000000000000e+00 0.00000000000000e+00 0.00000000000000e+00 0.00000000000000e+00 0.00000000000000e+00 0.00000000000000e+00 
2.84848822005997e-13 4.24110732605942e+02 3.82419099718820e+02 2.88097444141766e+20 3.19397062518546e+08 7.51498985304688e+07 1.38477610942316e+08 2.80787217977174e+05 5.62444996906844e+08 1.68380692732383e+08 9.58259764702766e+01 1.64065394828188e+07 6.74891165042146e-04 1.36461619350203e-09 0.00000000000000e+00 0.00000000000000e+00 0.00000000000000e+00 0.00000000000000e+00 0.00000000000000e+00 0.00000000000000e+00 0.00000000000000e+00 
4.00280902802528e-13 4.24110731664952e+02 3.82419099119075e+02 2.88097444141398e+20 4.48829465531716e+08 1.05603628776710e+08 1.94594250443566e+08 3.94573375150886e+05 7.90370098091919e+08 2.36615250766646e+08 1.34658476420703e+02 2.30551223264873e+07 1.33104834324476e-03 2.69135265504037e-09 0.00000000000000e+00 0.00000000000000e+00 0.00000000000000e+00 0.00000000000000e+00 0.00000000000000e+00 0.00000000000000e+00 0.00000000000000e+00 
5.15712983599060e-13 4.24110730723962e+02 3.82419098519330e+02 2.88097444141031e+20 5.78261868546701e+08 1.36057359078354e+08 2.50710889705590e+08 5.08359532323273e+05 1.01829519978738e+09 3.04849808289936e+08 1.73490976387567e+02 2.97037051698638e+07 2.20831203856626e-03 4.46516200219694e-09 0.00000000000000e+00 0.00000000000000e+00 0.00000000000000e+00 0.00000000000000e+00 0.00000000000000e+00 0.00000000000000e+00 0.00000000000000e+00 
6.31145064395592e-13 4.24110729782972e+02 3.82419097919586e+02 2.88097444140663e+20 7.07694271563501e+08 1.66511089435403e+08 3.06827528728388e+08 6.22145689494334e+05 1.24622030199322e+09 3.73084365302256e+08 2.12323476370868e+02 3.63522880129482e+07 3.30668108797070e-03 6.68604188729490e-09 0.00000000000000e+00 0.00000000000000e+00 0.00000000000000e+00 0.00000000000000e+00 0.00000000000000e+00 0.00000000000000e+00 0.00000000000000e+00 
1.78546587236091e-12 4.24110720373070e+02 3.82419097319841e+02 2.88097444136988e+20 2.00201830183131e+09 4.71048396053063e+08 8.67993905799097e+08 1.76000726113206e+06 3.52547135212237e+09 1.05542990732234e+09 6.00648477107922e+02 1.02838116427731e+08 2.64510484549810e-02 5.34834839657728e-08 0.00000000000000e+00 0.00000000000000e+00 0.00000000000000e+00 0.00000000000000e+00 0.00000000000000e+00 0.00000000000000e+00 0.00000000000000e+00 
2.93978668032622e-12 4.24110710963170e+02 3.82419091322394e+02 2.88097444133313e+20 3.29634233228060e+09 7.75585708211052e+08 1.42916025894745e+09 2.89786883263726e+06 5.80472245328930e+09 1.73777539824576e+09 9.88973479488697e+02 1.69323944813310e+08 7.17057760014163e-02 1.44987630040780e-07 0.00000000000000e+00 0.00000000000000e+00 0.00000000000000e+00 0.00000000000000e+00 0.00000000000000e+00 0.00000000000000e+00 0.00000000000000e+00 
4.09410748829154e-12 4.24110701553270e+02 3.82419085324948e+02 2.88097444129638e+20 4.59066636291136e+09 1.08012302590936e+09 1.99032658817347e+09 4.03573040400992e+06 8.08397360549397e+09 2.42012083807257e+09 1.37729848351319e+03 2.35809773169686e+08 1.39070846684288e-01 2.81198449422710e-07 0.00000000000000e+00 0.00000000000000e+00 0.00000000000000e+00 0.00000000000000e+00 0.00000000000000e+00 0.00000000000000e+00 0.00000000000000e+00 
5.24842829625686e-12 4.24110692143372e+02 3.82419079327503e+02 2.88097444125963e+20 5.88499039372360e+09 1.38466034914800e+09 2.55149289347715e+09 5.17359197525006e+06 1.03632248087364e+10 3.10246622680278e+09 1.76562348918140e+03 3.02295601496859e+08 2.28546257755318e-01 4.62115940504221e-07 0.00000000000000e+00 0.00000000000000e+00 0.00000000000000e+00 0.00000000000000e+00 0.00000000000000e+00 0.00000000000000e+00 0.00000000000000e+00 
1.67916363759100e-11 4.24110598044437e+02 3.82419073330058e+02 2.88097444089211e+20 1.88282307118271e+10 4.43003388625190e+09 8.16315463078628e+09 1.65522076803623e+07 3.31557396482339e+10 9.92591730379332e+09 5.64887363626803e+03 9.67153883162409e+08 2.33936915333354e+00 4.73015935228801e-06 0.00000000000000e+00 0.00000000000000e+00 0.00000000000000e+00 0.00000000000000e+00 0.00000000000000e+00 0.00000000000000e+00 0.00000000000000e+00 
2.83348444555632e-11 4.24110503945595e+02 3.82419013355647e+02 2.88097444052459e+20 3.17714710480782e+10 7.47540797738751e+09 1.37748139758639e+10 2.79308233722217e+07 5.59482595914992e+10 1.67493632711287e+10 9.53212394772651e+03 1.63201216190763e+09 6.66122619624330e+00 1.34688746655046e-05 0.00000000000000e+00 0.00000000000000e+00 0.00000000000000e+00 0.00000000000000e+00 0.00000000000000e+00 0.00000000000000e+00 0.00000000000000e+00 
3.98780525352164e-11 4.24110409846846e+02 3.82418953381303e+02 2.88097444015706e+20 4.47147114024768e+10 1.05207826225544e+10 1.93864709287115e+10 3.93094390508282e+07 7.87407846385278e+10 2.35728041288134e+10 1.34153744235568e+04 2.29687043773253e+09 1.31941174131196e+01 2.66782657050258e-05 0.00000000000000e+00 0.00000000000000e+00 0.00000000000000e+00 0.00000000000000e+00 0.00000000000000e+00 0.00000000000000e+00 0.00000000000000e+00 
5.14212606148695e-11 4.24110315748189e+02 3.82418893407025e+02 2.88097443978954e+20 5.76579517750229e+10 1.35661578217521e+10 2.49981254893304e+10 5.06880547161817e+07 1.01533314789315e+11 3.03962398768518e+10 1.72986250637591e+04 2.96172871063710e+09 2.19380428232688e+01 4.43583364595179e-05 0.00000000000000e+00 0.00000000000000e+00 0.00000000000000e+00 0.00000000000000e+00 0.00000000000000e+00 0.00000000000000e+00 0.00000000000000e+00 
1.66853341411401e-10 4.24109374766725e+02 3.82418833432815e+02 2.88097443611434e+20 1.87090356498591e+11 4.40199402852548e+10 8.11145395234925e+10 1.64474210640800e+08 3.29458897002260e+11 9.86303163283612e+10 5.61311405062383e+04 9.61031127906468e+09 2.30984183848725e+02 4.67047870108347e-04 0.00000000000000e+00 0.00000000000000e+00 0.00000000000000e+00 0.00000000000000e+00 0.00000000000000e+00 0.00000000000000e+00 0.00000000000000e+00 
2.82285422207933e-10 4.24108433794534e+02 3.82418233694374e+02 2.88097443243914e+20 3.16522763036893e+11 7.44737781513068e+10 1.37230714336514e+11 2.78260365240109e+08 5.57384989585830e+11 1.66863881820508e+11 9.49636723859179e+04 1.62588935554590e+10 6.61133764111706e+02 1.33680992755939e-03 0.00000000000000e+00 0.00000000000000e+00 0.00000000000000e+00 0.00000000000000e+00 0.00000000000000e+00 0.00000000000000e+00 0.00000000000000e+00 
3.97717503004465e-10 4.24107492831617e+02 3.82417633962603e+02 2.88097442876393e+20 4.45955171389913e+11 1.04927671419465e+11 1.93346649929831e+11 3.92046518514095e+08 7.85311592535634e+11 2.35096936357682e+11 1.33796220702809e+05 2.29074755398196e+10 1.31238680027955e+03 2.65364831351516e-03 0.00000000000000e+00 0.00000000000000e+00 0.00000000000000e+00 0.00000000000000e+00 0.00000000000000e+00 0.00000000000000e+00 0.00000000000000e+00 
5.13149583800996e-10 4.24106551877975e+02 3.82417034237500e+02 2.88097442508873e+20 5.75387581557636e+11 1.35381620089264e+11 2.49462346304945e+11 5.05832670462744e+08 1.01323870584707e+12 3.03329479944483e+11 1.72628785456922e+05 2.95560572321460e+10 2.18474330981289e+03 4.41756701288764e-03 0.00000000000000e+00 0.00000000000000e+00 0.00000000000000e+00 0.00000000000000e+00 0.00000000000000e+00 0.00000000000000e+00 0.00000000000000e+00 
1.66747039176631e-09 4.24097142851574e+02 3.82416434519065e+02 2.88097438833684e+20 1.86971178303793e+12 4.39924153709437e+11 8.10606153598768e+11 1.64369411705066e+09 3.29253790718731e+12 9.85626815205854e+11 5.60955337049429e+05 9.60418580933418e+10 2.30690057581427e+04 4.66476130465144e-02 0.00000000000000e+00 0.00000000000000e+00 0.00000000000000e+00 0.00000000000000e+00 0.00000000000000e+00 0.00000000000000e+00 0.00000000000000e+00 
2.82179119973163e-09 4.24087734752448e+02 3.82410437701453e+02 2.88097435158512e+20 3.16403616597084e+12 7.44472226963020e+11 1.37172604078931e+12 2.78155543108897e+09 5.57188813943700e+12 1.66787306068335e+12 9.49283532377235e+05 1.62527629750530e+11 6.60636354908571e+04 1.33590242694880e-01 0.00000000000000e+00 0.00000000000000e+00 0.00000000000000e+00 0.00000000000000e+00 0.00000000000000e+00 0.00000000000000e+00 0.00000000000000e+00 
3.97611200769695e-09 4.24078327580504e+02 3.82404441550590e+02 2.88097431483359e+20 4.45836073034160e+12 1.04902583940652e+12 1.93282200931134e+12 3.91941661256436e+09 7.85128939820567e+12 2.35006822076698e+12 1.33761337145123e+06 2.29013372203223e+11 1.31168649179481e+05 2.65249260520478e-01 0.00000000000000e+00 0.00000000000000e+00 0.00000000000000e+00 0.00000000000000e+00 0.00000000000000e+00 0.00000000000000e+00 0.00000000000000e+00 
5.13043281566226e-09 4.24068921335645e+02 3.82398446066396e+02 2.88097427808223e+20 5.75268547613473e+12 1.35358499057547e+12 2.49389406066746e+12 5.05727766146288e+09 1.01307416788954e+13 3.03221230005416e+12 1.72594485428282e+06 2.95499085450911e+11 2.18384064285014e+05 4.41628651213989e-01 0.00000000000000e+00 0.00000000000000e+00 0.00000000000000e+00 0.00000000000000e+00 0.00000000000000e+00 0.00000000000000e+00 0.00000000000000e+00 
1.54706516394351e-08 4.23984703050257e+02 3.82392451248791e+02 2.88097394887770e+20 1.73470449864688e+13 4.08202348858289e+12 7.51882014601674e+12 1.52500467143829e+10 3.05519808373403e+13 9.14047099640909e+12 5.20462869054781e+06 8.91066032898508e+11 1.98578010884465e+06 4.01679912472098e+00 0.00000000000000e+00 0.00000000000000e+00 0.00000000000000e+00 0.00000000000000e+00 0.00000000000000e+00 0.00000000000000e+00 0.00000000000000e+00 
2.58108704632079e-08 4.23900559078977e+02 3.82338780360527e+02 2.88097361968776e+20 2.89414190422856e+13 6.81090605848001e+12 1.25418282504236e+13 2.54428051178036e+10 5.09773104662003e+13 1.52446344976157e+13 8.68344443572864e+06 1.48663063644415e+12 5.52739200813401e+06 1.11836468030766e+01 0.00000000000000e+00 0.00000000000000e+00 0.00000000000000e+00 0.00000000000000e+00 0.00000000000000e+00 0.00000000000000e+00 0.00000000000000e+00 
3.61510892869807e-08 4.23816489351815e+02 3.82285162896124e+02 2.88097329051243e+20 4.05358076324564e+13 9.54023236617853e+12 1.75629194542016e+13 3.56355528616815e+10 7.14067272601531e+13 2.13447061086336e+13 1.21623920980013e+07 2.08219289571980e+12 1.08432323336662e+07 2.19450401467666e+01 0.00000000000000e+00 0.00000000000000e+00 0.00000000000000e+00 0.00000000000000e+00 0.00000000000000e+00 0.00000000000000e+00 0.00000000000000e+00 
4.64913081107535e-08 4.23732493798876e+02 3.82231598797053e+02 2.88097296135167e+20 5.21302107458641e+13 1.22700020779410e+13 2.25820948362221e+13 4.58282899359733e+10 9.18402279185897e+13 2.74406891297092e+13 1.56414716855161e+07 2.67775281035742e+12 1.79333136515605e+07 3.63038461098139e+01 0.00000000000000e+00 0.00000000000000e+00 0.00000000000000e+00 0.00000000000000e+00 0.00000000000000e+00 0.00000000000000e+00 0.00000000000000e+00 
5.68315269345263e-08 4.23648572350359e+02 3.82178088004868e+02 2.88097263220550e+20 6.37246283714033e+13 1.50002148603751e+13 2.75993554739364e+13 5.60210163306358e+10 1.12277809145546e+14 3.35325868564435e+13 1.91206832063981e+07 3.27331037998898e+12 2.67976485227289e+07 5.42629301819054e+01 0.00000000000000e+00 0.00000000000000e+00 0.00000000000000e+00 0.00000000000000e+00 0.00000000000000e+00 0.00000000000000e+00 0.00000000000000e+00 
1.60233715172254e-07 4.22813418340273e+02 3.82124630461209e+02 2.88096934154412e+20 1.79669600360660e+14 4.23266385231619e+13 7.76668866178194e+13 1.57947690684536e+11 3.16877332020708e+14 9.42275935178832e+13 5.39200565101936e+07 9.22875701987953e+12 2.13027704314794e+08 4.32498730857039e+02 0.00000000000000e+00 0.00000000000000e+00 0.00000000000000e+00 0.00000000000000e+00 0.00000000000000e+00 0.00000000000000e+00 0.00000000000000e+00 
2.63635903409982e-07 4.21985598550999e+02 3.81592970927421e+02 2.88096605233279e+20 2.95616011409679e+14 6.96970044171408e+13 1.27544120049913e+14 2.59873286004473e+11 5.21881314474709e+14 1.54517667617350e+14 8.87326319101098e+07 1.51839687535117e+13 5.76696921879615e+08 1.17390972537798e+03 0.00000000000000e+00 0.00000000000000e+00 0.00000000000000e+00 0.00000000000000e+00 0.00000000000000e+00 0.00000000000000e+00 0.00000000000000e+00 
3.67038091647711e-07 4.21165044275602e+02 3.81066572583241e+02 2.88096276456431e+20 4.11563850534837e+14 9.71109828343753e+13 1.77232116711747e+14 3.61797792200792e+11 7.27286515605181e+14 2.14406049690718e+14 1.23558417185744e+08 2.11389452112279e+13 1.11781784200621e+09 2.28135226961161e+03 0.00000000000000e+00 0.00000000000000e+00 0.00000000000000e+00 0.00000000000000e+00 0.00000000000000e+00 0.00000000000000e+00 0.00000000000000e+00 
4.70440279885439e-07 4.20351687510360e+02 3.80545378156604e+02 2.88095947823157e+20 5.27513106830427e+14 1.24568246421029e+14 2.26731926994292e+14 4.63721199153821e+11 9.33089729659125e+14 2.73895945122118e+14 1.58397419898225e+08 2.70936860223140e+13 1.83640299265115e+09 3.75767663620179e+03 0.00000000000000e+00 0.00000000000000e+00 0.00000000000000e+00 0.00000000000000e+00 0.00000000000000e+00 0.00000000000000e+00 0.00000000000000e+00 
5.73842468123167e-07 4.19545460945140e+02 3.80029331056526e+02 2.88095619332753e+20 6.43463769467736e+14 1.52068470150006e+14 2.76044590909305e+14 5.65643496714333e+11 1.13928778546281e+15 3.32990524714050e+14 1.93249647394309e+08 3.30481908150146e+13 2.73246488896928e+09 5.60572685139994e+03 0.00000000000000e+00 0.00000000000000e+00 0.00000000000000e+00 0.00000000000000e+00 0.00000000000000e+00 0.00000000000000e+00 0.00000000000000e+00 
1.49549959172485e-06 4.12663799510833e+02 3.79518375363456e+02 2.88092697593905e+20 1.67702992675620e+15 3.99033617814078e+14 7.07478850634518e+14 1.47405921934053e+12 2.99414695983280e+15 8.42749346704674e+14 5.04484182261064e+08 8.61121289790768e+13 1.85623403276486e+10 3.89547743444696e+04 0.00000000000000e+00 0.00000000000000e+00 0.00000000000000e+00 0.00000000000000e+00 0.00000000000000e+00 0.00000000000000e+00 0.00000000000000e+00 
2.41715671532653e-06 4.06298664944655e+02 3.75180311824724e+02 2.88089786685822e+20 2.71069962495235e+15 6.49166108000819e+14 1.12481890114167e+15 2.38237868180543e+12 4.87802732151995e+15 1.32344901295025e+15 8.16774278465355e+08 1.39157018755162e+14 4.85020657028726e+10 1.04042540978718e+05 0.00000000000000e+00 0.00000000000000e+00 0.00000000000000e+00 0.00000000000000e+00 0.00000000000000e+00 0.00000000000000e+00 0.00000000000000e+00 
3.33881383892821e-06 4.00408911551925e+02 3.71205689413803e+02 2.88086886182611e+20 3.74446592004704e+15 9.02257683798591e+14 1.52870611024869e+15 3.29059442602292e+12 6.78899915790752e+15 1.77701894976958e+15 1.13012326299797e+09 1.92182587195065e+14 9.25603700731878e+10 2.02803863969842e+05 0.00000000000000e+00 0.00000000000000e+00 0.00000000000000e+00 0.00000000000000e+00 0.00000000000000e+00 0.00000000000000e+00 0.00000000000000e+00 
4.26047096252989e-06 3.94956871081797e+02 3.67561191967002e+02 2.88083995695372e+20 4.77832225883817e+15 1.15811193135376e+15 1.91973262860181e+15 4.19869885488868e+12 8.72529596346128e+15 2.20522536345257e+15 1.44453353983227e+09 2.45188556235989e+14 1.50745901007320e+11 3.37115646487903e+05 0.00000000000000e+00 0.00000000000000e+00 0.00000000000000e+00 0.00000000000000e+00 0.00000000000000e+00 0.00000000000000e+00 0.00000000000000e+00 
5.18212808613157e-06 3.89908036519216e+02 3.64216791227750e+02 2.88081114867594e+20 5.81226244633207e+15 1.41654331014737e+15 2.29844699493854e+15 5.10668425010021e+12 1.06852955883138e+16 2.60969009253968e+15 1.76000673469763e+09 2.98174643202992e+14 2.23067223124989e+11 5.08788959404362e+05 0.00000000000000e+00 0.00000000000000e+00 0.00000000000000e+00 0.00000000000000e+00 0.00000000000000e+00 0.00000000000000e+00 0.00000000000000e+00 
6.10378520973325e-06 3.85230794339187e+02 3.61145404718245e+02 2.88078243371456e+20 6.84628061852914e+15 1.67737634494341e+15 2.66535866818067e+15 6.01454278758741e+12 1.26675050901645e+16 2.99190575681361e+15 2.07654380565842e+09 3.51140561224580e+14 3.09532816813249e+11 7.19562799269638e+05 0.00000000000000e+00 0.00000000000000e+00 0.00000000000000e+00 0.00000000000000e+00 0.00000000000000e+00 0.00000000000000e+00 0.00000000000000e+00 
9.17073392561406e-06 3.71986015475118e+02 3.58322600290043e+02 2.88068751488941e+20 1.02876194713240e+16 2.56056266672891e+15 3.80721766720313e+15 9.03455969845624e+12 1.94065041860680e+16 4.12059034141377e+15 3.13752903782406e+09 5.27243429169716e+14 6.99211342663026e+11 1.72306983536627e+06 0.00000000000000e+00 0.00000000000000e+00 0.00000000000000e+00 0.00000000000000e+00 0.00000000000000e+00 0.00000000000000e+00 0.00000000000000e+00 
1.22376826414949e-05 3.61660375495260e+02 3.50450770676930e+02 2.88059350172917e+20 1.37295794204208e+16 3.46311315891100e+15 4.83863518846405e+15 1.20527869458733e+13 2.63337410367687e+16 5.06058666490503e+15 4.21026973327085e+09 7.03108759619086e+14 1.24590714214639e+12 3.23176924718092e+06 0.00000000000000e+00 0.00000000000000e+00 0.00000000000000e+00 0.00000000000000e+00 0.00000000000000e+00 0.00000000000000e+00 0.00000000000000e+00 
1.53046313573757e-05 3.53587100679883e+02 3.44444041511010e+02 2.88050031826643e+20 1.71720062025249e+16 4.38045587566400e+15 5.77194646196788e+15 1.50689220674293e+13 3.34156400300653e+16 5.84545678421826e+15 5.29469168336520e+09 8.78725274528823e+14 1.94991169826977e+12 5.28995572756345e+06 0.00000000000000e+00 0.00000000000000e+00 0.00000000000000e+00 0.00000000000000e+00 0.00000000000000e+00 0.00000000000000e+00 0.00000000000000e+00 
1.83715800732565e-05 3.47260237069542e+02 3.39830949362823e+02 2.88040790123960e+20 2.06147686183080e+16 5.30873244731850e+15 6.61747981363780e+15 1.80826605869789e+13 4.06253737848318e+16 6.50201415618608e+15 6.39068350241373e+09 1.05408147515220e+15 2.81150527723809e+12 7.93167372173199e+06 0.00000000000000e+00 0.00000000000000e+00 0.00000000000000e+00 0.00000000000000e+00 0.00000000000000e+00 0.00000000000000e+00 0.00000000000000e+00 
2.14385287891373e-05 3.42290729849034e+02 3.36268899988554e+02 2.88031619604391e+20 2.40577536913604e+16 6.24465062064845e+15 7.38411375096161e+15 2.10936985550398e+13 4.79409456320429e+16 7.05224129825884e+15 7.49810714565703e+09 1.22916570966287e+15 3.83095669030296e+12 1.11812916706348e+07 0.00000000000000e+00 0.00000000000000e+00 0.00000000000000e+00 0.00000000000000e+00 0.00000000000000e+00 0.00000000000000e+00 0.00000000000000e+00 
2.45054775050181e-05 3.38378379279175e+02 3.33504804243980e+02 2.88022515396088e+20 2.75008664369656e+16 7.18548277992064e+15 8.07955543640198e+15 2.41017333142282e+13 5.53446121462694e+16 7.51386778535300e+15 8.61677710441994e+09 1.40396623379494e+15 5.00852311450461e+12 1.50558376386876e+07 0.00000000000000e+00 0.00000000000000e+00 0.00000000000000e+00 0.00000000000000e+00 0.00000000000000e+00 0.00000000000000e+00 0.00000000000000e+00 
3.02379370574990e-05 3.33121244710662e+02 3.31350118472715e+02 2.88005661369810e+20 3.39364862190491e+16 8.94946573906430e+15 9.21162533893627e+15 2.97149864383214e+13 6.93698208498768e+16 8.18834070407983e+15 1.07370520620386e+10 1.72988583102868e+15 7.63432167309369e+12 2.40104056003171e+07 0.00000000000000e+00 0.00000000000000e+00 0.00000000000000e+00 0.00000000000000e+00 0.00000000000000e+00 0.00000000000000e+00 0.00000000000000e+00 
3.59703966099799e-05 3.29722810661694e+02 3.28485188312067e+02 2.87988998470750e+20 4.03718526438385e+16 1.07111765188588e+16 1.01557805583029e+16 3.53147611223213e+13 8.35804592601980e+16 8.67548235802225e+15 1.28940717059502e+10 2.05469572991324e+15 1.08148450728238e+13 3.52160534984255e+07 0.00000000000000e+00 0.00000000000000e+00 0.00000000000000e+00 0.00000000000000e+00 0.00000000000000e+00 0.00000000000000e+00 0.00000000000000e+00 
4.17028561624607e-05 3.27540618846953e+02 3.26652097394288e+02 2.87972504923411e+20 4.68066474880948e+16 1.24622221133792e+16 1.09425883008823e+16 4.08991547515665e+13 9.79248992238674e+16 9.02683698082953e+15 1.50857973693518e+10 2.37831866321154e+15 1.45514374118778e+13 4.86643495588648e+07 0.00000000000000e+00 0.00000000000000e+00 0.00000000000000e+00 0.00000000000000e+00 0.00000000000000e+00 0.00000000000000e+00 0.00000000000000e+00 
4.74353157149416e-05 3.26146222362293e+02 3.25483012187394e+02 2.87956161475896e+20 5.32406276084204e+16 1.41965233958454e+16 1.15977015836078e+16 4.64663014370886e+13 1.12364981426426e+17 9.28048313650192e+15 1.73099399116794e+10 2.70067782953150e+15 1.88452942306712e+13 6.43283139323863e+07 0.00000000000000e+00 0.00000000000000e+00 0.00000000000000e+00 0.00000000000000e+00 0.00000000000000e+00 0.00000000000000e+00 0.00000000000000e+00 
5.31677752674225e-05 3.25249716929042e+02 3.24739282766163e+02 2.87939950987333e+20 5.96736094229493e+16 1.59098265402426e+16 1.21427756576780e+16 5.20143686845324e+13 1.26872851370429e+17 9.46419799293421e+15 1.95639852071544e+10 3.02169714338746e+15 2.36974616501799e+13 8.21745899460673e+07 0.00000000000000e+00 0.00000000000000e+00 0.00000000000000e+00 0.00000000000000e+00 0.00000000000000e+00 0.00000000000000e+00 0.00000000000000e+00 
5.89002348199034e-05 3.24668197222968e+02 3.24262484057322e+02 2.87923858390996e+20 6.61054542569584e+16 1.75992280050864e+16 1.25959949138585e+16 5.75415566736486e+13 1.41428468487671e+17 9.59794741202673e+15 2.18452717162734e+10 3.34130133215667e+15 2.91088360645664e+13 1.02166861909490e+08 0.00000000000000e+00 0.00000000000000e+00 0.00000000000000e+00 0.00000000000000e+00 0.00000000000000e+00 0.00000000000000e+00 0.00000000000000e+00 
6.85673929582689e-05 3.24090350849435e+02 3.23953784160781e+02 2.87896950734446e+20 7.69491973882311e+16 2.03893057762048e+16 1.31938022784675e+16 6.68103266097509e+13 1.66046078562677e+17 9.74710385986000e+15 2.57462871323412e+10 3.87686668914866e+15 3.95032125705173e+13 1.40657730247713e+08 0.00000000000000e+00 0.00000000000000e+00 0.00000000000000e+00 0.00000000000000e+00 0.00000000000000e+00 0.00000000000000e+00 0.00000000000000e+00 
7.82345510966345e-05 3.23810706290122e+02 3.23647485154254e+02 2.87870288636441e+20 8.77890822036767e+16 2.31020224090610e+16 1.36306661331055e+16 7.60063861963215e+13 1.90719489070136e+17 9.83361440023701e+15 2.97031739456754e+10 4.40784669701245e+15 5.14925939653758e+13 1.85013778390056e+08 0.00000000000000e+00 0.00000000000000e+00 0.00000000000000e+00 0.00000000000000e+00 0.00000000000000e+00 0.00000000000000e+00 0.00000000000000e+00 
8.79017092350001e-05 3.23697453094028e+02 3.23499415708250e+02 2.87843831922592e+20 9.86248738270894e+16 2.57356789927020e+16 1.39490344166944e+16 8.51217150774739e+13 2.15422762558931e+17 9.88309075660464e+15 3.37026075007886e+10 4.93389939645577e+15 6.50783840940194e+13 2.35092150847791e+08 0.00000000000000e+00 0.00000000000000e+00 0.00000000000000e+00 0.00000000000000e+00 0.00000000000000e+00 0.00000000000000e+00 0.00000000000000e+00 
9.75688673733656e-05 3.23659147816780e+02 3.23439478920082e+02 2.87817549903202e+20 1.09456394952681e+17 2.82898725212575e+16 1.41805108481386e+16 9.41485860441245e+13 2.40137628424720e+17 9.91348426730334e+15 3.77318529780387e+10 5.45469150707725e+15 8.02607799379157e+13 2.90760821867807e+08 0.00000000000000e+00 0.00000000000000e+00 0.00000000000000e+00 0.00000000000000e+00 0.00000000000000e+00 0.00000000000000e+00 0.00000000000000e+00 
1.07236025511731e-04 3.23641777735237e+02 3.23419210240609e+02 2.87791418593881e+20 1.20283520755547e+17 3.07654808896666e+16 1.43486533034309e+16 1.03079576314836e+14 2.64853606027853e+17 9.93496422313248e+15 4.17787764916926e+10 5.96989913789518e+15 9.70387772131999e+13 3.51900453539672e+08 0.00000000000000e+00 0.00000000000000e+00 0.00000000000000e+00 0.00000000000000e+00 0.00000000000000e+00 0.00000000000000e+00 0.00000000000000e+00 
1.16903183650097e-04 3.23629598067207e+02 3.23410019455140e+02 2.87765418846742e+20 1.31106168493097e+17 3.31644190860898e+16 1.44710967025144e+16 1.11907585883380e+14 2.89566699396699e+17 9.95122300882009e+15 4.58319274853466e+10 6.47920811821717e+15 1.15410179259747e+14 4.18401386016347e+08 0.00000000000000e+00 0.00000000000000e+00 0.00000000000000e+00 0.00000000000000e+00 0.00000000000000e+00 0.00000000000000e+00 0.00000000000000e+00 
1.35175293615039e-04 3.23605692477707e+02 3.23403575085504e+02 2.87716587041112e+20 1.51549844627945e+17 3.74970389298824e+16 1.46197341361157e+16 1.28288723369568e+14 3.36263152329331e+17 9.97307873030741e+15 5.34732513216553e+10 7.42468318625657e+15 1.54473638685541e+14 5.58366222180339e+08 0.00000000000000e+00 0.00000000000000e+00 0.00000000000000e+00 0.00000000000000e+00 0.00000000000000e+00 0.00000000000000e+00 0.00000000000000e+00 
1.53447403579981e-04 3.23608139536500e+02 3.23390927145454e+02 2.87668110199321e+20 1.71976961846048e+17 4.15786920503990e+16 1.47009402467227e+16 1.44236181639518e+14 3.82936113602142e+17 9.98645485213628e+15 6.10377266822061e+10 8.34604683245534e+15 1.99182535553625e+14 7.16414874221676e+08 0.00000000000000e+00 0.00000000000000e+00 0.00000000000000e+00 0.00000000000000e+00 0.00000000000000e+00 0.00000000000000e+00 0.00000000000000e+00 
1.71719513544923e-04 3.23628029671746e+02 3.23392220565555e+02 2.87619948191946e+20 1.92387229353874e+17 4.54233964700784e+16 1.47430815160944e+16 1.59713108168482e+14 4.29578465885849e+17 9.99658689966829e+15 6.84757003380474e+10 9.24147228413300e+15 2.49488121703324e+14 8.91840722473480e+08 0.00000000000000e+00 0.00000000000000e+00 0.00000000000000e+00 0.00000000000000e+00 0.00000000000000e+00 0.00000000000000e+00 0.00000000000000e+00 
1.89991623509865e-04 3.23638602032679e+02 3.23402741849141e+02 2.87572072330957e+20 2.12780393061324e+17 4.90445350833709e+16 1.47635788973201e+16 1.74687658072876e+14 4.76184382145658e+17 1.00075178529611e+16 7.57487304431115e+10 1.01092726978067e+16 3.05327454420016e+14 1.08400423673486e+09 0.00000000000000e+00 0.00000000000000e+00 0.00000000000000e+00 0.00000000000000e+00 0.00000000000000e+00 0.00000000000000e+00 0.00000000000000e+00 
2.08263733474806e-04 3.23636323766466e+02 3.23408333935708e+02 2.87524460493039e+20 2.33156242122533e+17 5.24553512556363e+16 1.47732765437905e+16 1.89133242158174e+14 5.22751881742308e+17 1.00195474306110e+16 8.28288577866322e+10 1.09479054505472e+16 3.66623879977230e+14 1.29230922539737e+09 0.00000000000000e+00 0.00000000000000e+00 0.00000000000000e+00 0.00000000000000e+00 0.00000000000000e+00 0.00000000000000e+00 0.00000000000000e+00 
2.26535843439748e-04 3.23633910765755e+02 3.23407127444902e+02 2.87477096240907e+20 2.53514595352880e+17 5.56685493035215e+16 1.47777329648305e+16 2.03028786791340e+14 5.69280708680976e+17 1.00313503923265e+16 8.96980707898601e+10 1.17559747093073e+16 4.33287572045105e+14 1.51614345434215e+09 0.00000000000000e+00 0.00000000000000e+00 0.00000000000000e+00 0.00000000000000e+00 0.00000000000000e+00 0.00000000000000e+00 0.00000000000000e+00 
2.58927015588791e-04 3.23635493054347e+02 3.23405849694079e+02 2.87393706127206e+20 2.89560574523393e+17 6.09141980820899e+16 1.47780004792916e+16 2.26268570291710e+14 6.51663623203196e+17 1.00515483861219e+16 1.01338246778048e+11 1.31097102633262e+16 5.64319537945836e+14 1.94930286700466e+09 0.00000000000000e+00 0.00000000000000e+00 0.00000000000000e+00 0.00000000000000e+00 0.00000000000000e+00 0.00000000000000e+00 0.00000000000000e+00 
2.91318187737834e-04 3.23642098891731e+02 3.23406684718284e+02 2.87310997542897e+20 3.25550213707053e+17 6.56352744615712e+16 1.47754890939380e+16 2.47685812801467e+14 7.33913146917102e+17 1.00710707909529e+16 1.12291846156270e+11 1.43578550216665e+16 7.11227042739346e+14 2.42624897956194e+09 0.00000000000000e+00 0.00000000000000e+00 0.00000000000000e+00 0.00000000000000e+00 0.00000000000000e+00 0.00000000000000e+00 0.00000000000000e+00 
3.23709359886877e-04 3.23646027607025e+02 3.23410177392517e+02 2.87228921370153e+20 3.61482798382501e+17 6.98860474165285e+16 1.47721607044456e+16 2.67275215310269e+14 8.16022282327034e+17 1.00907491563179e+16 1.22607066492951e+11 1.54960691376912e+16 8.73249856141345e+14 2.94410050618072e+09 0.00000000000000e+00 0.00000000000000e+00 0.00000000000000e+00 0.00000000000000e+00 0.00000000000000e+00 0.00000000000000e+00 0.00000000000000e+00 
3.56100532035920e-04 3.23647366091460e+02 3.23412253757597e+02 2.87147434541681e+20 3.97357744510862e+17 7.37150875989955e+16 1.47682086495324e+16 2.85074798989453e+14 8.97986059266472e+17 1.01106358909431e+16 1.32369397156808e+11 1.65215427955753e+16 1.04953002347548e+15 3.50016453915502e+09 0.00000000000000e+00 0.00000000000000e+00 0.00000000000000e+00 0.00000000000000e+00 0.00000000000000e+00 0.00000000000000e+00 0.00000000000000e+00 
3.88491704184963e-04 3.23648809497546e+02 3.23412959774327e+02 2.87066497655009e+20 4.33174582513278e+17 7.71659010919968e+16 1.47638591754853e+16 3.01158809461611e+14 9.79801056463292e+17 1.01304567300786e+16 1.41684507965735e+11 1.74329157717464e+16 1.23912974934640e+15 4.09185324257178e+09 0.00000000000000e+00 0.00000000000000e+00 0.00000000000000e+00 0.00000000000000e+00 0.00000000000000e+00 0.00000000000000e+00 0.00000000000000e+00 
4.66797005508699e-04 3.23652873754221e+02 3.23413721297206e+02 2.86872897386513e+20 5.19519579211760e+17 8.41646886449238e+16 1.47531555038703e+16 3.33674314234497e+14 1.17696374471432e+18 1.01779587973434e+16 1.63023449165653e+11 1.91707482006666e+16 1.74622843083887e+15 5.65532327725398e+09 0.00000000000000e+00 0.00000000000000e+00 0.00000000000000e+00 0.00000000000000e+00 0.00000000000000e+00 0.00000000000000e+00 0.00000000000000e+00 
5.45102306832435e-04 3.23657765986121e+02 3.23415866371953e+02 2.86681855285938e+20 6.05520089199511e+17 8.96340457543852e+16 1.47428344260764e+16 3.58624806304410e+14 1.37323714590345e+18 1.02248893829604e+16 1.83818211041425e+11 2.02733761338981e+16 2.31030257873177e+15 7.38236682191730e+09 0.00000000000000e+00 0.00000000000000e+00 0.00000000000000e+00 0.00000000000000e+00 0.00000000000000e+00 0.00000000000000e+00 0.00000000000000e+00 
6.23407608156172e-04 3.23661171062463e+02 3.23418449455357e+02 2.86492989268472e+20 6.91175564929165e+17 9.39370804421438e+16 1.47327682600428e+16 3.78052472838339e+14 1.56864311547602e+18 1.02716064928555e+16 2.05224669222632e+11 2.08000239978760e+16 2.91594576296250e+15 9.24637145664797e+09 0.00000000000000e+00 0.00000000000000e+00 0.00000000000000e+00 0.00000000000000e+00 0.00000000000000e+00 0.00000000000000e+00 0.00000000000000e+00 
7.01712909479908e-04 3.23663765056356e+02 3.23420245771922e+02 2.86305979035772e+20 7.76487618246307e+17 9.73461281410052e+16 1.47227165129682e+16 3.93949673999925e+14 1.76323136416539e+18 1.03181240699433e+16 2.28043115481103e+11 2.08352446253276e+16 3.54813136809043e+15 1.12248638171521e+10 0.00000000000000e+00 0.00000000000000e+00 0.00000000000000e+00 0.00000000000000e+00 0.00000000000000e+00 0.00000000000000e+00 0.00000000000000e+00 
7.80018210803644e-04 3.23666303044969e+02 3.23421612998799e+02 2.86120551659557e+20 8.61459233519129e+17 1.00067799620369e+17 1.47127001440209e+16 4.07998904638614e+14 1.95706890469893e+18 1.03643786236095e+16 2.52766350338876e+11 2.04763543204961e+16 4.19319052647973e+15 1.32987847615114e+10 0.00000000000000e+00 0.00000000000000e+00 0.00000000000000e+00 0.00000000000000e+00 0.00000000000000e+00 0.00000000000000e+00 0.00000000000000e+00 
8.90789413479148e-04 3.23669576214660e+02 3.23422950593482e+02 2.85860510764042e+20 9.81086537821204e+17 1.03036054264574e+17 1.46987022244206e+16 4.27010240494398e+14 2.23013590419860e+18 1.04294425393315e+16 2.91490593620570e+11 1.94860759465911e+16 5.10612830705054e+15 1.63651964735804e+10 0.00000000000000e+00 0.00000000000000e+00 0.00000000000000e+00 0.00000000000000e+00 0.00000000000000e+00 0.00000000000000e+00 0.00000000000000e+00 
1.00156061615465e-03 3.23672464140217e+02 3.23424675010641e+02 2.85602635509941e+20 1.10005078602914e+18 1.05278084902033e+17 1.46848699400689e+16 4.47175852833411e+14 2.50205245143562e+18 1.04941773985166e+16 3.34969895186791e+11 1.81575750206189e+16 5.99694485448632e+15 1.95525601933928e+10 0.00000000000000e+00 0.00000000000000e+00 0.00000000000000e+00 0.00000000000000e+00 0.00000000000000e+00 0.00000000000000e+00 0.00000000000000e+00 
1.11233181883016e-03 3.23675081605779e+02 3.23426195617208e+02 2.85346515309562e+20 1.21836215968777e+18 1.07025156475768e+17 1.46711387425591e+16 4.69742976819466e+14 2.77299597350315e+18 1.05586536367822e+16 3.83138861190561e+11 1.66982692030450e+16 6.84930750099355e+15 2.28307014995356e+10 0.00000000000000e+00 0.00000000000000e+00 0.00000000000000e+00 0.00000000000000e+00 0.00000000000000e+00 0.00000000000000e+00 0.00000000000000e+00 
1.22310302150566e-03 3.23677558409886e+02 3.23427573134822e+02 2.85091860360737e+20 1.33602921264218e+18 1.08429319289898e+17 1.46574824983330e+16 4.95103983916355e+14 3.04310132985002e+18 1.06229050397266e+16 4.35556749457012e+11 1.52551029635444e+16 7.65515837104443e+15 2.61761638401818e+10 0.00000000000000e+00 0.00000000000000e+00 0.00000000000000e+00 0.00000000000000e+00 0.00000000000000e+00 0.00000000000000e+00 0.00000000000000e+00 
1.33387422418116e-03 3.23679936507238e+02 3.23428876225119e+02 2.84838475961348e+20 1.45305849045374e+18 1.09593517734204e+17 1.46438981963811e+16 5.23157134897876e+14 3.31245673684493e+18 1.06869597363079e+16 4.91546892752810e+11 1.39159542744791e+16 8.41266816258134e+15 2.95704850438288e+10 0.00000000000000e+00 0.00000000000000e+00 0.00000000000000e+00 0.00000000000000e+00 0.00000000000000e+00 0.00000000000000e+00 0.00000000000000e+00 
1.46558891532633e-03 3.23682669261191e+02 3.23430127080722e+02 2.84538669522720e+20 1.59139085985410e+18 1.10765501966984e+17 1.46278307918059e+16 5.59516827109927e+14 3.63182628539261e+18 1.07628964379888e+16 5.61590292964450e+11 1.25115910041756e+16 9.25346187749316e+15 3.36497755453612e+10 0.00000000000000e+00 0.00000000000000e+00 0.00000000000000e+00 0.00000000000000e+00 0.00000000000000e+00 0.00000000000000e+00 0.00000000000000e+00 
1.59730360647150e-03 3.23685331241277e+02 3.23431564171600e+02 2.84240364922123e+20 1.72883415928462e+18 1.11780898280825e+17 1.46118453938170e+16 5.98468024274474e+14 3.95023546499036e+18 1.08385982981442e+16 6.34437466251901e+11 1.13243540738736e+16 1.00361780134559e+16 3.77580270611826e+10 0.00000000000000e+00 0.00000000000000e+00 0.00000000000000e+00 0.00000000000000e+00 0.00000000000000e+00 0.00000000000000e+00 0.00000000000000e+00 
1.72901829761667e-03 3.23687951471370e+02 3.23432963796740e+02 2.83943504570413e+20 1.86539297720961e+18 1.12691430930525e+17 1.45959355964957e+16 6.39298846989637e+14 4.26768373996508e+18 1.09140688285645e+16 7.09093142295039e+11 1.03329272982964e+16 1.07694295046739e+16 4.18805532271625e+10 0.00000000000000e+00 0.00000000000000e+00 0.00000000000000e+00 0.00000000000000e+00 0.00000000000000e+00 0.00000000000000e+00 0.00000000000000e+00 
1.86073298876183e-03 3.23690539688865e+02 3.23434341310789e+02 2.83648056069240e+20 2.00107170367889e+18 1.13531642459315e+17 1.45801011367684e+16 6.81447349413666e+14 4.58416278738923e+18 1.09893090169214e+16 7.84927251391842e+11 9.51045315418293e+15 1.14609617011228e+16 4.60059584223196e+10 0.00000000000000e+00 0.00000000000000e+00 0.00000000000000e+00 0.00000000000000e+00 0.00000000000000e+00 0.00000000000000e+00 0.00000000000000e+00 
1.99244767990700e-03 3.23693104865286e+02 3.23435701866464e+02 2.83354007296559e+20 2.13587446406938e+18 1.14324460719517e+17 1.45643419583088e+16 7.24414657985046e+14 4.89965614634053e+18 1.10643178196052e+16 8.61336907595133e+11 8.82405078918122e+15 1.21176009150954e+16 5.01253875405167e+10 0.00000000000000e+00 0.00000000000000e+00 0.00000000000000e+00 0.00000000000000e+00 0.00000000000000e+00 0.00000000000000e+00 0.00000000000000e+00 
2.12416237105217e-03 3.23695652891292e+02 3.23437050211354e+02 2.83061356635141e+20 2.26980538661460e+18 1.15084610890967e+17 1.45486571781522e+16 7.67789327386143e+14 5.21414546904730e+18 1.11390920626221e+16 9.37909971451903e+11 8.24129818189201e+15 1.27450557111774e+16 5.42320340030097e+10 0.00000000000000e+00 0.00000000000000e+00 0.00000000000000e+00 0.00000000000000e+00 0.00000000000000e+00 0.00000000000000e+00 0.00000000000000e+00 
2.39304416978693e-03 3.23700806981165e+02 3.23438389463270e+02 2.82468264669886e+20 2.54052444414574e+18 1.16566656659162e+17 1.45168691103190e+16 8.56732143765532e+14 5.85298940728519e+18 1.12910005272827e+16 1.09467430728911e+12 7.29445111352818e+15 1.39511333895316e+16 6.25569980675306e+10 0.00000000000000e+00 0.00000000000000e+00 0.00000000000000e+00 0.00000000000000e+00 0.00000000000000e+00 0.00000000000000e+00 0.00000000000000e+00 
2.61232614670198e-03 3.23704973294717e+02 3.23441098253328e+02 2.81988855658944e+20 2.75865743115235e+18 1.17737388442046e+17 1.44911738611973e+16 9.28789781673343e+14 6.37081894383052e+18 1.14141502609691e+16 1.22270658361098e+12 6.68296129376163e+15 1.48766383540819e+16 6.92695297562016e+10 0.00000000000000e+00 0.00000000000000e+00 0.00000000000000e+00 0.00000000000000e+00 0.00000000000000e+00 0.00000000000000e+00 0.00000000000000e+00 
2.83160812361702e-03 3.23709109434803e+02 3.23443287727195e+02 2.81513262793220e+20 2.97443711517286e+18 1.18884474702724e+17 1.44656835762814e+16 1.00011342191983e+15 6.88579465916307e+18 1.15366368764217e+16 1.35106316892963e+12 6.17589859453989e+15 1.57597172412074e+16 7.59031186687780e+10 0.00000000000000e+00 0.00000000000000e+00 0.00000000000000e+00 0.00000000000000e+00 0.00000000000000e+00 0.00000000000000e+00 0.00000000000000e+00 
3.05089010053207e-03 3.23713216740277e+02 3.23445461196983e+02 2.81041460704292e+20 3.18788704004630e+18 1.20011794617620e+17 1.44403967936791e+16 1.07057196476998e+15 7.39791770227864e+18 1.16584603505195e+16 1.47964901865155e+12 5.74927089871694e+15 1.66067031161479e+16 8.24527860912076e+10 0.00000000000000e+00 0.00000000000000e+00 0.00000000000000e+00 0.00000000000000e+00 0.00000000000000e+00 0.00000000000000e+00 0.00000000000000e+00 
3.27017207744712e-03 3.23717296032946e+02 3.23447619374562e+02 2.80573423403494e+20 3.39903067497438e+18 1.21122206266363e+17 1.44153122008636e+16 1.14007235915233e+15 7.90719156271652e+18 1.17796211994665e+16 1.60829622089823e+12 5.38413714680976e+15 1.74225835379913e+16 8.89156851693042e+10 0.00000000000000e+00 0.00000000000000e+00 0.00000000000000e+00 0.00000000000000e+00 0.00000000000000e+00 0.00000000000000e+00 0.00000000000000e+00 
3.48945405436216e-03 3.23721347947993e+02 3.23449762698103e+02 2.80109123155001e+20 3.60789142819795e+18 1.22217973193049e+17 1.43904284724469e+16 1.20855893517518e+15 8.41362262354797e+18 1.19001205621256e+16 1.73693043788210e+12 5.06654203674460e+15 1.82112962534107e+16 9.52903180446872e+10 0.00000000000000e+00 0.00000000000000e+00 0.00000000000000e+00 0.00000000000000e+00 0.00000000000000e+00 0.00000000000000e+00 0.00000000000000e+00 
3.87630476184576e-03 3.23728430828795e+02 3.23451891506820e+02 2.79299038638287e+20 3.97086254748720e+18 1.24119161842716e+17 1.43470143327184e+16 1.32687945121755e+15 9.30015279732149e+18 1.21110949217845e+16 1.96381847803845e+12 4.59653620506541e+15 1.95456970934813e+16 1.06319694281309e+11 0.00000000000000e+00 0.00000000000000e+00 0.00000000000000e+00 0.00000000000000e+00 0.00000000000000e+00 0.00000000000000e+00 0.00000000000000e+00 
4.26315546932936e-03 3.23735432230898e+02 3.23455612428785e+02 2.78500329452908e+20 4.32692828148973e+18 1.25982195960746e+17 1.43042118720220e+16 1.44203198713416e+15 1.01779264253248e+19 1.23200280212534e+16 2.19042594670965e+12 4.21411637597897e+15 2.08176085014226e+16 1.17075328104202e+11 0.00000000000000e+00 0.00000000000000e+00 0.00000000000000e+00 0.00000000000000e+00 0.00000000000000e+00 0.00000000000000e+00 0.00000000000000e+00 
4.65000617681295e-03 3.23742352991239e+02 3.23459290173125e+02 2.77712835303270e+20 4.67621365039263e+18 1.27808165457110e+17 1.42620125059979e+16 1.55409392101938e+15 1.10470072299992e+19 1.25269322199915e+16 2.41643406607855e+12 3.89676313293304e+15 2.20360365857560e+16 1.27562974487856e+11 0.00000000000000e+00 0.00000000000000e+00 0.00000000000000e+00 0.00000000000000e+00 0.00000000000000e+00 0.00000000000000e+00 0.00000000000000e+00 
5.03685688429655e-03 3.23749194016595e+02 3.23462925197269e+02 2.76936396935187e+20 5.01884161993592e+18 1.29598228631322e+17 1.42204077340942e+16 1.66315726424547e+15 1.19074608322675e+19 1.27318204748384e+16 2.64164738385502e+12 3.62829008568217e+15 2.32078633303058e+16 1.37789246639047e+11 0.00000000000000e+00 0.00000000000000e+00 0.00000000000000e+00 0.00000000000000e+00 0.00000000000000e+00 0.00000000000000e+00 0.00000000000000e+00 
5.42370759178015e-03 3.23755956522734e+02 3.23466517994818e+02 2.76170855264410e+20 5.35493314495855e+18 1.31353759091165e+17 1.41793889784780e+16 1.76932847973601e+15 1.27593551529096e+19 1.29347064452136e+16 2.86599156616496e+12 3.39802397471730e+15 2.43384403019518e+16 1.47761042511170e+11 0.00000000000000e+00 0.00000000000000e+00 0.00000000000000e+00 0.00000000000000e+00 0.00000000000000e+00 0.00000000000000e+00 0.00000000000000e+00 
5.81055829926375e-03 3.23762641606444e+02 3.23470069221953e+02 2.75416052998844e+20 5.68460713774028e+18 1.33075736431688e+17 1.41389477135859e+16 1.87271771988343e+15 1.36027592383237e+19 1.31356041268463e+16 3.08937282090549e+12 3.19887776747660e+15 2.54319754682336e+16 1.57485574839587e+11 0.00000000000000e+00 0.00000000000000e+00 0.00000000000000e+00 0.00000000000000e+00 0.00000000000000e+00 0.00000000000000e+00 0.00000000000000e+00 
6.36851998538480e-03 3.23772149068111e+02 3.23473579471249e+02 2.74345994364888e+20 6.14903421630578e+18 1.35501548820170e+17 1.40816189608588e+16 2.01713235207301e+15 1.48043990581623e+19 1.34218883880341e+16 3.40958107247880e+12 2.95347365609300e+15 2.69507265430770e+16 1.71090631776574e+11 0.00000000000000e+00 0.00000000000000e+00 0.00000000000000e+00 0.00000000000000e+00 0.00000000000000e+00 0.00000000000000e+00 0.00000000000000e+00 
6.92648167150585e-03 3.23781499716718e+02 3.23478571173779e+02 2.73297503516123e+20 6.60069670620978e+18 1.37860718171573e+17 1.40254497070644e+16 2.15625872758731e+15 1.59887243253278e+19 1.37041075844094e+16 3.72732965921982e+12 2.74850562568808e+15 2.84072563116768e+16 1.84217758684667e+11 0.00000000000000e+00 0.00000000000000e+00 0.00000000000000e+00 0.00000000000000e+00 0.00000000000000e+00 0.00000000000000e+00 0.00000000000000e+00 
7.48444335762691e-03 3.23790696440516e+02 3.23483479936096e+02 2.72270138140849e+20 7.03992890665938e+18 1.40155294965204e+17 1.39704159449995e+16 2.29035007955157e+15 1.71559380870311e+19 1.39823039021930e+16 4.04243805452133e+12 2.57389898734511e+15 2.98077151056175e+16 1.96887091317562e+11 0.00000000000000e+00 0.00000000000000e+00 0.00000000000000e+00 0.00000000000000e+00 0.00000000000000e+00 0.00000000000000e+00 0.00000000000000e+00 
8.04240504374796e-03 3.23799741542326e+02 3.23488307317368e+02 2.71263464686793e+20 7.46705670698032e+18 1.42387295910842e+17 1.39164941887357e+16 2.41965360621229e+15 1.83062432641306e+19 1.42565197271893e+16 4.35481015490497e+12 2.42299670023698e+15 3.11569492183613e+16 2.09117691606021e+11 0.00000000000000e+00 0.00000000000000e+00 0.00000000000000e+00 0.00000000000000e+00 0.00000000000000e+00 0.00000000000000e+00 0.00000000000000e+00 
8.60036672986901e-03 3.23808637567347e+02 3.23493054565148e+02 2.70277058335527e+20 7.88239777565522e+18 1.44558473627010e+17 1.38636613927626e+16 2.54440713878459e+15 1.94398425243722e+19 1.45267977616955e+16 4.66437315978385e+12 2.29175062259822e+15 3.24588595806307e+16 2.20927827888025e+11 0.00000000000000e+00 0.00000000000000e+00 0.00000000000000e+00 0.00000000000000e+00 0.00000000000000e+00 0.00000000000000e+00 0.00000000000000e+00 
9.15832841599007e-03 3.23817386911542e+02 3.23497723053001e+02 2.69310504285215e+20 8.28626167480891e+18 1.46670444797081e+17 1.38118950531468e+16 2.66482371137156e+15 2.05569365870706e+19 1.47931805790040e+16 4.97103737312182e+12 2.17651331668715e+15 3.37166963854714e+16 2.32335004559577e+11 0.00000000000000e+00 0.00000000000000e+00 0.00000000000000e+00 0.00000000000000e+00 0.00000000000000e+00 0.00000000000000e+00 0.00000000000000e+00 
1.03412617426037e-02 3.23835461474574e+02 3.23502314073746e+02 2.67325160375986e+20 9.10587921772847e+18 1.50959554683706e+17 1.37055741789432e+16 2.90663251111646e+15 2.28715950843484e+19 1.53452466633941e+16 5.61140021252549e+12 1.97286906804199e+15 3.62486659650566e+16 2.55260469486481e+11 0.00000000000000e+00 0.00000000000000e+00 0.00000000000000e+00 0.00000000000000e+00 0.00000000000000e+00 0.00000000000000e+00 0.00000000000000e+00 
1.15241950692174e-02 3.23852908384966e+02 3.23511796788981e+02 2.65423501609521e+20 9.87801279199812e+18 1.55004710085055e+17 1.36037461854952e+16 3.13155986765317e+15 2.51148387960418e+19 1.58804001755005e+16 6.23822080870854e+12 1.81014323580157e+15 3.86143475108477e+16 2.76595986089469e+11 0.00000000000000e+00 0.00000000000000e+00 0.00000000000000e+00 0.00000000000000e+00 0.00000000000000e+00 0.00000000000000e+00 0.00000000000000e+00 
1.27071283958310e-02 3.23869748548911e+02 3.23520948351788e+02 2.63601943560470e+20 1.06052857899522e+19 1.58819807592704e+17 1.35062169537203e+16 3.34114858372107e+15 2.72885234634809e+19 1.63990462117067e+16 6.85134500392136e+12 1.67753789089101e+15 4.08291499322117e+16 2.96474495561751e+11 0.00000000000000e+00 0.00000000000000e+00 0.00000000000000e+00 0.00000000000000e+00 0.00000000000000e+00 0.00000000000000e+00 0.00000000000000e+00 
1.38900617224447e-02 3.23886002023190e+02 3.23529779991776e+02 2.61857068708269e+20 1.12901747351927e+19 1.62417796635890e+17 1.34128015179434e+16 3.53672613207600e+15 2.93944746912870e+19 1.69015870811713e+16 7.45068313721426e+12 1.56750241858041e+15 4.29048577275641e+16 3.15015835167280e+11 0.00000000000000e+00 0.00000000000000e+00 0.00000000000000e+00 0.00000000000000e+00 0.00000000000000e+00 0.00000000000000e+00 0.00000000000000e+00 
1.50729950490583e-02 3.23901688129373e+02 3.23538302462688e+02 2.60185612391371e+20 1.19350212482286e+19 1.65810876612727e+17 1.33233233164697e+16 3.71946825990067e+15 3.14344886814112e+19 1.73884223058736e+16 8.03621597409049e+12 1.47450555176120e+15 4.48510090320200e+16 3.32328962324674e+11 0.00000000000000e+00 0.00000000000000e+00 0.00000000000000e+00 0.00000000000000e+00 0.00000000000000e+00 0.00000000000000e+00 0.00000000000000e+00 
1.67220746986214e-02 3.23922643911888e+02 3.23546526105791e+02 2.57972182196375e+20 1.27712877636039e+19 1.70220570167755e+17 1.32048400828190e+16 3.95475521107915e+15 3.41716817431374e+19 1.80416358363358e+16 8.82953440828712e+12 1.36672447259932e+15 4.73626791455207e+16 3.54599392190687e+11 0.00000000000000e+00 0.00000000000000e+00 0.00000000000000e+00 0.00000000000000e+00 0.00000000000000e+00 0.00000000000000e+00 0.00000000000000e+00 
1.83711543481844e-02 3.23942582498363e+02 3.23557510496214e+02 2.55887355653639e+20 1.35396524394870e+19 1.74283426541573e+17 1.30932480341732e+16 4.16968080842239e+15 3.67888531675850e+19 1.86661598174147e+16 9.59631654456650e+12 1.27819354733555e+15 4.96570486835291e+16 3.74914475695865e+11 0.00000000000000e+00 0.00000000000000e+00 0.00000000000000e+00 0.00000000000000e+00 0.00000000000000e+00 0.00000000000000e+00 0.00000000000000e+00 
2.00202339977475e-02 3.23961550853991e+02 3.23567959735468e+02 2.53923566472183e+20 1.42453408363983e+19 1.78026319194671e+17 1.29881390720852e+16 4.36645726222254e+15 3.92905827021674e+19 1.92630431478157e+16 1.03368456771131e+13 1.20396717351321e+15 5.17502023596020e+16 3.93483034234707e+11 0.00000000000000e+00 0.00000000000000e+00 0.00000000000000e+00 0.00000000000000e+00 0.00000000000000e+00 0.00000000000000e+00 0.00000000000000e+00 
2.16693136473105e-02 3.23979593902522e+02 3.23577898819233e+02 2.52073714433015e+20 1.48931775641490e+19 1.81473987370763e+17 1.28891305533795e+16 4.54699309012909e+15 4.16813292415694e+19 1.98333150237764e+16 1.10515001933825e+13 1.14092167429740e+15 5.36561025001059e+16 4.10488262310098e+11 0.00000000000000e+00 0.00000000000000e+00 0.00000000000000e+00 0.00000000000000e+00 0.00000000000000e+00 0.00000000000000e+00 0.00000000000000e+00 
2.33183932968736e-02 3.23996754652723e+02 3.23587351614315e+02 2.50331124808439e+20 1.54876258652139e+19 1.84649258317885e+17 1.27958630842899e+16 4.71294030067944e+15 4.39654308645877e+19 2.03779843434220e+16 1.17407106060554e+13 1.08679563117492e+15 5.53873836110156e+16 4.26092058617896e+11 0.00000000000000e+00 0.00000000000000e+00 0.00000000000000e+00 0.00000000000000e+00 0.00000000000000e+00 0.00000000000000e+00 0.00000000000000e+00 
2.59452012545040e-02 3.24022368023384e+02 3.23596340933655e+02 2.47761663758329e+20 1.63342211841676e+19 1.89195449428892e+17 1.26583353218712e+16 4.95060222384300e+15 4.73938484910402e+19 2.11951230877065e+16 1.27871418989687e+13 1.01460756267486e+15 5.78124240450672e+16 4.48397659405942e+11 0.00000000000000e+00 0.00000000000000e+00 0.00000000000000e+00 0.00000000000000e+00 0.00000000000000e+00 0.00000000000000e+00 0.00000000000000e+00 
2.85720092121344e-02 3.24046003688044e+02 3.23609755882413e+02 2.45425081081470e+20 1.70708679925994e+19 1.93180384809452e+17 1.25332626595652e+16 5.15988025994692e+15 5.05787190483235e+19 2.19536638912010e+16 1.37722719393110e+13 9.55842894653432e+14 5.98664500454920e+16 4.67998800012174e+11 0.00000000000000e+00 0.00000000000000e+00 0.00000000000000e+00 0.00000000000000e+00 0.00000000000000e+00 0.00000000000000e+00 0.00000000000000e+00 
3.11988171697648e-02 3.24067808542719e+02 3.23622132930674e+02 2.43299981324280e+20 1.77110120580988e+19 1.96672074236675e+17 1.24194968957601e+16 5.34488456471893e+15 5.35356828954368e+19 2.26573309900199e+16 1.46983331657466e+13 9.07055463222042e+14 6.15883909498675e+16 4.85297140677902e+11 0.00000000000000e+00 0.00000000000000e+00 0.00000000000000e+00 0.00000000000000e+00 0.00000000000000e+00 0.00000000000000e+00 0.00000000000000e+00 
3.38256251273952e-02 3.24087918941641e+02 3.23633549626756e+02 2.41367037955771e+20 1.82664513410565e+19 1.99730098017157e+17 1.23160017671662e+16 5.50895988673518e+15 5.62795663153258e+19 2.33096721289837e+16 1.55676763877515e+13 8.66040613055762e+14 6.30134915035658e+16 5.00625603628208e+11 0.00000000000000e+00 0.00000000000000e+00 0.00000000000000e+00 0.00000000000000e+00 0.00000000000000e+00 0.00000000000000e+00 0.00000000000000e+00 
3.64524330850256e-02 3.24106461601439e+02 3.23644077851386e+02 2.39608733243249e+20 1.87475804023493e+19 2.02406834618764e+17 1.22218389571035e+16 5.65490452299312e+15 5.88244093845981e+19 2.39140650015099e+16 1.63827081288788e+13 8.31019089404619e+14 6.41738145001840e+16 5.14261778939348e+11 0.00000000000000e+00 0.00000000000000e+00 0.00000000000000e+00 0.00000000000000e+00 0.00000000000000e+00 0.00000000000000e+00 0.00000000000000e+00 
4.11125353977526e-02 3.24135852741352e+02 3.23653784324614e+02 2.36871892824369e+20 1.94452124988338e+19 2.06353293505740e+17 1.20752225058858e+16 5.87610839354720e+15 6.28893882662181e+19 2.48779317264181e+16 1.77024058427804e+13 7.80127149668766e+14 6.56675858215988e+16 5.34984222729276e+11 0.00000000000000e+00 0.00000000000000e+00 0.00000000000000e+00 0.00000000000000e+00 0.00000000000000e+00 0.00000000000000e+00 0.00000000000000e+00 
4.57726377104795e-02 3.24161270895269e+02 3.23669167808279e+02 2.34557449576444e+20 1.99806080999794e+19 2.09459541195131e+17 1.19511718957053e+16 6.05822338921543e+15 6.64376679516967e+19 2.57174603901058e+16 1.88726419692181e+13 7.40064851757214e+14 6.65630179140957e+16 5.52121423331526e+11 0.00000000000000e+00 0.00000000000000e+00 0.00000000000000e+00 0.00000000000000e+00 0.00000000000000e+00 0.00000000000000e+00 0.00000000000000e+00 
5.04327400232065e-02 3.24183241307565e+02 3.23682470204509e+02 2.32599068546940e+20 2.03887943556786e+19 2.11900559396192e+17 1.18461451305790e+16 6.20918552529207e+15 6.95311177827658e+19 2.64477231986517e+16 1.99071759255618e+13 7.08134616793353e+14 6.69851512051898e+16 5.66416996254119e+11 0.00000000000000e+00 0.00000000000000e+00 0.00000000000000e+00 0.00000000000000e+00 0.00000000000000e+00 0.00000000000000e+00 0.00000000000000e+00 
5.50928423359334e-02 3.24202219749521e+02 3.23693967187899e+02 2.30941469473854e+20 2.06972117889721e+19 2.13813907330371e+17 1.17571917065730e+16 6.33486570663620e+15 7.22248107974288e+19 2.70821286245436e+16 2.08191139869876e+13 6.82225972755386e+14 6.70387082380945e+16 5.78435337597309e+11 0.00000000000000e+00 0.00000000000000e+00 0.00000000000000e+00 0.00000000000000e+00 0.00000000000000e+00 0.00000000000000e+00 0.00000000000000e+00 
5.97529446486603e-02 3.24218603092643e+02 3.23703897773893e+02 2.29538217515912e+20 2.09275588406416e+19 2.15308676454818e+17 1.16818342858713e+16 6.43991621752843e+15 7.45677276407373e+19 2.76325978700353e+16 2.16208508679153e+13 6.60824626638774e+14 6.68100898624600e+16 5.88609709313651e+11 0.00000000000000e+00 0.00000000000000e+00 0.00000000000000e+00 0.00000000000000e+00 0.00000000000000e+00 0.00000000000000e+00 0.00000000000000e+00 
6.74709395894525e-02 3.24240946504829e+02 3.23712469964895e+02 2.27669682581880e+20 2.11831072449825e+19 2.17093714757027e+17 1.15813926627468e+16 6.57831602579794e+15 7.77917568055582e+19 2.83877502779447e+16 2.27374329372954e+13 6.33162633162217e+14 6.59998410934363e+16 6.02260583421090e+11 0.00000000000000e+00 0.00000000000000e+00 0.00000000000000e+00 0.00000000000000e+00 0.00000000000000e+00 0.00000000000000e+00 0.00000000000000e+00 
7.51889345302446e-02 3.24258424529059e+02 3.23724159941121e+02 2.26249479864164e+20 2.13292662296255e+19 2.18260348909446e+17 1.15049490130071e+16 6.68275691420576e+15 8.03403053962028e+19 2.89823523153212e+16 2.36313012156066e+13 6.12398060207090e+14 6.48581242923384e+16 6.12834124466055e+11 0.00000000000000e+00 0.00000000000000e+00 0.00000000000000e+00 0.00000000000000e+00 0.00000000000000e+00 0.00000000000000e+00 0.00000000000000e+00 
8.29069294710367e-02 3.24272073887764e+02 3.23733303837585e+02 2.25170219431823e+20 2.14047263168254e+19 2.19008514817393e+17 1.14467732385194e+16 6.76202062696176e+15 8.23498202021658e+19 2.94493553104991e+16 2.43432763249056e+13 5.96618958403024e+14 6.35565963380592e+16 6.21101570623269e+11 0.00000000000000e+00 0.00000000000000e+00 0.00000000000000e+00 0.00000000000000e+00 0.00000000000000e+00 0.00000000000000e+00 0.00000000000000e+00 
9.06249244118288e-02 3.24282718307848e+02 3.23740444372761e+02 2.24349863655263e+20 2.14359660098197e+19 2.19476863198030e+17 1.14024882488813e+16 6.82252068734120e+15 8.39307625025293e+19 2.98153880299926e+16 2.49079729015672e+13 5.84536412228196e+14 6.22119983432151e+16 6.27595571245523e+11 0.00000000000000e+00 0.00000000000000e+00 0.00000000000000e+00 0.00000000000000e+00 0.00000000000000e+00 0.00000000000000e+00 0.00000000000000e+00 
9.83429193526209e-02 3.24291011240832e+02 3.23746012678276e+02 2.23725702478281e+20 2.14409153412644e+19 2.19761598409562e+17 1.13687449243543e+16 6.86890921432226e+15 8.51722443576748e+19 3.01018227299416e+16 2.53543538479458e+13 5.75290065002338e+14 6.09018068467634e+16 6.32710337184625e+11 0.00000000000000e+00 0.00000000000000e+00 0.00000000000000e+00 0.00000000000000e+00 0.00000000000000e+00 0.00000000000000e+00 0.00000000000000e+00 
1.06060914293413e-01 3.24297467125929e+02 3.23750350722281e+02 2.23250296781583e+20 2.14311820329003e+19 2.19927619970238e+17 1.13430065183365e+16 6.90459444409064e+15 8.61456386846177e+19 3.03256762088575e+16 2.57061708083751e+13 5.68095058857307e+14 5.96733816270883e+16 6.36746755609696e+11 0.00000000000000e+00 0.00000000000000e+00 0.00000000000000e+00 0.00000000000000e+00 0.00000000000000e+00 0.00000000000000e+00 0.00000000000000e+00 
1.18678606976819e-01 3.24305026647833e+02 3.23753727697530e+02 2.22709173004346e+20 2.13996539044311e+19 2.20040381648139e+17 1.13136510669013e+16 6.94585753239989e+15 8.72957788044561e+19 3.05890523347553e+16 2.61241059528496e+13 5.59707408032850e+14 5.78930257373211e+16 6.41581300786830e+11 0.00000000000000e+00 0.00000000000000e+00 0.00000000000000e+00 0.00000000000000e+00 0.00000000000000e+00 0.00000000000000e+00 0.00000000000000e+00 
1.31296299660225e-01 3.24310027677398e+02 3.23757681798475e+02 2.22361448350518e+20 2.13655359273752e+19 2.20061690021395e+17 1.12947459967735e+16 6.97296386426118e+15 8.80636054993427e+19 3.07641310825254e+16 2.64044429393813e+13 5.54133890708656e+14 5.64362765178805e+16 6.44864330018743e+11 0.00000000000000e+00 0.00000000000000e+00 0.00000000000000e+00 0.00000000000000e+00 0.00000000000000e+00 0.00000000000000e+00 0.00000000000000e+00 
1.43913992343631e-01 3.24313355601559e+02 3.23760297537126e+02 2.22135243648965e+20 2.13361364287922e+19 2.20049105575701e+17 1.12824258515429e+16 6.99094988958542e+15 8.85781574870731e+19 3.08810842979472e+16 2.65929539174043e+13 5.50416670911349e+14 5.52885493857345e+16 6.47093494890074e+11 0.00000000000000e+00 0.00000000000000e+00 0.00000000000000e+00 0.00000000000000e+00 0.00000000000000e+00 0.00000000000000e+00 0.00000000000000e+00 
1.56531685027037e-01 3.24315569173647e+02 3.23762038117612e+02 2.21987856770507e+20 2.13126183728568e+19 2.20025021159776e+17 1.12743848578575e+16 7.00286730106526e+15 8.89225831843681e+19 3.09591445633018e+16 2.67194490226634e+13 5.47934372169531e+14 5.44048422549210e+16 6.48605774707568e+11 0.00000000000000e+00 0.00000000000000e+00 0.00000000000000e+00 0.00000000000000e+00 0.00000000000000e+00 0.00000000000000e+00 0.00000000000000e+00 
1.69149377710443e-01 3.24317033240266e+02 3.23763195830160e+02 2.21892451270624e+20 2.12943867128476e+19 2.19998555915502e+17 1.12691701709961e+16 7.01072272076319e+15 8.91518651038447e+19 3.10109538917381e+16 2.68038125930120e+13 5.46277113233185e+14 5.37347788933430e+16 6.49628689019332e+11 0.00000000000000e+00 0.00000000000000e+00 0.00000000000000e+00 0.00000000000000e+00 0.00000000000000e+00 0.00000000000000e+00 0.00000000000000e+00 
1.92924295498083e-01 3.24318499579214e+02 3.23763961519853e+02 2.21800266895508e+20 2.12717895500617e+19 2.19955102380515e+17 1.12641151613539e+16 7.01862562882645e+15 8.93839425933516e+19 3.10631421312040e+16 2.68894135369638e+13 5.44561628621522e+14 5.29068576491835e+16 6.50693840201875e+11 0.00000000000000e+00 0.00000000000000e+00 0.00000000000000e+00 0.00000000000000e+00 0.00000000000000e+00 0.00000000000000e+00 0.00000000000000e+00 
2.16699213285723e-01 3.24319174105825e+02 3.23764728351293e+02 2.21758909175263e+20 2.12600549504283e+19 2.19929956868870e+17 1.12618419256208e+16 7.02232010093988e+15 8.94915236837163e+19 3.10872619864156e+16 2.69291669719543e+13 5.43755520857325e+14 5.24494054305472e+16 6.51197144254705e+11 0.00000000000000e+00 0.00000000000000e+00 0.00000000000000e+00 0.00000000000000e+00 0.00000000000000e+00 0.00000000000000e+00 0.00000000000000e+00 
2.40474131073363e-01 3.24319526727296e+02 3.23765081085248e+02 2.21737026745840e+20 2.12542645759286e+19 2.19918201586945e+17 1.12606405060154e+16 7.02424112706288e+15 8.95476266622366e+19 3.10998648111313e+16 2.69498950594324e+13 5.43354949585885e+14 5.22002312209962e+16 6.51456521462434e+11 0.00000000000000e+00 0.00000000000000e+00 0.00000000000000e+00 0.00000000000000e+00 0.00000000000000e+00 0.00000000000000e+00 0.00000000000000e+00 
2.64249048861004e-01 3.24319711601006e+02 3.23765265487994e+02 2.21725545890357e+20 2.12512410057710e+19 2.19912101592400e+17 1.12600102086958e+16 7.02521244339854e+15 8.95770481402445e+19 3.11064755294132e+16 2.69607549233876e+13 5.43156188759419e+14 5.20643873295398e+16 6.51592101143811e+11 0.00000000000000e+00 0.00000000000000e+00 0.00000000000000e+00 0.00000000000000e+00 0.00000000000000e+00 0.00000000000000e+00 0.00000000000000e+00 
2.88023966648644e-01 3.24319793819184e+02 3.23765362167610e+02 2.21720698146607e+20 2.12495643808912e+19 2.19908101631677e+17 1.12597427279358e+16 7.02563402397986e+15 8.95903216487850e+19 3.11094383924677e+16 2.69656572982927e+13 5.43067268741717e+14 5.19910678471707e+16 6.51655631802731e+11 0.00000000000000e+00 0.00000000000000e+00 0.00000000000000e+00 0.00000000000000e+00 0.00000000000000e+00 0.00000000000000e+00 0.00000000000000e+00 
3.24821934101895e-01 3.24319824824786e+02 3.23765405159735e+02 2.21719141819171e+20 2.12485837884589e+19 2.19905252682410e+17 1.12596553536599e+16 7.02580049647291e+15 8.95955364296867e+19 3.11105830368535e+16 2.69675956239885e+13 5.43028013921419e+14 5.19455649174705e+16 6.51683210844411e+11 0.00000000000000e+00 0.00000000000000e+00 0.00000000000000e+00 0.00000000000000e+00 0.00000000000000e+00 0.00000000000000e+00 0.00000000000000e+00 
3.61619901555146e-01 3.24319829652768e+02 3.23765421368634e+02 2.21719005431544e+20 2.12482961653356e+19 2.19904296111741e+17 1.12596470016522e+16 7.02583977615693e+15 8.95964358398843e+19 3.11107737715621e+16 2.69679372423670e+13 5.43018478385088e+14 5.19289919451933e+16 6.51689004296350e+11 0.00000000000000e+00 0.00000000000000e+00 0.00000000000000e+00 0.00000000000000e+00 0.00000000000000e+00 0.00000000000000e+00 0.00000000000000e+00 
3.98417869008397e-01 3.24319837064993e+02 3.23765423891028e+02 2.21718538186410e+20 2.12481847868031e+19 2.19904097672065e+17 1.12596213779412e+16 7.02587973352417e+15 8.95976176633983e+19 3.11110404460003e+16 2.69683749395202e+13 5.43011284979376e+14 5.19208360014694e+16 6.51694408415724e+11 0.00000000000000e+00 0.00000000000000e+00 0.00000000000000e+00 0.00000000000000e+00 0.00000000000000e+00 0.00000000000000e+00 0.00000000000000e+00 
4.35215836461648e-01 3.24319843021076e+02 3.23765427767376e+02 2.21718141561592e+20 2.12481218342693e+19 2.19903934004761e+17 1.12596001458578e+16 7.02588660246739e+15 8.95985462031104e+19 3.11112595523907e+16 2.69688025603156e+13 5.43018588865301e+14 5.19177505973333e+16 6.51694577305328e+11 0.00000000000000e+00 0.00000000000000e+00 0.00000000000000e+00 0.00000000000000e+00 0.00000000000000e+00 0.00000000000000e+00 0.00000000000000e+00 
4.72013803914899e-01 3.24319844080536e+02 3.23765430882505e+02 2.21718080926717e+20 2.12480973428780e+19 2.19903972474710e+17 1.12595963724867e+16 7.02590660302047e+15 8.95987193476179e+19 3.11112893695244e+16 2.69687854813174e+13 5.43000616447334e+14 5.19167460929108e+16 6.51699294228033e+11 0.00000000000000e+00 0.00000000000000e+00 0.00000000000000e+00 0.00000000000000e+00 0.00000000000000e+00 0.00000000000000e+00 0.00000000000000e+00 
5.94950035288625e-01 3.24319843704339e+02 3.23765431436452e+02 2.21718114027935e+20 2.12480917351316e+19 2.19903942523807e+17 1.12595981535870e+16 7.02591324250518e+15 8.95986676519260e+19 3.11112773266367e+16 2.69687534445884e+13 5.43003025507800e+14 5.19156664863869e+16 6.51699033679135e+11 0.00000000000000e+00 0.00000000000000e+00 0.00000000000000e+00 0.00000000000000e+00 0.00000000000000e+00 0.00000000000000e+00 0.00000000000000e+00 
7.17886266662351e-01 3.24319841842349e+02 3.23765431239607e+02 2.21718234854849e+20 2.12481157960194e+19 2.19904049095674e+17 1.12596044952257e+16 7.02590098674254e+15 8.95983749231303e+19 3.11112054539235e+16 2.69685828273233e+13 5.43011942534650e+14 5.19166051090958e+16 6.51700133614961e+11 0.00000000000000e+00 0.00000000000000e+00 0.00000000000000e+00 0.00000000000000e+00 0.00000000000000e+00 0.00000000000000e+00 0.00000000000000e+00 
8.40822498036076e-01 3.24319841749365e+02 3.23765430265818e+02 2.21718238363025e+20 2.12481200586594e+19 2.19904004266918e+17 1.12596049244949e+16 7.02590197204575e+15 8.95983591314194e+19 3.11112069601015e+16 2.69686291748323e+13 5.43006688616198e+14 5.19167188876894e+16 6.51697988221373e+11 0.00000000000000e+00 0.00000000000000e+00 0.00000000000000e+00 0.00000000000000e+00 0.00000000000000e+00 0.00000000000000e+00 0.00000000000000e+00 
9.63758729409802e-01 3.24319842034466e+02 3.23765430217214e+02 2.21718219809770e+20 2.12481162518637e+19 2.19903980066550e+17 1.12596039662759e+16 7.02589222244804e+15 8.95984027612628e+19 3.11112180633292e+16 2.69686696027015e+13 5.43013012398384e+14 5.19170997880895e+16 6.51697742535264e+11 0.00000000000000e+00 0.00000000000000e+00 0.00000000000000e+00 0.00000000000000e+00 0.00000000000000e+00 0.00000000000000e+00 0.00000000000000e+00 
2.11767075137760e+00 3.24319842098816e+02 3.23765430366311e+02 2.21718216069864e+20 2.12481148474512e+19 2.19903981859574e+17 1.12596037430293e+16 7.02589597726991e+15 8.95984131884844e+19 3.11112199648810e+16 2.69686650026160e+13 5.43010718225902e+14 5.19170500068309e+16 6.51697905884993e+11 0.00000000000000e+00 0.00000000000000e+00 0.00000000000000e+00 0.00000000000000e+00 0.00000000000000e+00 0.00000000000000e+00 0.00000000000000e+00 
3.27158277334540e+00 3.24319842085928e+02 3.23765430399959e+02 2.21718216897099e+20 2.12481150936770e+19 2.19903982631033e+17 1.12596037891468e+16 7.02589776440365e+15 8.95984114761488e+19 3.11112196143460e+16 2.69686636745540e+13 5.43009612084248e+14 5.19169038285258e+16 6.51697885244738e+11 0.00000000000000e+00 0.00000000000000e+00 0.00000000000000e+00 0.00000000000000e+00 0.00000000000000e+00 0.00000000000000e+00 0.00000000000000e+00 
4.42549479531320e+00 3.24319842085140e+02 3.23765430393221e+02 2.21718216935129e+20 2.12481151122597e+19 2.19903982940476e+17 1.12596037901682e+16 7.02589784412769e+15 8.95984113684330e+19 3.11112195746216e+16 2.69686636087400e+13 5.43009585920522e+14 5.19169017219859e+16 6.51697896149027e+11 0.00000000000000e+00 0.00000000000000e+00 0.00000000000000e+00 0.00000000000000e+00 0.00000000000000e+00 0.00000000000000e+00 0.00000000000000e+00 
1.59646150149912e+01 3.24319842084842e+02 3.23765430392808e+02 2.21718216954247e+20 2.12481151234660e+19 2.19903982986125e+17 1.12596037913207e+16 7.02589804342725e+15 8.95984113555683e+19 3.11112195760397e+16 2.69686635985968e+13 5.43009447101398e+14 5.19168856355181e+16 6.51697894663820e+11 0.00000000000000e+00 0.00000000000000e+00 0.00000000000000e+00 0.00000000000000e+00 0.00000000000000e+00 0.00000000000000e+00 0.00000000000000e+00 
2.75037352346692e+01 3.24319842084899e+02 3.23765430392653e+02 2.21718216950631e+20 2.12481151214226e+19 2.19903982972920e+17 1.12596037911243e+16 7.02589800713090e+15 8.95984113588466e+19 3.11112195764095e+16 2.69686636081215e+13 5.43009470263298e+14 5.19168882981179e+16 6.51697894700276e+11 0.00000000000000e+00 0.00000000000000e+00 0.00000000000000e+00 0.00000000000000e+00 0.00000000000000e+00 0.00000000000000e+00 0.00000000000000e+00 
3.90428554543472e+01 3.24319842084835e+02 3.23765430392683e+02 2.21718216954671e+20 2.12481151237357e+19 2.19903982988022e+17 1.12596037913430e+16 7.02589804793195e+15 8.95984113555536e+19 3.11112195761096e+16 2.69686635982599e+13 5.43009443206225e+14 5.19168851420794e+16 6.51697894655205e+11 0.00000000000000e+00 0.00000000000000e+00 0.00000000000000e+00 0.00000000000000e+00 0.00000000000000e+00 0.00000000000000e+00 0.00000000000000e+00 
1.39042855454347e+02 3.24319842084838e+02 3.23765430392649e+02 2.21718216954567e+20 2.12481151236430e+19 2.19903982987469e+17 1.12596037913383e+16 7.02589804618720e+15 8.95984113557203e+19 3.11112195761303e+16 2.69686635985911e+13 5.43009444464997e+14 5.19168852758622e+16 6.51697894657538e+11 0.00000000000000e+00 0.00000000000000e+00 0.00000000000000e+00 0.00000000000000e+00 0.00000000000000e+00 0.00000000000000e+00 0.00000000000000e+00 
2.39042855454347e+02 3.24319842084851e+02 3.23765430392651e+02 2.21718216953650e+20 2.12481151231446e+19 2.19903982984226e+17 1.12596037912877e+16 7.02589803762074e+15 8.95984113564038e+19 3.11112195761856e+16 2.69686636004738e+13 5.43009450176267e+14 5.19168859515915e+16 6.51697894664591e+11 0.00000000000000e+00 0.00000000000000e+00 0.00000000000000e+00 0.00000000000000e+00 0.00000000000000e+00 0.00000000000000e+00 0.00000000000000e+00 
3.39042855454347e+02 3.24319842084848e+02 3.23765430392658e+02 2.21718216953936e+20 2.12481151232785e+19 2.19903982985130e+17 1.12596037913040e+16 7.02589803984133e+15 8.95984113562459e+19 3.11112195761782e+16 2.69686635999876e+13 5.43009448691031e+14 5.19168857761178e+16 6.51697894663129e+11 0.00000000000000e+00 0.00000000000000e+00 0.00000000000000e+00 0.00000000000000e+00 0.00000000000000e+00 0.00000000000000e+00 0.00000000000000e+00 
4.39042855454347e+02 3.24319842084851e+02 3.23765430392656e+02 2.21718216953758e+20 2.12481151231705e+19 2.19903982984445e+17 1.12596037912944e+16 7.02589803793909e+15 8.95984113564072e+19 3.11112195761942e+16 2.69686636004054e+13 5.43009449959691e+14 5.19168859257846e+16 6.51697894664909e+11 0.00000000000000e+00 0.00000000000000e+00 0.00000000000000e+00 0.00000000000000e+00 0.00000000000000e+00 0.00000000000000e+00 0.00000000000000e+00 
5.39042855454347e+02 3.24319842084850e+02 3.23765430392658e+02 2.21718216953849e+20 2.12481151232213e+19 2.19903982984774e+17 1.12596037912994e+16 7.02589803882070e+15 8.95984113563360e+19 3.11112195761881e+16 2.69686636002112e+13 5.43009449371892e+14 5.19168858564847e+16 6.51697894664171e+11 0.00000000000000e+00 0.00000000000000e+00 0.00000000000000e+00 0.00000000000000e+00 0.00000000000000e+00 0.00000000000000e+00 0.00000000000000e+00 
6.39042855454347e+02 3.24319842084851e+02 3.23765430392657e+02 2.21718216953823e+20 2.12481151231933e+19 2.19903982984612e+17 1.12596037912983e+16 7.02589803828621e+15 8.95984113563912e+19 3.11112195761962e+16 2.69686636003303e+13 5.43009449729034e+14 5.19168858985965e+16 6.51697894664848e+11 0.00000000000000e+00 0.00000000000000e+00 0.00000000000000e+00 0.00000000000000e+00 0.00000000000000e+00 0.00000000000000e+00 0.00000000000000e+00 
7.39042855454347e+02 3.24319842084850e+02 3.23765430392657e+02 2.21718216953831e+20 2.12481151232077e+19 2.19903982984692e+17 1.12596037912985e+16 7.02589803857078e+15 8.95984113563597e+19 3.11112195761912e+16 2.69686636002659e+13 5.43009449538806e+14 5.19168858761665e+16 6.51697894664462e+11 0.00000000000000e+00 0.00000000000000e+00 0.00000000000000e+00 0.00000000000000e+00 0.00000000000000e+00 0.00000000000000e+00 0.00000000000000e+00 
8.39042855454347e+02 3.24319842084850e+02 3.23765430392657e+02 2.21718216953766e+20 2.12481151231937e+19 2.19903982984566e+17 1.12596037912944e+16 7.02589803840764e+15 8.95984113563531e+19 3.11112195761850e+16 2.69686636003016e+13 5.43009449646576e+14 5.19168858888651e+16 6.51697894664175e+11 0.00000000000000e+00 0.00000000000000e+00 0.00000000000000e+00 0.00000000000000e+00 0.00000000000000e+00 0.00000000000000e+00 0.00000000000000e+00 
9.39042855454347e+02 3.24319842084850e+02 3.23765430392657e+02 2.21718216953737e+20 2.12481151231951e+19 2.19903982984548e+17 1.12596037912925e+16 7.02589803849532e+15 8.95984113563304e+19 3.11112195761785e+16 2.69686636002826e+13 5.43009449587266e+14 5.19168858818689e+16 6.51697894663762e+11 0.00000000000000e+00 0.00000000000000e+00 0.00000000000000e+00 0.00000000000000e+00 0.00000000000000e+00 0.00000000000000e+00 0.00000000000000e+00 
1.00000000000000e+03 3.24319842084850e+02 3.23765430392657e+02 2.21718216953692e+20 2.12481151231892e+19 2.19903982984480e+17 1.12596037912895e+16 7.02589803846387e+15 8.95984113563155e+19 3.11112195761723e+16 2.69686636002886e+13 5.43009449607351e+14 5.19168858842280e+16 6.51697894663433e+11 0.00000000000000e+00 0.00000000000000e+00 0.00000000000000e+00 0.00000000000000e+00 0.00000000000000e+00 0.00000000000000e+00 0.00000000000000e+00 
