Time(s)              GasTemp(K)           NearWallTemp(K)      [O2(X)](m^-3)        [O2(a1Dg)](m^-3)     [O2(b1Sg+)](m^-3)    [O2(A3Su+_C3Du_c1Su-)](m^-3) [O2(+,X)](m^-3)      [O(3P)](m^-3)        [O(1D)](m^-3)        [O(+,gnd)](m^-3)     [O(-,gnd)](m^-3)     [O3(X)](m^-3)        [O3(exc)](m^-3)      [CO2(X)](m^-3)       [CO2(e1)](m^-3)      [CO2(+,X)](m^-3)     [CO(X)](m^-3)        [CO(a3P)](m^-3)      [CO(+,X)](m^-3)      [C(X)](m^-3)        
0.00000000000000e+00 3.57173098480000e+02 3.24710394316000e+02 8.11596982237069e+21 8.11596982237069e-04 8.11596982237069e-04 8.11596982237069e-04 0.00000000000000e+00 0.00000000000000e+00 0.00000000000000e+00 0.00000000000000e+00 0.00000000000000e+00 0.00000000000000e+00 0.00000000000000e+00 2.70532327412356e+21 2.70532327412356e-04 0.00000000000000e+00 0.00000000000000e+00 0.00000000000000e+00 0.00000000000000e+00 0.00000000000000e+00 
3.90429594294912e-16 3.57173098479961e+02 3.28656778783365e+02 8.11596982237066e+21 9.80130372296562e+06 2.29024882336978e+06 3.04335524962807e+06 6.14185310400418e+02 9.05823478143127e+06 1.95848803853609e+06 2.71300948203532e-02 4.03939323279855e+05 1.08016877636473e-06 5.39460425032342e-11 2.70532327412356e+21 1.25360005240129e+06 4.36889952921814e+01 2.39991157010930e+05 2.51061415106023e+04 1.63927358038601e-15 1.15284806810592e-13 
7.80859188589825e-16 3.57173098479921e+02 3.28656778783343e+02 8.11596982237064e+21 1.96026074451271e+07 4.58049764611279e+06 6.08671049843923e+06 1.22837062080799e+03 1.81164695633328e+07 3.91697607660830e+06 5.42601896130470e-02 8.07878646556788e+05 3.40914027307617e-06 1.70260083515118e-10 2.70532327412356e+21 2.50720010447969e+06 8.73779905767713e+01 4.79982314025973e+05 5.02122830162890e+04 5.17374108685539e-15 3.63852470435087e-13 
1.17128878288474e-15 3.57173098479882e+02 3.28656778783321e+02 8.11596982237062e+21 2.94039111672963e+07 6.87074646904451e+06 9.13006574724495e+06 1.84255593122286e+03 2.71747043457146e+07 5.87546411420687e+06 8.13902843774982e-02 1.21181796983074e+06 7.01324130838550e-06 3.50256943174378e-10 2.70532327412356e+21 3.76080015650461e+06 1.31066985853610e+02 7.19973471045216e+05 7.53184245169562e+04 1.06433563263082e-14 7.48512813020620e-13 
2.87475026844112e-15 3.57173098479709e+02 3.28656778783299e+02 8.11596982237053e+21 7.21674302318285e+07 1.68632027787540e+07 2.24083585020389e+07 4.52227344394570e+03 6.66961809613068e+07 1.44204335240639e+07 1.99760080329575e-01 2.97422299685952e+06 3.66607335438887e-05 1.83091895776167e-09 2.70532327412355e+21 9.23031229875004e+06 3.21683992994440e+02 1.76706544062962e+06 1.84857623647476e+05 5.56366496205649e-14 3.91274556000856e-12 
4.57821175399750e-15 3.57173098479537e+02 3.28656778783202e+02 8.11596982237044e+21 1.14930949296503e+08 2.68556590919905e+07 3.56866512567312e+07 7.20199095680500e+03 1.06217657585874e+08 2.29654029250687e+07 3.18129875753817e-01 4.73662802383255e+06 9.01394840154531e-05 4.50176726394611e-09 2.70532327412354e+21 1.46998244399961e+07 5.12300999990401e+02 2.81415741029253e+06 2.94396822684187e+05 1.36796468447908e-13 9.62045305020271e-12 
6.28167323955389e-15 3.57173098479364e+02 3.28656778783106e+02 8.11596982237035e+21 1.57694468361323e+08 3.68481154088096e+07 4.89649440113205e+07 9.88170846980293e+03 1.45739134219557e+08 3.15103723170816e+07 4.36499670641890e-01 6.49903305074893e+06 1.67825859027263e-04 8.38159843631434e-09 2.70532327412354e+21 2.01693365802270e+07 7.02918006839204e+02 3.86124938003518e+06 4.03936021625609e+05 2.54693989383551e-13 1.79118042990091e-11 
7.98513472511027e-15 3.57173098479192e+02 3.28656778783010e+02 8.11596982237026e+21 2.00457987426289e+08 4.68405717292310e+07 6.22432367658060e+07 1.25614259829402e+04 1.85260610862406e+08 4.00553417000531e+07 5.54869464990852e-01 8.26143807760836e+06 2.69852685718669e-04 1.34770461593482e-08 2.70532327412353e+21 2.56388487194372e+07 8.93535013540042e+02 4.90834134985801e+06 5.13475220471219e+05 4.09530791825969e-13 2.88009757489981e-11 
1.30407329156917e-14 3.57173098478681e+02 3.28656778782914e+02 8.11596982236999e+21 3.27373195925168e+08 7.64965660428694e+07 1.01651062179963e+08 2.05143941756207e+04 3.02553961836811e+08 6.54154288089319e+07 9.06171867651736e-01 1.34919711655813e+07 7.16143091911681e-04 3.57657863713420e-08 2.70532327412351e+21 4.18714761657059e+07 1.45925546032206e+03 8.01594097197967e+06 8.38569846451897e+05 1.08682500130467e-12 7.64328869444127e-11 
1.80963311062732e-14 3.57173098478169e+02 3.28656778782628e+02 8.11596982236973e+21 4.54288404425332e+08 1.06152560388270e+08 1.41058887593206e+08 2.84673623695301e+04 4.19847312892037e+08 9.07755158380908e+07 1.25747426555912e+00 1.87225042530522e+07 1.37705017604675e-03 6.87729630966096e-08 2.70532327412349e+21 5.81041036029746e+07 2.02497590579942e+03 1.11235405948083e+07 1.16366447158777e+06 2.08982334263654e-12 1.46970516917148e-10 
2.31519292968546e-14 3.57173098477658e+02 3.28656778782343e+02 8.11596982236946e+21 5.81203612926781e+08 1.35808554765435e+08 1.80466713005535e+08 3.64203305646684e+04 5.37140664028088e+08 1.16135602787527e+08 1.60877665871286e+00 2.39530373400208e+07 2.25258061189289e-03 1.12498909646218e-07 2.70532327412347e+21 7.43367310312431e+07 2.59069634997210e+03 1.42311402183439e+07 1.48875909587882e+06 3.41853593813975e-12 2.40414577937402e-10 
2.82075274874361e-14 3.57173098477146e+02 3.28656778782057e+02 8.11596982236919e+21 7.08118821429515e+08 1.65464549174363e+08 2.19874538416949e+08 4.43732987610358e+04 6.54434015244962e+08 1.41495689657242e+08 1.96007904711298e+00 2.91835704264873e+07 3.34273288366527e-03 1.66943550326864e-07 2.70532327412345e+21 9.05693584505114e+07 3.15641679284009e+03 1.73387398425864e+07 1.81385371932504e+06 5.07296048141559e-12 3.56764908216133e-10 
7.87635093932507e-14 3.57173098472031e+02 3.28656778781772e+02 8.11596982236651e+21 1.97727090652752e+09 4.62024495010614e+08 6.13952792480804e+08 1.23902980792303e+05 1.82736753185895e+09 3.95096553969737e+08 5.47310266966824e+00 8.14889012635326e+07 2.60483276859759e-02 1.30091170024131e-06 2.70532327412325e+21 2.52895632148191e+08 8.81362114976331e+03 4.84147361238945e+07 5.06479990732248e+06 3.95311652586004e-11 2.78009925965635e-09 
1.29319491299065e-13 3.57173098466915e+02 3.28656778778916e+02 8.11596982236382e+21 3.24642299175402e+09 7.58584444023179e+08 1.00803104645323e+09 2.03432662946466e+05 3.00030105655522e+09 6.48697410310121e+08 8.98612581686634e+00 1.33794232050361e+08 7.02159142478603e-02 3.50673969223518e-06 2.70532327412306e+21 4.15221904945862e+08 1.44708253762195e+04 7.94907324758986e+07 8.31574601083834e+06 1.06560266812947e-10 7.49404004968706e-09 
1.79875473204880e-13 3.57173098461800e+02 3.28656778776061e+02 8.11596982236114e+21 4.51557507710900e+09 1.05514439621206e+09 1.40210930033422e+09 2.82962345223527e+05 4.17323458933377e+09 9.02298258678402e+08 1.24991484887077e+01 1.86099562786972e+08 1.35845473975807e-01 6.78442660568676e-06 2.70532327412286e+21 5.77548176843524e+08 2.01280294722089e+04 1.10566728898599e+08 1.15666920298727e+07 2.06160231182353e-10 1.44985852828164e-08 
2.30431455110694e-13 3.57173098456685e+02 3.28656778773205e+02 8.11596982235846e+21 5.78472716259247e+09 1.35170435157724e+09 1.79618755412378e+09 3.62492027623484e+05 5.34616813019459e+09 1.15589909907458e+09 1.60121706851926e+01 2.38404893473366e+08 2.22937003855428e-01 1.11339722984087e-05 2.70532327412266e+21 7.39874447841179e+08 2.57852334377314e+04 1.41642725391994e+08 1.48176379644255e+07 3.38331047775577e-10 2.37937346257665e-08 
7.35991274168840e-13 3.57173098405532e+02 3.28656778770350e+02 8.11596982233164e+21 1.84762480244939e+10 4.31730407992621e+09 5.73697008699070e+09 1.15778885838238e+06 1.70755039833278e+10 3.69190706457083e+09 5.11423665054522e+01 7.61458197575364e+08 2.27426071684874e+00 1.13581667899076e-04 2.70532327412070e+21 2.36313710831730e+09 8.23572659172821e+04 4.52402694214226e+08 4.73270926634724e+07 3.45143399385962e-09 2.42728455875252e-07 
1.24155109322699e-12 3.57173098354379e+02 3.28656778741795e+02 8.11596982230482e+21 3.11677688992441e+10 7.28290412590618e+09 9.67775261071453e+09 1.95308570143096e+06 2.88048406446882e+10 6.22791423285713e+09 8.62725147901276e+01 1.28451149665565e+09 6.47178152000589e+00 3.23215254720319e-04 2.70532327411873e+21 3.98639967879265e+09 1.38929285350155e+05 7.63162670106044e+08 7.98365389143718e+07 9.82161540279508e-09 6.90723582908601e-07 
1.74711091228513e-12 3.57173098303226e+02 3.28656778713241e+02 8.11596982227799e+21 4.38592897868430e+10 1.02485044895171e+10 1.36185351252953e+10 2.74838255676921e+06 4.05341781142755e+10 8.76392060393371e+09 1.21402615539280e+02 1.80756479071423e+09 1.28154994055116e+01 6.40034740351747e-04 2.70532327411676e+21 5.60966215926722e+09 1.95501291736358e+05 1.07392265306745e+09 1.12345976717126e+08 1.94488695182341e-08 1.36777910385754e-06 
2.25267073134328e-12 3.57173098252073e+02 3.28656778684687e+02 8.11596982225117e+21 5.65508106872906e+10 1.32141051707588e+10 1.75593176307329e+10 3.54367942439713e+06 5.22635163920894e+10 1.12999261778008e+10 1.56532668752975e+02 2.33061807975109e+09 2.13054143557435e+01 1.06404013227115e-03 2.70532327411480e+21 7.23292454974102e+09 2.52073285075898e+05 1.38468264309843e+09 1.44855406071737e+08 3.23331902968697e-08 2.27389500528449e-06 
7.30826892192474e-12 3.57173097740543e+02 3.28656778656132e+02 8.11596982198296e+21 1.83466020398444e+11 4.28701294528338e+10 5.69671421822389e+10 1.14966487766073e+07 1.69556943622604e+11 3.66599380700419e+10 5.07830586463129e+02 7.56115069392568e+09 2.24245395283374e+02 1.11993215650328e-02 2.70532327409513e+21 2.34655435044387e+10 8.17792500907348e+05 4.49228293223468e+09 4.69949234970767e+08 3.40312876843608e-07 2.39333700028893e-05 
1.23638671125062e-11 3.57173097229013e+02 3.28656778370588e+02 8.11596982171475e+21 3.10381231394464e+11 7.25261854978743e+10 9.63749658194353e+10 1.94496193577814e+07 2.86850451675498e+11 6.20198702416225e+10 8.59123750701377e+02 1.27916828059292e+10 6.41805060198808e+02 3.20532020516751e-02 2.70532327407547e+21 3.96981534590652e+10 1.38351041208050e+06 7.59988392832711e+09 7.95042219057986e+08 9.73992322391347e-07 6.84988674460210e-05 
1.74194653030877e-11 3.57173096717483e+02 3.28656778085044e+02 8.11596982144653e+21 4.37296443675347e+11 1.02182273305784e+11 1.35782788542322e+11 2.74025911679165e+07 4.04144040550529e+11 8.73797226927814e+10 1.21041216152949e+03 1.80222144157618e+10 1.27398439033992e+03 6.36256886350562e-02 2.70532327405580e+21 5.59307544136255e+10 1.94922701860209e+06 1.07074856313740e+10 1.12013435833549e+09 1.93336575418964e-06 1.35970374298018e-04 
2.24750634936691e-11 3.57173096205953e+02 3.28656777799500e+02 8.11596982117832e+21 5.64211657241090e+11 1.31838392876460e+11 1.75190610350899e+11 3.53555642070099e+07 5.21437710247445e+11 1.12739495423769e+11 1.56169581901215e+03 2.32527455234234e+10 2.12078336606017e+03 1.05916788691810e-01 2.70532327403613e+21 7.21633463681244e+10 2.51494232047917e+06 1.38150880413734e+10 1.44522565280547e+09 3.21842712617474e-06 2.26347876905168e-04 
7.30310453994837e-11 3.57173091090658e+02 3.28656777513956e+02 8.11596981849619e+21 1.83336386356470e+12 4.28401335498771e+11 5.69268778149653e+11 1.14885362189580e+08 1.69437885232893e+12 3.66332838214781e+11 5.07427098324386e+03 7.55580289806512e+10 2.23928465219606e+04 1.11835419927530e+00 2.70532327383948e+21 2.34488770911545e+11 8.17202358635310e+06 4.48911510230970e+10 4.69609213388497e+09 3.39796902422526e-05 2.38994772931457e-03 
1.23587027305298e-10 3.57173085975367e+02 3.28656774658519e+02 8.11596981581406e+21 3.10251619837075e+12 7.24967454282061e+11 9.63346854517475e+11 1.94415283064611e+08 2.86732807631050e+12 6.19918209274593e+11 8.58637088682945e+03 1.27863262220827e+11 6.41268517927059e+04 3.20266138407229e+00 2.70532327364282e+21 3.96813295454527e+11 1.38289743958294e+07 7.59672846979836e+10 7.94687413671744e+09 9.73028416188418e-05 6.84413155908858e-03 
1.74143009211113e-10 3.57173080860082e+02 3.28656771803084e+02 8.11596981313192e+21 4.37166866165621e+12 1.02153674912959e+12 1.35742483945439e+12 2.73945326829300e+08 4.04028538195110e+12 8.73495608842167e+11 1.20979955915192e+04 1.80168445243988e+11 1.27322780421179e+05 6.35884538578271e+00 2.70532327344616e+21 5.59136920001831e+11 1.94857947556353e+07 1.07043489064281e+11 1.11975716633966e+10 1.93182110615790e-04 1.35888863295780e-02 
2.24698991116927e-10 3.57173075744802e+02 3.28656768947652e+02 8.11596981044978e+21 5.64082125341794e+12 1.31810921994002e+12 1.75150273296041e+12 3.53475493480712e+08 5.21325076899829e+12 1.12706503716778e+12 1.56091451619801e+04 2.32473578050171e+11 2.11980612761845e+05 1.05869135804787e+01 2.70532327324951e+21 7.21459644558440e+11 2.51424846728131e+07 1.38119764120154e+11 1.44481847161153e+10 3.21611454322821e-04 2.26241983863837e-02 
7.25722200327518e-10 3.57173025051302e+02 3.28656766092223e+02 8.11596978386890e+21 1.82184674911571e+13 4.25739285692868e+12 5.65691438844440e+12 1.14164721240348e+09 1.68380861554584e+13 3.63957453806216e+12 5.03798972660825e+04 7.50828622474677e+11 2.21122747474913e+06 1.10437779175920e+02 2.70532327130065e+21 2.33007230651433e+12 8.11947338050698e+07 4.46097725521402e+11 4.66580571409763e+10 3.35280189190468e-03 2.35995296456515e-01 
1.22674540953811e-09 3.57172974358313e+02 3.28656737794324e+02 8.11596975728768e+21 3.07961263436006e+13 7.19698830726244e+12 9.56231706421644e+12 1.92983099729662e+09 2.84637149733257e+13 6.15130142485317e+12 8.51040541352733e+04 1.26917873496159e+12 6.31829903877498e+06 3.15569907794231e+02 2.70532326935188e+21 3.93859658270231e+12 1.37234179251943e+08 7.54082627615572e+11 7.88596354456335e+10 9.57437218193785e-03 6.74315084020707e-01 
1.72776861874870e-09 3.57172923665836e+02 3.28656709496714e+02 8.11596973070615e+21 4.33737978076750e+13 1.01368954722040e+13 1.34677107602977e+13 2.71802684530006e+09 4.00901369765937e+13 8.66224594142570e+12 1.19781678683035e+05 1.78752391554793e+12 1.25331761516197e+07 6.25990487201556e+02 2.70532326740321e+21 5.54703247798159e+12 1.93260827820978e+08 1.06207446861414e+12 1.11052921767142e+11 1.89804490466059e-02 1.33757024412619e+00 
2.22879182795929e-09 3.57172872973871e+02 3.28656681199393e+02 8.11596970412430e+21 5.59514818803089e+13 1.30771142530740e+13 1.73730954767095e+13 3.50623475355609e+09 5.17173519194009e+13 1.11724083315211e+13 1.54412833718424e+05 2.30586416427068e+12 2.08558396653122e+07 1.04170670094291e+03 2.70532326545462e+21 7.15537999720981e+12 2.49274686280386e+08 1.37007324672953e+12 1.43237918241417e+11 3.15651726236126e-02 2.22574746039591e+00 
2.72981503716988e-09 3.57172822282417e+02 3.28656652902361e+02 8.11596967754212e+21 6.85291785584327e+13 1.60176445512508e+13 2.12784712134730e+13 4.29445471920934e+09 6.33453595560288e+13 1.36817888387386e+13 1.88997581946739e+05 2.82419948116684e+12 3.12862704370415e+07 1.56272572838490e+03 2.70532326350612e+21 8.76363914524306e+12 3.05275761359645e+08 1.67807896017511e+12 1.75414627003249e+11 4.73226963621969e-02 3.33883341698058e+00 
7.74004712927579e-09 3.57172315395997e+02 3.28656624605618e+02 8.11596941170266e+21 1.94306837967528e+14 4.54400593281621e+13 6.03317347051140e+13 1.21773169063356e+10 1.79668980123986e+14 3.87326438455653e+13 5.32306378019883e+05 8.00728140780145e+12 2.51513566344871e+08 1.25661473180003e+04 2.70532324402608e+21 2.48413712777919e+13 8.64584863100282e+08 4.75851714533638e+12 4.96726359369292e+11 3.78130021839628e-01 2.68367407609279e+01 
1.27502792213817e-08 3.57171808560627e+02 3.28656341654060e+02 8.11596914583113e+21 3.20085754556794e+14 7.48935176039015e+13 9.93841002552442e+13 2.00613817046128e+10 2.96071600410564e+14 6.37055779013306e+13 8.71042785514966e+05 1.31898701924534e+13 6.82496532789686e+08 3.41077293544089e+04 2.70532322455501e+21 4.09102716301971e+13 1.42262275774813e+09 7.83964690200973e+12 8.17211664234118e+11 1.01987715973910e+00 7.28108520524423e+01 
1.77605113134876e-08 3.57171301776209e+02 3.28656058731328e+02 8.11596887992762e+21 4.45865925271775e+14 1.04377921246909e+14 1.38435567885065e+14 2.79466462821121e+10 4.12552975916439e+14 8.86008333947240e+13 1.20526817924214e+06 1.83719658720915e+13 1.32421602969900e+09 6.61946157243459e+04 2.70532320509290e+21 5.69703450541571e+13 1.97939566434431e+09 1.09214664509191e+13 1.13687266759930e+12 1.96689472145892e+00 1.41247806417221e+02 
2.27707434055935e-08 3.57170795042646e+02 3.28655775837366e+02 8.11596861399223e+21 5.71647347067811e+14 1.33893172441126e+14 1.77486137615776e+14 3.58331078211732e+10 5.29112862927041e+14 1.13418651935207e+14 1.53504308536901e+06 2.35535684836726e+13 2.17665291840667e+09 1.08833927452186e+05 2.70532318563974e+21 7.30215963986126e+13 2.53490950633461e+09 1.40039740175203e+13 1.45571148981269e+12 3.21362563335713e+00 2.32134213613724e+02 
2.77809754976994e-08 3.57170288359840e+02 3.28655492972121e+02 8.11596834802507e+21 6.97430016909973e+14 1.63439173683973e+14 2.16535809468577e+14 4.37207635178595e+10 6.45751018507516e+14 1.38159274358015e+14 1.86042719404195e+06 2.87346780641412e+13 3.23978806162455e+09 1.62032762858706e+05 2.70532316619554e+21 8.90640305097631e+13 3.08916994233152e+09 1.70871678319730e+13 1.77373024560257e+12 4.75462208887401e+00 3.45456654285950e+02 
5.18423514072115e-08 3.57167855746468e+02 3.28655210135538e+02 8.11596707029225e+21 1.30151196195331e+15 3.05757666990439e+14 4.04057293728069e+14 8.16173651437144e+10 1.20698250577306e+15 2.55906803437855e+14 3.36372901657551e+06 5.36098158942055e+13 1.12804874192008e+10 5.64865874582111e+05 2.70532307294036e+21 1.65984278598703e+14 5.73368043155578e+09 3.19035496758130e+13 3.28963909992006e+12 1.60890337536172e+01 1.20185675065367e+03 
7.59037273167236e-08 3.57165424290819e+02 3.28653852225361e+02 8.11596579184008e+21 1.90562228980420e+15 4.48772465365503e+14 5.91558072616524e+14 1.19541138775111e+11 1.76998700156336e+15 3.71905780138235e+14 4.77336660590719e+06 7.84735876392538e+13 2.41780657441435e+10 1.21217766901576e+06 2.70532297989095e+21 2.42701817641977e+14 8.34994722896848e+09 4.67355241971529e+13 4.78691466862904e+12 3.35300817235863e+01 2.57390072232243e+03 
9.99651032262357e-08 3.57162993982359e+02 3.28652494969000e+02 8.11596451267951e+21 2.50976067327693e+15 5.92473058115252e+14 7.79038148481483e+14 1.57491784616796e+11 2.33473831649515e+15 4.86182166358574e+14 6.09522051916345e+06 1.03325997380278e+14 4.19304046686499e+10 2.10473345238377e+06 2.70532288704675e+21 3.19217181848885e+14 1.09384384461313e+10 6.15828997117560e+13 6.26578598974027e+12 5.65659082081092e+01 4.46007578576280e+03 
1.24026479135748e-07 3.57160564810694e+02 3.28651138360564e+02 8.11596323282136e+21 3.11392679002061e+15 7.36849090272646e+14 9.66497523670169e+14 1.95469007952349e+11 2.90121064854450e+15 5.98761539383655e+14 7.33480261966062e+06 1.28167049192331e+14 6.45353865413870e+10 3.24328725579458e+06 2.70532279440719e+21 3.95530904024050e+14 1.34995731779235e+10 7.64454868866240e+13 7.72647929201999e+12 8.47285951266246e+01 6.85885515445476e+03 
1.48087855045260e-07 3.57158136765570e+02 3.28649782394239e+02 8.11596195227628e+21 3.71812032245153e+15 8.81890360419505e+14 1.15393620052949e+15 2.33472518551898e+11 3.46937857763678e+15 7.09669097262669e+14 8.49728010778374e+06 1.52996747144626e+14 9.19908944273746e+10 4.62858199022173e+06 2.70532270197169e+21 4.71643515569056e+14 1.60337375561845e+10 9.13230987134344e+13 9.16921802670422e+12 1.17590046741355e+02 9.76869842422652e+03 
1.72149230954772e-07 3.57155709836874e+02 3.28648427064292e+02 8.11596067105474e+21 4.32234095768998e+15 1.02758681865151e+15 1.34135418140606e+15 2.71502030249103e+11 4.03921706059180e+15 8.18929663835015e+14 9.58749662588093e+06 1.77815095300627e+14 1.24294812107791e+11 6.26134959215064e+06 2.70532260973970e+21 5.47555546484155e+14 1.85412922596403e+10 1.06215550483596e+14 1.05942228972830e+13 1.54758639670414e+02 1.31880519335809e+04 
2.38834882452870e-07 3.57148989401896e+02 3.28647072365067e+02 8.11595711672337e+21 5.99706620319552e+15 1.43472424848777e+15 1.86067145218537e+15 3.77033663252355e+11 5.62704074295492e+15 1.11333759785270e+15 1.22681815081310e+07 2.46539397495453e+14 2.39146149446326e+11 1.20858568221868e+07 2.70532235517933e+21 7.56900410030030e+14 2.53546650167194e+10 1.47565750370462e+14 1.44527171509236e+13 2.77394128214082e+02 2.53145119458912e+04 
3.05520533950968e-07 3.57142277259191e+02 3.28643321091833e+02 8.11595355748880e+21 7.67199089826231e+15 1.84661386399020e+15 2.37982982283897e+15 4.82756990249769e+11 7.22699739833511e+15 1.39578738289229e+15 1.45135867387952e+07 3.15176637986463e+14 3.91177394165647e+11 1.98316544300185e+07 2.70532210216580e+21 9.64719843529051e+14 3.19729151172230e+10 1.89024750752955e+14 1.81811931536025e+13 4.23980366741404e+02 4.13086555027919e+04 
3.72206185449066e-07 3.57135573209360e+02 3.28639574504905e+02 8.11594999355628e+21 9.34710892067081e+15 2.26305906320158e+15 2.89882934328446e+15 5.88666344466479e+11 8.83859704495977e+15 1.66676464132243e+15 1.63952788852826e+07 3.83726902623966e+14 5.80343581987864e+11 2.95130677035244e+07 2.70532185068728e+21 1.17102496248965e+15 3.84021210472297e+10 2.30588885031762e+14 2.17840320393709e+13 5.89465860169335e+02 6.11359644674428e+04 
4.38891836947164e-07 3.57128877060338e+02 3.28635832492771e+02 8.11594642512275e+21 1.10224143961189e+16 2.68387122944112e+15 3.41767006342162e+15 6.94756245691036e+11 1.04613695674866e+16 1.92673527333404e+15 1.79729735228535e+07 4.52190276960657e+14 8.06599790520246e+11 4.11438437890526e+07 2.70532160073203e+21 1.37582680142963e+15 4.46480120504843e+10 2.72254610166985e+14 2.52654673057944e+13 7.69885823588202e+02 8.47613006793546e+04 
5.05577488445262e-07 3.57122188627092e+02 3.28632094948019e+02 8.11594285237714e+21 1.26979016877859e+16 3.10886939515852e+15 3.93635203313264e+15 8.01021382405946e+11 1.20948638817919e+16 2.17614628712579e+15 1.92966426586594e+07 5.20566846265809e+14 1.06990113913517e+12 5.47371757849192e+07 2.70532135228844e+21 1.57913631447975e+15 5.07160657112496e+10 3.14018502369097e+14 2.86295899607659e+13 9.62114776016930e+02 1.12148962325710e+05 
5.72263139943360e-07 3.57115507731347e+02 3.28628361767170e+02 8.11593927550077e+21 1.43735653868316e+16 3.53787993589600e+15 4.45487530228228e+15 9.07456599709802e+11 1.37386471745273e+16 2.41542655473326e+15 2.04081461306085e+07 5.88856695537965e+14 1.37020278886125e+12 7.03057245822313e+07 2.70532110534497e+21 1.78096437595555e+15 5.66115306301675e+10 3.55877253143805e+14 3.18803532469480e+13 1.16369820319295e+03 1.43262734893984e+05 
6.98668273250249e-07 3.57102863922542e+02 3.28624632850523e+02 8.11593248467720e+21 1.75503140432249e+16 4.36150794709259e+15 5.43732010525500e+15 1.10965755200944e+12 1.68812682235214e+16 2.84264328937367e+15 2.20542014900004e+07 7.18064961477075e+14 2.04081603339237e+12 1.05280008276653e+08 2.70532064133059e+21 2.15950983500411e+15 6.73308062931126e+10 4.35471080914093e+14 3.77447202688982e+13 1.56481795727960e+03 2.12334647211082e+05 
8.25073406557138e-07 3.57090245474234e+02 3.28617575912767e+02 8.11592568074799e+21 2.07276447345377e+16 5.19789012421582e+15 6.41919520580828e+15 1.31241911782433e+12 2.00567131563550e+16 3.23756634242005e+15 2.32451635165826e+07 8.46962516081020e+14 2.84390800244974e+12 1.47472665235921e+08 2.70532018258847e+21 2.53284382451756e+15 7.74805317367744e+10 5.15373606076802e+14 4.32401777502429e+13 1.98358512294546e+03 2.94408945042480e+05 
9.51478539864027e-07 3.57077651351868e+02 3.28610533333377e+02 8.11591886474507e+21 2.39055266681650e+16 6.04603868015056e+15 7.40050094305576e+15 1.51571045130089e+12 2.32625187671265e+16 3.60263571333656e+15 2.41116561608741e+07 9.75549931169300e+14 3.77917453168148e+12 1.96955810088551e+08 2.70531972904304e+21 2.90103809190142e+15 8.70912827166315e+10 5.95565410037516e+14 4.83899284004915e+13 2.41425819921290e+03 3.89227576383921e+05 
1.07788367317092e-06 3.57065080589823e+02 3.28603504533745e+02 8.11591203762279e+21 2.70839313634241e+16 6.90504029254837e+15 8.38123765589582e+15 1.71950235939370e+12 2.64964071903712e+16 3.94010748468049e+15 2.47479690556593e+07 1.10382777588681e+15 4.84631198713722e+12 2.53796158307856e+08 2.70531928061996e+21 3.26416339712469e+15 9.61919106735935e+10 6.76028293253170e+14 5.32157182412495e+13 2.85304915263547e+03 4.96529251534346e+05 
1.20428880647781e-06 3.57052532286307e+02 3.28596488973805e+02 8.11590520026374e+21 3.02628324756955e+16 7.77405043930530e+15 9.36140568301386e+15 1.92376719504517e+12 2.97562718209820e+16 4.25206781206242e+15 2.52220601080086e+07 1.23179661692209e+15 6.04501726321661e+12 3.18055436123415e+08 2.70531883724610e+21 3.62228952641730e+15 1.04809674923443e+11 7.56745197997159e+14 5.77379288887620e+13 3.29742697883617e+03 6.16050364702577e+05 
1.33069393978470e-06 3.57040005598860e+02 3.28589486149173e+02 8.11589835348403e+21 3.34422056413986e+16 8.65228840516042e+15 1.03410053628841e+16 2.12847877036986e+12 3.30401649009663e+16 4.54044525665634e+15 2.55818089514616e+07 1.35945701869420e+15 7.37498778085904e+12 3.89790741608405e+08 2.70531839884948e+21 3.97548530529541e+15 1.12970325955668e+11 8.37700139170001e+14 6.19756602264692e+13 3.74578186953263e+03 7.47525792070812e+05 
1.54641545413623e-06 3.57018675399414e+02 3.28582495588640e+02 8.11588664922133e+21 3.88691131686787e+16 1.01703552783550e+16 1.20114670175165e+16 2.47879868508495e+12 3.86948330902082e+16 4.98315005532720e+15 2.60240786492596e+07 1.57661001783553e+15 9.94699734213120e+12 5.29628359101904e+08 2.70531766198048e+21 4.56705157493321e+15 1.25910337625428e+11 9.76364317494990e+14 6.86012808607846e+13 4.51729041487506e+03 9.98750740681484e+05 
1.76213696848777e-06 3.56997402304695e+02 3.28570592660036e+02 8.11587492307210e+21 4.42972297471364e+16 1.17099897259965e+16 1.36802760579151e+16 2.83023326313808e+12 4.44062362207363e+16 5.37028325503299e+15 2.63297878580130e+07 1.79286912425127e+15 1.28989322226650e+13 6.91628179721866e+08 2.70531693905714e+21 5.14478686410424e+15 1.37701599497325e+11 1.11561029372660e+15 7.45315603865558e+13 5.29481342643571e+03 1.28269718453996e+06 
1.97785848283931e-06 3.56976183119408e+02 3.28558722177163e+02 8.11586317798689e+21 4.97264671985476e+16 1.32683715340291e+16 1.53474341622180e+16 3.18267781524738e+12 5.01673333746804e+16 5.70881187150882e+15 2.65581710255103e+07 2.00823710558710e+15 1.62292990428288e+13 8.75997051508040e+08 2.70531622974411e+21 5.70901454150434e+15 1.48446207345057e+11 1.25537703430185e+15 7.98394232383581e+13 6.07696907025348e+03 1.59805167733777e+06 
2.19357999719085e-06 3.56955014980244e+02 3.28546882352517e+02 8.11585141654941e+21 5.51567482611688e+16 1.48430320848272e+16 1.70129430068199e+16 3.53603668731846e+12 5.59719594906510e+16 6.00483450883943e+15 2.67498898827372e+07 2.22271671678436e+15 1.99366088191217e+13 1.08291627404960e+09 2.70531553371484e+21 6.26005042072868e+15 1.58237175921299e+11 1.39560987818190e+15 8.45901789287026e+13 6.86270064152214e+03 1.94351629276163e+06 
2.40930151154239e-06 3.56933895313596e+02 3.28535071584184e+02 8.11583964102515e+21 6.05880051397969e+16 1.64318076533559e+16 1.86768042663759e+16 3.89022242344848e+12 6.18147091937092e+16 6.26369671053737e+15 2.69278917139286e+07 2.43631070141913e+15 2.40193769472376e+13 1.31254476906548e+09 2.70531485065126e+21 6.79820293900417e+15 1.67159292327350e+11 1.53625983511573e+15 8.88423606045015e+13 7.65127549803405e+03 2.31781442161958e+06 
2.62502302589393e-06 3.56912821808769e+02 3.28523288432200e+02 8.11582785339198e+21 6.60201785930318e+16 1.80328100087494e+16 2.03390196138094e+16 4.24515515336734e+12 6.76908636238812e+16 6.49006356575328e+15 2.70984715421618e+07 2.64902179288291e+15 2.84761231872166e+13 1.56502173207439e+09 2.70531418024354e+21 7.32377332041074e+15 1.75289733578056e+11 1.67728310101575e+15 9.26483041628811e+13 8.44230945592583e+03 2.71969554308163e+06 
3.15594002920389e-06 3.56861141105432e+02 3.28511531603565e+02 8.11579880160464e+21 7.93930072889809e+16 2.20150416905967e+16 2.44229351100071e+16 5.12141884582942e+12 8.22698051168364e+16 6.93374788198388e+15 2.75178623952909e+07 3.16878666529176e+15 4.10282011601421e+13 2.28445940689965e+09 2.70531258229569e+21 8.56552542486806e+15 1.92361381035677e+11 2.02570767208951e+15 1.00402409171903e+14 1.03977979071405e+04 3.81861312636299e+06 
3.61627206095236e-06 3.56816527297280e+02 3.28482701539270e+02 8.11577357712138e+21 9.09916948079055e+16 2.55046453458903e+16 2.79558554388167e+16 5.88376987385437e+12 9.50163906111607e+16 7.21629977336672e+15 2.78639155044663e+07 3.61516525465417e+15 5.37208373070985e+13 3.02198131534841e+09 2.70531125403920e+21 9.58519269531366e+15 2.04313711399240e+11 2.32907582332843e+15 1.05611527374817e+14 1.21019270023477e+04 4.88733347314166e+06 
4.07660409270083e-06 3.56772081264201e+02 3.28457816488007e+02 8.11574833023008e+21 1.02593571612620e+17 2.90187219932421e+16 3.14813234037056e+16 6.64800386680212e+12 1.07837011807640e+17 7.42798208020665e+15 2.81945419740204e+07 4.05759242657914e+15 6.80790847408425e+13 3.86586171019006e+09 2.70530997617253e+21 1.05546529031864e+16 2.14110194715392e+11 2.63336579935626e+15 1.09718215125998e+14 1.38124195658623e+04 6.05271697470161e+06 
4.53693612444930e-06 3.56727791510088e+02 3.28433027551801e+02 8.11572306852356e+21 1.14198407469218e+17 3.25500476677809e+16 3.49993551400117e+16 7.41370390826620e+12 1.20713559786368e+17 7.58664949122626e+15 2.85302157184961e+07 4.49609422330101e+15 8.40888577998955e+13 4.81664198600689e+09 2.70530874618163e+21 1.14763815243482e+16 2.22141412578489e+11 2.93838133156674e+15 1.12956926627667e+14 1.55275776375737e+04 7.30508447447846e+06 
4.99726815619777e-06 3.56683648376708e+02 3.28408328291637e+02 8.11569779775152e+21 1.25806026818165e+17 3.60931588903057e+16 3.85099667467319e+16 8.18052279954616e+12 1.33632321801657e+17 7.70580821295602e+15 2.88775135395601e+07 4.93069656559753e+15 1.01736159183359e+14 5.87473497999531e+09 2.70530756168193e+21 1.23527325581708e+16 2.28728468135159e+11 3.24396686538211e+15 1.15513465156841e+14 1.72462764102638e+04 8.63556635223917e+06 
5.45760018794623e-06 3.56639643748664e+02 3.28383713296004e+02 8.11567252215467e+21 1.37416298846348e+17 3.96440328709801e+16 4.20131742857379e+16 8.94817378473473e+12 1.46583183970799e+17 7.79540584526388e+15 2.92307604858679e+07 5.36142525611944e+15 1.21007081438992e+14 7.04044831020683e+09 2.70530642041417e+21 1.31859414595611e+16 2.34132289723339e+11 3.55000118317075e+15 1.17532603524053e+14 1.89678397053948e+04 1.00360970175547e+07 
6.28944539024526e-06 3.56560455263758e+02 3.28359178015848e+02 8.11562684445724e+21 1.58403143200734e+17 4.60718994247955e+16 4.83249351897103e+16 1.03367632709925e+13 1.70046219000279e+17 7.90323598727120e+15 2.98697817606914e+07 6.13003354359974e+15 1.59904263902016e+14 9.42056845865499e+09 2.70530446099906e+21 1.45888511000466e+16 2.41522915538317e+11 4.10388525879652e+15 1.20146603716531e+14 2.20844367091370e+04 1.27220927213365e+07 
7.12129059254429e-06 3.56481662531345e+02 3.28315031821385e+02 8.11558117374248e+21 1.79397928482284e+17 5.25036202898528e+16 5.46126650549244e+16 1.17262006253875e+13 1.93559829513311e+17 7.96772924645568e+15 3.05054206971963e+07 6.88622712023459e+15 2.03977430660694e+14 1.21538079551964e+10 2.70530262407690e+21 1.58694216807468e+16 2.46688152708979e+11 4.65852490694275e+15 1.21853370399231e+14 2.52059647723916e+04 1.55761510523842e+07 
7.95313579484331e-06 3.56403237513862e+02 3.28271114222196e+02 8.11553551780683e+21 2.00400392752022e+17 5.89318691800291e+16 6.08764577614836e+16 1.31156563045253e+13 2.17105395129231e+17 8.00704633559023e+15 3.11386853351928e+07 7.63015553979064e+15 2.53146651223548e+14 1.52407749452451e+10 2.70530089888117e+21 1.70383663822061e+16 2.50313042291831e+11 5.21364788607726e+15 1.22977786226132e+14 2.83305611183138e+04 1.85670014115944e+07 
8.78498099714234e-06 3.56325157191506e+02 3.28227409477615e+02 8.11548988089719e+21 2.21410378945612e+17 6.53526912098720e+16 6.71164067812879e+16 1.45045307065251e+13 2.40672747869333e+17 8.03102037656373e+15 3.17699928892900e+07 8.36196710811264e+15 3.07332951040666e+14 1.86818270858649e+10 2.70529927564624e+21 1.81054182532936e+16 2.52856488455166e+11 5.76908715783953e+15 1.23719029938534e+14 3.14571217685974e+04 2.16691469248985e+07 
9.61682619944137e-06 3.56247401761511e+02 3.28183904654325e+02 8.11544426551521e+21 2.42427781472426e+17 7.17637830462090e+16 7.33326051914876e+16 1.58923701566532e+13 2.64255871149162e+17 8.04540477851039e+15 3.23986310347088e+07 9.08180894584625e+15 3.66458279963531e+14 2.24771972280714e+10 2.70529774548071e+21 1.90794478521849e+16 2.54635414242954e+11 6.32473537916449e+15 1.24204956696856e+14 3.45849691531865e+04 2.48618726601085e+07 
1.10362542214433e-05 3.56115425279697e+02 3.28140588620661e+02 8.11536648294969e+21 2.78307967603377e+17 8.26773096500431e+16 8.38851057770320e+16 1.82571888176313e+13 3.04523827111042e+17 8.05698457062046e+15 3.34648898175462e+07 1.02828954944350e+16 4.78532712808374e+14 2.97720281203579e+10 2.70529532704433e+21 2.05489896596310e+16 2.56477844426838e+11 7.27317238864113e+15 1.24660673877372e+14 3.99239965855151e+04 3.04744528716647e+07 
1.24556822434453e-05 3.55984269269704e+02 3.28067084843938e+02 8.11528877243045e+21 3.14209220873005e+17 9.35540932410723e+16 9.43691800688404e+16 2.06165964732866e+13 3.44814862371218e+17 8.06192247703416e+15 3.45258984195858e+07 1.14502715801342e+16 6.04386627784851e+14 3.80995827784287e+10 2.70529312057044e+21 2.18066239422891e+16 2.57473708618723e+11 8.22178686046575e+15 1.24884809451281e+14 4.52639605940265e+04 3.62386206158892e+07 
1.38751102654472e-05 3.55853870512955e+02 3.27994060164326e+02 8.11521113594790e+21 3.50131325166314e+17 1.04392503507667e+17 1.04785282903830e+17 2.29695839786987e+13 3.85123859841617e+17 8.06456207850936e+15 3.55841550286286e+07 1.25846446670866e+16 7.43649965896332e+14 4.74602329259356e+10 2.70529109525177e+21 2.28831381509052e+16 2.58028969174278e+11 9.17046958962616e+15 1.25005983036311e+14 5.06041472381086e+04 4.21086584036748e+07 
1.52945382874491e-05 3.55724176224351e+02 3.27921478997328e+02 8.11513357406297e+21 3.86074107289007e+17 1.15192239011792e+17 1.15133865795855e+17 2.53153908712681e+13 4.25449080037316e+17 8.06596516129456e+15 3.66422811240217e+07 1.36867116742720e+16 8.95960390482661e+14 5.78542273504181e+10 2.70528922498551e+21 2.38046285626016e+16 2.58333780383443e+11 1.01191788926850e+16 1.25072209366141e+14 5.59442981067082e+04 4.80540102726046e+07 
1.67139663094511e-05 3.55595141372114e+02 3.27849311607573e+02 8.11505608703764e+21 4.22037403828293e+17 1.25953261824339e+17 1.25415377038215e+17 2.76533773503014e+13 4.65789473721111e+17 8.06654480520600e+15 3.76971515909240e+07 1.47571591208753e+16 1.06096298799393e+15 6.92817725180500e+10 2.70528748750476e+21 2.45933598199283e+16 2.58488268835751e+11 1.10678947523613e+16 1.25105686525787e+14 6.12842964081767e+04 5.40526617423981e+07 
1.94583791011165e-05 3.55347393324811e+02 3.27777532608919e+02 8.11490648180641e+21 4.91628717139666e+17 1.46649428989490e+17 1.45105749701444e+17 3.21495795491492e+13 5.43825522718697e+17 8.06676382643670e+15 3.97320943070690e+07 1.67396561886790e+16 1.41470459052874e+15 9.43081782429464e+10 2.70528443902749e+21 2.58075358284743e+16 2.58557797045519e+11 1.29021756816398e+16 1.25125933673118e+14 7.16083000395492e+04 6.57519659113362e+07 
2.22027918927820e-05 3.55101741928926e+02 3.27639776331247e+02 8.11475715830607e+21 5.61294981405495e+17 1.67201083389580e+17 1.64550234756171e+17 3.66108193803573e+13 6.21908788838879e+17 8.06691883942639e+15 4.17665133948679e+07 1.86112491483773e+16 1.81216363224685e+15 1.23200031419198e+11 2.70528170647606e+21 2.67058801581729e+16 2.58543245393796e+11 1.47363731019102e+16 1.25135619102657e+14 8.19311506072550e+04 7.75221515638061e+07 
2.49472046844474e-05 3.54858013817204e+02 3.27503263877983e+02 8.11460811682477e+21 6.31035097461521e+17 1.87609073858096e+17 1.83751976362287e+17 4.10340129153431e+13 7.00035056455450e+17 8.06725022641570e+15 4.38025114143155e+07 2.03765862412340e+16 2.25099433444787e+15 1.55958116892457e+11 2.70527920608292e+21 2.73721668156710e+16 2.58516948937931e+11 1.65704681334482e+16 1.25147086054053e+14 9.22528069694224e+04 8.93264719006545e+07 
2.76916174761128e-05 3.54616082138718e+02 3.27367897084142e+02 8.11445935730220e+21 7.00847992672994e+17 2.07874424726417e+17 2.02714074898908e+17 4.54165321831988e+13 7.78200758159627e+17 8.06757731542843e+15 4.58386673457808e+07 2.20401704850290e+16 2.72894950526026e+15 1.92582942192740e+11 2.70527687775824e+21 2.78664939917895e+16 2.58477651101242e+11 1.84044562472438e+16 1.25156503585139e+14 1.02573318477875e+05 1.01149677463295e+08 
3.04360302677783e-05 3.54375851586505e+02 3.27233603827848e+02 8.11431087958277e+21 7.70732612812515e+17 2.27998112426066e+17 2.21439588827559e+17 4.97560974650326e+13 8.56402392474651e+17 8.06784807688991e+15 4.78745537654286e+07 2.36063646667745e+16 3.24387513700740e+15 2.33074779184717e+11 2.70527467753947e+21 2.82328313837505e+16 2.58425498265602e+11 2.02383313259982e+16 1.25162839450814e+14 1.12892719152336e+05 1.12984007545172e+08 
3.51250674951697e-05 3.53969143548035e+02 3.27100329650446e+02 8.11405784534635e+21 8.90298804348875e+17 2.62055836995340e+17 2.52894698104611e+17 5.70659237866830e+13 9.90089356184838e+17 8.06835554027359e+15 5.13536852874078e+07 2.60689078909775e+16 4.20340655404659e+15 3.11205902758986e+11 2.70527113009129e+21 2.86472390603387e+16 2.58332733572452e+11 2.33713620216513e+16 1.25172722838493e+14 1.30521677863843e+05 1.33216826842008e+08 
3.98141047225611e-05 3.53566922250169e+02 3.26874867892432e+02 8.11380563076122e+21 1.01006631931842e+18 2.95707504074764e+17 2.83682729846053e+17 6.42369807987964e+13 1.12385560726297e+18 8.06895616314210e+15 5.48340316553540e+07 2.82795861473720e+16 5.25516016997549e+15 4.00624534473224e+11 2.70526774907319e+21 2.88955988456927e+16 2.58247770255559e+11 2.65040097633242e+16 1.25183356838040e+14 1.48147564240278e+05 1.53453546090715e+08 
4.45031419499526e-05 3.53169006308692e+02 3.26652104148660e+02 8.11355423260968e+21 1.13003025887242e+18 3.28957921205749e+17 3.13818147578354e+17 7.12636381204796e+13 1.25768689549424e+18 8.06964446482677e+15 5.83155723292734e+07 3.02575068498723e+16 6.39007882884920e+15 5.01327810735462e+11 2.70526446514065e+21 2.90472772615954e+16 2.58172591974123e+11 2.96362525331012e+16 1.25194764787370e+14 1.65770518467022e+05 1.73690018591037e+08 
4.91921791773440e-05 3.52775276514365e+02 3.26431931473827e+02 8.11330364668772e+21 1.25018587377798e+18 3.61811907897223e+17 3.43315075559239e+17 7.81423716953739e+13 1.39157037880747e+18 8.07039386459590e+15 6.17970577187291e+07 3.20206412704014e+16 7.59979787838026e+15 6.13311169285264e+11 2.70526124055416e+21 2.91400311047521e+16 2.58103462468157e+11 3.27680739791877e+16 1.25206013567101e+14 1.83390680228405e+05 1.93925958872716e+08 
5.38812164047355e-05 3.52385644749204e+02 3.26214277702735e+02 8.11305386795455e+21 1.37052855218942e+18 3.94274268480892e+17 3.72187316108600e+17 8.48714081760992e+13 1.52549443512148e+18 8.07120028908004e+15 6.52789443009235e+07 3.35858869266186e+16 8.87658769866665e+15 7.36568536933185e+11 2.70525805328204e+21 2.91959050490826e+16 2.58039176664865e+11 3.58994612630760e+16 1.25216958803061e+14 2.01008180200991e+05 2.14161240316762e+08 
6.20131897540859e-05 3.51719439364379e+02 3.25999088124850e+02 8.11262258450541e+21 1.57966355800263e+18 4.49657772187636e+17 4.20817399089365e+17 9.61870891984451e+13 1.75781908064701e+18 8.07274600774730e+15 7.13194483990141e+07 3.58768704489894e+16 1.12295100916234e+16 9.77034296607031e+11 2.70525257815958e+21 2.92414463676961e+16 2.57941257925866e+11 4.13290234857180e+16 1.25235934620407e+14 2.31555444513331e+05 2.49251697612267e+08 
7.01451631034363e-05 3.51065029848737e+02 3.25631608994015e+02 8.11219367650442e+21 1.78932524299934e+18 5.03902595229979e+17 4.67677279935356e+17 1.07058690973298e+14 1.99018714868253e+18 8.07447047097750e+15 7.73610363412148e+07 3.76956635023720e+16 1.37296080924652e+16 1.25133717129135e+12 2.70524713071079e+21 2.92606748364690e+16 2.57857944912139e+11 4.67572248300160e+16 1.25254960483392e+14 2.62095624232962e+05 2.84337951112625e+08 
7.82771364527867e-05 3.50422155428364e+02 3.25271202135187e+02 8.11176710477569e+21 1.99949205559970e+18 5.57033293987866e+17 5.12832687595547e+17 1.17500401660316e+14 2.22255887976366e+18 8.07636284239571e+15 8.34028365450395e+07 3.91101478899091e+16 1.63477945769346e+16 1.55941926502004e+12 2.70524169363583e+21 2.92708962466942e+16 2.57788546544162e+11 5.21840593972452e+16 1.25273974293462e+14 2.92629363581949e+05 3.19419664056843e+08 
8.64091098021371e-05 3.49790584634317e+02 3.24917695611467e+02 8.11134282599957e+21 2.21014344066693e+18 6.09074089109970e+17 5.56346714071935e+17 1.27532628634257e+14 2.45490207214301e+18 8.07841408794206e+15 8.94450873016658e+07 4.01800988157067e+16 1.90592469090375e+16 1.90121273613718e+12 2.70523626279672e+21 2.92762351650311e+16 2.57731547675437e+11 5.76095406689690e+16 1.25292918056863e+14 3.23157160662788e+05 3.54496899033037e+08 
9.45410831514875e-05 3.49170094641306e+02 3.24570934803533e+02 8.11092079389005e+21 2.42125973064705e+18 6.60048805417702e+17 5.98279995366561e+17 1.37179369655739e+14 2.68719069946638e+18 8.08061708641354e+15 9.54869464875861e+07 4.09580319616668e+16 2.18427923665731e+16 2.27664129020804e+12 2.70523083658142e+21 2.92782767951333e+16 2.57684724183053e+11 6.30336954553300e+16 1.25311812906188e+14 3.53679464528439e+05 3.89569840184517e+08 
1.13155739863950e-04 3.47790300729649e+02 3.24230770944909e+02 8.10996292407961e+21 2.90617135977033e+18 7.72844418273337e+17 6.88622659245752e+17 1.57953695516870e+14 3.21861467957009e+18 8.08619345382706e+15 1.09313149859900e+08 4.18659742824577e+16 2.83992436893059e+16 3.26216620759551e+12 2.70521842491043e+21 2.92784015426042e+16 2.57608614566101e+11 7.54451985632302e+16 1.25354947087257e+14 4.23528950164144e+05 4.69839227873013e+08 
1.31770396576412e-04 3.46464900734869e+02 3.23476173180977e+02 8.10901597043166e+21 3.39321008249540e+18 8.80446450989358e+17 7.71639357637181e+17 1.77152981631458e+14 3.74947658482006e+18 8.09244828985139e+15 1.23130929781736e+08 4.19185875281167e+16 3.50775976493248e+16 4.42235747683030e+12 2.70520601963130e+21 2.92783548626470e+16 2.57560571283094e+11 8.78504813690390e+16 1.25397921793011e+14 4.93355870989388e+05 5.50089915534927e+08 
1.50385053288874e-04 3.45191481094204e+02 3.22753712978837e+02 8.10807932410149e+21 3.88218081670783e+18 9.83113231585768e+17 8.47934254501160e+17 1.95058833910674e+14 4.27967674444666e+18 8.09931105902063e+15 1.36938428615375e+08 4.14384676698938e+16 4.17645274694823e+16 5.75595200354042e+12 2.70519361917336e+21 2.92791448877673e+16 2.57529431506906e+11 1.00250106418917e+17 1.25440737013649e+14 5.63163167874750e+05 6.30325128874305e+08 
1.68999710001336e-04 3.43967746215218e+02 3.22061806283894e+02 8.10715238381748e+21 4.37290538564569e+18 1.08108894781014e+18 9.18057550863707e+17 2.11910124260624e+14 4.80917509813315e+18 8.10671989196306e+15 1.50733785418132e+08 4.06405263919130e+16 4.83918349309405e+16 7.26155614066807e+12 2.70518122418509e+21 2.92795747521480e+16 2.57508115320842e+11 1.12644622087005e+17 1.25483410034546e+14 6.32953145445290e+05 7.10548218727459e+08 
1.87614366713798e-04 3.42791509408523e+02 3.21398957339678e+02 8.10623457152808e+21 4.86522017273890e+18 1.17460436935136e+18 9.82511917420449e+17 2.27898743791365e+14 5.33796505420210e+18 8.11461985789374e+15 1.64514807932466e+08 3.96663753961981e+16 5.49200544029914e+16 8.93767306948273e+12 2.70516883433208e+21 2.92794870262798e+16 2.57491935873931e+11 1.25034520216976e+17 1.25525955215708e+14 7.02727624781962e+05 7.90762216067916e+08 
2.11470550800000e-04 3.41350210067435e+02 3.20763751730554e+02 8.10507080000209e+21 5.49824827329849e+18 1.28827686375087e+18 1.05755331488244e+18 2.47361632347667e+14 6.01463623674591e+18 8.12538488707700e+15 1.82151047186137e+08 3.83015058340913e+16 6.31095548532470e+16 1.13324927557821e+13 2.70515296187687e+21 2.92793197710795e+16 2.57475389309782e+11 1.40907088242251e+17 1.25580306137555e+14 7.92128963500502e+05 8.93553668505059e+08 
2.35326734886203e-04 3.39979380811869e+02 3.19987979089272e+02 8.10392005463793e+21 6.13335157758919e+18 1.39541293912360e+18 1.12491609219210e+18 2.65893240359252e+14 6.69020252565974e+18 8.13678676791906e+15 1.99760648941618e+08 3.69221931217878e+16 7.10793652104198e+16 1.40012545410144e+13 2.70513709545367e+21 2.92792787220309e+16 2.57458250102027e+11 1.56773498236584e+17 1.25634476754723e+14 8.81509284798734e+05 9.96338894920880e+08 
2.59182918972405e-04 3.38675143558188e+02 3.19252784398445e+02 8.10278135307580e+21 6.77026780487959e+18 1.49641605555756e+18 1.18538878257613e+18 2.83662657404526e+14 7.36471475766720e+18 8.14874840703511e+15 2.17343800915780e+08 3.55903820653394e+16 7.88270961075081e+16 1.69402635196318e+13 2.70512123461001e+21 2.92792472768665e+16 2.57437836637150e+11 1.72634319255342e+17 1.25688481822955e+14 9.70870210870427e+05 1.09912136283497e+09 
2.83039103058608e-04 3.37433874304238e+02 3.18555715631987e+02 8.10165380120706e+21 7.40876128081668e+18 1.59166223326034e+18 1.23967414635077e+18 3.00788658227151e+14 8.03822609364386e+18 8.16120300403007e+15 2.34900401172545e+08 3.43302645051922e+16 8.63610592132730e+16 2.01456467223621e+13 2.70510537900347e+21 2.92791259999407e+16 2.57413738534021e+11 1.88489993138659e+17 1.25742334035986e+14 1.06021315584814e+06 1.20190368972283e+09 
3.06895287144810e-04 3.36252180620546e+02 3.17894498469290e+02 8.10053658440278e+21 8.04861976894659e+18 1.68150303867424e+18 1.28840071421926e+18 3.17360563035575e+14 8.71078693770413e+18 8.17409277391191e+15 2.52430232856623e+08 3.31491325579634e+16 9.36932851788517e+16 2.36133715031237e+13 2.70508952825238e+21 2.92789361139018e+16 2.57386332631014e+11 2.04340880324644e+17 1.25796044511786e+14 1.14953939418780e+06 1.30468795498907e+09 
3.49255474132809e-04 3.34288674932840e+02 3.17267019691616e+02 8.09857548874535e+21 9.18743858812810e+18 1.82895590373233e+18 1.36330607822508e+18 3.45675900462491e+14 9.90285045347653e+18 8.19790982679129e+15 2.83493402132362e+08 3.12431915007960e+16 1.06264576350738e+17 3.04008912444153e+13 2.70506139362412e+21 2.92785241154420e+16 2.57330407253309e+11 2.32475825403611e+17 1.25891103777508e+14 1.30811488916650e+06 1.48720815306192e+09 
3.91615661120808e-04 3.32486874586787e+02 3.16228748463836e+02 8.09664106416356e+21 1.03290564431029e+19 1.96206822678418e+18 1.42507833680243e+18 3.72748735517420e+14 1.10922748975185e+19 8.22258679260659e+15 3.14477357107005e+08 2.95557542459248e+16 1.18307252608259e+17 3.79768505094771e+13 2.70503327194421e+21 2.92779944752501e+16 2.57259864389243e+11 2.60597940160667e+17 1.25985786915616e+14 1.46664509580535e+06 1.66974664796907e+09 
4.33975848108807e-04 3.30832610239879e+02 3.15280799488978e+02 8.09473024974328e+21 1.14727206575465e+19 2.08230266715428e+18 1.47590287335395e+18 3.98788628250252e+14 1.22792456290859e+19 8.24819273650150e+15 3.45381120961200e+08 2.80614017730248e+16 1.29878594482414e+17 4.63165635101226e+13 2.70500516205459e+21 2.92773598567361e+16 2.57187378629923e+11 2.88708369924390e+17 1.26080152722683e+14 1.62513671659554e+06 1.85231081288317e+09 
4.76336035096805e-04 3.29312750853161e+02 3.14414562986245e+02 8.09284033101810e+21 1.26177785713912e+19 2.19100989403379e+18 1.51765773746795e+18 4.23949866731412e+14 1.34639193579082e+19 8.27448229756003e+15 3.76229958704614e+08 2.67270662792783e+16 1.41029961732484e+17 5.53937541793279e+13 2.70497706301898e+21 2.92766284389474e+16 2.57107220020797e+11 3.16808042768372e+17 1.26174231093010e+14 1.78359242022887e+06 2.03490569053695e+09 
5.50967578576226e-04 3.26928794483290e+02 3.13622185766460e+02 8.08955495359173e+21 1.46370765189557e+19 2.35788311298268e+18 1.57341249093289e+18 4.66504246859743e+14 1.55459108384569e+19 8.32221277820054e+15 4.30412033329173e+08 2.47017588698601e+16 1.59774718562041e+17 7.31009538219194e+13 2.70492758124657e+21 2.92751294772510e+16 2.56960877704609e+11 3.66291148824712e+17 1.26339371484777e+14 2.06268998815066e+06 2.35669476022069e+09 
6.25599122055646e-04 3.24870451520216e+02 3.12386083595436e+02 8.08631692507315e+21 1.66567215107238e+19 2.49829533682480e+18 1.61229165246443e+18 5.07265328504441e+14 1.76217862814497e+19 8.37113566139639e+15 4.84399529889179e+08 2.29898526704807e+16 1.77537100371370e+17 9.28615214153868e+13 2.70487812688096e+21 2.92733859927343e+16 2.56799355845787e+11 4.15747093292960e+17 1.26503843294279e+14 2.34170466896255e+06 2.67861213022648e+09 
7.00230665535067e-04 3.23089494931633e+02 3.11325529768436e+02 8.08311788743414e+21 1.86749529578584e+19 2.61706246632484e+18 1.63918133966052e+18 5.46613831178435e+14 1.96920191793756e+19 8.42109220048899e+15 5.38212145287949e+08 2.15128264412218e+16 1.94464163839134e+17 1.14514509752215e+14 2.70482869689167e+21 2.92714349872102e+16 2.56625937902297e+11 4.65178869510472e+17 1.26667767077633e+14 2.62065129910186e+06 3.00067536661009e+09 
7.74862209014488e-04 3.21546418602580e+02 3.10412968799175e+02 8.07995156832108e+21 2.06905594752804e+19 2.71803886199965e+18 1.65738857126884e+18 5.84810552185261e+14 2.17569775900200e+19 8.47190079971010e+15 5.91858701131409e+08 2.02257935118372e+16 2.10663959533763e+17 1.37898609469245e+14 2.70477928882498e+21 2.92693087787746e+16 2.56445277729447e+11 5.14588898807666e+17 1.26831229957063e+14 2.89954167579135e+06 3.32289845536123e+09 
8.49493752493908e-04 3.20208383216172e+02 3.09626133553205e+02 8.07681314645254e+21 2.27026857511573e+19 2.80433736262226e+18 1.66921628636240e+18 6.22043837032292e+14 2.38169613763764e+19 8.52340104890281e+15 6.45347308170369e+08 1.90963953254022e+16 2.26221954516372e+17 1.62854381676044e+14 2.70472990064836e+21 2.92670313601132e+16 2.56258856228391e+11 5.63979189643734e+17 1.26994297226548e+14 3.17838532686077e+06 3.64529275547909e+09 
9.74436047616680e-04 3.18355227746990e+02 3.08946755997864e+02 8.07161181312707e+21 2.60618753521957e+19 2.92249550918598e+18 1.67888907637849e+18 6.82575820933207e+14 2.72551300048539e+19 8.61084275630740e+15 7.34558243600539e+08 1.74822316675093e+16 2.51013207225824e+17 2.07724184697790e+14 2.70464725898778e+21 2.92629328057105e+16 2.55936825535933e+11 6.46624676314342e+17 1.27266538212375e+14 3.64511978478922e+06 4.18542762163029e+09 
1.09937834273945e-03 3.16892782237592e+02 3.08010320315092e+02 8.06646454474984e+21 2.94075191430179e+19 3.01596640264480e+18 1.68072145313140e+18 7.41311687893843e+14 3.06810098507187e+19 8.69953226899850e+15 8.23374149973515e+08 1.61383148441090e+16 2.74465824838547e+17 2.55848738687878e+14 2.70456466169290e+21 2.92585470639689e+16 2.55605682888723e+11 7.29226085266415e+17 1.27537999361478e+14 4.11177915739669e+06 4.72610684985677e+09 
1.22432063786222e-03 3.15737150372682e+02 3.07275028794723e+02 8.06136178229808e+21 3.27383673339950e+19 3.09167211288200e+18 1.67795748801947e+18 7.98601678761123e+14 3.40953552932184e+19 8.78918313269840e+15 9.11815173811894e+08 1.49964799334642e+16 2.96781788985056e+17 3.06555716069267e+14 2.70448210348337e+21 2.92539378582440e+16 2.55268385899926e+11 8.11788632987319e+17 1.27808810285804e+14 4.57838936217421e+06 5.26736077747932e+09 
1.34926293298500e-03 3.14824510085358e+02 3.06696332161058e+02 8.05629714316741e+21 3.60537430925131e+19 3.15444940826094e+18 1.67233230875196e+18 8.54677894686217e+14 3.74987443613022e+19 8.87953051373510e+15 9.99898070854815e+08 1.40112601818785e+16 3.18110508830865e+17 3.59224052787300e+14 2.70439958026741e+21 2.92491537495496e+16 2.54926810841947e+11 8.94316362605112e+17 1.28079056963744e+14 5.04497100746152e+06 5.80921218021116e+09 
1.47420522810777e-03 3.14105178865005e+02 3.06240784164065e+02 8.05126614551980e+21 3.93532573296869e+19 3.20775350259491e+18 1.66486449613927e+18 9.09711697100781e+14 4.08916518413819e+19 8.97034587782655e+15 1.08763654684847e+09 1.31559080456158e+16 3.38569041548291e+17 4.13289254208171e+14 2.70431708864162e+21 2.92442327290771e+16 2.54582056113674e+11 9.76812639473587e+17 1.28348799286540e+14 5.51154111456217e+06 6.35167960945416e+09 
1.64680450898763e-03 3.13359825146138e+02 3.05882647363147e+02 8.04436576465753e+21 4.38848134929528e+19 3.27020618447958e+18 1.65268006077141e+18 9.84239330089386e+14 4.55621849247877e+19 9.09624069814742e+15 1.20829377247726e+09 1.21432722816802e+16 3.65571003467744e+17 4.89359565651252e+14 2.70420317902272e+21 2.92372629774114e+16 2.54102420575795e+11 1.09072885597696e+18 1.28720676100435e+14 6.15608174068664e+06 7.10210126196291e+09 
1.81940378986749e-03 3.12829071567788e+02 3.05512420262691e+02 8.03751720458035e+21 4.83852972831677e+19 3.32403661997358e+18 1.63938912196669e+18 1.05725510003777e+15 5.02143092012734e+19 9.22231027537759e+15 1.32833693241382e+09 1.12821361026001e+16 3.91296419051787e+17 5.65988756066569e+14 2.70408931834080e+21 2.92301507246133e+16 2.53620628249241e+11 1.20459627879998e+18 1.29091753415367e+14 6.80065716498660e+06 7.85375809685063e+09 
1.99200307074735e-03 3.12454515367255e+02 3.05249335135573e+02 8.03071639167808e+21 5.28546058203289e+19 3.37226105840066e+18 1.62558446122765e+18 1.12893569606663e+15 5.48487208828535e+19 9.34825885066492e+15 1.44778527678091e+09 1.05447573060768e+16 4.15903335116049e+17 6.42230891515809e+14 2.70397550163935e+21 2.92229410503407e+16 2.53137697797726e+11 1.31841981932502e+18 1.29462083552204e+14 7.44529155596459e+06 8.60667435134126e+09 
2.16460235162721e-03 3.12194769979038e+02 3.05063958853433e+02 8.02396073865474e+21 5.72927861437815e+19 3.41670542359804e+18 1.61154407230961e+18 1.19939289479288e+15 5.94659618689307e+19 9.47384854299533e+15 1.56665270553445e+09 9.90165802039405e+15 4.39513837327576e+17 7.17339459061180e+14 2.70386172513970e+21 2.92156659076129e+16 2.52654814188478e+11 1.43220322423530e+18 1.29831698846745e+14 8.09000392587928e+06 9.36086662811986e+09 
2.33720163250707e-03 3.12019738014095e+02 3.04935554574878e+02 8.01724845817366e+21 6.16999516992748e+19 3.45852950767838e+18 1.59742840978258e+18 1.26871371971206e+15 6.40664742523584e+19 9.59890759139198e+15 1.68495202883499e+09 9.33548626164957e+15 4.62223696184562e+17 7.90740503652619e+14 2.70374798577419e+21 2.92083485101672e+16 2.52172534707323e+11 1.54594953794655e+18 1.30200621378272e+14 8.73480875092287e+06 1.01163466780233e+10 
2.58088150461830e-03 3.11876323948091e+02 3.04849109907076e+02 8.00784329629320e+21 6.78695838963899e+19 3.51449799651542e+18 1.57757895816775e+18 1.36477434415660e+15 7.05338169604513e+19 9.77434451266592e+15 1.85102289634424e+09 8.64752892213017e+15 4.92900752820173e+17 8.90692310379901e+14 2.70358746410541e+21 2.91979768323921e+16 2.51493274171186e+11 1.70648105830939e+18 1.30720325692427e+14 9.64533914923886e+06 1.11851603164440e+10 
2.82456137672952e-03 3.11813112963940e+02 3.04778357344994e+02 7.99851917318876e+21 7.39781702001814e+19 3.56816085464012e+18 1.55801061378019e+18 1.45884677012152e+15 7.69694449538192e+19 9.94825693960341e+15 2.01600663804805e+09 8.06040628805245e+15 5.22122762243230e+17 9.85619906080913e+14 2.70342700532972e+21 2.91875889530629e+16 2.50816953203341e+11 1.86694970308997e+18 1.31238715354140e+14 1.05561045931434e+07 1.22565749608130e+10 
3.06824124884075e-03 3.11801009860037e+02 3.04747237841083e+02 7.98927413590826e+21 8.00262522890228e+19 3.62027137848731e+18 1.53882726780495e+18 1.55103751256018e+15 8.33740655344628e+19 1.01205018147619e+16 2.17992672233498e+09 7.55182261694919e+15 5.50032740354014e+17 1.07509499983905e+15 2.70326660475794e+21 2.91772070323583e+16 2.50144265709932e+11 2.02736013928635e+18 1.31755814419973e+14 1.14671253781605e+07 1.33305976406143e+10 
3.31192112095198e-03 3.11822149792299e+02 3.04741360229304e+02 7.98010675429375e+21 8.60144075575596e+19 3.67119665601002e+18 1.52006772002126e+18 1.64143062091013e+15 8.97482536312358e+19 1.02910250101446e+16 2.34279959945041e+09 7.10848757789156e+15 5.76742698365145e+17 1.15901192303239e+15 2.70310625865865e+21 2.91668444132930e+16 2.49475515973705e+11 2.18771608495595e+18 1.32271641254106e+14 1.23784159885007e+07 1.44072310311740e+10 
3.55560099306320e-03 3.11865036596480e+02 3.04751899403176e+02 7.97101584477587e+21 9.19432238638998e+19 3.72114432916906e+18 1.50174701815369e+18 1.73009263711948e+15 9.60924923068933e+19 1.04598006328001e+16 2.50464244422046e+09 6.71928748212662e+15 6.02344883165345e+17 1.23747235213863e+15 2.70294596396464e+21 2.91565095551198e+16 2.48810966051462e+11 2.34802059884419e+18 1.32786211789079e+14 1.32899872018325e+07 1.54864724719491e+10 
4.04211940690921e-03 3.11990082528120e+02 3.04773180748896e+02 7.95309022205481e+21 1.03605214224301e+20 3.81841386742485e+18 1.46649461969928e+18 1.90214883423198e+15 1.08670952169753e+20 1.07915912103165e+16 2.82474360180941e+09 6.06561706305456e+15 6.50423552444710e+17 1.37882567637722e+15 2.70262607277889e+21 2.91359768451573e+16 2.47497749657809e+11 2.66793129277753e+18 1.33809877123721e+14 1.51108513779430e+07 1.76490008193902e+10 
4.52863782075522e-03 3.12135881764249e+02 3.04835158245556e+02 7.93545805841230e+21 1.15037641999731e+20 3.91298095931021e+18 1.43298890059052e+18 2.06794098029649e+15 1.21134221795216e+20 1.11166059912448e+16 3.14089860685833e+09 5.53807234590942e+15 6.94861435304620e+17 1.50173214307457e+15 2.70230636109843e+21 2.91156011329165e+16 2.46203251740935e+11 2.98766232923853e+18 1.34828707638124e+14 1.69329105238975e+07 1.98218278945902e+10 
5.01515623460123e-03 3.12287131222546e+02 3.04907422735109e+02 7.91811302714767e+21 1.26245082667206e+20 4.00512638917747e+18 1.40114062414397e+18 2.22782145325995e+15 1.33484364679478e+20 1.14351253609884e+16 3.45319673982503e+09 5.10257713399021e+15 7.36022676226110e+17 1.60894087492370e+15 2.70198681718015e+21 2.90953914908055e+16 2.44927988153316e+11 3.30722544215983e+18 1.35842810843532e+14 1.87561876618572e+07 2.20048583479504e+10 
5.50167464844725e-03 3.12439917448833e+02 3.04982419381045e+02 7.90104945058325e+21 1.37232010728399e+20 4.09496557134212e+18 1.37083633806763e+18 2.38209876615742e+15 1.45722987100483e+20 1.17474752631217e+16 3.76171680045024e+09 4.73708743014754e+15 7.74179913183358e+17 1.70307652442803e+15 2.70166743248659e+21 2.90753485645255e+16 2.43672061264181e+11 3.62662916822693e+18 1.36852291830604e+14 2.05806874335500e+07 2.41979779059114e+10 
5.98819306229326e-03 3.12592776120202e+02 3.05058215421437e+02 7.88426197241202e+21 1.48002787821346e+20 4.18260312193199e+18 1.34196965843261e+18 2.53104396444801e+15 1.57851430053714e+20 1.20539652432676e+16 4.06653024963293e+09 4.42802256067128e+15 8.09554766842416e+17 1.78631125537543e+15 2.70134820024754e+21 2.90554713823806e+16 2.42435241203682e+11 3.94588027852957e+18 1.37857255432771e+14 2.24064011204688e+07 2.64010630625836e+10 
6.61318437332009e-03 3.12787042075726e+02 3.05134086883430e+02 7.86309345137284e+21 1.61528761300788e+20 4.29213173660052e+18 1.30684559539282e+18 2.71497526383136e+15 1.73271974928914e+20 1.24395327532774e+16 4.45276290345858e+09 4.09083020925114e+15 8.51203421411453e+17 1.87992088696698e+15 2.70093832365491e+21 2.90301787384413e+16 2.40874702454972e+11 4.35578087798664e+18 1.39141789556662e+14 2.47535222986834e+07 2.92456024539636e+10 
7.23817568434692e-03 3.12977338686865e+02 3.05230570672548e+02 7.84236181657923e+21 1.74713820635073e+20 4.39840883132852e+18 1.27375325696036e+18 2.89107016294075e+15 1.88514665824384e+20 1.28164167268895e+16 4.83311173128592e+09 3.80715884526668e+15 8.88893017503713e+17 1.96123575745598e+15 2.70052868105700e+21 2.90051561164143e+16 2.39345419282819e+11 4.76544721971846e+18 1.40419257521056e+14 2.71026022894302e+07 3.21060847348374e+10 
7.86316699537375e-03 3.13163282131943e+02 3.05325150186427e+02 7.82205719384042e+21 1.87566501276921e+20 4.50159133114609e+18 1.24252555665744e+18 3.05980696773324e+15 2.03581359195740e+20 1.31851001794275e+16 5.20769497875788e+09 3.56593362012881e+15 9.22907391784996e+17 2.03246331716213e+15 2.70011926530295e+21 2.89804005090053e+16 2.37846782903110e+11 5.17488645737869e+18 1.41689873116314e+14 2.94535962172804e+07 3.49822169622689e+10 
8.48815830640058e-03 3.13345160938167e+02 3.05417631126974e+02 7.80217010653155e+21 2.00095092941093e+20 4.60181395365837e+18 1.21301253086977e+18 3.22161578080927e+15 2.18473722481036e+20 1.35460172524279e+16 5.57662326576514e+09 3.35800281998537e+15 9.53495004620400e+17 2.09529358745973e+15 2.69971007067640e+21 2.89559086323059e+16 2.36378254962315e+11 5.58410431041784e+18 1.42953846324520e+14 3.18064566409252e+07 3.78737023378087e+10 
9.11314961742741e-03 3.13523261420834e+02 3.05508152575037e+02 7.78269140086542e+21 2.12307656183349e+20 4.69920298994058e+18 1.18508014779717e+18 3.37689616156505e+15 2.33193294161122e+20 1.38995572391126e+16 5.94000130227115e+09 3.17667677536916e+15 9.80879075264570e+17 2.15105142923535e+15 2.69930109251284e+21 2.89316773779702e+16 2.34939260480301e+11 5.99310544622599e+18 1.44211383345069e+14 3.41611327337569e+07 4.07802426464686e+10 
1.01162683857868e-02 3.13801505177325e+02 3.05596852951847e+02 7.75225950522923e+21 2.31267818624056e+20 4.84988255802933e+18 1.14325761233093e+18 3.61336325401394e+15 2.56460762649113e+20 1.44524350295134e+16 6.51187344474093e+09 2.93079688745842e+15 1.01863992136174e+18 2.22828554562604e+15 2.69864512053786e+21 2.88933236483425e+16 2.32689659771017e+11 6.64911376707591e+18 1.46216796166097e+14 3.79440643018247e+07 4.54759995966245e+10 
1.11193871541463e-02 3.14070807192420e+02 3.05735546163946e+02 7.72282151199441e+21 2.49465321515927e+20 4.99400900259833e+18 1.10476540341374e+18 3.83534889158201e+15 2.79292541850354e+20 1.49884595169942e+16 7.07009579294172e+09 2.72578242286899e+15 1.04945257239276e+18 2.29339924467220e+15 2.69798968298307e+21 2.88556226205861e+16 2.30512112138330e+11 7.30458703016031e+18 1.48206962713172e+14 4.17313080331111e+07 5.02085519593024e+10 
1.21225059225057e-02 3.14331614226508e+02 3.05869919512141e+02 7.69434352098752e+21 2.66930250717191e+20 5.13197265333353e+18 1.06923590902023e+18 4.04410936613833e+15 3.01694095997132e+20 1.55087179334374e+16 7.61503890574251e+09 2.55320420660030e+15 1.07402600824353e+18 2.34882833636213e+15 2.69733476940475e+21 2.88185633906046e+16 2.28403871595133e+11 7.95953568932960e+18 1.50182670496635e+14 4.55226171692625e+07 5.49766959089083e+10 
1.31256246908651e-02 3.14584377906336e+02 3.06000183126385e+02 7.66679305281238e+21 2.83691416751758e+20 5.26412238568474e+18 1.03635342583261e+18 4.24072878067606e+15 3.23670744533063e+20 1.60141503435910e+16 8.14705488727238e+09 2.40604989759176e+15 1.09301320950802e+18 2.39637222669098e+15 2.69668037133395e+21 2.87821353399110e+16 2.26362451659687e+11 8.61396822340465e+18 1.52144678575047e+14 4.93177523985330e+07 5.97792497698121e+10 
1.41287434592246e-02 3.14829507100077e+02 3.06126550734367e+02 7.64013889347256e+21 2.99776458436399e+20 5.39077582707171e+18 1.00584438724301e+18 4.42618069516739e+15 3.45227740409021e+20 1.65055738106227e+16 8.66648025003930e+09 2.27862989396872e+15 1.10701913231538e+18 2.43745524607800e+15 2.69602648185182e+21 2.87463280737026e+16 2.24385558972102e+11 9.26789156089082e+18 1.54093717449270e+14 5.31164903372565e+07 6.46150569224631e+10 
1.58591838149635e-02 3.15235420328914e+02 3.06249215850136e+02 7.59617826450167e+21 3.26011982867123e+20 5.59717561211398e+18 9.58117536636925e+17 4.72235953904663e+15 3.81443830652084e+20 1.73224301442308e+16 9.53386519134446e+09 2.09550822885305e+15 1.12110286844829e+18 2.49632938608214e+15 2.69489966124824e+21 2.86859876435155e+16 2.21120091426670e+11 1.03947691659755e+19 1.57427483392866e+14 5.96773343901700e+07 7.30320020653345e+10 
1.75896241707025e-02 3.15621188069395e+02 3.06452587189674e+02 7.55464908451366e+21 3.50443119743739e+20 5.78939216957479e+18 9.15751051125653e+17 4.99179965146452e+15 4.16453718132842e+20 1.81028434231845e+16 1.03663176480062e+10 1.94650293491068e+15 1.12463428832310e+18 2.54344879714109e+15 2.69377431252626e+21 2.86274123471195e+16 2.18028520979857e+11 1.15201731571671e+19 1.60728151025426e+14 6.62470990735454e+07 8.15389709725197e+10 
1.93200645264415e-02 3.15988148371123e+02 3.06646153248045e+02 7.51541362910573e+21 3.73190237241169e+20 5.96857705860631e+18 8.77933725984489e+17 5.23778891907331e+15 4.50284643902892e+20 1.88494083748435e+16 1.11653244592483e+10 1.82326721687979e+15 1.11987993154760e+18 2.58173508033678e+15 2.69265041722533e+21 2.85705510414953e+16 2.15100164263382e+11 1.26441220429908e+19 1.63998896048289e+14 7.28246980988525e+07 9.01306331791219e+10 
2.10505048821804e-02 3.16337489051989e+02 3.06830544152419e+02 7.47834235425268e+21 3.94365780060986e+20 6.13574810976496e+18 8.44008628669221e+17 5.46306656007022e+15 4.82964232372560e+20 1.95643129345342e+16 1.19322935700184e+10 1.71974566248490e+15 1.10879305874366e+18 2.61331212488319e+15 2.69152796007280e+21 2.85153529824277e+16 2.12325132288537e+11 1.37666311439128e+19 1.67242666539830e+14 7.94091149350636e+07 9.88019335179429e+10 
2.27809452379194e-02 3.16670266222639e+02 3.07006319978806e+02 7.44331335367303e+21 4.14074835234231e+20 6.29181310532631e+18 8.13439838648587e+17 5.66999120150041e+15 5.14520437490253e+20 2.02494357098620e+16 1.26685613956733e+10 1.63106251524225e+15 1.09302255935896e+18 2.63970446378402e+15 2.69040692898548e+21 2.84617678495986e+16 2.09694343178919e+11 1.48877125907118e+19 1.70462190531524e+14 8.59994317878468e+07 1.07548085428857e+11 
2.45113855936584e-02 3.16987423357026e+02 3.07173979216306e+02 7.41021191878953e+21 4.32415590503743e+20 6.43758851037289e+18 7.85784595004994e+17 5.86060875484410e+15 5.44981463434805e+20 2.09064144852430e+16 1.33753987055407e+10 1.55429599586467e+15 1.07393283815480e+18 2.66202057977437e+15 2.68928731474679e+21 2.84097458087258e+16 2.07199149785280e+11 1.60073756473226e+19 1.73659987346871e+14 9.25947502064218e+07 1.16364561184252e+11 
2.70975385309247e-02 3.17434142794456e+02 3.07333967652171e+02 7.36410171657290e+21 4.57473135863246e+20 6.63786180859795e+18 7.49097251136554e+17 6.11867430519840e+15 5.88525882694889e+20 2.18389173209951e+16 1.43795262231959e+10 1.45794646506843e+15 1.04160265398507e+18 2.68959660757296e+15 2.68761666778855e+21 2.83348053326826e+16 2.03705277009120e+11 1.76780927925929e+19 1.78403621952391e+14 1.02458966177824e+08 1.29662738319796e+11 
2.96836914681911e-02 3.17850450871242e+02 3.07559645093171e+02 7.32172243541689e+21 4.79959623856550e+20 6.81900006089433e+18 7.17109842915656e+17 6.34876585094024e+15 6.29782789100847e+20 2.27160059094978e+16 1.53244248679018e+10 1.37750800805685e+15 1.00715178978095e+18 2.71200354973726e+15 2.68594914629503e+21 2.82630841506260e+16 2.00471832489624e+11 1.93456812898187e+19 1.83110888955339e+14 1.12329983477825e+08 1.43095331734717e+11 
3.22698444054574e-02 3.18238648509272e+02 3.07770312164688e+02 7.28276824382769e+21 5.00129288384219e+20 6.98295077329081e+18 6.89040491505331e+17 6.55478512816790e+15 6.68847261082683e+20 2.35413749213976e+16 1.62136570251356e+10 1.30966417991702e+15 9.72509277092642e+17 2.73067626869954e+15 2.68428473634622e+21 2.81944240236556e+16 1.97476436832602e+11 2.10101552111205e+19 1.87787953370482e+14 1.22205489355812e+08 1.56650321052866e+11 
3.48559973427238e-02 3.18600799203409e+02 3.07967065269194e+02 7.24695910961872e+21 5.18211978654017e+20 7.13144201935705e+18 6.64269085306728e+17 6.73990528283466e+15 7.05813665972486e+20 2.43183097004623e+16 1.70505544927859e+10 1.25190127179711e+15 9.38936296518866e+17 2.74661963385752e+15 2.68262342712284e+21 2.81286711160732e+16 1.94698931267892e+11 2.26715255242214e+19 1.92440240962470e+14 1.32083394256601e+08 1.70316820160207e+11 
3.74421502799902e-02 3.18938774082555e+02 3.08150891347441e+02 7.21403853242446e+21 5.34415459782166e+20 7.26601406769300e+18 6.42298747566150e+17 6.90679674251845e+15 7.40775114194142e+20 2.50497788609532e+16 1.78382368212564e+10 1.20180689620882e+15 9.07190136866524e+17 2.76053636250598e+15 2.68096521219308e+21 2.80656765462326e+16 1.92121251293975e+11 2.43297988050800e+19 1.97072504726542e+14 1.41961940235353e+08 1.84084998020016e+11 
4.00283032172565e-02 3.19254283044941e+02 3.08322688905676e+02 7.18377155191373e+21 5.48927415467432e+20 7.38804598373540e+18 6.22725331947462e+17 7.05773636294614e+15 7.73823033385514e+20 2.57384982725748e+16 1.85796281301595e+10 1.15802450408176e+15 8.77660941997188e+17 2.77293451474553e+15 2.67931008962096e+21 2.80052967425383e+16 1.89726912282548e+11 2.59849771291408e+19 2.01688896002871e+14 1.51839466754040e+08 1.97945984884827e+11 
4.36904309461951e-02 3.19665629697746e+02 3.08483282362321e+02 7.14504182544993e+21 5.66904491625482e+20 7.54175276654122e+18 5.98468898917347e+17 7.24767538705370e+15 8.17520133133810e+20 2.66454752420008e+16 1.95555807689575e+10 1.10499833217328e+15 8.39844509927809e+17 2.78863007380218e+15 2.67697163948247e+21 2.79240019484176e+16 1.86621129123757e+11 2.83235020289674e+19 2.08205671007772e+14 1.65821899316235e+08 2.17717114601914e+11 
4.73525586751336e-02 3.20039070366150e+02 3.08692977175604e+02 7.11065385182262e+21 5.82252296308551e+20 7.67586218994308e+18 5.77605333898252e+17 7.41371194731617e+15 8.57804543016520e+20 2.74782512502123e+16 2.04514006849317e+10 1.06025426206130e+15 8.06709998400544e+17 2.80275134395437e+15 2.67463939355916e+21 2.78473025896330e+16 1.83815578386680e+11 3.06558181336855e+19 2.14706497884295e+14 1.79795718786913e+08 2.37638705633759e+11 
5.10146864040722e-02 3.20378194920765e+02 3.08883671604565e+02 7.08011708347384e+21 5.95341859597727e+20 7.79302789043522e+18 5.59580216340266e+17 7.55932949451575e+15 8.94912182693044e+20 2.82427216008546e+16 2.12737072615419e+10 1.02229918470418e+15 7.77890145654423e+17 2.81565953388324e+15 2.67231335839503e+21 2.77748488092980e+16 1.81277426360017e+11 3.29819192420921e+19 2.21198476829589e+14 1.93757850415646e+08 2.57694068653664e+11 
5.46768141330108e-02 3.20686279720925e+02 3.09057119544464e+02 7.05300009105678e+21 6.06491358737071e+20 7.89556050771058e+18 5.43877025178581e+17 7.68749730490644e+15 9.29067586681666e+20 2.89445513485483e+16 2.20285878680885e+10 9.89375166931931e+14 7.52836325237114e+17 2.82779154855786e+15 2.66999355048984e+21 2.77063137910190e+16 1.78977694970904e+11 3.53017891756374e+19 2.27687242591422e+14 2.07705855658413e+08 2.77869162727669e+11 
5.83389418619493e-02 3.20966197913376e+02 3.09214930225460e+02 7.02892158700246e+21 6.15974873236017e+20 7.98541457616044e+18 5.30160391887219e+17 7.80073245272469e+15 9.60483577973384e+20 2.95886026501133e+16 2.27215890108353e+10 9.60672323852073e+14 7.30989117210063e+17 2.83928253929587e+15 2.66767999371278e+21 2.76413932769735e+16 1.76891315690026e+11 3.76154043649985e+19 2.34177243585647e+14 2.21637494149906e+08 2.98151836291971e+11 
6.38362262873717e-02 3.21339122544448e+02 3.09358519779477e+02 6.99776505385032e+21 6.27581272221468e+20 8.10007983697746e+18 5.12642436210034e+17 7.94687246459657e+15 1.00293295634586e+21 3.04570506704170e+16 2.36567061816812e+10 9.24293246667810e+14 7.03204654552448e+17 2.85561857866825e+15 2.66421886040341e+21 2.75501163789834e+16 1.74111462560089e+11 4.10766191714607e+19 2.43929179947674e+14 2.42515646727231e+08 3.28778634807019e+11 
6.93335107127941e-02 3.21662259880028e+02 3.09550145407914e+02 6.97171384472437e+21 6.36631160677575e+20 8.19473756488079e+18 4.98147756638188e+17 8.06933870479364e+15 1.04029008328171e+21 3.12200233487340e+16 2.44793394879026e+10 8.94213138231881e+14 6.80257937053924e+17 2.87096782703959e+15 2.66077194964845e+21 2.74654809011858e+16 1.71698345714435e+11 4.45236047628592e+19 2.53699812850510e+14 2.63348102912585e+08 3.59601057035571e+11 
7.48307951382165e-02 3.21942435190687e+02 3.09716516838737e+02 6.94993749409244e+21 6.43665523197295e+20 8.27329676341015e+18 4.86016150516850e+17 8.17247452543044e+15 1.07313045489393e+21 3.18903967482483e+16 2.52033796920454e+10 8.68984593321427e+14 6.61100965453971e+17 2.88554565406408e+15 2.65733935364249e+21 2.73867035843055e+16 1.69596083348787e+11 4.79562697226732e+19 2.63494373239881e+14 2.84130275113969e+08 3.90593453082755e+11 
8.03280795636389e-02 3.22185410378905e+02 3.09861045119777e+02 6.93174985330684e+21 6.49109876297214e+20 8.33879934869651e+18 4.75852131382916e+17 8.25970198249108e+15 1.10197226488604e+21 3.24792650674387e+16 2.58407924782651e+10 8.47733699132956e+14 6.44956461485809e+17 2.89927481073142e+15 2.65392116577839e+21 2.73130967262875e+16 1.67761253019555e+11 5.13745213438742e+19 2.73314798237039e+14 3.04860092283033e+08 4.21746686794332e+11 
8.58253639890612e-02 3.22396204500074e+02 3.09986620861486e+02 6.91657908237691e+21 6.53302023804824e+20 8.39371393847803e+18 4.67291783514600e+17 8.33377062535766e+15 1.12728100825221e+21 3.29966309538161e+16 2.64022535929155e+10 8.29703198200774e+14 6.31245968071015e+17 2.91219083306695e+15 2.65051747511448e+21 2.72440476474616e+16 1.66155188398055e+11 5.47782711804814e+19 2.83161462259019e+14 3.25535033576014e+08 4.53047693472766e+11 
9.67825042934183e-02 3.22736347774917e+02 3.10095771635788e+02 6.89360412681969e+21 6.58876383090976e+20 8.47875304743263e+18 4.53934390752798e+17 8.45037683753332e+15 1.16874353775075e+21 3.38472819475793e+16 2.73297218692248e+10 8.01083548497596e+14 6.09548066864505e+17 2.93578497027884e+15 2.64377686852404e+21 2.71179954555280e+16 1.63515101596742e+11 6.15189840618046e+19 3.02862542198284e+14 3.66573204776097e+08 5.15840917316302e+11 
1.07739644597775e-01 3.22993211755415e+02 3.10272410437972e+02 6.87781134023865e+21 6.62063829808532e+20 8.54110120605941e+18 4.44267656233332e+17 8.53664706894930e+15 1.20057901043811e+21 3.45061014463754e+16 2.80532499310739e+10 7.79936594843748e+14 5.93263861729923e+17 2.95619379034407e+15 2.63709480756309e+21 2.70043908151915e+16 1.61459191649818e+11 6.82011387868823e+19 3.22641718799009e+14 4.07378144978270e+08 5.79149510828062e+11 
1.18696784902133e-01 3.23188136402761e+02 3.10406370053951e+02 6.86707330683331e+21 6.63865327482283e+20 8.58864859430821e+18 4.37120338420578e+17 8.60184882641837e+15 1.22503120319187e+21 3.50194783646626e+16 2.86214889052781e+10 7.63668316726140e+14 5.80750721684548e+17 2.97369019002228e+15 2.63047184958831e+21 2.69004217273473e+16 1.59835968685345e+11 7.48241808418632e+19 3.42468310377367e+14 4.47946438593967e+08 6.42953658483906e+11 
1.29653925206490e-01 3.23336530851988e+02 3.10508521182610e+02 6.85995196168850e+21 6.64854499013684e+20 8.62622221780744e+18 4.31895744171120e+17 8.65165806180860e+15 1.24382294297503e+21 3.54216579800247e+16 2.90709365579218e+10 7.51463896586720e+14 5.71086759788610e+17 2.98832379213431e+15 2.62390831389541e+21 2.68039589307309e+16 1.58540195484604e+11 8.13877930972715e+19 3.62305503669830e+14 4.88274014927760e+08 7.07237703000381e+11 
1.40611065510847e-01 3.23449990429303e+02 3.10586737384938e+02 6.85544387972078e+21 6.65370701030314e+20 8.65703011448642e+18 4.27969916307686e+17 8.69039554550813e+15 1.25827920663007e+21 3.57394633877920e+16 2.94298041632618e+10 7.41797065528085e+14 5.63514049488834e+17 3.00078187218640e+15 2.61740443179782e+21 2.67133790382954e+16 1.57487422822872e+11 8.78917458925854e+19 3.82123906144920e+14 5.28360532547635e+08 7.71981456526793e+11 
1.57108637585504e-01 3.23572588828507e+02 3.10646958242355e+02 6.85211120025899e+21 6.65675040764728e+20 8.69492446969417e+18 4.23906307526508e+17 8.73409974140964e+15 1.27397356202551e+21 3.60997821794276e+16 2.98430726894050e+10 7.31041859283984e+14 5.54906282739699e+17 3.01586731712183e+15 2.60772456338071e+21 2.65855383956756e+16 1.56242727991634e+11 9.75717123149186e+19 4.11862137238222e+14 5.88257564058563e+08 8.70299210422287e+11 
1.73606209660162e-01 3.23656600104246e+02 3.10712751171086e+02 6.85137078444681e+21 6.65806395532799e+20 8.72700711826581e+18 4.21231226315867e+17 8.76679247863782e+15 1.28469644797893e+21 3.63641326969438e+16 3.01524365390465e+10 7.23026451631744e+14 5.48442695509750e+17 3.02758810619568e+15 2.59818013872827e+21 2.64651721497008e+16 1.55273077048996e+11 1.07116227704657e+20 4.41392789021012e+14 6.47605418061828e+08 9.69573382504471e+11 
1.90103781734820e-01 3.23715900581374e+02 3.10758611751698e+02 6.85217705461787e+21 6.65941198321759e+20 8.75585302876751e+18 4.19475232535329e+17 8.79235417524436e+15 1.29218467438001e+21 3.65661414736970e+16 3.03940425080851e+10 7.17096479220262e+14 5.43448316580667e+17 3.03670511145835e+15 2.58877041020295e+21 2.63502154339686e+16 1.54484804176911e+11 1.16526041838778e+20 4.70627526008775e+14 7.06407973524843e+08 1.06976016329380e+12 
2.06601353809477e-01 3.23759068861289e+02 3.10791686580281e+02 6.85394200806471e+21 6.66119047845076e+20 8.78270771624853e+18 4.18289394756815e+17 8.81325275836824e+15 1.29753561773346e+21 3.67267988304500e+16 3.05905351115343e+10 7.12354974707739e+14 5.39455762736498e+17 3.04405493914568e+15 2.57949439210303e+21 2.62393347234334e+16 1.53815515969845e+11 1.25802141792488e+20 4.99535968182504e+14 7.64661232847707e+08 1.17074421404063e+12 
2.23098925884135e-01 3.23791499882540e+02 3.10816398392920e+02 6.85630905839399e+21 6.66340876132030e+20 8.80824736667591e+18 4.17487272562710e+17 8.83105849767117e+15 1.30146212161814e+21 3.68597256692888e+16 3.07567388394979e+10 7.08506554346710e+14 5.36134124810505e+17 3.05015357292013e+15 2.57035054561914e+21 2.61316812974734e+16 1.53227593260740e+11 1.34946067276157e+20 5.28073388744390e+14 8.22368475246075e+08 1.27248510216262e+12 
2.50238901000779e-01 3.23831691603537e+02 3.10835531062480e+02 6.86085996120629e+21 6.66787553055494e+20 8.84860350388001e+18 4.16625565717705e+17 8.85660608136200e+15 1.30616216433572e+21 3.70437346399910e+16 3.09922309546592e+10 7.03184809799327e+14 5.31484407076298e+17 3.05851916862077e+15 2.55559022071404e+21 2.59599778870975e+16 1.52365461965811e+11 1.49706517640176e+20 5.74139370063087e+14 9.16135468472286e+08 1.44128758789766e+12 
2.77378876117424e-01 3.23861155635728e+02 3.10860136338779e+02 6.86587437858778e+21 6.67314936289059e+20 8.88749176785137e+18 4.16136852418128e+17 8.87892441511548e+15 1.30942882678367e+21 3.71990015672561e+16 3.11962805755192e+10 6.98778836101001e+14 5.27547713682519e+17 3.06542401648428e+15 2.54117491790716e+21 2.57940365706711e+16 1.51594241046935e+11 1.64121941279943e+20 6.19074874854420e+14 1.00845415094925e+09 1.61157628043714e+12 
3.04518851234069e-01 3.23885107884767e+02 3.10879110777131e+02 6.87103850506263e+21 6.67890832106536e+20 8.92540241950507e+18 4.15831196559870e+17 8.89940549372023e+15 1.31196262209902e+21 3.73388124586407e+16 3.13834523060709e+10 6.94875192708398e+14 5.24021428163877e+17 3.07150034241645e+15 2.52709641303903e+21 2.56329354947082e+16 1.50875970652139e+11 1.78200563286951e+20 6.62865142773682e+14 1.09933735239588e+09 1.78303058685824e+12 
3.31658826350713e-01 3.23906318618553e+02 3.10895151864749e+02 6.87619623958523e+21 6.68487661013021e+20 8.96254342174292e+18 4.15605867854153e+17 8.91883183114067e+15 1.31413963601199e+21 3.74702062240817e+16 3.15614364185825e+10 6.91238744906814e+14 5.20721561764654e+17 3.07712808614629e+15 2.51334631401432e+21 2.54761161025094e+16 1.50189385767860e+11 1.91950776298772e+20 7.05535703536595e+14 1.18879565335957e+09 1.95532179380335e+12 
3.89913557716519e-01 3.23947845949497e+02 3.10909694024702e+02 6.88697921201213e+21 6.69762717956882e+20 9.04005849366144e+18 4.15230641629684e+17 8.95808875335355e+15 1.31834629666737e+21 3.77386664049245e+16 3.19294947665613e+10 6.84077361277166e+14 5.14172347078046e+17 3.08839890127415e+15 2.48488891279494e+21 2.51526249314141e+16 1.48789322897533e+11 2.20408412893660e+20 7.93289798802704e+14 1.37619141750886e+09 2.32716399935083e+12 
4.48168289082324e-01 3.23985602936115e+02 3.10938578975795e+02 6.89731222564376e+21 6.71003366534628e+20 9.11462276898154e+18 4.14924879849438e+17 8.99473414960885e+15 1.32213746667819e+21 3.79922449203928e+16 3.22818712906174e+10 6.77501368756988e+14 5.08147890481790e+17 3.09891134528753e+15 2.45781992990552e+21 2.48459539311059e+16 1.47469211275365e+11 2.47477619189477e+20 8.76188873461892e+14 1.55729883026994e+09 2.69948782055716e+12 
5.06423020448130e-01 3.24021055552912e+02 3.10965170021373e+02 6.90715446648253e+21 6.72189488247481e+20 9.18638888805559e+18 4.14643528825290e+17 9.02925092621838e+15 1.32571119078612e+21 3.82350041293876e+16 3.26229337839461e+10 6.71388651189385e+14 5.02529008696339e+17 3.10888931464214e+15 2.43206332357187e+21 2.45549335115533e+16 1.46216463752049e+11 2.73234437860010e+20 9.54507963003243e+14 1.73227753704669e+09 3.07036741646750e+12 
5.64677751813935e-01 3.24054585678384e+02 3.10990243161515e+02 6.91652108971321e+21 6.73319680093653e+20 9.25546195719522e+18 4.14376782662414e+17 9.06182703103198e+15 1.32911291574168e+21 3.84680221885988e+16 3.29536447645851e+10 6.65686105105044e+14 4.97275498580263e+17 3.11839899046270e+15 2.40754607205936e+21 2.42785898534194e+16 1.45025444967316e+11 2.97751891314367e+20 1.02854923621195e+15 1.90129336927802e+09 3.43823097939406e+12 
6.82459313427679e-01 3.24116805434839e+02 3.11014012660596e+02 6.93411480597279e+21 6.75448636969838e+20 9.38721503672026e+18 4.13884912926377e+17 9.12224875604453e+15 1.33547542886701e+21 3.89103170104478e+16 3.35906964473024e+10 6.55278949717528e+14 4.87659537313033e+17 3.13625942315674e+15 2.36150444971235e+21 2.37614287763947e+16 1.42793510335505e+11 3.43793892368012e+20 1.16627768796172e+15 2.22535915330794e+09 4.16734382984170e+12 
8.00240875041422e-01 3.24172412929258e+02 3.11058301507787e+02 6.95007017813333e+21 6.77386210385098e+20 9.50903538370488e+18 4.13447980496293e+17 9.17621858252097e+15 1.34122033701135e+21 3.93168558295266e+16 3.41872290255515e+10 6.46170341093606e+14 4.79209439460770e+17 3.15246061995155e+15 2.31975614755954e+21 2.32944980365286e+16 1.40774415665650e+11 3.85542537322902e+20 1.28969867092248e+15 2.52697002868690e+09 4.87080984437465e+12 
9.18022436655165e-01 3.24222147171774e+02 3.11098083185923e+02 6.96456335739255e+21 6.79153415095243e+20 9.62163500551456e+18 4.13061722591842e+17 9.22455519781509e+15 1.34640395124849e+21 3.96903589191376e+16 3.47449334654178e+10 6.38163117938104e+14 4.71751675243425e+17 3.16716079421976e+15 2.28184962867295e+21 2.28721884255613e+16 1.38945153631107e+11 4.23449366951094e+20 1.40058266703495e+15 2.80747279484067e+09 5.54354789783641e+12 
1.03580399826891e+00 3.24266750802595e+02 3.11133846164910e+02 6.97774006771103e+21 6.80766081409185e+20 9.72566430126507e+18 4.12718306492540e+17 9.26796620005128e+15 1.35109161614044e+21 4.00335949478132e+16 3.52658167114317e+10 6.31089081100714e+14 4.65139269903228e+17 3.18051677978862e+15 2.24739559605304e+21 2.24896953209820e+16 1.37285304717011e+11 4.57903681579963e+20 1.50041043614574e+15 3.06810715928018e+09 6.18244519501542e+12 
1.15358555988265e+00 3.24306865034534e+02 3.11166067750537e+02 6.98972696159284e+21 6.82237816224486e+20 9.82172136456693e+18 4.12410834663271e+17 9.30704521985819e+15 1.35534143305756e+21 4.03490864359386e+16 3.57518140620631e+10 6.24813427177747e+14 4.59253238153438e+17 3.19266736997513e+15 2.21605460425347e+21 2.21428693199643e+16 1.35777240876234e+11 4.89244929556650e+20 1.59043725505835e+15 3.31004055084687e+09 6.78584174250891e+12 
1.41073493983600e+00 3.24381119839889e+02 3.11195162011729e+02 7.01227953706745e+21 6.85019707242605e+20 1.00062135065589e+19 4.11845621566587e+17 9.37952421876055e+15 1.36329729138909e+21 4.09511772052880e+16 3.66991044705754e+10 6.13408563529123e+14 4.48506303136440e+17 3.21552532242794e+15 2.15709404645167e+21 2.14932411461529e+16 1.32944215918754e+11 5.48205968371331e+20 1.75781916353195e+15 3.77819446292235e+09 7.97704034605377e+12 
1.66788431978934e+00 3.24440593547205e+02 3.11249323643018e+02 7.03069375093921e+21 6.87304036957278e+20 1.01606293867254e+19 4.11395932521529e+17 9.43775410187781e+15 1.36975826894676e+21 4.14513511458386e+16 3.75064974198143e+10 6.04460262515648e+14 4.40023986535131e+17 3.23419046900677e+15 2.10895336125452e+21 2.09655548644645e+16 1.30633923055163e+11 5.96347045391819e+20 1.89260485785145e+15 4.17360794994118e+09 9.00238207282979e+12 
1.92503369974269e+00 3.24488523477159e+02 3.11292999214363e+02 7.04577410363111e+21 6.89184101682760e+20 1.02897032113545e+19 4.11035569041280e+17 9.48484804475503e+15 1.37502533411352e+21 4.18668455884840e+16 3.81918333803857e+10 5.97354230258138e+14 4.33252878281346e+17 3.24947555132401e+15 2.06952823046920e+21 2.05352197305463e+16 1.28743178437049e+11 6.35772496471328e+20 2.00175580997292e+15 4.50666607113527e+09 9.87640974435658e+12 
2.18218307969603e+00 3.24527301390650e+02 3.11328398356982e+02 7.05814570177847e+21 6.90732998418478e+20 1.03974410032324e+19 4.10745255693156e+17 9.52306249956380e+15 1.37933041639785e+21 4.22118632487238e+16 3.87715125623487e+10 5.91685459868662e+14 4.27827875263440e+17 3.26201556626868e+15 2.03718343924722e+21 2.01834155070324e+16 1.27192582066117e+11 6.68117549580142e+20 2.09046082879101e+15 4.78649416267125e+09 1.06168729034112e+13 
2.43933245964938e+00 3.24558808242887e+02 3.11357179610142e+02 7.06830421388509e+21 6.92009217793379e+20 1.04871315297346e+19 4.10509901358333e+17 9.55420455499990e+15 1.38285646597461e+21 4.24979192112511e+16 3.92594412617693e+10 5.87117753480674e+14 4.23442537528657e+17 3.27231364997816e+15 2.01062208937581e+21 1.98952949334384e+16 1.25919172309177e+11 6.94679113992074e+20 2.16278871381995e+15 5.02070110994318e+09 1.12390458303123e+13 
2.88960128858360e+00 3.24600423068581e+02 3.11380653950610e+02 7.08187630452503e+21 6.93720620637439e+20 1.06087211530613e+19 4.10199674003987e+17 9.59547088142967e+15 1.38755501092304e+21 4.28840524673644e+16 3.99287671413010e+10 5.81144089947235e+14 4.17686003434252e+17 3.28607440518267e+15 1.97513115314365e+21 1.95114139333924e+16 1.24217388131661e+11 7.30170336794398e+20 2.25870297200137e+15 5.34002870995234e+09 1.20903224392656e+13 
3.33987011751782e+00 3.24629652033268e+02 3.11411788513655e+02 7.09152185852929e+21 6.94941418684350e+20 1.06964474650224e+19 4.09982090915314e+17 9.62455870079178e+15 1.39088602766188e+21 4.31614421161703e+16 4.04176282233428e+10 5.76989296700439e+14 4.13665796864968e+17 3.29585717980800e+15 1.94990439050908e+21 1.92393648311436e+16 1.23007434327512e+11 7.55397303394715e+20 2.32634272170743e+15 5.57178927737445e+09 1.27099836807303e+13 
3.79013894645204e+00 3.24650369941098e+02 3.11433750192271e+02 7.09841713575871e+21 6.95816574260013e+20 1.07598239839234e+19 4.09828089265041e+17 9.64523163894792e+15 1.39326267982952e+21 4.33612181510220e+16 4.07739371809808e+10 5.74063919008681e+14 4.10827998054949e+17 3.30285109689680e+15 1.93186888004006e+21 1.90452661604192e+16 1.22142137604205e+11 7.73432959942415e+20 2.37443934587114e+15 5.73993199514002e+09 1.31601058708284e+13 
4.24040777538626e+00 3.24665111490326e+02 3.11449365163669e+02 7.10335289365835e+21 6.96444265510629e+20 1.08055293740932e+19 4.09718606302341e+17 9.65997043698446e+15 1.39496172026275e+21 4.35049814163829e+16 4.10324639647222e+10 5.71992110798579e+14 4.08814036669141e+17 3.30785790799433e+15 1.91895774812160e+21 1.89065202839100e+16 1.21522560874091e+11 7.86344196491882e+20 2.40873700050814e+15 5.86154795071857e+09 1.34859513253759e+13 
4.69067660432049e+00 3.24675602253858e+02 3.11460500221197e+02 7.10688046903065e+21 6.96893498531408e+20 1.08383711081478e+19 4.09640718728862e+17 9.67047420077249e+15 1.39617500403089e+21 4.36081246745821e+16 4.12190615656960e+10 5.70522635556162e+14 4.07383476469791e+17 3.31143667124009e+15 1.90972958067945e+21 1.88074563334805e+16 1.21079631778241e+11 7.95572438662313e+20 2.43318319884167e+15 5.94912285973145e+09 1.37206825492566e+13 
5.38091474413353e+00 3.24685994257948e+02 3.11468436931020e+02 7.11038797539384e+21 6.97340787283455e+20 1.08711906533558e+19 4.09563535170324e+17 9.68089731821825e+15 1.39738065336145e+21 4.37110478908085e+16 4.14064178050951e+10 5.69069051528765e+14 4.05966854620200e+17 3.31499548787905e+15 1.90055307815637e+21 1.87090326806819e+16 1.20638992374375e+11 8.04749015692806e+20 2.45743921597050e+15 6.03683208562482e+09 1.39554904044683e+13 
6.07115288394658e+00 3.24692197182897e+02 3.11476309814045e+02 7.11248741189252e+21 6.97608756713852e+20 1.08909063620003e+19 4.09517456511167e+17 9.68712541730712e+15 1.39810199074485e+21 4.37728148927856e+16 4.15193222759272e+10 5.68203113472214e+14 4.05122011139125e+17 3.31712592274242e+15 1.89506011192191e+21 1.86501578528540e+16 1.20375177126658e+11 8.10242026921773e+20 2.47193236642814e+15 6.08959995959073e+09 1.40967464493860e+13 
6.76139102375962e+00 3.24695973777627e+02 3.11481013955367e+02 7.11376782237980e+21 6.97772256434753e+20 1.09029492538415e+19 4.09489436948407e+17 9.69091737508410e+15 1.39854165990042e+21 4.38105265337682e+16 4.15883458928102e+10 5.67677454961585e+14 4.04608900699297e+17 3.31842514775952e+15 1.89171012863050e+21 1.86142669969103e+16 1.20214313733204e+11 8.13592038027003e+20 2.48076050178008e+15 6.12184659848763e+09 1.41832062342187e+13 
7.45162916357266e+00 3.24698276968819e+02 3.11483879793383e+02 7.11454932963612e+21 6.97872057822533e+20 1.09103021109945e+19 4.09472376918609e+17 9.69322885078344e+15 1.39880987525022e+21 4.38335497824270e+16 4.16304523997616e+10 5.67357771961364e+14 4.04296672228660e+17 3.31921805259137e+15 1.88966556095289e+21 1.85923678310159e+16 1.20116175487846e+11 8.15636622845535e+20 2.48614391641454e+15 6.14152938973000e+09 1.42361154631077e+13 
8.14186730338571e+00 3.24699661128071e+02 3.11485628060352e+02 7.11501922225162e+21 6.97932067845016e+20 1.09147246544649e+19 4.09462130554242e+17 9.69461775756411e+15 1.39897110887658e+21 4.38473966009534e+16 4.16557701818069e+10 5.67165910572266e+14 4.04109207480438e+17 3.31969479209541e+15 1.88843625975643e+21 1.85792030093384e+16 1.20057180134514e+11 8.16865934343117e+20 2.48937911477257e+15 6.15336714357079e+09 1.42679747034491e+13 
9.30063530232306e+00 3.24700768788980e+02 3.11486678910950e+02 7.11539586216904e+21 6.97980225785814e+20 1.09182844404148e+19 4.09453891612782e+17 9.69573292830721e+15 1.39910044001458e+21 4.38585277551786e+16 4.16762991972499e+10 5.67011293561737e+14 4.03958204552777e+17 3.32007706271587e+15 1.88745068608953e+21 1.85686497703721e+16 1.20009803967335e+11 8.17851516541894e+20 2.49197340673550e+15 6.16292496849668e+09 1.42934736576842e+13 
1.04594033012604e+01 3.24701246192260e+02 3.11487520355468e+02 7.11555822821431e+21 6.98000997674367e+20 1.09198212638572e+19 4.09450332467298e+17 9.69621405229923e+15 1.39915622420607e+21 4.38633313872533e+16 4.16851881481748e+10 5.66944504283737e+14 4.03892962462310e+17 3.32024188775115e+15 1.88702576249038e+21 1.85641000113990e+16 1.19989366003236e+11 8.18276444291897e+20 2.49309196837504e+15 6.16705584428383e+09 1.43044618104224e+13 
1.16181713001978e+01 3.24701498030761e+02 3.11487883062297e+02 7.11564369160915e+21 6.98011902945804e+20 1.09206233225020e+19 4.09448477758048e+17 9.69646597847004e+15 1.39918551830750e+21 4.38658448832640e+16 4.16897441995934e+10 5.66909891887528e+14 4.03859135162343e+17 3.32032856356630e+15 1.88680224074146e+21 1.85617065634407e+16 1.19978656716386e+11 8.18499968619871e+20 2.49367970588874e+15 6.16919643741070e+09 1.43102750274552e+13 
1.27769392991351e+01 3.24701629481573e+02 3.11488074228028e+02 7.11568812053854e+21 6.98017549178118e+20 1.09210345853949e+19 4.09447528101883e+17 9.69659595313315e+15 1.39920069416616e+21 4.38671391630416e+16 4.16920207253523e+10 5.66892311180911e+14 4.03841908250916e+17 3.32037355817434e+15 1.88668615180463e+21 1.85604634239344e+16 1.19973128265418e+11 8.18616059042686e+20 2.49398435887769e+15 6.17028234518618e+09 1.43133234206159e+13 
1.39357072980725e+01 3.24701677197928e+02 3.11488173854256e+02 7.11570598889554e+21 6.98019874325264e+20 1.09212172524993e+19 4.09447199286914e+17 9.69664382135398e+15 1.39920664246984e+21 4.38676991604600e+16 4.16930912280501e+10 5.66886942659680e+14 4.03836335551759e+17 3.32039168001761e+15 1.88663947304456e+21 1.85599763091141e+16 1.19970919851106e+11 8.18662738299135e+20 2.49409804242350e+15 6.17077901631044e+09 1.43147969781208e+13 
1.76470415811597e+01 3.24701732766380e+02 3.11488211229121e+02 7.11572260696070e+21 6.98021890606616e+20 1.09213428704124e+19 4.09446810559809e+17 9.69669548349056e+15 1.39921240061187e+21 4.38681195177957e+16 4.16936349758046e+10 5.66879252831622e+14 4.03829116923642e+17 3.32040836863818e+15 1.88659621487141e+21 1.85594986677017e+16 1.19968895823999e+11 8.18705996425223e+20 2.49422041146539e+15 6.17107739210112e+09 1.43157056935142e+13 
2.13583758642469e+01 3.24701706529549e+02 3.11488251791534e+02 7.11571373574115e+21 6.98020763724924e+20 1.09212614399576e+19 4.09446998329806e+17 9.69666968489975e+15 1.39920937730021e+21 4.38678632076519e+16 4.16931719220121e+10 5.66882692492794e+14 4.03832435011601e+17 3.32039940299891e+15 1.88661937499042e+21 1.85597473007165e+16 1.19970001012973e+11 8.18682835095480e+20 2.49415932455360e+15 6.17086080078875e+09 1.43151037239475e+13 
2.50697101473340e+01 3.24701700874116e+02 3.11488231909264e+02 7.11570961434754e+21 6.98020177649790e+20 1.09212034936308e+19 4.09447006075632e+17 9.69666403208879e+15 1.39920821228107e+21 4.38676975008884e+16 4.16928168162013e+10 5.66881849768931e+14 4.03832077827362e+17 3.32039524346232e+15 1.88663005548747e+21 1.85598444756681e+16 1.19970468403386e+11 8.18672154602622e+20 2.49414353438589e+15 6.17069690637298e+09 1.43144726900801e+13 
2.87810444304212e+01 3.24701697694600e+02 3.11488226106460e+02 7.11571103649576e+21 6.98020432487720e+20 1.09212400103039e+19 4.09447058878256e+17 9.69666137370589e+15 1.39920845186001e+21 4.38677922613617e+16 4.16930961864200e+10 5.66883937829078e+14 4.03833651591364e+17 3.32039669172846e+15 1.88662637298447e+21 1.85598235207273e+16 1.19970323764389e+11 8.18675836819603e+20 2.49414013311590e+15 6.17081202664376e+09 1.43149425243076e+13 
4.71232467148178e+01 3.24701700851620e+02 3.11488225427352e+02 7.11571220202513e+21 6.98020601892414e+20 1.09212556377376e+19 4.09447017837250e+17 9.69666602012160e+15 1.39920890422351e+21 4.38678365989614e+16 4.16932316401922e+10 5.66882952486166e+14 4.03832756761809e+17 3.32039792531381e+15 1.88662322049335e+21 1.85597892550924e+16 1.19970140662642e+11 8.18678989551051e+20 2.49414947283727e+15 6.17086324359399e+09 1.43149818489136e+13 
6.54654489992144e+01 3.24701700786359e+02 3.11488227917945e+02 7.11571228313090e+21 6.98020615938749e+20 1.09212575253752e+19 4.09447019558775e+17 9.69666600914126e+15 1.39920892161064e+21 4.38678416204436e+16 4.16932441357527e+10 5.66883010812214e+14 4.03832768749301e+17 3.32039800949276e+15 1.88662301629835e+21 1.85597880284605e+16 1.19970132674310e+11 8.18679193822785e+20 2.49414934109059e+15 6.17086885285022e+09 1.43150059918911e+13 
8.38076512836110e+01 3.24701700887980e+02 3.11488227938513e+02 7.11571220250635e+21 6.98020602327314e+20 1.09212557568450e+19 4.09447017919186e+17 9.69666607087904e+15 1.39920890377934e+21 4.38678370878137e+16 4.16932254747137e+10 5.66882923110674e+14 4.03832690286302e+17 3.32039792804845e+15 1.88662322927605e+21 1.85597896933961e+16 1.19970143396817e+11 8.18678980961217e+20 2.49414923804571e+15 6.17086245528024e+09 1.43149868961219e+13 
1.83807651283611e+02 3.24701700924551e+02 3.11488227934859e+02 7.11571219813422e+21 6.98020600613438e+20 1.09212554117406e+19 4.09447018247041e+17 9.69666604634217e+15 1.39920890127825e+21 4.38678363066066e+16 4.16932201322692e+10 5.66882930462675e+14 4.03832695221764e+17 3.32039792124044e+15 1.88662324408263e+21 1.85597897862429e+16 1.19970145421808e+11 8.18678966074420e+20 2.49414921809570e+15 6.17086092490626e+09 1.43149864909480e+13 
2.83807651283611e+02 3.24701700924821e+02 3.11488227949967e+02 7.11571219829012e+21 6.98020600651966e+20 1.09212554172239e+19 4.09447018167199e+17 9.69666604911662e+15 1.39920890160050e+21 4.38678363179505e+16 4.16932204899164e+10 5.66882929987384e+14 4.03832696795291e+17 3.32039792160880e+15 1.88662324148213e+21 1.85597897477779e+16 1.19970145191206e+11 8.18678968588637e+20 2.49414923583647e+15 6.17086098612205e+09 1.43149861973435e+13 
3.83807651283611e+02 3.24701700920734e+02 3.11488227950754e+02 7.11571219869558e+21 6.98020600783272e+20 1.09212554429569e+19 4.09447018169666e+17 9.69666604852700e+15 1.39920890174052e+21 4.38678363745529e+16 4.16932211297227e+10 5.66882930632203e+14 4.03832697368471e+17 3.32039792212130e+15 1.88662323983901e+21 1.85597897340238e+16 1.19970144998387e+11 8.18678970210693e+20 2.49414923735045e+15 6.17086113095606e+09 1.43149863289648e+13 
4.83807651283611e+02 3.24701700920282e+02 3.11488227949049e+02 7.11571219864917e+21 6.98020600786318e+20 1.09212554447964e+19 4.09447018166401e+17 9.69666604865027e+15 1.39920890173825e+21 4.38678363771885e+16 4.16932212163266e+10 5.66882930535282e+14 4.03832697421489e+17 3.32039792209802e+15 1.88662324003895e+21 1.85597897361527e+16 1.19970144986554e+11 8.18678970014219e+20 2.49414923715577e+15 6.17086114606700e+09 1.43149863060822e+13 
5.83807651283611e+02 3.24701700920681e+02 3.11488227948763e+02 7.11571219870475e+21 6.98020600786882e+20 1.09212554435982e+19 4.09447018167134e+17 9.69666604868418e+15 1.39920890174867e+21 4.38678363748683e+16 4.16932211691211e+10 5.66882930565419e+14 4.03832697443301e+17 3.32039792213894e+15 1.88662323997920e+21 1.85597897350972e+16 1.19970144992414e+11 8.18678970076090e+20 2.49414923750044e+15 6.17086113703482e+09 1.43149863032845e+13 
6.83807651283611e+02 3.24701700920715e+02 3.11488227948989e+02 7.11571219870158e+21 6.98020600785921e+20 1.09212554434201e+19 4.09447018167337e+17 9.69666604868503e+15 1.39920890174674e+21 4.38678363745691e+16 4.16932211520675e+10 5.66882930559493e+14 4.03832697435801e+17 3.32039792213497e+15 1.88662323999209e+21 1.85597897353165e+16 1.19970144995770e+11 8.18678970063060e+20 2.49414923741505e+15 6.17086113475785e+09 1.43149863042263e+13 
7.83807651283611e+02 3.24701700920703e+02 3.11488227949003e+02 7.11571219870058e+21 6.98020600785949e+20 1.09212554434521e+19 4.09447018167207e+17 9.69666604868269e+15 1.39920890174700e+21 4.38678363746434e+16 4.16932211532247e+10 5.66882930560783e+14 4.03832697439756e+17 3.32039792213432e+15 1.88662323998835e+21 1.85597897352489e+16 1.19970144995152e+11 8.18678970066613e+20 2.49414923744882e+15 6.17086113505532e+09 1.43149863036343e+13 
8.83807651283611e+02 3.24701700920696e+02 3.11488227948998e+02 7.11571219869911e+21 6.98020600785853e+20 1.09212554434626e+19 4.09447018167206e+17 9.69666604868114e+15 1.39920890174668e+21 4.38678363746612e+16 4.16932211551102e+10 5.66882930560495e+14 4.03832697438897e+17 3.32039792213309e+15 1.88662323998896e+21 1.85597897352630e+16 1.19970144994996e+11 8.18678970065989e+20 2.49414923744180e+15 6.17086113526941e+09 1.43149863038328e+13 
9.83807651283611e+02 3.24701700920701e+02 3.11488227948994e+02 7.11571219870072e+21 6.98020600786009e+20 1.09212554434645e+19 4.09447018167225e+17 9.69666604868309e+15 1.39920890174700e+21 4.38678363746631e+16 4.16932211553627e+10 5.66882930560569e+14 4.03832697439314e+17 3.32039792213446e+15 1.88662323998884e+21 1.85597897352566e+16 1.19970144994943e+11 8.18678970066111e+20 2.49414923744354e+15 6.17086113527630e+09 1.43149863037682e+13 
1.00000000000000e+03 3.24701700920701e+02 3.11488227948996e+02 7.11571219870072e+21 6.98020600786007e+20 1.09212554434642e+19 4.09447018167227e+17 9.69666604868309e+15 1.39920890174699e+21 4.38678363746617e+16 4.16932211551908e+10 5.66882930560570e+14 4.03832697439226e+17 3.32039792213446e+15 1.88662323998888e+21 1.85597897352579e+16 1.19970144994967e+11 8.18678970066073e+20 2.49414923744295e+15 6.17086113526035e+09 1.43149863037767e+13 
