Time(s)              GasTemp(K)           NearWallTemp(K)      [O2(X)](m^-3)        [O2(a1Dg)](m^-3)     [O2(b1Sg+)](m^-3)    [O2(A3Su+_C3Du_c1Su-)](m^-3) [O2(+,X)](m^-3)      [O(3P)](m^-3)        [O(1D)](m^-3)        [O(+,gnd)](m^-3)     [O(-,gnd)](m^-3)     [O3(X)](m^-3)        [O3(exc)](m^-3)      [CO2(X)](m^-3)       [CO2(e1)](m^-3)      [CO2(+,X)](m^-3)     [CO(X)](m^-3)        [CO(a3P)](m^-3)      [CO(+,X)](m^-3)      [C(X)](m^-3)        
0.00000000000000e+00 3.30962151992000e+02 3.01915468396400e+02 9.92334999994926e+19 9.92334999994926e-06 9.92334999994926e-06 9.92334999994926e-06 0.00000000000000e+00 0.00000000000000e+00 0.00000000000000e+00 0.00000000000000e+00 0.00000000000000e+00 0.00000000000000e+00 0.00000000000000e+00 3.30778333331642e+19 3.30778333331642e-06 0.00000000000000e+00 0.00000000000000e+00 0.00000000000000e+00 0.00000000000000e+00 0.00000000000000e+00 
2.99580450017587e-14 3.30962151766888e+02 3.04436609084495e+02 9.92334999994785e+19 4.83320203875532e+06 1.13002179301084e+06 2.07447546360419e+06 6.23792898881400e+03 9.07983695438132e+06 3.10542498922762e+06 2.55952922586942e+00 2.53904818313425e+05 6.36978262108313e-07 7.18530281913095e-13 3.30778333331627e+19 1.14143045707812e+06 9.29773554168213e+02 2.13154376571415e+05 1.06891765194804e+05 2.87387080603002e-12 4.13791335759617e-11 
5.99160900035175e-14 3.30962151541777e+02 3.04436608963422e+02 9.92334999994644e+19 9.66640407750761e+06 2.26004358618630e+06 4.14895092490556e+06 1.24758579777634e+04 1.81596739144243e+07 6.21084997281043e+06 5.11905844952218e+00 5.07809636624846e+05 2.01037865003306e-06 2.26776646173639e-12 3.30778333331613e+19 2.28286091396844e+06 1.85954710399068e+03 4.26308753159279e+05 2.13783530369946e+05 9.07027576826415e-12 1.30597434240387e-10 
8.98741350052762e-14 3.30962151316665e+02 3.04436608842350e+02 9.92334999994503e+19 1.44996061162670e+07 3.39006537953997e+06 6.22342638386567e+06 1.87137869668511e+04 2.72395108802484e+07 9.31627495062942e+06 7.67858767091155e+00 7.61714454934220e+05 4.13572615515819e-06 4.66522119075450e-12 3.30778333331598e+19 3.42429137067036e+06 2.78932064937578e+03 6.39463129763938e+05 3.20675295525012e+05 1.86592593508443e-11 2.68663430432573e-10 
2.45742768276885e-13 3.30962150145432e+02 3.04436608721277e+02 9.92334999993769e+19 3.96462602476016e+07 9.26945278843347e+06 1.70167092385193e+07 5.11690912425599e+04 7.44809707533494e+07 2.54734822839015e+07 2.09955554670942e+01 2.08275516395586e+06 2.66347240167534e-05 3.00447551659549e-11 3.30778333331522e+19 9.36303687840962e+06 7.62683690720022e+03 1.74848347347912e+06 8.76822178026208e+05 1.20168549749143e-10 1.73023455970284e-09 
4.01611401548494e-13 3.30962148974199e+02 3.04436608091349e+02 9.92334999993035e+19 6.47929143791243e+07 1.51488402020803e+07 2.78099920307283e+07 8.36243955219561e+04 1.21722430780640e+08 4.16306894634439e+07 3.43125232029086e+01 3.40379587292293e+06 6.91892975355334e-05 7.80475710753874e-11 3.30778333331446e+19 1.53017823811242e+07 1.24643530466734e+04 2.85750381764225e+06 1.43296905999194e+06 3.12163077846954e-10 4.49464817747822e-09 
5.57480034820103e-13 3.30962147802966e+02 3.04436607461421e+02 9.92334999992302e+19 8.99395685108375e+07 2.10282276205436e+07 3.86032747596651e+07 1.16079699805089e+05 1.68963890964164e+08 5.77878964872191e+07 4.76294908775549e+01 4.72483658183470e+06 1.32065242990593e-04 1.48973495347212e-10 3.30778333331370e+19 2.12405278787475e+07 1.73018690662269e+04 3.96652416225927e+06 1.98911594141510e+06 5.95842039387646e-10 8.57917083810389e-09 
7.13348668091712e-13 3.30962146631733e+02 3.04436606831493e+02 9.92334999991568e+19 1.15086222642742e+08 2.69076150438453e+07 4.93965574250383e+07 1.48535004091975e+05 2.16205351304640e+08 7.39451033545097e+07 6.09464584907512e+01 6.04587729069092e+06 2.15356154788510e-04 2.42928105630669e-10 3.30778333331294e+19 2.71792733712561e+07 2.21393849653083e+04 5.07554450733227e+06 2.54526282229320e+06 9.71627702405640e-10 1.39898825850076e-08 
1.23319853013621e-12 3.30962142725461e+02 3.04436606201566e+02 9.92334999989121e+19 1.98954826653581e+08 4.65164271711798e+07 8.53940914710683e+07 2.56779267907283e+05 3.73764099991570e+08 1.27832286479016e+08 1.05360934719547e+02 1.04517851104812e+07 6.40884217275114e-04 7.22936348592886e-10 3.30778333331040e+19 4.69860552389650e+07 3.82733676923085e+04 8.77432637129105e+06 4.40011246469906e+06 2.89149304611039e-09 4.16328707190220e-08 
1.75304839218071e-12 3.30962138819190e+02 3.04436604100643e+02 9.92334999986673e+19 2.82823430666550e+08 6.61252393523822e+07 1.21391624809441e+08 3.65023531764380e+05 5.31322850425863e+08 1.81719467861371e+08 1.49775410264217e+02 1.48576929296530e+07 1.29369334144651e-03 1.45932437270823e-09 3.30778333330786e+19 6.67928370497314e+07 5.44073490780864e+04 1.24731082403262e+07 6.25496210103670e+06 5.83678769109568e-09 8.40404025966723e-08 
2.27289825422520e-12 3.30962134912918e+02 3.04436601999721e+02 9.92334999984226e+19 3.66692034681650e+08 8.57340515874541e+07 1.57389157440133e+08 4.73267795663265e+05 6.88881602607574e+08 2.35606647501518e+08 1.94189885124739e+02 1.92636007482063e+07 2.17379071886958e-03 2.45210030450550e-09 3.30778333330533e+19 8.65996188035536e+07 7.05413291225998e+04 1.61718901144380e+07 8.10981173130591e+06 9.80754393231538e-09 1.41212945396226e-07 
2.79274811626970e-12 3.30962131006648e+02 3.04436599898800e+02 9.92334999981779e+19 4.50560638698881e+08 1.05342863876395e+08 1.93386689363149e+08 5.81512059603938e+05 8.46440356536696e+08 2.89493825399466e+08 2.38604359301117e+02 2.36695085661411e+07 3.28117546712848e-03 3.70126316329073e-09 3.30778333330279e+19 1.06406400500432e+08 8.66753078258539e+04 1.98706719936263e+07 9.96466135550673e+06 1.48037576321505e-08 2.13150441797115e-07 
7.99124673671467e-12 3.30962091943956e+02 3.04436597797878e+02 9.92334999957305e+19 1.28924667898839e+09 3.01430989728595e+08 5.53361969671401e+08 1.66395470130903e+06 2.42202799193467e+09 8.28365508558782e+08 6.82749063437260e+02 6.77285867114719e+07 2.68557202577577e-02 3.02940561150713e-08 3.30778333327741e+19 3.04474214337319e+08 2.48015021089866e+05 5.68584910647170e+07 2.85131572637558e+07 1.21165510727871e-07 1.74459083324698e-06 
1.31897453571596e-11 3.30962052881294e+02 3.04436576788672e+02 9.92334999932832e+19 2.12793271949097e+09 4.97519120967688e+08 9.13337179212459e+08 2.74639734719294e+06 3.99761580207242e+09 1.36723701749939e+09 1.12689369915942e+03 1.11787664794953e+08 7.31588408948328e-02 8.25253766399645e-08 3.30778333325204e+19 5.02542022479844e+08 4.09354600229184e+05 9.38463106434587e+07 4.70616525651694e+07 3.30072103933833e-07 4.75251611355412e-06 
1.83882439776046e-11 3.30962013818663e+02 3.04436555779484e+02 9.92334999908359e+19 2.96661876020665e+09 6.93607257593669e+08 1.27331231798639e+09 3.82883999725567e+06 5.57320378694976e+09 1.90610835222148e+09 1.57103826646767e+03 1.55846742816585e+08 1.42190521624886e-01 1.60395220971608e-07 3.30778333322666e+19 7.00609824928012e+08 5.70694045244125e+05 1.30834130729851e+08 6.56101472597478e+07 6.41523317151391e-07 9.23692526181178e-06 
2.35867425980496e-11 3.30961974756062e+02 3.04436534770315e+02 9.92334999883886e+19 3.80530480113540e+09 8.89695399606534e+08 1.63328738599323e+09 4.91128265149721e+06 7.14879194656662e+09 2.44497951272514e+09 2.01518276536201e+03 1.99905820776368e+08 2.33950759898448e-01 2.63903600901576e-07 3.30778333320128e+19 8.98677621681824e+08 7.32033356134939e+05 1.67821951323894e+08 8.41586413474911e+07 1.05551898279509e-06 1.51978181149828e-05 
7.55717288024993e-11 3.30961584131735e+02 3.04436513761164e+02 9.92334999639153e+19 1.21921652221425e+10 2.85057711601304e+09 5.23303417387839e+09 1.57357094237461e+07 2.29046831533840e+10 7.83368153577212e+09 6.45662399154527e+03 6.40496596972477e+08 2.40162386732189e+00 2.70911223254656e-06 3.30778333294752e+19 2.87935527603051e+09 2.34541908830066e+06 5.37700185185108e+08 2.69643548849004e+08 1.08353643191841e-05 1.56013355235007e-04 
1.27556715006949e-10 3.30961193510457e+02 3.04436303670677e+02 9.92334999394421e+19 2.05790256644577e+10 4.81145937110544e+09 8.83277388507663e+09 2.65601366138721e+07 3.86605918340753e+10 1.32223661370528e+10 1.08980583763523e+04 1.08108736698365e+09 6.84215283368066e+00 7.71819129808657e-06 3.30778333269375e+19 4.86003236094409e+09 3.95879140832119e+06 9.07578469811371e+08 4.55128395667033e+08 3.08694770650210e-05 4.44477272588396e-04 
1.79541701211399e-10 3.30960802892229e+02 3.04436093582043e+02 9.92334999149689e+19 2.89658861280810e+10 6.77234216488160e+09 1.24325065196072e+10 3.73845642218717e+07 5.44165179885757e+10 1.86110333166320e+10 1.53394859197949e+04 1.52167813080987e+09 1.35555376877328e+01 1.52911548340598e-05 3.30778333243999e+19 6.84070887642301e+09 5.57215031642050e+06 1.27745680520267e+09 6.40613181801598e+08 6.11577083324593e-05 8.80589574507185e-04 
2.31526687415848e-10 3.30960412277051e+02 3.04435883495263e+02 9.92334998904957e+19 3.73527466130123e+10 8.73322549733925e+09 1.60322320774902e+10 4.82089922477412e+07 7.01724616168174e+10 2.39996830745775e+10 1.97809066218852e+04 1.96226888845116e+09 2.25417784517211e+01 2.54280175329135e-05 3.30778333218622e+19 8.82138482246777e+09 7.18549581283317e+06 1.64733519135898e+09 8.26097907252719e+08 1.01699902149889e-04 1.46435026501686e-03 
7.51376549460345e-10 3.30956506293010e+02 3.04435673410336e+02 9.92334996457640e+19 1.21221352634238e+11 2.83420884485807e+10 5.20290984480050e+10 1.56453295487935e+08 2.27732858930427e+11 7.78852224887482e+10 6.41947373728492e+04 6.36817612469179e+09 2.37411268550948e+02 2.67816413707844e-04 3.30778332964857e+19 2.86281129642083e+10 2.33182132190697e+07 5.34612184499203e+09 2.68094182418164e+09 1.07103335248476e-03 1.54226199578431e-02 
1.27122641150484e-09 3.30952600613934e+02 3.04433572662991e+02 9.92334994010329e+19 2.05089960786174e+11 4.79510052653917e+10 8.80252571768094e+10 2.64697640510868e+08 3.85295003540573e+11 1.31769019817116e+11 1.08607884002591e+05 1.07740827424370e+10 6.79566373083507e+02 7.66611508139610e-04 3.30778332711093e+19 4.84347841630762e+10 3.94495897246108e+07 9.04491357510776e+09 4.53577967278874e+09 3.06558491197873e-03 4.41457329803792e-02 
1.79107627354934e-09 3.30948695239800e+02 3.04431472100954e+02 9.92334991563025e+19 2.88958571068746e+11 6.75599759456160e+10 1.24020708283159e+11 3.72942027312991e+08 5.42858895382413e+11 1.85651075124499e+11 1.53020346522816e+05 1.51799887416859e+10 1.34900711166418e+03 1.52182732620944e-03 3.30778332457329e+19 6.82413984195267e+10 5.55796255533555e+07 1.27437103816903e+10 6.39061145309295e+09 6.08520572654902e-03 8.76336930705458e-02 
2.31092613559384e-09 3.30944790170583e+02 3.04429371724209e+02 9.92334989115728e+19 3.72827183481875e+11 8.71690004869957e+10 1.60015451787221e+11 4.81186455890586e+08 7.00424534388040e+11 2.39531388478780e+11 1.97432124945782e+05 1.95858941224374e+10 2.24573350484028e+03 2.53347855717832e-03 3.30778332203566e+19 8.80479557340367e+10 7.17083209397563e+07 1.64425122647230e+10 8.24543716511408e+09 1.01297399298899e-02 1.45886504143458e-01 
6.39083573369662e-09 3.30914152810968e+02 3.04427271532736e+02 9.92334969908959e+19 1.03104875897687e+12 2.41067318710496e+11 4.42486486560429e+11 1.33071680910951e+09 1.93709908637010e+12 6.62336866311474e+11 5.45962935549743e+05 5.41645019085700e+10 1.71751880235104e+04 1.93786856158701e-02 3.30778330211991e+19 2.43492712802807e+11 1.98243774240415e+08 4.54717955923533e+10 2.28023549337383e+10 7.74411767122092e-02 1.11572867311624e+00 
1.04707453317994e-08 3.30883534218592e+02 3.04410795144291e+02 9.92334950702589e+19 1.68927046566019e+12 3.94968953278410e+11 7.24913947590819e+11 2.18024973346139e+09 3.17388121781856e+12 1.08503508561708e+12 8.94451615892337e+05 8.87430715978394e+10 4.61043057367767e+04 5.20270336279672e-02 3.30778328220453e+19 3.98933962794647e+11 3.24696790742049e+08 7.45013915946821e+10 3.73588989374898e+10 2.07797240527739e-01 2.99501345987592e+00 
1.45506549299022e-08 3.30852934380996e+02 3.04394330157661e+02 9.92334931496619e+19 2.34749230349347e+12 5.48873903097174e+11 1.00729784463834e+12 3.02978522714938e+09 4.41077089586688e+12 1.50762607925079e+12 1.24289817190980e+06 1.23321603189765e+11 8.90330965971652e+04 1.00485634653695e-01 3.30778326228951e+19 5.54371705940234e+11 4.51067483659606e+08 1.03531300263652e+11 5.19150691859695e+10 4.01122700118678e-01 5.78374276025186e+00 
1.86305645280050e-08 3.30822353285736e+02 3.04377876563931e+02 9.92334912291048e+19 3.00571427243836e+12 7.02782167073815e+11 1.28963818745359e+12 3.87932328837991e+09 5.64776808767903e+12 1.93010988003731e+12 1.59130260953502e+06 1.57900096683867e+11 1.45961570552745e+05 1.64761595829226e-01 3.30778324237485e+19 7.09805942469984e+11 5.77355965938939e+08 1.32561521591210e+11 6.64708656887742e+10 6.57342524513453e-01 9.48191846891051e+00 
2.27104741261078e-08 3.30791790920384e+02 3.04361434354194e+02 9.92334893085876e+19 3.66393637245653e+12 8.56693744115921e+11 1.57193498577817e+12 4.72886391536261e+09 6.88487276044843e+12 2.35248652077191e+12 1.93966493469769e+06 1.92478552079664e+11 2.16889737547387e+05 2.44862019579905e-01 3.30778322246056e+19 8.65236672614056e+11 7.03562350261925e+08 1.61592055569306e+11 8.10262884554964e+10 9.76381879275238e-01 1.40895424794101e+01 
6.35095701071356e-08 3.30487194689069e+02 3.04345003519556e+02 9.92334701056085e+19 1.02461645732474e+13 2.39599149298304e+12 4.39251015870980e+12 1.32244109107360e+10 1.92618237439941e+13 6.57036631956683e+12 5.42097330429657e+06 5.38261010525152e+11 1.69615671181393e+06 1.91777177707673e+00 3.30778302333774e+19 2.41935117327359e+12 1.96113532765806e+09 4.51914589359289e+11 2.26559962748068e+11 7.60558937287009e+00 1.10185855297327e+02 
1.04308666088164e-07 3.30184457850384e+02 3.04181318855125e+02 9.92334509066104e+19 1.68284058392690e+13 3.93561934780844e+12 7.20874155756217e+12 2.17202125314490e+10 3.16494868659614e+13 1.07775660580085e+13 8.89807694351011e+06 8.84039658611373e+11 4.57540392581687e+06 5.18092517187728e+00 3.30778282425137e+19 3.97311528725309e+12 3.21062075505553e+09 7.42268379350367e+11 3.72056273981730e+11 2.04357204612334e+01 2.97229078320332e+02 
1.45107762069191e-07 3.29883568119217e+02 3.04018761977582e+02 9.92334317115848e+19 2.34106601323064e+13 5.47557621819855e+12 1.00206388447169e+13 3.02162670249784e+10 4.40478295721901e+13 1.49741182789131e+13 1.23709817690663e+07 1.22981449585702e+12 8.85464131929905e+06 1.00413949297962e+01 3.30778262520142e+19 5.52652924220469e+12 4.45212800655616e+09 1.03265341749659e+12 5.17515231744706e+11 3.93944453237496e+01 5.75221099541427e+02 
1.85906858050219e-07 3.29584513302945e+02 3.03857324117291e+02 9.92334125205234e+19 2.99929274142131e+13 7.01586101503935e+12 1.28282116318099e+13 3.87125726627546e+10 5.64568194702607e+13 1.91600553633422e+13 1.58396936894500e+07 1.57558552178012e+12 1.45338788295990e+07 1.65062344982273e+01 3.30778242618787e+19 7.07959326417286e+12 5.68576436500900e+09 1.32306969575442e+12 6.62936845622629e+11 6.44110168665749e+01 9.44163803388792e+02 
2.26705954031247e-07 3.29287281300355e+02 3.03696996582897e+02 9.92333933334175e+19 3.65752076469104e+13 8.55647265049658e+12 1.56314694803479e+13 4.72091277397020e+10 6.88764243276475e+13 2.33354095324482e+13 1.93042186049599e+07 1.92135273589802e+12 2.16131263916734e+07 2.45824779757801e+01 3.30778222721067e+19 8.63230757761577e+12 6.91163507554513e+09 1.61351720608272e+12 8.08321125198569e+11 9.54162219193572e+01 1.40405907074224e+03 
4.31692187668500e-07 3.27821066813678e+02 3.03537770760395e+02 9.92332969915226e+19 6.96466456965080e+13 1.63018504747875e+13 2.96508660996472e+13 8.99019471308764e+10 1.31435556449139e+14 4.41545443900537e+13 3.66478177274538e+07 3.65852761547482e+12 7.83691760706909e+07 8.97944799183170e+01 3.30778122804186e+19 1.64283002323633e+13 1.29568344525397e+10 3.07328027995254e+12 1.53820832136803e+12 3.39468830309518e+02 5.09123271788450e+03 
6.36678421305754e-07 3.26399076505882e+02 3.02754148170104e+02 9.92332007482267e+19 1.02718404915850e+14 2.40553141278029e+13 4.35627653609587e+13 1.32600816409623e+11 1.94257832953140e+14 6.47113420279437e+13 5.38866151737376e+07 5.39560619825828e+12 1.70467786600671e+08 1.96742289154400e+02 3.30778022978599e+19 2.42154983103036e+13 1.88209409654859e+10 4.53383053681468e+12 2.26715452768916e+12 7.24962965260550e+02 1.10746447732125e+04 
8.41664654943007e-07 3.25019873071911e+02 3.01997069601894e+02 9.92331046025128e+19 1.35790480550028e+14 3.18167270851347e+13 5.73683266509181e+13 1.75305543079859e+11 2.57339336373082e+14 8.50097184552111e+13 7.10213502782608e+07 7.13258842231313e+12 2.97910215354442e+08 3.46295690584060e+02 3.30777923243924e+19 3.19939286022505e+13 2.45152902403113e+10 5.99516695945201e+12 2.99516095672395e+12 1.24460758171307e+03 1.93545298455075e+04 
1.04665088858026e-06 3.23682070423027e+02 3.01265525270052e+02 9.92330085533908e+19 1.68862867884892e+14 3.95859536383920e+13 7.10686814603008e+13 2.18015946351882e+11 3.20676238933474e+14 1.05053499982350e+14 8.80527574581323e+07 8.86947422531596e+12 4.60697718207440e+08 5.39311554641009e+02 3.30777823599796e+19 3.97636170277335e+13 3.00502581774271e+10 7.45728853209522e+12 3.72222881945133e+12 1.89180193374718e+03 2.99311203620210e+04 
1.25163712221751e-06 3.22384331681438e+02 3.00558548456339e+02 9.92329125998965e+19 2.01935562246640e+14 4.73628589062811e+13 8.46649345557518e+13 2.60731856101690e+11 3.84264799097542e+14 1.24846426674184e+14 1.04981566256824e+08 1.06062635445635e+13 6.58831549527272e+08 7.76633448521156e+02 3.30777724045866e+19 4.75245886765171e+13 3.54353651045596e+10 8.92019424041180e+12 4.44835932526766e+12 2.66055013110352e+03 4.28046465685876e+04 
1.45662335585477e-06 3.21125367371786e+02 2.99875213505871e+02 9.92328167410906e+19 2.35008559001471e+14 5.51473088450598e+13 9.81581650257424e+13 3.03453111995227e+11 4.48101358492306e+14 1.44392155425310e+14 1.21808501380638e+08 1.23429563169802e+13 8.92312962164215e+08 1.05909130787834e+03 3.30777624581802e+19 5.52768678456610e+13 4.06793600469246e+10 1.03838830714966e+13 5.17355368198726e+12 3.54539432667220e+03 5.79753365299707e+04 
2.04070745568582e-06 3.17739879941066e+02 2.99214633979186e+02 9.92325441139823e+19 3.29247780944810e+14 7.73683801567961e+13 1.36049799211534e+14 4.25210299209218e+11 6.31324747932456e+14 1.98761144477153e+14 1.69202537935719e+08 1.72909275292002e+13 1.75145430446756e+09 2.11862928972050e+03 3.30777341660752e+19 7.73186080890730e+13 5.49170167885704e+10 1.45587776159873e+13 7.23478615971692e+12 6.66048951669069e+03 1.13802482043876e+05 
2.62479155551687e-06 3.14632401390705e+02 2.97449796380253e+02 9.92322722281023e+19 4.23489316347650e+14 9.96465863309084e+13 1.73136832852229e+14 5.47006534164115e+11 8.16453467082353e+14 2.51231262841424e+14 2.15791730720281e+08 2.22381128799376e+13 2.89762092112280e+09 3.56941903059841e+03 3.30777059460007e+19 9.92904761792740e+13 6.82327346809980e+10 1.87399987740199e+13 9.28845568422671e+12 1.05814613435468e+04 1.88287202692911e+05 
3.20887565534792e-06 3.11778641349451e+02 2.95844860098182e+02 9.92320010645808e+19 5.17733063206600e+14 1.21978942705149e+14 2.09441245453566e+14 6.68839109137126e+11 1.00341268281490e+15 3.01877308804593e+14 2.61592215707196e+08 2.71845108638472e+13 4.33084158968800e+09 5.42873555061948e+03 3.30776777973519e+19 1.21192944056563e+14 8.07546541055227e+10 2.29275232994529e+13 1.13345899871404e+13 1.52315412972693e+04 2.81434484989324e+05 
3.79295975517897e-06 3.09156617238979e+02 2.94383776970119e+02 9.92317306057242e+19 6.11978922024024e+14 1.44362524965111e+14 2.44983777293228e+14 7.90705680018237e+11 1.19213171809046e+15 3.50769924369080e+14 3.06619826563763e+08 3.21301199547976e+13 6.05114498415433e+09 7.71286517059526e+03 3.30776497195849e+19 1.43026447458367e+14 9.25866939985594e+10 2.71213280362519e+13 1.33732166971369e+13 2.05485370957296e+04 3.93249173540508e+05 
4.37704385501002e-06 3.06746404444672e+02 2.93052299974663e+02 9.92314608348782e+19 7.06226795764166e+14 1.66794470511729e+14 2.79784064886351e+14 9.12604189093743e+11 1.38254365481153e+15 3.97975992464930e+14 3.50890099337172e+08 3.70749386071080e+13 8.05855967370664e+09 1.04370958565697e+04 3.30776217122053e+19 1.64791390660867e+14 1.03814489674673e+11 3.13213899173121e+13 1.54043633404146e+13 2.64809992959469e+04 5.23735971700747e+05 
4.96112795484108e-06 3.04529931483066e+02 2.91837755881901e+02 9.92311917363179e+19 8.00476589814563e+14 1.89271979444845e+14 3.13860750104435e+14 1.03453280995963e+12 1.57458501305316e+15 4.43558957771813e+14 3.94418276357420e+08 4.20189652566244e+13 1.03531141216247e+10 1.36157211006728e+04 3.30775937747607e+19 1.86488150265939e+14 1.14509211774342e+11 3.55276859635305e+13 1.74280573411263e+13 3.29861101987830e+04 6.72899442188507e+05 
6.26439464897325e-06 3.00201199020456e+02 2.90728856346032e+02 9.92305936455263e+19 1.01078258735361e+15 2.39576489693233e+14 3.87376681647164e+14 1.30669256395869e+12 2.00865796023248e+15 5.39719699351149e+14 4.88943021782626e+08 5.30477073497841e+13 1.65082354226995e+10 2.24125503904336e+04 3.30775316879800e+19 2.34656089955701e+14 1.36744826553966e+11 4.49355510924609e+13 2.19167972157796e+13 4.93863069702182e+04 1.07307951214803e+06 
7.56766134310543e-06 2.96789937497634e+02 2.88585653476536e+02 9.92299986606271e+19 1.22109671188155e+15 2.90066022079420e+14 4.57574822774226e+14 1.57897901451316e+12 2.44989758637787e+15 6.28744693548391e+14 5.80008289030184e+08 6.40724805479686e+13 2.40933930570184e+10 3.36594150740202e+04 3.30774699419792e+19 2.82491107947446e+14 1.57117521373192e+11 5.43740876636954e+13 2.63688702093925e+13 6.81468537631389e+04 1.56631353053053e+06 
8.87092803723760e-06 2.94126083978493e+02 2.85742699326848e+02 9.92294066486210e+19 1.43141802777458e+15 3.40712529652917e+14 5.24617396874604e+14 1.85137979990205e+12 2.89775299558680e+15 7.11184443293778e+14 6.67768654321662e+08 7.50932666381429e+13 3.31088973515755e+10 4.74446146593322e+04 3.30774085333882e+19 3.29996180529941e+14 1.75972621540755e+11 6.38430450377440e+13 3.07845755505009e+13 8.90315226709601e+04 2.15264471212694e+06 
1.01741947313698e-05 2.91926738513266e+02 2.84590470788205e+02 9.92288175004508e+19 1.64174565162908e+15 3.91488860453102e+14 5.88641749945321e+14 2.12388455755060e+12 3.35174816500281e+15 7.87514551141172e+14 7.52371946800702e+08 8.61100470923756e+13 4.35550558595490e+10 6.38376874883615e+04 3.30773474602166e+19 3.77172995228544e+14 1.93564773731711e+11 7.33421746607722e+13 3.51642100069241e+13 1.11849094584237e+05 2.83211288622825e+06 
1.14774614255020e-05 2.90016082792816e+02 2.83655253233088e+02 9.92282311080341e+19 1.85207876232942e+15 4.42370039812614e+14 6.49782003748136e+14 2.39648438432497e+12 3.81143616995330e+15 8.58181538047386e+14 8.33959164684663e+08 9.71228030977869e+13 5.54321733263732e+10 8.29056077799763e+04 3.30772867202975e+19 4.24023473298565e+14 2.10091761569362e+11 8.28712300394141e+13 3.95080679084780e+13 1.36441369577110e+05 3.60475453116941e+06 
1.27807281196341e-05 2.88351865937951e+02 2.82854881988580e+02 9.92276473586166e+19 2.06241659879920e+15 4.93333452946471e+14 7.08174516800211e+14 2.66917150570903e+12 4.27638625200882e+15 9.23615786841766e+14 9.12664743423577e+08 1.08131515582620e+14 6.87405516543392e+10 1.04715657144188e+05 3.30772263108732e+19 4.70550169857100e+14 2.25708684158609e+11 9.24299667188012e+13 4.38164411682833e+13 1.62678170934279e+05 4.47060280719106e+06 
1.54890659130158e-05 2.85492393602304e+02 2.82167082781351e+02 9.92264422617666e+19 2.49953484563776e+15 5.99414367212753e+14 8.21278341102022e+14 3.23609726285835e+12 5.25775835875788e+15 1.04453543899844e+15 1.06755998598272e+09 1.30995867231368e+14 1.00975841952275e+11 1.59038535498364e+05 3.30771018190377e+19 5.66212870919565e+14 2.55751464468383e+11 1.12387997878381e+14 5.26574994993832e+13 2.21984151643799e+05 6.56816737337509e+06 
1.81974037063975e-05 2.83464945621101e+02 2.81006054770655e+02 9.92252472389001e+19 2.93666474959161e+15 7.05593187729399e+14 9.24124727666554e+14 3.80332060124375e+12 6.25703395076112e+15 1.14767352880576e+15 1.21163452463830e+09 1.53842497489791e+14 1.39396050458605e+11 2.25802021061238e+05 3.30769787200973e+19 6.60509801751982e+14 2.83110723087151e+11 1.32471016650448e+14 6.13491283854829e+13 2.87104575691621e+05 9.06859912498778e+06 
2.09057414997793e-05 2.82102028829486e+02 2.80199108628947e+02 9.92240615122131e+19 3.37380131077848e+15 8.11724142294842e+14 1.01764414952177e+15 4.37079953262358e+12 7.27158843360481e+15 1.23565152109067e+15 1.34586645481630e+09 1.76671227792570e+14 1.84003764701785e+11 3.05161457450565e+05 3.30768569937748e+19 7.53460359423999e+14 3.08256415143048e+11 1.52676911339778e+14 6.98938499484114e+13 3.57380539751656e+05 1.19720620800967e+07 
2.36140792931610e-05 2.81136698175495e+02 2.79664397457382e+02 9.92228843873345e+19 3.81094021039516e+15 9.17682404974761e+14 1.10266197251795e+15 4.93849755271064e+12 8.29921929256076e+15 1.31066887926233e+15 1.47114494419802e+09 1.99481877492102e+14 2.34801515753499e+11 3.97170290811065e+05 3.30767366214855e+19 8.45082379038996e+14 3.31534280277958e+11 1.73003606065365e+14 7.82941436406747e+13 4.32259560873483e+05 1.52786621856239e+07 
2.63224170865427e-05 2.80393603627711e+02 2.79289493809356e+02 9.92217152152651e+19 4.24807773624614e+15 1.02336283492704e+15 1.17993783525859e+15 5.50638207664450e+12 9.33803054987444e+15 1.37461864442258e+15 1.58827692490575e+09 2.22274264338703e+14 2.91791777538085e+11 5.01878131411237e+05 3.30766175844965e+19 9.35393918951701e+14 3.53222136659061e+11 1.93449060090164e+14 8.65524470090515e+13 5.11282509291294e+05 1.89884485807336e+07 
2.90307548799244e-05 2.79817951362811e+02 2.79003081751134e+02 9.92205533828717e+19 4.68521069126293e+15 1.12867724342140e+15 1.25017798002702e+15 6.07442391398910e+12 1.03863741143519e+16 1.42914608511511e+15 1.69799465799841e+09 2.45048204835765e+14 3.54976966269677e+11 6.19351383440007e+05 3.30764998635666e+19 1.02441361195269e+15 3.73538343663861e+11 2.14011267204488e+14 9.46711564115760e+13 5.94071153910230e+05 2.31014147947281e+07 
3.45221270491171e-05 2.78986735768237e+02 2.78782522280966e+02 9.92182179459108e+19 5.57150775021034e+15 1.34079007277761e+15 1.37357209644257e+15 7.22655112114294e+12 1.25356640179673e+16 1.51634195742311e+15 1.90038682243719e+09 2.91166819357052e+14 5.02113939745608e+11 8.96727683105398e+05 3.30762651379987e+19 1.20101721342834e+15 4.11167811021519e+11 2.56053052753620e+14 1.10713698034887e+14 7.72154024148262e+05 3.26779712619931e+07 
4.00134992183098e-05 2.78578624738223e+02 2.78466085041300e+02 9.92159063131066e+19 6.45775665317311e+15 1.55062757999879e+15 1.47523188913541e+15 8.37902893972655e+12 1.47093913291311e+16 1.57951946709031e+15 2.07978984558734e+09 3.37207301039421e+14 6.74747305170442e+11 1.22654475203455e+06 3.30760355933225e+19 1.37253317398615e+15 4.44758624020248e+11 2.98550722754352e+14 1.26211141498739e+14 9.62209380960397e+05 4.39105569860609e+07 
4.55048713875025e-05 2.78444064097758e+02 2.78311608407728e+02 9.92136150617750e+19 7.34394383572432e+15 1.75786264358841e+15 1.55893357043065e+15 9.53169163936058e+12 1.69010109382700e+16 1.62520286733537e+15 2.24016105282179e+09 3.83168106789365e+14 8.72894971629483e+11 1.60823675944318e+06 3.30758110833086e+19 1.53910408494339e+15 4.74937825140986e+11 3.41488798576422e+14 1.41181976338173e+14 1.16253077359809e+06 5.67971398269342e+07 
5.09962435566952e-05 2.78392160884777e+02 2.78260803873334e+02 9.92113413176312e+19 8.23005911819554e+15 1.96227171893683e+15 1.62779745137515e+15 1.06843886749664e+13 1.91057312028904e+16 1.65816389250632e+15 2.38477429577283e+09 4.29047696412889e+14 1.09657383695597e+12 2.04123318768639e+06 3.30755914654740e+19 1.70086901351484e+15 5.02212428681759e+11 3.84852325674266e+14 1.55644065846762e+14 1.37175841796584e+06 7.13348691858131e+07 
5.64876157258879e-05 2.78335853945048e+02 2.78241224513445e+02 9.92090826314872e+19 9.11609480914973e+15 2.16370773818560e+15 1.68443927411398e+15 1.18369814691461e+13 2.13199679981961e+16 1.68196764923487e+15 2.51633949879210e+09 4.74844535058184e+14 1.34579978331227e+12 2.52519276314141e+06 3.30753765989636e+19 1.85796557136153e+15 5.27016099946745e+11 4.28626855340575e+14 1.69614668692029e+14 1.58880807570028e+06 8.75201147102232e+07 
6.19789878950807e-05 2.78287327201675e+02 2.78219994660245e+02 9.92068369292144e+19 1.00020451332488e+16 2.36208141001899e+15 1.73103957815451e+15 1.29893430339719e+13 2.35410942938017e+16 1.69922292880024e+15 2.63709452610824e+09 5.20557095031542e+14 1.62058767462969e+12 3.05983503143792e+06 3.30751663457253e+19 2.01052875645394e+15 5.49688449865223e+11 4.72798427993972e+14 1.83110458839094e+14 1.81277357906656e+06 1.05348502378828e+08 
7.23497194996370e-05 2.78210356207479e+02 2.78201707208249e+02 9.92026252940140e+19 1.16749590748133e+16 2.72821150198645e+15 1.79779499744435e+15 1.51645950604465e+13 2.77482885607220e+16 1.72019292037078e+15 2.84202170624576e+09 6.06652318094945e+14 2.20930892204830e+12 4.20623191030255e+06 3.30747813865544e+19 2.28674522578555e+15 5.87565674180024e+11 5.57254279491583e+14 2.07359393158317e+14 2.25192166868913e+06 1.43481671711587e+08 
8.27204511041933e-05 2.78233311801935e+02 2.78172717477834e+02 9.91984450312178e+19 1.33475341864657e+16 3.08321351540308e+15 1.84402158982468e+15 1.73378925122389e+13 3.19660681366343e+16 1.73161915894720e+15 3.02431586805713e+09 6.92431401868003e+14 2.88933187225505e+12 5.52861912157882e+06 3.30744115472793e+19 2.54809857185430e+15 6.19947998148215e+11 6.42991991631253e+14 2.30075183336311e+14 2.70892104023541e+06 1.87416079320938e+08 
9.30911827087496e-05 2.78287316537267e+02 2.78181361202236e+02 9.91942899123461e+19 1.50197584972265e+16 3.42722936928216e+15 1.87588406896079e+15 1.95085882372790e+13 3.61903591592492e+16 1.73746998130800e+15 3.19060492745038e+09 7.77884318450374e+14 3.66072687558473e+12 7.02367474593682e+06 3.30740560142330e+19 2.79538587030462e+15 6.47692495438433e+11 7.29930560378998e+14 2.51354567718920e+14 3.18087591880112e+06 2.37103294696044e+08 
1.03461914313306e-04 2.78294268225071e+02 2.78201703564519e+02 9.91901554201515e+19 1.66916230306327e+16 3.76046176908013e+15 1.89776845660473e+15 2.16760755543210e+13 4.04182502938769e+16 1.74055740592522e+15 3.34564313538687e+09 8.63001150694923e+14 4.52355132570070e+12 8.68861098154435e+06 3.30737140145735e+19 3.02936447373333e+15 6.71552009124869e+11 8.17994069225552e+14 2.71288199619171e+14 3.66551044090641e+06 2.92487920789769e+08 
1.13832645917862e-04 2.78270075083312e+02 2.78204322980011e+02 9.91860381952594e+19 1.83631211260613e+16 4.08316073643088e+15 1.91284985983720e+15 2.38397810820750e+13 4.46478237002337e+16 1.74270569528730e+15 3.49280819997169e+09 9.47772101865371e+14 5.47784967357922e+12 1.05206971026562e+07 3.30733848156511e+19 3.25075256773179e+15 6.92188033447425e+11 9.07111366510679e+14 2.89961033160945e+14 4.16049962874030e+06 3.53508312807388e+08 
1.24203377522418e-04 2.78261276430212e+02 2.78195208217995e+02 9.91819358098904e+19 2.00342487054056e+16 4.39563418175355e+15 1.92330811288893e+15 2.59991697580308e+13 4.88784505662431e+16 1.74445544983129e+15 3.63441934600908e+09 1.03218750731762e+15 6.52365344886659e+12 1.25166871924096e+07 3.30730677265959e+19 3.46022760761031e+15 7.10090362988026e+11 9.97215776618534e+14 3.07452668993731e+14 4.66353791069495e+06 4.20097222918078e+08 
1.42155588184774e-04 2.78263595562712e+02 2.78191893894537e+02 9.91748645743947e+19 2.29261630904330e+16 4.91332386948214e+15 1.93458734440889e+15 2.97255065058168e+13 5.62040526346219e+16 1.74659665477635e+15 3.87105714038680e+09 1.17744602158504e+15 8.55033452756210e+12 1.63499936672971e+07 3.30725455536142e+19 3.79654482923903e+15 7.35608858539551e+11 1.15534214756701e+15 3.35156410456552e+14 5.54984382637758e+06 5.48314275362192e+08 
1.60107798847129e-04 2.78282743597337e+02 2.78192767658169e+02 9.91678271072709e+19 2.58169467043727e+16 5.40297199249317e+15 1.94054530682061e+15 3.34349862763065e+13 6.35321940390880e+16 1.74751432913388e+15 4.10081760896818e+09 1.32156195397100e+15 1.08512689724046e+13 2.06482298828242e+07 3.30720545889739e+19 4.10214772459947e+15 7.55330368863304e+11 1.31594416494201e+15 3.59896271317746e+14 6.45191462205680e+06 6.92594781458921e+08 
1.78060009509484e-04 2.78286342537360e+02 2.78199981425585e+02 9.91608198981806e+19 2.87065876039210e+16 5.86607848099074e+15 1.94343712144482e+15 3.71253345510799e+13 7.08617981564841e+16 1.74792321404147e+15 4.32636422889229e+09 1.46448771232618e+15 1.34263482737654e+13 2.53963727115061e+07 3.30715919782453e+19 4.37983839628997e+15 7.70387549175274e+11 1.47875680953806e+15 3.81988465628164e+14 7.36555002935456e+06 8.52502482354883e+08 
1.96012220171839e-04 2.78279457930164e+02 2.78201337603711e+02 9.91538402697052e+19 3.15950748117486e+16 6.30406470638733e+15 1.94474253493859e+15 4.07944112011209e+13 7.81918124815140e+16 1.74854745321507e+15 4.54934026324464e+09 1.60617685525079e+15 1.62753499392249e+13 3.05803614836004e+07 3.30711551241622e+19 4.63216743623219e+15 7.81759209515964e+11 1.64354312046736e+15 4.01715650286121e+14 8.28635257354384e+06 1.02757748718779e+09 
2.13964430834195e-04 2.78278648183654e+02 2.78198743938388e+02 9.91468861517846e+19 3.44823991868351e+16 6.71830712866818e+15 1.94535909757195e+15 4.44402128666160e+13 8.55219171710094e+16 1.74940833821802e+15 4.77071973524801e+09 1.74658411384430e+15 1.93979383605427e+13 3.61853403680911e+07 3.30707416700260e+19 4.86145001466999e+15 7.90187955966218e+11 1.81009121432281e+15 4.19330494716934e+14 9.21086667216905e+06 1.21734259564279e+09 
2.31916641496550e-04 2.78283651529693e+02 2.78198439066827e+02 9.91399560368913e+19 3.73685527116884e+16 7.11012144963642e+15 1.94566521163274e+15 4.80608536695671e+13 9.28521308904080e+16 1.75021568680832e+15 4.99094472898209e+09 1.88566537483226e+15 2.27936657757506e+13 4.21968534537095e+07 3.30703494763400e+19 5.06978873014449e+15 7.96198172093440e+11 1.97821174414080e+15 4.35058720291686e+14 1.01371467540073e+07 1.42130850254490e+09 
2.65931280419460e-04 2.78288100970912e+02 2.78200324338570e+02 9.91268871944826e+19 4.28338036199514e+16 7.79525181595986e+15 1.94567904875571e+15 5.48458086362243e+13 1.06740386719336e+17 1.75159879527508e+15 5.40543260654521e+09 2.14540036042309e+15 2.99745024662242e+13 5.46567207018083e+07 3.30696580916232e+19 5.41357552978810e+15 8.02338163103893e+11 2.30049945138342e+15 4.60362364819026e+14 1.18918536342345e+07 1.84493911396879e+09 
2.99945919342370e-04 2.78288518789612e+02 2.78202001202507e+02 9.91138931533566e+19 4.82947731323925e+16 8.41194208836537e+15 1.94551687740515e+15 6.15228500407061e+13 1.20626641100759e+17 1.75283722693918e+15 5.81697471303927e+09 2.39994243247316e+15 3.81288918720278e+13 6.84441299924768e+07 3.30690246470785e+19 5.70025376032304e+15 8.03557718063687e+11 2.62685735611321e+15 4.80769083558040e+14 1.36377467014390e+07 2.31438296170518e+09 
3.33960558265280e-04 2.78289187815377e+02 2.78202159042731e+02 9.91009677037077e+19 5.37514155736636e+16 8.96716396652107e+15 1.94532059537061e+15 6.80817982766676e+13 1.34509430198371e+17 1.75413512915523e+15 6.22572650644891e+09 2.64902699318070e+15 4.72506272926685e+13 8.34762533466989e+07 3.30684394053145e+19 5.93940628496234e+15 8.01414827083428e+11 2.95648090801938e+15 4.97236400295337e+14 1.53678430322913e+07 2.82628144233883e+09 
3.67975197188191e-04 2.78290955065015e+02 2.78202411540164e+02 9.90881053876710e+19 5.92036901322502e+16 9.46715052003287e+15 1.94508806777734e+15 7.45135830922582e+13 1.48387694782879e+17 1.75549647437500e+15 6.63167919928844e+09 2.89240647689370e+15 5.73320803866810e+13 9.96744084329583e+07 3.30678943615321e+19 6.13891621702423e+15 7.96923511395579e+11 3.28873126245232e+15 5.10523834657826e+14 1.70781933148895e+07 3.37735837065501e+09 
4.01989836111101e-04 2.78292518394692e+02 2.78203077860665e+02 9.90753012717165e+19 6.46515601133640e+16 9.91749645667417e+15 1.94482800636708e+15 8.08101398500330e+13 1.62260607844601e+17 1.75685176728291e+15 7.03491847373248e+09 3.12985022054548e+15 6.83642753300538e+13 1.16965755005466e+08 3.30673828761653e+19 6.30532622042953e+15 7.90818438685791e+11 3.62309561205278e+15 5.21240364809123e+14 1.87667798099396e+07 3.96447180184809e+09 
4.67644194208180e-04 2.78294500115358e+02 2.78203667361656e+02 9.90507359404276e+19 7.51543545761059e+16 1.06640071812172e+16 1.94432086760201e+15 9.25567924144279e+13 1.89020046664042e+17 1.75942898288353e+15 7.80625162450023e+09 3.57061620047837e+15 9.23065060268989e+13 1.53188545766080e+08 3.30664717057265e+19 6.55147595713220e+15 7.76333479602659e+11 4.27306459698786e+15 5.36305339223482e+14 2.19611627832815e+07 5.18892636593680e+09 
5.33298552305259e-04 2.78295688270877e+02 2.78204414936784e+02 9.90263435940578e+19 8.56404124712955e+16 1.12749708018512e+16 1.94383156131775e+15 1.03733195410657e+14 2.15752209380273e+17 1.76197101254287e+15 8.56983410024445e+09 3.98713779853932e+15 1.19664608673999e+14 1.92785598043222e+08 3.30656344218237e+19 6.72475103553688e+15 7.60465743571440e+11 4.92716561916504e+15 5.46227677698385e+14 2.50695716017249e+07 6.51734013550979e+09 
5.98952910402338e-04 2.78296800362722e+02 2.78204863498776e+02 9.90021014574849e+19 9.61095644909021e+16 1.17759925494723e+16 1.94335334986321e+15 1.14310138388423e+14 2.42453509359748e+17 1.76452149418177e+15 9.32635586907948e+09 4.37828846571825e+15 1.50336754355705e+14 2.35352238203232e+08 3.30648486775438e+19 6.84722239180355e+15 7.44501925018139e+11 5.58387388957227e+15 5.52806876553694e+14 2.80975086788436e+07 7.93258801179063e+09 
6.64607268499417e-04 2.78297715966967e+02 2.78205283412942e+02 9.89779912314717e+19 1.06561677238914e+17 1.21875769943209e+16 1.94287432940920e+15 1.24270683361834e+14 2.69121262801860e+17 1.76707424103194e+15 1.00764171716132e+10 4.74319014080155e+15 1.84205644054335e+14 2.80531839669811e+08 3.30640993918347e+19 6.93380415922090e+15 7.29102036741783e+11 6.24223398251271e+15 5.57164634796364e+14 3.10549665319560e+07 9.42001562256514e+09 
7.30261626596496e-04 2.78298378749721e+02 2.78205629294253e+02 9.89539980629938e+19 1.16996646869287e+17 1.25263092601311e+16 1.94239492449547e+15 1.33609002586262e+14 2.95753371407373e+17 1.76961643028583e+15 1.08212830525429e+10 5.08120488680257e+15 2.21140451100227e+14 3.28010001870892e+08 3.30633761087701e+19 6.99484768720760e+15 7.14669832571483e+11 6.90162397065020e+15 5.60027065363504e+14 3.39534765842523e+07 1.09672841932228e+10 
8.36642686780491e-04 2.78299177592216e+02 2.78205879907059e+02 9.89153407827599e+19 1.33868059735815e+17 1.29529063580107e+16 1.94162482497024e+15 1.47437614723599e+14 3.38826206664712e+17 1.77371941249580e+15 1.20201341889205e+10 5.57098105626248e+15 2.87121065330746e+14 4.09132695597901e+08 3.30622420787238e+19 7.05666704545990e+15 6.93785763803040e+11 7.97126084982795e+15 5.62619144422510e+14 3.85544729097105e+07 1.35765453043424e+10 
9.43023746964486e-04 2.78299776455222e+02 2.78206182324262e+02 9.88769189383325e+19 1.50694042017600e+17 1.32677990308086e+16 1.94086194150076e+15 1.59709641341199e+14 3.81795734366291e+17 1.77780752768233e+15 1.32122714992129e+10 5.98867330710986e+15 3.60115334539340e+14 4.94545029499185e+08 3.30611357580239e+19 7.09163630144470e+15 6.76270286544184e+11 9.04135518999610e+15 5.63891054038469e+14 4.30796395137903e+07 1.62815704059128e+10 
1.04940480714848e-03 2.78300256411911e+02 2.78206409382998e+02 9.88387025295138e+19 1.67474489931931e+17 1.35034276058758e+16 1.94010354484710e+15 1.70532764740385e+14 4.24658451541469e+17 1.78188384609787e+15 1.44006121389121e+10 6.33511501230994e+15 4.39414973110815e+14 5.83397232486692e+08 3.30600449245526e+19 7.11188645786364e+15 6.61995953665011e+11 1.01113132692838e+16 5.64527784777226e+14 4.75728351685902e+07 1.90563333765742e+10 
1.15578586733248e-03 2.78300653688512e+02 2.78206591632941e+02 9.88006699729107e+19 1.84209406125112e+17 1.36822119045697e+16 1.93934859958509e+15 1.80049861063730e+14 4.67412527998370e+17 1.78594738308751e+15 1.55877246415192e+10 6.61245517826680e+15 5.24274159405587e+14 6.74999088577233e+08 3.30589634206565e+19 7.12353319907214e+15 6.50716809629479e+11 1.11808880929234e+16 5.64818564756836e+14 5.20725095363363e+07 2.18821897332193e+10 
1.26216692751647e-03 2.78300997736634e+02 2.78206742724302e+02 9.87628049448153e+19 2.00898874146575e+17 1.38200363916221e+16 1.93859724051769e+15 1.88423654474686e+14 5.10057427768005e+17 1.78999842576784e+15 1.67759280532232e+10 6.82393555845935e+15 6.13930060931329e+14 7.68785509650427e+08 3.30578878309885e+19 7.12996020810728e+15 6.42177837096453e+11 1.22499686668991e+16 5.64906320791720e+14 5.66115354098850e+07 2.47455849224093e+10 
1.45271637819399e-03 2.78301532295629e+02 2.78206873755489e+02 9.86953619441800e+19 2.30679921944141e+17 1.39966135672836e+16 1.93725971794593e+15 2.01101634575358e+14 5.86172948541438e+17 1.79722640748596e+15 1.89127462955156e+10 7.05212859367426e+15 7.84131418971109e+14 9.40882863437710e+08 3.30559701528455e+19 7.13417474872985e+15 6.32866868180004e+11 1.41635368176301e+16 5.64805880266483e+14 6.49217999448499e+07 2.99404071954905e+10 
1.64326582887151e-03 2.78302015296284e+02 2.78207077667242e+02 9.86283563914543e+19 2.60316836650993e+17 1.41217066100161e+16 1.93593144706567e+15 2.11591734662223e+14 6.61950275547458e+17 1.80442065855471e+15 2.10678462650052e+10 7.11104456795089e+15 9.63105016814534e+14 1.11647188834743e+09 3.30540575526237e+19 7.13518871846760e+15 6.29952512275841e+11 1.60753019732643e+16 5.64624636729078e+14 7.35630772955358e+07 3.51859848961087e+10 
1.83381527954904e-03 2.78302473004500e+02 2.78207262147605e+02 9.85617435347680e+19 2.89811100113822e+17 1.42198495618979e+16 1.93461120086170e+15 2.20728945826211e+14 7.37405272410725e+17 1.81158379478559e+15 2.32459619337575e+10 7.03243411582967e+15 1.14700089237836e+15 1.29408612328802e+09 3.30521473885328e+19 7.13538261469206e+15 6.32150748610114e+11 1.79854492177740e+16 5.64440105312638e+14 8.26030812359034e+07 4.04602323551940e+10 
2.02436473022656e-03 2.78302914245381e+02 2.78207437096750e+02 9.84954882430574e+19 3.19164364897142e+17 1.43026469013812e+16 1.93329828697877e+15 2.29190793027326e+14 8.12557923198086e+17 1.81871822119032e+15 2.54492695379197e+10 6.84899024203036e+15 1.33248599138230e+15 1.47275140008606e+09 3.30502390807317e+19 7.13505146280468e+15 6.38328748557777e+11 1.98942702851466e+16 5.64246511320602e+14 9.20736959195147e+07 4.57523293987881e+10 
2.21491418090408e-03 2.78303343605026e+02 2.78207605841823e+02 9.84295603243560e+19 3.48378302503359e+17 1.43762063262276e+16 1.93199209242940e+15 2.37481634168663e+14 8.87429587754462e+17 1.82582620111629e+15 2.76775648337041e+10 6.59162084856243e+15 1.51684010076397e+15 1.65180905680972e+09 3.30483322407795e+19 7.13429339009190e+15 6.47467737675857e+11 2.18020590027013e+16 5.64041365409991e+14 1.01974460682333e+08 5.10566748519829e+10 
2.52122343109611e-03 2.78304018216365e+02 2.78207770112433e+02 9.83242026653952e+19 3.95051795358169e+17 1.44836300398384e+16 1.92990500124800e+15 2.51214408253105e+14 1.00724862670688e+18 1.83720181295421e+15 3.13069478569279e+10 6.08863305534595e+15 1.80607865931991e+15 1.93944705464638e+09 3.30452687968008e+19 7.13277369118302e+15 6.66170004084483e+11 2.48673261319938e+16 5.63710649170091e+14 1.18727587433974e+08 5.96022668907195e+10 
2.82753268128815e-03 2.78304682424782e+02 2.78208028314198e+02 9.82195352913305e+19 4.41375192142794e+17 1.45859534106452e+16 1.92783178929331e+15 2.66183369064580e+14 1.12646848559164e+18 1.84852109734643e+15 3.49799596133688e+10 5.55214141860233e+15 2.08165309732320e+15 2.22575730198954e+09 3.30422064010064e+19 7.13125916462967e+15 6.86997729468619e+11 2.79315280058559e+16 5.63389688381318e+14 1.36287877586854e+08 6.81648528816052e+10 
3.13384193148018e-03 2.78305340209942e+02 2.78208282611940e+02 9.81154976504661e+19 4.87353323816905e+17 1.46863553403071e+16 1.92577112653336e+15 2.82653708219331e+14 1.24514424823823e+18 1.85978888421028e+15 3.86766617274794e+10 5.03961378400234e+15 2.34111791376252e+15 2.51013080707142e+09 3.30391443117457e+19 7.12982990244395e+15 7.07473543464391e+11 3.09953273997216e+16 5.63079745266466e+14 1.54359333992158e+08 7.67431243866789e+10 
3.44015118167221e-03 2.78305992532354e+02 2.78208534508535e+02 9.80120540449319e+19 5.32989987967896e+17 1.47852466560560e+16 1.92372223388089e+15 3.00517934992875e+14 1.36331083634308e+18 1.87100806171971e+15 4.23793445621412e+10 4.57969009512341e+15 2.58447801137994e+15 2.79232845456808e+09 3.30360822270455e+19 7.12840567464765e+15 7.26032946843909e+11 3.40591121781607e+16 5.62776722264089e+14 1.72674843158898e+08 8.53379961057169e+10 
3.74646043186424e-03 2.78306640005964e+02 2.78208784367285e+02 9.79091859986664e+19 5.78288205320126e+17 1.48827078424303e+16 1.92168470696048e+15 3.19516411038838e+14 1.48098707285977e+18 1.88218010411588e+15 4.60750990982747e+10 4.18100119718538e+15 2.81306221354586e+15 3.07225548182800e+09 3.30330200087050e+19 7.12695346517118e+15 7.41952594413721e+11 3.71230557041115e+16 5.62479196041942e+14 1.91037744986248e+08 9.39502412195471e+10 
4.09308666752601e-03 2.78307367701872e+02 2.78209032419851e+02 9.77934619100570e+19 6.29144044393817e+17 1.49916591862738e+16 1.91939248127641e+15 3.41990495552594e+14 1.61357151536742e+18 1.89476656070376e+15 5.02396863990072e+10 3.79902257628053e+15 3.05650523041655e+15 3.38622834427357e+09 3.30295544994893e+19 7.12530586722544e+15 7.56702309259727e+11 4.05905168964364e+16 5.62150280043460e+14 2.11734952618463e+08 1.03717184881301e+11 
4.43971290318777e-03 2.78308090547077e+02 2.78209311262625e+02 9.76784591625601e+19 6.79573258573535e+17 1.50994247943792e+16 1.91711448448587e+15 3.65206882372429e+14 1.74554410050201e+18 1.90729376738861e+15 5.43804806916853e+10 3.48266658789010e+15 3.28593552483812e+15 3.69720520591167e+09 3.30260887444839e+19 7.12366551734889e+15 7.68178042111253e+11 4.40582114239171e+16 5.61829822220358e+14 2.32256957379396e+08 1.13506491323430e+11 
4.78633913884953e-03 2.78308809260505e+02 2.78209588303350e+02 9.75641784348135e+19 7.29578897878110e+17 1.52061062327896e+16 1.91485073269470e+15 3.88865805741194e+14 1.87690405070094e+18 1.91976158967835e+15 5.84918588031789e+10 3.21880067942940e+15 3.50360751918607e+15 4.00518403855615e+09 3.30226228290996e+19 7.12203249599593e+15 7.76928391960950e+11 4.75260534396631e+16 5.61517629975359e+14 2.52548535224240e+08 1.23317995907799e+11 
5.13296537451129e-03 2.78309523350364e+02 2.78209863812078e+02 9.74506189011017e+19 7.79164137992284e+17 1.53117415900843e+16 1.91260123063982e+15 4.12746397894166e+14 2.00765172256880e+18 1.93216997319613e+15 6.25773007262058e+10 2.99707327073691e+15 3.71138630975521e+15 4.31017927572869e+09 3.30191568205337e+19 7.12040444928466e+15 7.83458868631679e+11 5.09939778004552e+16 5.61213497763915e+14 2.72644416104199e+08 1.33151465292437e+11 
5.59065500552361e-03 2.78310459502586e+02 2.78210137602314e+02 9.73017763770967e+19 8.43998160126133e+17 1.54496629486312e+16 1.90965276728567e+15 4.44361863444895e+14 2.17935521714366e+18 1.94846310282597e+15 6.79322739610174e+10 2.75513493163775e+15 3.97296376621492e+15 4.70836540301318e+09 3.30145802099052e+19 7.11826090022878e+15 7.89389668510099e+11 5.55731024354825e+16 5.60824065849531e+14 2.98880200365467e+08 1.46168923788929e+11 
6.04834463653592e-03 2.78311388376220e+02 2.78210496613242e+02 9.71541871119051e+19 9.08111853854965e+17 1.55858694711584e+16 1.90672910089108e+15 4.75804357867874e+14 2.34999148060468e+18 1.96465255345241e+15 7.32417066430923e+10 2.55399503343003e+15 4.22264901095487e+15 5.10144769407774e+09 3.30100036729153e+19 7.11612417958748e+15 7.93142412969214e+11 6.01521351149496e+16 5.60448263583875e+14 3.24801970520016e+08 1.59223593088760e+11 
6.50603426754824e-03 2.78312309402258e+02 2.78210852919566e+02 9.70078436930256e+19 9.71512923595627e+17 1.57204244057281e+16 1.90383011027163e+15 5.06929981911527e+14 2.51956456426865e+18 1.98073867140607e+15 7.85119945079825e+10 2.38314191316785e+15 4.46243092119976e+15 5.48949398601063e+09 3.30054272795804e+19 7.11399485096521e+15 7.95212024463095e+11 6.47310049619843e+16 5.60085893471754e+14 3.50456695443697e+08 1.72314878057114e+11 
6.96372389856055e-03 2.78313223131892e+02 2.78211206304904e+02 9.68627368738249e+19 1.03420900220413e+18 1.58533765866891e+16 1.90095561586008e+15 5.37670493752812e+14 2.68807996257452e+18 1.99672199693654e+15 8.37423744615380e+10 2.23613473554710e+15 4.69369995545109e+15 5.87257545792545e+09 3.30008510705293e+19 7.11187309117582e+15 7.96002550829907e+11 6.93096709851841e+16 5.59736737857119e+14 3.75849277666468e+08 1.85442313842029e+11 
7.42141352957286e-03 2.78314129679096e+02 2.78211556975765e+02 9.67188570877883e+19 1.09620757939451e+18 1.59847612026052e+16 1.89810543238045e+15 5.67986861953702e+14 2.85554334291344e+18 2.01260308338982e+15 8.89334393073876e+10 2.10826596579018e+15 4.91751267159588e+15 6.25076493131872e+09 3.29962750771664e+19 7.10975878331292e+15 7.95798722200531e+11 7.38881018326823e+16 5.59400576531996e+14 4.00993155465482e+08 1.98605525588048e+11 
8.14586480312118e-03 2.78315550188862e+02 2.78211904973793e+02 9.64936024458882e+19 1.19293387864109e+18 1.61895864642889e+16 1.89364327495654e+15 6.15049986194893e+14 3.11847512740714e+18 2.03753273785273e+15 9.70724478728618e+10 1.93638709862248e+15 5.25848648235063e+15 6.83955931856207e+09 3.29890324976535e+19 7.10642727907023e+15 7.93957434685127e+11 8.11344997770080e+16 5.58894543679448e+14 4.40320001676821e+08 2.19513122725425e+11 
8.87031607666950e-03 2.78316953388649e+02 2.78212450435046e+02 9.62713581097404e+19 1.28796025482274e+18 1.63906597701222e+16 1.88924078397135e+15 6.60942123640833e+14 3.37880903462754e+18 2.06220997082544e+15 1.05119005386378e+11 1.79276250916722e+15 5.58550556497928e+15 7.41657110301937e+09 3.29817906019570e+19 7.10311428763014e+15 7.90784469098139e+11 8.83801653972692e+16 5.58419750403319e+14 4.79104942547881e+08 2.40508141494470e+11 
9.59476735021781e-03 2.78318339693822e+02 2.78212989450150e+02 9.60520831887790e+19 1.38131544467041e+18 1.65880700437825e+16 1.88489715420191e+15 7.05666656079296e+14 3.63656971203548e+18 2.08663722018315e+15 1.13075605970932e+11 1.67097570638369e+15 5.90051716813958e+15 7.98208675638931e+09 3.29745494392702e+19 7.09981975055373e+15 7.86655925779779e+11 9.56250499545986e+16 5.57975425744737e+14 5.17371263397652e+08 2.61589329977059e+11 
1.03192186237661e-02 2.78319709511197e+02 2.78213522171363e+02 9.58357369564267e+19 1.47302773552416e+18 1.67818949765289e+16 1.88061158015352e+15 7.49246768094891e+14 3.89178167832584e+18 2.11081692046838e+15 1.20944332959525e+11 1.56673838529893e+15 6.20499019426621e+15 8.53638665373837e+09 3.29673090482754e+19 7.09654351128912e+15 7.81840431168069e+11 1.02869115400842e+17 5.57560824862603e+14 5.55141874841132e+08 2.82755503019678e+11 
1.10436698973144e-02 2.78321063198945e+02 2.78214048747968e+02 9.56222796688105e+19 1.56312493688326e+18 1.69722070936276e+16 1.87638327536268e+15 7.91706445307290e+14 4.14446864276602e+18 2.13475143657212e+15 1.28726870203436e+11 1.47643425411276e+15 6.50010511394912e+15 9.07974313512407e+09 3.29600694694366e+19 7.09328540133824e+15 7.76582667958811e+11 1.10112321910459e+17 5.57175234318517e+14 5.92458083464923e+08 3.04005492863063e+11 
1.23731931476848e-02 2.78323506463430e+02 2.78214569311043e+02 9.52379269626178e+19 1.72436099591306e+18 1.73125602376241e+16 1.86876987361042e+15 8.66805541536455e+14 4.60171081384637e+18 2.17804617981892e+15 1.42790870567279e+11 1.33808396348715e+15 7.02023825780944e+15 1.00493165756730e+10 3.29467855362908e+19 7.08735274550311e+15 7.66314363184017e+11 1.23402793118014e+17 5.56540816810256e+14 6.59872039520645e+08 3.43217936279812e+11 
1.37027163980552e-02 2.78325897856809e+02 2.78215509345265e+02 9.48629350056193e+19 1.88041438886604e+18 1.76417209785829e+16 1.86134204179284e+15 9.38429721916061e+14 5.05066933754115e+18 2.22053719671108e+15 1.56580315364501e+11 1.22582359384182e+15 7.51637920272502e+15 1.09844856045279e+10 3.29335046795888e+19 7.08147968207653e+15 7.55716651820978e+11 1.36690036959014e+17 5.55997789367159e+14 7.26029797751100e+08 3.82701577595316e+11 
1.50322396484256e-02 2.78328238840721e+02 2.78216430015404e+02 9.44970706506056e+19 2.03144568374516e+18 1.79600645420017e+16 1.85409515294247e+15 1.00679774525734e+15 5.49148481362531e+18 2.26223856122448e+15 1.70104174018406e+11 1.13322461261840e+15 7.99173287448906e+15 1.18867402284005e+10 3.29202270796379e+19 7.07566519668567e+15 7.45084023369022e+11 1.49973877629490e+17 5.55542375494505e+14 7.91026596117710e+08 4.22449402720484e+11 
1.63617628987960e-02 2.78330530733982e+02 2.78217331851349e+02 9.41401079113513e+19 2.17761038267127e+18 1.82679452726808e+16 1.84702472077866e+15 1.07210494568970e+15 5.92429427522968e+18 2.30316400104286e+15 1.83370546620728e+11 1.05585689667021e+15 8.44866149932037e+15 1.27574936433766e+10 3.29069529116582e+19 7.06990827087529e+15 7.34593326200254e+11 1.63254144303502e+17 5.55171029170767e+14 8.54940678333928e+08 4.62454481860613e+11 
1.76912861491663e-02 2.78332774733646e+02 2.78218215330270e+02 9.37918277004411e+19 2.31905920123594e+18 1.85657050469743e+16 1.84012639658559e+15 1.13452389288058e+15 6.34923142263463e+18 2.34332692131001e+15 1.96386473320057e+11 9.90027076449977e+14 8.88900723002144e+15 1.35980886888694e+10 3.28936823531307e+19 7.06420791238326e+15 7.24409968324046e+11 1.76530663668578e+17 5.54880415357050e+14 9.17914139091387e+08 5.02709922023332e+11 
1.98517585222745e-02 2.78336321899553e+02 2.78219080884433e+02 9.32438468299705e+19 2.53922767335231e+18 1.90288155661256e+16 1.82927289941203e+15 1.23020837870222e+15 7.02329979538506e+18 2.40699898553193e+15 2.17019921662769e+11 9.01593088936418e+14 9.57267350758771e+15 1.49029836788288e+10 3.28721258592466e+19 7.05506297776761e+15 7.08652824387394e+11 1.98096560286525e+17 5.54572341379618e+14 1.01845183079989e+09 5.68641299978733e+11 
2.20122308953827e-02 2.78339750024936e+02 2.78220450194676e+02 9.27173471385902e+19 2.74793014263083e+18 1.94674077320322e+16 1.81884516614884e+15 1.31935748831666e+15 7.67747912021849e+18 2.46874762809055e+15 2.37034783915373e+11 8.29980023809043e+14 1.02210838761083e+16 1.61367357884991e+10 3.28505800446325e+19 7.04606069366005e+15 6.93980937192925e+11 2.19651440885337e+17 5.54456667837230e+14 1.11709368349756e+09 6.35186835151190e+11 
2.41727032684908e-02 2.78343063381843e+02 2.78221774853547e+02 9.22114783397855e+19 2.94574130010484e+18 1.98827486728501e+16 1.80882631610955e+15 1.40255655540934e+15 8.31230919603099e+18 2.52862694411060e+15 2.56454573260572e+11 7.71369399556310e+14 1.08378527477076e+16 1.73040768930286e+10 3.28290455554674e+19 7.03719699941411e+15 6.80273778417087e+11 2.41194674927910e+17 5.54521963268508e+14 1.21385281131432e+09 7.02318237209866e+11 
2.63331756415990e-02 2.78346266021791e+02 2.78223056405775e+02 9.17254285166808e+19 3.13320666117295e+18 2.02760383611669e+16 1.79920023227915e+15 1.48031015934910e+15 8.92831429523476e+18 2.58668944786420e+15 2.75300310259261e+11 7.22035063987553e+14 1.14257095493471e+16 1.84093728410930e+10 3.28075230345533e+19 7.02846796549359e+15 6.67628331599578e+11 2.62725633959086e+17 5.54757740629606e+14 1.30926669900889e+09 7.70007758313081e+11 
2.84936480147072e-02 2.78349361713917e+02 2.78224296318486e+02 9.12584187739394e+19 3.31084486318585e+18 2.06484137719846e+16 1.78995145615327e+15 1.55307782784364e+15 9.52600669065060e+18 2.64298639041291e+15 2.93591061664299e+11 6.80035056445437e+14 1.19867786245826e+16 1.94566683113631e+10 3.27860130845614e+19 7.01986976370268e+15 6.55884074327047e+11 2.84243728954202e+17 5.55154368886794e+14 1.40332435523064e+09 8.38228230243626e+11 
3.10528820494489e-02 2.78352895474306e+02 2.78225495957459e+02 9.07288263866097e+19 3.50922875250124e+18 2.10639297336398e+16 1.77946353623697e+15 1.63337976138318e+15 1.02110067751005e+19 2.70745816945871e+15 3.14565164917904e+11 6.37841394038264e+14 1.26191433810080e+16 2.06273337710179e+10 3.27605500546382e+19 7.00984874855908e+15 6.43041130297987e+11 3.09716045340664e+17 5.55820191014527e+14 1.51319173312011e+09 9.19690913071448e+11 
3.36121160841907e-02 2.78356290179499e+02 2.78226866748725e+02 9.02237161801824e+19 3.69529133526980e+18 2.14532999634423e+16 1.76946070532477e+15 1.70785920799328e+15 1.08718222676863e+19 2.76960353618160e+15 3.34814810173767e+11 6.02068039930565e+14 1.32189116842977e+16 2.17275807802689e+10 3.27351063578147e+19 7.00000006813589e+15 6.31240050540905e+11 3.35168654822111e+17 5.56685778321347e+14 1.62155688048366e+09 1.00181870393392e+12 
3.61713501189324e-02 2.78359551403371e+02 2.78228185034660e+02 8.97419558483447e+19 3.86976564930547e+18 2.18181170020096e+16 1.75992049955285e+15 1.77704957384963e+15 1.15092416668770e+19 2.82950113965219e+15 3.54366231337941e+11 5.71302656482559e+14 1.37881922148179e+16 2.27626204187949e+10 3.27096828391416e+19 6.99031789906380e+15 6.20386975778490e+11 3.60600730586867e+17 5.57738849609878e+14 1.72861822350960e+09 1.08457031290116e+12 
3.87305841536742e-02 2.78362684473310e+02 2.78229452849481e+02 8.92824678731561e+19 4.03334156070343e+18 2.21598765078670e+16 1.75082154465518e+15 1.84142680917763e+15 1.21240311881436e+19 2.88722727252644e+15 3.73245166554766e+11 5.44529619107625e+14 1.43287618564182e+16 2.37372288673337e+10 3.26842803007086e+19 6.98079660786890e+15 6.10375433526704e+11 3.86011487639776e+17 5.58968090265372e+14 1.83456766678224e+09 1.16790571598087e+12 
4.12898181884159e-02 2.78365694488791e+02 2.78230672141939e+02 8.88442257575939e+19 4.18666894049814e+18 2.24799841666268e+16 1.74214348170369e+15 1.90141637978057e+15 1.27169357031286e+19 2.94285600896766e+15 3.91474992978936e+11 5.21039923849541e+14 1.48421673102485e+16 2.46557816096803e+10 3.26588995015482e+19 6.97143074545710e+15 6.01117489278012e+11 4.11400182834271e+17 5.60363190210181e+14 1.93949648580540e+09 1.25178634152811e+12 
4.56776211659102e-02 2.78370582670954e+02 2.78231844781714e+02 8.81395367572888e+19 4.42742173204325e+18 2.29821419685632e+16 1.72818958246540e+15 1.99511035587185e+15 1.36846039966437e+19 3.03355496629905e+15 4.21285310226206e+11 4.86763819227768e+14 1.56629874850723e+16 2.61115151957320e+10 3.26154367826370e+19 6.95571966847099e+15 5.86777887325103e+11 4.54875731095420e+17 5.63114102917180e+14 2.11743883789552e+09 1.39676193940808e+12 
5.00654241434044e-02 2.78375146676294e+02 2.78233751804333e+02 8.74898276398877e+19 4.64267907920816e+18 2.34306333067825e+16 1.71532473225210e+15 2.07864507768953e+15 1.45935674041252e+19 3.11864653485196e+15 4.49362741081517e+11 4.58698230606609e+14 1.64141900050446e+16 2.74321179831035e+10 3.25720433816342e+19 6.94042468556705e+15 5.74054436756617e+11 4.98281125275388e+17 5.66282163390124e+14 2.29274481666720e+09 1.54305492789332e+12 
5.44532271208987e-02 2.78379408282151e+02 2.78235535513842e+02 8.68908246269167e+19 4.83502567495171e+18 2.38310060903790e+16 1.70346421610374e+15 2.15340190384899e+15 1.54471725851423e+19 3.19846172439415e+15 4.75809726219878e+11 4.34999554448984e+14 1.71012022202546e+16 2.86330625148730e+10 3.25287223753197e+19 6.92552180393575e+15 5.62746055530416e+11 5.41613350543837e+17 5.69829778579659e+14 2.46641514143250e+09 1.69050184323240e+12 
5.88410300983929e-02 2.78383387697990e+02 2.78237203966921e+02 8.63386058376938e+19 5.00678155446851e+18 2.41882268151782e+16 1.69253030777352e+15 2.22052857131675e+15 1.62485946334851e+19 3.27331353641604e+15 5.00720382632854e+11 4.14875714899731e+14 1.77287671665505e+16 2.97277755198602e+10 3.24854765603791e+19 6.91098842454072e+15 5.52609588478532e+11 5.84869666068989e+17 5.73724089043663e+14 2.63836038806579e+09 1.83895073133165e+12 
6.32288330758872e-02 2.78387103782899e+02 2.78238764665018e+02 8.58295621844905e+19 5.16003616960340e+18 2.45067559893953e+16 1.68245149310167e+15 2.28098119923194e+15 1.70008470524525e+19 3.34349825131460e+15 5.24184886786397e+11 3.97620805272259e+14 1.83012062221734e+16 3.07279243371906e+10 3.24423084817545e+19 6.89680325689648e+15 5.43475862528052e+11 6.28047577717806e+17 5.77935883425899e+14 2.80878524966425e+09 1.98826274222786e+12 
7.28820202734388e-02 2.78394435224798e+02 2.78240224631340e+02 8.48461003131983e+19 5.44076048158098e+18 2.50898449729777e+16 1.66298005864113e+15 2.39415589356995e+15 1.84963243557987e+19 3.48280394820596e+15 5.71117019927542e+11 3.67066615874101e+14 1.93849437347079e+16 3.26433550526124e+10 3.23476231211100e+19 6.86672604454116e+15 5.26269798785689e+11 7.22752440548741e+17 5.88196847716801e+14 3.17968409945439e+09 2.31916006503504e+12 
8.25352074709904e-02 2.78400743342906e+02 2.78243112979552e+02 8.40247203958417e+19 5.65788663377038e+18 2.55407806393559e+16 1.64671852405580e+15 2.48569171386096e+15 1.97953676433868e+19 3.60358271842441e+15 6.12268035812809e+11 3.44010809105270e+14 2.02580324747467e+16 3.42366750770473e+10 3.22533469374828e+19 6.83804479579444e+15 5.12178288454550e+11 8.17045542439668e+17 5.99640277441573e+14 3.54540678855733e+09 2.65244052094733e+12 
9.21883946685421e-02 2.78406174040316e+02 2.78245607919857e+02 8.33389897363933e+19 5.82524778754138e+18 2.58887354167206e+16 1.63314348663161e+15 2.56061195109064e+15 2.09229930668969e+19 3.70826676482005e+15 6.48368188584281e+11 3.25954249391263e+14 2.09528347348359e+16 3.55734353632635e+10 3.21594986539016e+19 6.81058839605054e+15 5.00466607718767e+11 9.10908520633959e+17 6.12078684895450e+14 3.90796691917664e+09 2.98716713794919e+12 
1.01841581866094e-01 2.78410851544630e+02 2.78247764523374e+02 8.27670797818275e+19 5.95361659412559e+18 2.61563341465309e+16 1.62182275239393e+15 2.62248167503988e+15 2.19011623758988e+19 3.79897551224387e+15 6.80056289416039e+11 3.11491368655096e+14 2.14967345258278e+16 3.67036448906957e+10 3.20660940904651e+19 6.78420834821366e+15 4.90600495616897e+11 1.00432585698615e+18 6.25359900798186e+14 4.26814786869488e+09 3.32258873205998e+12 
1.11494769063645e-01 2.78414882197137e+02 2.78249629907053e+02 8.22908145523290e+19 6.05145902057178e+18 2.63612797484453e+16 1.61239647575645e+15 2.67391428674936e+15 2.27491701757841e+19 3.87755952793969e+15 7.07893435920294e+11 2.99848670787511e+14 2.19135176243769e+16 3.76659098799406e+10 3.19731464481913e+19 6.75877554675154e+15 4.82187214431734e+11 1.09728460619060e+18 6.39358301450290e+14 4.62563816338033e+09 3.65811525129506e+12 
1.23506972589193e-01 2.78419129970767e+02 2.78251244580143e+02 8.18092280453476e+19 6.14042268997748e+18 2.65493039158218e+16 1.60286678508410e+15 2.72630477911689e+15 2.36478053707413e+19 3.96081410941834e+15 7.37887892644787e+11 2.88257090551689e+14 2.22852981917090e+16 3.86732872811232e+10 3.18581390385293e+19 6.72828356016424e+15 4.73329542038105e+11 1.21230383442292e+18 6.57623148701818e+14 5.06773470922944e+09 4.07510043746748e+12 
1.35519176114741e-01 2.78422666616182e+02 2.78252955523497e+02 8.14279392069313e+19 6.20253233327984e+18 2.66827080088917e+16 1.59532425807654e+15 2.76869463004423e+15 2.43993391906688e+19 4.03047688903688e+15 7.63506566580576e+11 2.79016503471745e+14 2.25259635203816e+16 3.95112025390413e+10 3.17438744669294e+19 6.69889958060106e+15 4.65884315809135e+11 1.32657833950153e+18 6.76664831337393e+14 5.50774184121100e+09 4.49092379321221e+12 
1.47531379640289e-01 2.78425616411126e+02 2.78254389570826e+02 8.11273254975886e+19 6.24531210984406e+18 2.67769979035331e+16 1.58938044076688e+15 2.80333601734918e+15 2.50278329816969e+19 4.08881920695816e+15 7.85453663128946e+11 2.71574222094306e+14 2.26635789431429e+16 4.02132109769854e+10 3.16303676488538e+19 6.67046749413750e+15 4.59548464907049e+11 1.44009350604175e+18 6.96340105586496e+14 5.94578862753720e+09 4.90516846440563e+12 
1.59543583165837e-01 2.78428081422394e+02 2.78255594610660e+02 8.08917704035235e+19 6.27423046606674e+18 2.68433934469220e+16 1.58472613482983e+15 2.83186959676101e+15 2.55534756883592e+19 4.13773417236024e+15 8.04321652767692e+11 2.65518243019922e+14 2.27210935147516e+16 4.08053220360920e+10 3.15176304729160e+19 6.64285732880364e+15 4.54095867810760e+11 1.55283769573811e+18 7.16529143448870e+14 6.38202792414514e+09 5.31755294653384e+12 
1.71555786691384e-01 2.78430145931834e+02 2.78256610094664e+02 8.07087347722102e+19 6.29329666592412e+18 2.68900806369532e+16 1.58111303206609e+15 2.85554369155350e+15 2.59932419327200e+19 4.17880464621973e+15 8.20610216427994e+11 2.60539620509611e+14 2.27172387659686e+16 4.13078743083555e+10 3.14056723615269e+19 6.61596060666925e+15 4.49353064173149e+11 1.66480169665487e+18 7.37130295944634e+14 6.81667800269664e+09 5.72790245363702e+12 
1.94158380763467e-01 2.78433169054057e+02 2.78257468688686e+02 8.04745272631180e+19 6.31149315319797e+18 2.69428416508218e+16 1.57649970658252e+15 2.89003241568382e+15 2.66340010285361e+19 4.23908337104271e+15 8.45624848779536e+11 2.53349211204212e+14 2.25916590464885e+16 4.20631552416477e+10 3.11971434029304e+19 6.56699143974468e+15 4.41911836560638e+11 1.87333925517861e+18 7.76739961686334e+14 7.63067587546545e+09 6.49410039621592e+12 
2.16760974835549e-01 2.78435373013149e+02 2.78258746017026e+02 8.03409478814184e+19 6.31793412934989e+18 2.69726206975637e+16 1.57388272764974e+15 2.91543466586792e+15 2.70945403905177e+19 4.28304206189130e+15 8.65176012884259e+11 2.48155670617359e+14 2.23760725268864e+16 4.26359966511401e+10 3.09914316869750e+19 6.51976563470019e+15 4.35868989321191e+11 2.07905714619102e+18 8.17037443999611e+14 8.43926657335334e+09 7.25259256369894e+12 
2.39363568907632e-01 2.78437013043798e+02 2.78259700913189e+02 8.02735616280091e+19 6.31975763221310e+18 2.69936565029259e+16 1.57257958253876e+15 2.93476947367744e+15 2.74292498201879e+19 4.31566186771877e+15 8.80890277249693e+11 2.44327049541019e+14 2.21211587219140e+16 4.30810900624852e+10 3.07885521356943e+19 6.47394276646717e+15 4.30791992695077e+11 2.28194116199795e+18 8.57649048543703e+14 9.24094403622900e+09 8.00359436897324e+12 
2.61966162979715e-01 2.78438259389882e+02 2.78260433130951e+02 8.02506177468260e+19 6.32007155414990e+18 2.70120355710642e+16 1.57215883559244e+15 2.94989580724817e+15 2.76753083275617e+19 4.34031391515979e+15 8.93884459790422e+11 2.41422245519171e+14 2.18569507606878e+16 4.34358160841126e+10 3.05885036416975e+19 6.42928933315319e+15 4.26392868953675e+11 2.48199290942377e+18 8.98308943624031e+14 1.00354375705236e+10 8.74729760092677e+12 
2.84568757051797e-01 2.78439228591497e+02 2.78261009360627e+02 8.02577971375710e+19 6.32023100634556e+18 2.70303300678807e+16 1.57233629561830e+15 2.96209663527797e+15 2.78585954934495e+19 4.35933000230749e+15 9.04940130920084e+11 2.39144541320985e+14 2.16003654183193e+16 4.37260718930698e+10 3.03912748383322e+19 6.38564162018401e+15 4.22476387774028e+11 2.67922411175256e+18 9.38824231664012e+14 1.08227217115818e+10 9.48388000729008e+12 
3.22709089870946e-01 2.78440439475430e+02 2.78261475342564e+02 8.03138222876032e+19 6.32163569913836e+18 2.70636835355467e+16 1.57350783861276e+15 2.97827464057049e+15 2.80713473444332e+19 4.38274945762657e+15 9.20586731084761e+11 2.36284616917715e+14 2.12051586709788e+16 4.41151890700547e+10 3.00647998417988e+19 6.31397236385966e+15 4.16630744822420e+11 3.00570186011867e+18 1.00651905002737e+15 1.21323619992595e+10 1.07110171488992e+13 
3.60849422690096e-01 2.78441348370657e+02 2.78262091790168e+02 8.03977335921169e+19 6.32558862136339e+18 2.71020229499166e+16 1.57523320312380e+15 2.99135559309452e+15 2.82151833074515e+19 4.39997418964009e+15 9.34069197608680e+11 2.34101996103124e+14 2.08746215750844e+16 4.44293187909663e+10 2.97461764216692e+19 6.24445262886622e+15 4.11372411453708e+11 3.32432720538686e+18 1.07290948201330e+15 1.34180855614975e+10 1.19191588333316e+13 
3.98989755509245e-01 2.78442095994768e+02 2.78262586059063e+02 8.04938430050160e+19 6.33161497783512e+18 2.71441319989627e+16 1.57720049035364e+15 3.00273268625238e+15 2.83225874572710e+19 4.41389506581827e+15 9.46393643308679e+11 2.32302934254669e+14 2.06062045599983e+16 4.47013510285622e+10 2.94352517374949e+19 6.17685192276648e+15 4.06478237266909e+11 3.63525350790749e+18 1.13770586069929e+15 1.46777616405399e+10 1.31087818503513e+13 
4.37130088328394e-01 2.78442747277016e+02 2.78263013730504e+02 8.05955085983335e+19 6.33879286316309e+18 2.71880298227101e+16 1.57927745457174e+15 3.01303086851997e+15 2.84088981952821e+19 4.42586347546317e+15 9.58035191207788e+11 2.30732666610798e+14 2.03878065614371e+16 4.49476226324094e+10 2.91318532689001e+19 6.11103849242784e+15 4.01837490938200e+11 3.93865352741589e+18 1.20080064140257e+15 1.59111596542633e+10 1.42799310660337e+13 
4.75270421147543e-01 2.78443335933043e+02 2.78263400507091e+02 8.06994369231555e+19 6.34651499460514e+18 2.72324355539228e+16 1.58139848383054e+15 3.02260494269566e+15 2.84821332058309e+19 4.43658444432037e+15 9.69243675852845e+11 2.29303977607788e+14 2.02071084973076e+16 4.51768351080214e+10 2.88358032062396e+19 6.04692341239998e+15 3.97387820785405e+11 4.23470518358681e+18 1.26217290157891e+15 1.71187371216706e+10 1.54324783386058e+13 
5.52278942174851e-01 2.78444404593729e+02 2.78263759769220e+02 8.09090727182266e+19 6.36295264738178e+18 2.73219278242951e+16 1.58567402685575e+15 3.04036281593872e+15 2.86068127498664e+19 4.45590872776443e+15 9.91057557200495e+11 2.26801997998926e+14 1.99261627000160e+16 4.56052279146100e+10 2.82597065333255e+19 5.92237640117086e+15 3.88893577595094e+11 4.81080546920120e+18 1.38084260797064e+15 1.94725227843225e+10 1.77032235182315e+13 
6.29287463202158e-01 2.78445394647687e+02 2.78264429583716e+02 8.11108335029234e+19 6.37924171050345e+18 2.74085660666298e+16 1.58978881517264e+15 3.05696904079370e+15 2.87195791249458e+19 4.47382439008354e+15 1.01240262182974e+12 2.24455645941218e+14 1.97106587799352e+16 4.60085995849991e+10 2.77113772340326e+19 5.80400889323698e+15 3.80859344751112e+11 5.35913908580043e+18 1.49270391325247e+15 2.17258024899658e+10 1.98978462765676e+13 
7.06295984229466e-01 2.78446331362475e+02 2.78265057870505e+02 8.13030017449580e+19 6.39492074370861e+18 2.74915013448154e+16 1.59370870039911e+15 3.07256511174336e+15 2.88263141322949e+19 4.49086311065212e+15 1.03341550734242e+12 2.22386005171011e+14 1.95315095398675e+16 4.63937713550522e+10 2.71893799069887e+19 5.69145972372722e+15 3.73288573899243e+11 5.88114155460808e+18 1.59799649135972e+15 2.38698052316172e+10 2.20180670906640e+13 
7.83304505256773e-01 2.78447215259643e+02 2.78265655083162e+02 8.14864889694651e+19 6.40994589512620e+18 2.75707711417427e+16 1.59745193602880e+15 3.08726253550327e+15 2.89266707942645e+19 4.50700687570794e+15 1.05409039813899e+12 2.20419845287793e+14 1.93748386556187e+16 4.67610356018336e+10 2.66923679747698e+19 5.58442186494006e+15 3.66096783301172e+11 6.37815914129139e+18 1.69734052191474e+15 2.59208897186540e+10 2.40625637278070e+13 
8.60313026284081e-01 2.78448049009683e+02 2.78266221782397e+02 8.16618124613025e+19 6.42433430556734e+18 2.76465195958723e+16 1.60102894524907e+15 3.10122765405845e+15 2.90208361105164e+19 4.52228454576851e+15 1.07439129420758e+12 2.18528556300254e+14 1.92325559842348e+16 4.71109556330895e+10 2.62191094985256e+19 5.48261345308429e+15 3.59262108839402e+11 6.85142373757724e+18 1.79106344234854e+15 2.78863495458850e+10 2.60328763850296e+13 
1.00432761224250e+00 2.78449494466180e+02 2.78266759363080e+02 8.19683364003085e+19 6.44952124940142e+18 2.77791364435202e+16 1.60728398622489e+15 3.12531744361270e+15 2.91843485932925e+19 4.54894981482729e+15 1.11145424931114e+12 2.15414844731964e+14 1.89959811932645e+16 4.77249574548252e+10 2.53927164903214e+19 5.30509049461987e+15 3.47418370103291e+11 7.67782919437185e+18 1.95265215770297e+15 3.13240815945751e+10 2.95270331149389e+13 
1.14834219820093e+00 2.78450804411398e+02 2.78267696533166e+02 8.22485380107324e+19 6.47254880897200e+18 2.79005388966358e+16 1.61300331396621e+15 3.14697267537853e+15 2.93329981362473e+19 4.57331715565496e+15 1.14727111474874e+12 2.12728448344726e+14 1.87937372774073e+16 4.82893851095869e+10 2.46380611606298e+19 5.14325497352804e+15 3.36685504188879e+11 8.43249771230513e+18 2.09806034722186e+15 3.44728129305389e+10 3.27739092100780e+13 
1.29235678415935e+00 2.78451994282218e+02 2.78268551219394e+02 8.25045621255131e+19 6.49358239461571e+18 2.80116190438724e+16 1.61823037884712e+15 3.16667377127998e+15 2.94684112412371e+19 4.59560390641476e+15 1.18177712882635e+12 2.10254511434025e+14 1.86145971775674e+16 4.88082591577943e+10 2.39489287823381e+19 4.99570109994208e+15 3.26892691588055e+11 9.12164355153858e+18 2.22915159596440e+15 3.73718894082633e+10 3.57825505337218e+13 
1.43637137011777e+00 2.78453074823235e+02 2.78269331534397e+02 8.27386090674770e+19 6.51280278070012e+18 2.81132693637545e+16 1.62300974670418e+15 3.18449547526551e+15 2.95917049690008e+19 4.61597922155377e+15 1.21487579808896e+12 2.08097715167181e+14 1.84555707104606e+16 4.92848756923117e+10 2.33194481082476e+19 4.86111176101311e+15 3.18006815208784e+11 9.75113791385325e+18 2.34727186255076e+15 4.00275747692216e+10 3.85697447768234e+13 
1.69457631703490e+00 2.78454776452962e+02 2.78270043729662e+02 8.31103577692375e+19 6.54332422947689e+18 2.82749485262469e+16 1.63060301998817e+15 3.21241777453592e+15 2.97865087010212e+19 4.64834050934340e+15 1.27085574838547e+12 2.04822178370985e+14 1.82144588443782e+16 5.00463833425695e+10 2.23206215656482e+19 4.64792532430014e+15 3.03988201561159e+11 1.07499883490545e+19 2.53208799502868e+15 4.42610156355705e+10 4.30573408229576e+13 
1.95278126395202e+00 2.78456213377223e+02 2.78271172423523e+02 8.34270569447124e+19 6.56932391986258e+18 2.84129176093398e+16 1.63707376474010e+15 3.23597871312696e+15 2.99515099585454e+19 4.67591242332803e+15 1.32216583990826e+12 2.02086790474613e+14 1.80170030107280e+16 5.06995416294800e+10 2.14706390036152e+19 4.46686971667282e+15 2.92098699190455e+11 1.15999935100718e+19 2.68666994041898e+15 4.78942572302725e+10 4.69402995298771e+13 
2.21098621086915e+00 2.78457427889392e+02 2.78272132074236e+02 8.36967772990087e+19 6.59146459420854e+18 2.85305778607960e+16 1.64258594665669e+15 3.25584175731366e+15 3.00914095536404e+19 4.69939857564331e+15 1.36869106714855e+12 1.99842721210537e+14 1.78544228211298e+16 5.12588146009233e+10 2.07473548619841e+19 4.31304564319543e+15 2.82028376152969e+11 1.23232983308597e+19 2.81647893918436e+15 5.10008130996861e+10 5.02844142276935e+13 
2.46919115778627e+00 2.78458456123847e+02 2.78272947966255e+02 8.39265803091871e+19 6.61032593737425e+18 2.86309559858651e+16 1.64728341216247e+15 3.27261964072356e+15 3.02101449696641e+19 4.71941745694684e+15 1.41066756845389e+12 1.97981165949895e+14 1.77200658899321e+16 5.17378620752263e+10 2.01315654912443e+19 4.18228124173567e+15 2.73481780212879e+11 1.29391065021180e+19 2.92556991546761e+15 5.36607210951444e+10 5.31648553023027e+13 
2.86381300623183e+00 2.78459728973466e+02 2.78273642133873e+02 8.42130977029619e+19 6.63383879872249e+18 2.87562813859319e+16 1.65314161234500e+15 3.29333576714121e+15 3.03575455928826e+19 4.74438611438923e+15 1.46650200823712e+12 1.95733542158300e+14 1.75584160362901e+16 5.23385013190760e+10 1.93644289503936e+19 4.01964197367172e+15 2.62876613796402e+11 1.37062679871672e+19 3.05964425794867e+15 5.69924590341704e+10 5.67943265461126e+13 
3.25843485467740e+00 2.78460718654626e+02 2.78274506014233e+02 8.44373556456432e+19 6.65224039420923e+18 2.88544988546934e+16 1.65772784858199e+15 3.30941217787776e+15 3.04724708300878e+19 4.76393629448962e+15 1.51296130599981e+12 1.94023010533012e+14 1.74359735711716e+16 5.28110176113534e+10 1.87644262288323e+19 3.89262288879609e+15 2.54608904037608e+11 1.43062912855823e+19 3.16322432091740e+15 5.96117481084845e+10 5.96617489044984e+13 
3.65305670312296e+00 2.78461492482113e+02 2.78275181133486e+02 8.46133698110848e+19 6.66668335323942e+18 2.89316507023049e+16 1.66132794470242e+15 3.32198176923020e+15 3.05624887519888e+19 4.77928670898385e+15 1.55111799344075e+12 1.92694592120418e+14 1.73413770923269e+16 5.31830235906056e+10 1.82936790091682e+19 3.79305208982828e+15 2.48124526616914e+11 1.47770550778359e+19 3.24396647929869e+15 6.16757955925693e+10 6.19215216008501e+13 
4.04767855156852e+00 2.78462098119393e+02 2.78275710850627e+02 8.47517202114501e+19 6.67803449766666e+18 2.89923517821436e+16 1.66415813792220e+15 3.33180522672008e+15 3.06330872099202e+19 4.79135980851225e+15 1.58241520966531e+12 1.91672374416989e+14 1.72682420163455e+16 5.34765578315825e+10 1.79238190276142e+19 3.71490306233077e+15 2.43042706956937e+11 1.51469285574637e+19 3.30683235354779e+15 6.33030531184655e+10 6.37097885517499e+13 
4.44230040001408e+00 2.78462572533443e+02 2.78276126770250e+02 8.48604547237913e+19 6.68695526302793e+18 2.90400867059924e+16 1.66638271964951e+15 3.33949083059947e+15 3.06884542303582e+19 4.80084859132738e+15 1.60784000000679e+12 1.90879950215342e+14 1.72118451435532e+16 5.37077916081199e+10 1.76332493952866e+19 3.65355078355697e+15 2.39056199708616e+11 1.54375090321192e+19 3.35593389034035e+15 6.45846926375067e+10 6.51209310025331e+13 
5.09733750001013e+00 2.78463141159485e+02 2.78276453379283e+02 8.49911518862180e+19 6.69767792865875e+18 2.90975006472681e+16 1.66905691148807e+15 3.34869973145826e+15 3.07548991180488e+19 4.81225769185272e+15 1.63938735949500e+12 1.89937114871524e+14 1.71449984785614e+16 5.39864060996715e+10 1.72840916674118e+19 3.57987801987036e+15 2.34268937159825e+11 1.57866800466183e+19 3.41462164194575e+15 6.61294565267643e+10 6.68227606474705e+13 
5.75237460000617e+00 2.78463521116317e+02 2.78276845739879e+02 8.50787043634438e+19 6.70486059092501e+18 2.91359843548611e+16 1.67084849143020e+15 3.35484981226764e+15 3.07993545474291e+19 4.81990371981096e+15 1.66114760108817e+12 1.89312290790498e+14 1.71006509738662e+16 5.41734746831731e+10 1.70502495533194e+19 3.53056750776540e+15 2.31065853692910e+11 1.60205312228560e+19 3.45372850030699e+15 6.71665663576131e+10 6.79666285956803e+13 
6.40741170000221e+00 2.78463776905070e+02 2.78277108456938e+02 8.51377582748595e+19 6.70970498625486e+18 2.91619505298927e+16 1.67205698170483e+15 3.35898681680770e+15 3.08293064195857e+19 4.82506147428798e+15 1.67614857333801e+12 1.88894732362865e+14 1.70710055467897e+16 5.42998321402430e+10 1.68925566306337e+19 3.49732848237749e+15 2.28908304236626e+11 1.61782303360834e+19 3.48000500275525e+15 6.78668111850840e+10 6.87401674858862e+13 
7.06244879999826e+00 2.78463949303940e+02 2.78277285576610e+02 8.51776138889263e+19 6.71297448359930e+18 2.91794792376696e+16 1.67287262808707e+15 3.36177418096170e+15 3.08495031428577e+19 4.82854239305931e+15 1.68636390457459e+12 1.88614532617965e+14 1.70511749424841e+16 5.43851888793368e+10 1.67861466426995e+19 3.47490541292035e+15 2.27453361179055e+11 1.62846445383213e+19 3.49769179721186e+15 6.83397596866494e+10 6.92631516364236e+13 
7.71748589999430e+00 2.78464065081372e+02 2.78277405072233e+02 8.52044017101022e+19 6.71517197855989e+18 2.91912627116506e+16 1.67342085731674e+15 3.36364576337319e+15 3.08630716847110e+19 4.83088218184411e+15 1.69325421601739e+12 1.88426891684111e+14 1.70379052574937e+16 5.44425975812016e+10 1.67146321273314e+19 3.45983850511957e+15 2.26475927129641e+11 1.63561619023316e+19 3.50955881544674e+15 6.86578190559624e+10 6.96150670679702e+13 
8.83304319094412e+00 2.78464177794338e+02 2.78277485373429e+02 8.52304858837322e+19 6.71731180456669e+18 2.92027394223804e+16 1.67395470172864e+15 3.36546866074816e+15 3.08762843714003e+19 4.83316135458999e+15 1.70015540266092e+12 1.88243592227416e+14 1.70249508269752e+16 5.44985371366273e+10 1.66449955384970e+19 3.44516935095371e+15 2.25522819349223e+11 1.64258012638719e+19 3.52111358951718e+15 6.89681622509885e+10 6.99573886984939e+13 
9.94860048189394e+00 2.78464235288767e+02 2.78277563577236e+02 8.52437941170128e+19 6.71840353095230e+18 2.92085957351214e+16 1.67422707617977e+15 3.36639867301966e+15 3.08830261981331e+19 4.83432452506559e+15 1.70374378587441e+12 1.88150081069098e+14 1.70183159146736e+16 5.45270930352017e+10 1.66094661520842e+19 3.43768579379681e+15 2.25036390736919e+11 1.64613320680849e+19 3.52700498913117e+15 6.91266308945806e+10 7.01320828626079e+13 
1.10641577728438e+01 2.78464266580350e+02 2.78277603480457e+02 8.52510466809674e+19 6.71899843922785e+18 2.92117866525543e+16 1.67437551066095e+15 3.36690400212217e+15 3.08866959312897e+19 4.83495795164142e+15 1.70559825064418e+12 1.88099853110708e+14 1.70147581429568e+16 5.45426514365644e+10 1.65901080318761e+19 3.43360866198044e+15 2.24772347708420e+11 1.64806909689513e+19 3.53020607441537e+15 6.92127185835071e+10 7.02276541756132e+13 
1.21797150637936e+01 2.78464283639023e+02 2.78277625209946e+02 8.52550067461851e+19 6.71932324297735e+18 2.92135284379154e+16 1.67445655802009e+15 3.36717894539028e+15 3.08886965914462e+19 4.83530344957142e+15 1.70653692172179e+12 1.88072917653167e+14 1.70128597274688e+16 5.45511426852186e+10 1.65795410813191e+19 3.43138321975396e+15 2.24628914165672e+11 1.64912583517612e+19 3.53194690100255e+15 6.92595160133263e+10 7.02801186473781e+13 
1.32952723547434e+01 2.78464292296238e+02 2.78277637062863e+02 8.52570179725136e+19 6.71948819271954e+18 2.92144129201696e+16 1.67449771982244e+15 3.36731834658246e+15 3.08897120042390e+19 4.83547883820680e+15 1.70701398699065e+12 1.88059358179463e+14 1.70119035193617e+16 5.45554544567062e+10 1.65741750442270e+19 3.43025314959775e+15 2.24556252255596e+11 1.64966246100867e+19 3.53282906380298e+15 6.92832305165608e+10 7.03068434333924e+13 
1.57198177281471e+01 2.78464300230129e+02 2.78277643079901e+02 8.52588672898307e+19 6.71963981337409e+18 2.92152254052727e+16 1.67453556522997e+15 3.36744542965192e+15 3.08906427232991e+19 4.83563968585682e+15 1.70735909718493e+12 1.88047492323392e+14 1.70110642611928e+16 5.45594121811810e+10 1.65692439300795e+19 3.42921461508288e+15 2.24490382003434e+11 1.65015559341978e+19 3.53363279579139e+15 6.93047482872663e+10 7.03317497050832e+13 
1.81443631015508e+01 2.78464300835315e+02 2.78277648600491e+02 8.52590061480204e+19 6.71965121780655e+18 2.92152866911584e+16 1.67453840784898e+15 3.36745536363784e+15 3.08907135879433e+19 4.83565190570280e+15 1.70740231513435e+12 1.88046380658635e+14 1.70109897318919e+16 5.45597114834008e+10 1.65688726947742e+19 3.42913643398992e+15 2.24485089005293e+11 1.65019271826167e+19 3.53369617771760e+15 6.93064699122140e+10 7.03334853832824e+13 
2.05689084749544e+01 2.78464300348224e+02 2.78277649019339e+02 8.52588895434734e+19 6.71964168044078e+18 2.92152358463973e+16 1.67453602292542e+15 3.36744789681406e+15 3.08906564322899e+19 4.83564197681491e+15 1.70743466465817e+12 1.88046835450994e+14 1.70110203578066e+16 5.45594655004119e+10 1.65691821140103e+19 3.42920163159258e+15 2.24488787412107e+11 1.65016177471964e+19 3.53364891436829e+15 6.93052508708604e+10 7.03317612561038e+13 
2.29934538483581e+01 2.78464300229188e+02 2.78277648677334e+02 8.52588445457378e+19 6.71963804027426e+18 2.92152147933938e+16 1.67453509068227e+15 3.36744671350973e+15 3.08906395889329e+19 4.83563805750056e+15 1.70744246473666e+12 1.88046362613679e+14 1.70109874081208e+16 5.45593413764308e+10 1.65692963472699e+19 3.42922342691904e+15 2.24489712489901e+11 1.65015034939597e+19 3.53364855020418e+15 6.93046741262158e+10 7.03307097807762e+13 
4.72389075823949e+01 2.78464300303266e+02 2.78277648575909e+02 8.52588766047243e+19 6.71964063874916e+18 2.92152304830764e+16 1.67453575935530e+15 3.36744749956189e+15 3.08906511517797e+19 4.83564102582353e+15 1.70746464577374e+12 1.88046661610461e+14 1.70110061505576e+16 5.45594412170432e+10 1.65692153791127e+19 3.42920870239321e+15 2.24488861144564e+11 1.65015844797864e+19 3.53364571097197e+15 6.93052162238461e+10 7.03314682786560e+13 
7.14843613164316e+01 2.78464300335138e+02 2.78277648643601e+02 8.52588840072907e+19 6.71964124848656e+18 2.92152339256295e+16 1.67453591175692e+15 3.36744799999782e+15 3.08906550553662e+19 4.83564173897088e+15 1.70747368380951e+12 1.88046599031759e+14 1.70110021590676e+16 5.45594591401733e+10 1.65691954592873e+19 3.42920459324866e+15 2.24488523827954e+11 1.65016043995444e+19 3.53364968253974e+15 6.93053425524129e+10 7.03315232601896e+13 
9.57298150504684e+01 2.78464300338502e+02 2.78277648665834e+02 8.52588848504738e+19 6.71964131424160e+18 2.92152341587454e+16 1.67453592826089e+15 3.36744800650023e+15 3.08906553430894e+19 4.83564176286064e+15 1.70747212337805e+12 1.88046628308838e+14 1.70110042744558e+16 5.45594590551365e+10 1.65691933528342e+19 3.42920405614852e+15 2.24488567788146e+11 1.65016065060893e+19 3.53364982253431e+15 6.93053202144965e+10 7.03315618490201e+13 
1.95729815050468e+02 2.78464300339082e+02 2.78277648668179e+02 8.52588846358996e+19 6.71964129744752e+18 2.92152340292858e+16 1.67453592361430e+15 3.36744803307821e+15 3.08906553490129e+19 4.83564174103389e+15 1.70746829975874e+12 1.88046615625303e+14 1.70110033729733e+16 5.45594579799356e+10 1.65691938155062e+19 3.42920410672328e+15 2.24488566914861e+11 1.65016060429278e+19 3.53365010901824e+15 6.93053139926342e+10 7.03315495512758e+13 
2.95729815050468e+02 2.78464300338980e+02 2.78277648668202e+02 8.52588846269871e+19 6.71964129669033e+18 2.92152340243614e+16 1.67453592343169e+15 3.36744803214049e+15 3.08906553366035e+19 4.83564173939535e+15 1.70746749490118e+12 1.88046616029647e+14 1.70110034015849e+16 5.45594579602980e+10 1.65691938481514e+19 3.42920411460341e+15 2.24488568069866e+11 1.65016060103559e+19 3.53365007404500e+15 6.93053136474736e+10 7.03315506007261e+13 
3.95729815050468e+02 2.78464300338938e+02 2.78277648668146e+02 8.52588846038355e+19 6.71964129490688e+18 2.92152340165696e+16 1.67453592296799e+15 3.36744803290010e+15 3.08906553321388e+19 4.83564173854827e+15 1.70746801715208e+12 1.88046614762090e+14 1.70110033090555e+16 5.45594579365954e+10 1.65691939026349e+19 3.42920412680194e+15 2.24488566577788e+11 1.65016059559014e+19 3.53365008058281e+15 6.93053141358726e+10 7.03315493795146e+13 
4.95729815050468e+02 2.78464300338945e+02 2.78277648668103e+02 8.52588846079024e+19 6.71964129521415e+18 2.92152340180444e+16 1.67453592304943e+15 3.36744803230856e+15 3.08906553330839e+19 4.83564173874845e+15 1.70746844943650e+12 1.88046615043010e+14 1.70110033293070e+16 5.45594579404878e+10 1.65691938928938e+19 3.42920412454818e+15 2.24488566848431e+11 1.65016059656470e+19 3.53365008030744e+15 6.93053140621748e+10 7.03315495910172e+13 
5.95729815050468e+02 2.78464300338935e+02 2.78277648668111e+02 8.52588846049190e+19 6.71964129498375e+18 2.92152340169654e+16 1.67453592298979e+15 3.36744803239536e+15 3.08906553319380e+19 4.83564173857457e+15 1.70746853044776e+12 1.88046614884896e+14 1.70110033179224e+16 5.45594579379231e+10 1.65691939005438e+19 3.42920412636685e+15 2.24488566705908e+11 1.65016059579889e+19 3.53365007869530e+15 6.93053141047576e+10 7.03315495149529e+13 
6.95729815050468e+02 2.78464300338939e+02 2.78277648668103e+02 8.52588846059226e+19 6.71964129506160e+18 2.92152340173323e+16 1.67453592300988e+15 3.36744803239758e+15 3.08906553323940e+19 4.83564173863875e+15 1.70746846687742e+12 1.88046614935019e+14 1.70110033215006e+16 5.45594579388448e+10 1.65691938979165e+19 3.42920412574035e+15 2.24488566750207e+11 1.65016059606106e+19 3.53365007954255e+15 6.93053140908134e+10 7.03315495255736e+13 
7.95729815050468e+02 2.78464300338938e+02 2.78277648668106e+02 8.52588846055835e+19 6.71964129503600e+18 2.92152340172159e+16 1.67453592300313e+15 3.36744803244187e+15 3.08906553322003e+19 4.83564173861610e+15 1.70746841830471e+12 1.88046614913679e+14 1.70110033200004e+16 5.45594579386703e+10 1.65691938988229e+19 3.42920412596872e+15 2.24488566728252e+11 1.65016059597037e+19 3.53365007908890e+15 6.93053140995811e+10 7.03315495278626e+13 
8.95729815050468e+02 2.78464300338938e+02 2.78277648668105e+02 8.52588846057331e+19 6.71964129504760e+18 2.92152340172709e+16 1.67453592300612e+15 3.36744803244240e+15 3.08906553322883e+19 4.83564173862721e+15 1.70746841039003e+12 1.88046614921029e+14 1.70110033205166e+16 5.45594579387959e+10 1.65691938984023e+19 3.42920412586666e+15 2.24488566734396e+11 1.65016059601255e+19 3.53365007929994e+15 6.93053140974383e+10 7.03315495256967e+13 
1.00000000000000e+03 2.78464300338938e+02 2.78277648668105e+02 8.52588846056796e+19 6.71964129504336e+18 2.92152340172503e+16 1.67453592300504e+15 3.36744803243646e+15 3.08906553322586e+19 4.83564173862315e+15 1.70746842170396e+12 1.88046614919037e+14 1.70110033203757e+16 5.45594579387351e+10 1.65691938985478e+19 3.42920412590095e+15 2.24488566733165e+11 1.65016059599804e+19 3.53365007923245e+15 6.93053140977130e+10 7.03315495264349e+13 
