Time(s)              GasTemp(K)           NearWallTemp(K)      [O2(X)](m^-3)        [O2(a1Dg)](m^-3)     [O2(b1Sg+)](m^-3)    [O2(A3Su+_C3Du_c1Su-)](m^-3) [O2(+,X)](m^-3)      [O(3P)](m^-3)        [O(1D)](m^-3)        [O(+,gnd)](m^-3)     [O(-,gnd)](m^-3)     [O3(X)](m^-3)        [O3(exc)](m^-3)      [CO2(X)](m^-3)       [CO2(e1)](m^-3)      [CO2(+,X)](m^-3)     [CO(X)](m^-3)        [CO(a3P)](m^-3)      [CO(+,X)](m^-3)      [C(X)](m^-3)        
0.00000000000000e+00 3.82335434000000e+02 3.36033445300000e+02 2.39056319461278e+22 2.39056319461278e-03 2.39056319461278e-03 2.39056319461278e-03 0.00000000000000e+00 0.00000000000000e+00 0.00000000000000e+00 0.00000000000000e+00 0.00000000000000e+00 0.00000000000000e+00 0.00000000000000e+00 0.00000000000000e+00 0.00000000000000e+00 0.00000000000000e+00 0.00000000000000e+00 0.00000000000000e+00 0.00000000000000e+00 0.00000000000000e+00 
1.11250646091846e-16 3.82335433999992e+02 3.45709847688516e+02 2.39056319461278e+22 1.19259490175849e+07 2.82562149053573e+06 3.74158984814812e+06 2.42367776331324e+02 9.86376231349612e+06 1.50309396076677e+06 5.60008300995127e-03 4.81262194096083e+05 1.08016877636895e-06 1.28523676073632e-10 0.00000000000000e+00 0.00000000000000e+00 0.00000000000000e+00 0.00000000000000e+00 0.00000000000000e+00 0.00000000000000e+00 0.00000000000000e+00 
2.22501292183692e-16 3.82335433999984e+02 3.45709847688511e+02 2.39056319461277e+22 2.38518980327847e+07 5.65124297879974e+06 7.48317969390286e+06 4.84735552662645e+02 1.97275246271478e+07 3.00618792137796e+06 1.12001660196633e-02 9.62524388190913e+05 3.40914027309428e-06 4.05635905922181e-10 0.00000000000000e+00 0.00000000000000e+00 0.00000000000000e+00 0.00000000000000e+00 0.00000000000000e+00 0.00000000000000e+00 0.00000000000000e+00 
3.33751938275539e-16 3.82335433999976e+02 3.45709847688506e+02 2.39056319461277e+22 3.57778470479901e+07 8.47686446718511e+06 1.12247695396547e+07 7.27103328993962e+02 2.95912869409583e+07 4.50928188183031e+06 1.68002490291312e-02 1.44378658228446e+06 7.01324130843292e-06 8.34469181003189e-10 0.00000000000000e+00 0.00000000000000e+00 0.00000000000000e+00 0.00000000000000e+00 0.00000000000000e+00 0.00000000000000e+00 0.00000000000000e+00 
8.19143398390614e-16 3.82335433999941e+02 3.45709847688501e+02 2.39056319461276e+22 8.78112869344982e+07 2.08051752528592e+07 2.75494905383837e+07 1.78456459300472e+03 7.26273155854013e+07 1.10673469141792e+07 4.12336574085344e-02 3.54355469414643e+06 3.66607335413666e-05 4.36207039637872e-09 0.00000000000000e+00 0.00000000000000e+00 0.00000000000000e+00 0.00000000000000e+00 0.00000000000000e+00 0.00000000000000e+00 0.00000000000000e+00 
1.30453485850569e-15 3.82335433999905e+02 3.45709847688480e+02 2.39056319461275e+22 1.39844726821111e+08 3.31334860408013e+07 4.38742115370589e+07 2.84202585701542e+03 1.15663344232813e+08 1.76254119435593e+07 6.56670657833729e-02 5.64332280598448e+06 9.01394840076944e-05 1.07252293329326e-08 0.00000000000000e+00 0.00000000000000e+00 0.00000000000000e+00 0.00000000000000e+00 0.00000000000000e+00 0.00000000000000e+00 0.00000000000000e+00 
1.78992631862076e-15 3.82335433999870e+02 3.45709847688458e+02 2.39056319461274e+22 1.91878166707829e+08 4.54617968310473e+07 6.01989325356793e+07 3.89948712102604e+03 1.58699372883240e+08 2.41834769699236e+07 9.01004741535747e-02 7.74309091779825e+06 1.67825859012034e-04 1.99687278639429e-08 0.00000000000000e+00 0.00000000000000e+00 0.00000000000000e+00 0.00000000000000e+00 0.00000000000000e+00 0.00000000000000e+00 0.00000000000000e+00 
2.27531777873584e-15 3.82335433999835e+02 3.45709847688437e+02 2.39056319461273e+22 2.43911606594654e+08 5.77901076236097e+07 7.65236535342448e+07 4.95694838503660e+03 2.01735401536699e+08 3.07415419932558e+07 1.14533882519114e-01 9.84285902958760e+06 2.69852685694207e-04 3.21083704015721e-08 0.00000000000000e+00 0.00000000000000e+00 0.00000000000000e+00 0.00000000000000e+00 0.00000000000000e+00 0.00000000000000e+00 0.00000000000000e+00 
3.71588112893621e-15 3.82335433999730e+02 3.45709847688415e+02 2.39056319461270e+22 3.98338440697481e+08 9.43785401849560e+07 1.24972785224875e+08 8.09532239109930e+03 3.29459374287116e+08 5.02048183144477e+07 1.87048286852042e-01 1.60746311851508e+07 7.16143091199190e-04 8.52101492917519e-08 0.00000000000000e+00 0.00000000000000e+00 0.00000000000000e+00 0.00000000000000e+00 0.00000000000000e+00 0.00000000000000e+00 0.00000000000000e+00 
5.15644447913658e-15 3.82335433999625e+02 3.45709847688351e+02 2.39056319461267e+22 5.52765274801247e+08 1.30966972766727e+08 1.73421916915020e+08 1.12336963971614e+04 4.57183347064266e+08 6.96680946089035e+07 2.59562691143862e-01 2.23064033404987e+07 1.37705017413874e-03 1.63848052675586e-07 0.00000000000000e+00 0.00000000000000e+00 0.00000000000000e+00 0.00000000000000e+00 0.00000000000000e+00 0.00000000000000e+00 0.00000000000000e+00 
6.59700782933695e-15 3.82335433999520e+02 3.45709847688287e+02 2.39056319461264e+22 7.07192108905954e+08 1.67555405368925e+08 2.21871048604680e+08 1.43720704032229e+04 5.84907319868152e+08 8.91313708766223e+07 3.32077095394573e-01 2.85381754956313e+07 2.25258060829411e-03 2.68022874637666e-07 0.00000000000000e+00 0.00000000000000e+00 0.00000000000000e+00 0.00000000000000e+00 0.00000000000000e+00 0.00000000000000e+00 0.00000000000000e+00 
8.03757117953732e-15 3.82335433999416e+02 3.45709847688223e+02 2.39056319461260e+22 8.61618943011600e+08 2.04143837991548e+08 2.70320180293855e+08 1.75104444092838e+04 7.12631292698774e+08 1.08594647117604e+08 4.04591499604175e-01 3.47699476505486e+07 3.34273287789313e-03 3.97734434830312e-07 0.00000000000000e+00 0.00000000000000e+00 0.00000000000000e+00 0.00000000000000e+00 0.00000000000000e+00 0.00000000000000e+00 0.00000000000000e+00 
2.24432046815410e-14 3.82335433998369e+02 3.45709847688158e+02 2.39056319461229e+22 2.40588728411977e+09 5.70028165341186e+08 7.54811497158935e+08 4.88941844698592e+04 1.98987102247541e+09 3.03227408056916e+08 1.12973553943923e+00 9.70876691878793e+07 2.60483276364957e-02 3.09935530609940e-06 0.00000000000000e+00 0.00000000000000e+00 0.00000000000000e+00 0.00000000000000e+00 0.00000000000000e+00 0.00000000000000e+00 0.00000000000000e+00 
3.68488381835447e-14 3.82335433997322e+02 3.45709847687517e+02 2.39056319461197e+22 3.95015562532194e+09 9.35912494733385e+08 1.23930281397552e+09 8.02779245303741e+04 3.26711075492554e+09 4.97860166322570e+08 1.85487957516343e+00 1.59405390703679e+08 7.02159141208376e-02 8.35462718396886e-06 0.00000000000000e+00 0.00000000000000e+00 0.00000000000000e+00 0.00000000000000e+00 0.00000000000000e+00 0.00000000000000e+00 0.00000000000000e+00 
5.12544716855484e-14 3.82335433996275e+02 3.45709847686876e+02 2.39056319461166e+22 5.49442396661811e+09 1.30179682616814e+09 1.72379413074361e+09 1.11661664590828e+05 4.54435049004917e+09 6.92492921914570e+08 2.58002360677678e+00 2.21723112197947e+08 1.35845473749463e-01 1.61635478634175e-05 0.00000000000000e+00 0.00000000000000e+00 0.00000000000000e+00 0.00000000000000e+00 0.00000000000000e+00 0.00000000000000e+00 0.00000000000000e+00 
6.56601051875521e-14 3.82335433995228e+02 3.45709847686235e+02 2.39056319461134e+22 7.03869230800828e+09 1.66768115964546e+09 2.20828544746321e+09 1.43045404651222e+05 5.82159022784630e+09 8.87125674832916e+08 3.30516763427929e+00 2.84040833670685e+08 2.22937003520613e-01 2.65261169934503e-05 0.00000000000000e+00 0.00000000000000e+00 0.00000000000000e+00 0.00000000000000e+00 0.00000000000000e+00 0.00000000000000e+00 0.00000000000000e+00 
2.09716440207589e-13 3.82335433984758e+02 3.45709847685594e+02 2.39056319460818e+22 2.24813757270801e+10 5.32652460675928e+09 7.05319861199204e+09 4.56882805251824e+05 1.85939877528598e+10 2.83345305696540e+09 1.05566076832077e+01 9.07218047213848e+08 2.27426071949482e+00 2.70602482497430e-04 0.00000000000000e+00 0.00000000000000e+00 0.00000000000000e+00 0.00000000000000e+00 0.00000000000000e+00 0.00000000000000e+00 0.00000000000000e+00 
3.53772775227626e-13 3.82335433974288e+02 3.45709847679183e+02 2.39056319460502e+22 3.79240591555520e+10 8.98536825812888e+09 1.18981117716715e+10 7.70720205846363e+05 3.13663855452229e+10 4.77978017173251e+09 1.78080473210513e+01 1.53039525860390e+09 6.47178153914352e+00 7.70043710746930e-04 0.00000000000000e+00 0.00000000000000e+00 0.00000000000000e+00 0.00000000000000e+00 0.00000000000000e+00 0.00000000000000e+00 0.00000000000000e+00 
4.97829110247663e-13 3.82335433963819e+02 3.45709847672772e+02 2.39056319460185e+22 5.33667425934241e+10 1.26442121137542e+10 1.67430249265016e+10 1.08455760643484e+06 4.41387836049355e+10 6.72610701913426e+09 2.50594865478100e+01 2.15357246784084e+09 1.28154994667079e+01 1.52484980813642e-03 0.00000000000000e+00 0.00000000000000e+00 0.00000000000000e+00 0.00000000000000e+00 0.00000000000000e+00 0.00000000000000e+00 0.00000000000000e+00 
6.41885445267700e-13 3.82335433953349e+02 3.45709847666360e+02 2.39056319459869e+22 6.88094260406964e+10 1.63030561736353e+10 2.15879380764823e+10 1.39839500701726e+06 5.69111819319977e+10 8.67243359917070e+09 3.23109253634841e+01 2.77674967492467e+09 2.13054144971932e+01 2.53502078024039e-03 0.00000000000000e+00 0.00000000000000e+00 0.00000000000000e+00 0.00000000000000e+00 0.00000000000000e+00 0.00000000000000e+00 0.00000000000000e+00 
2.08244879546807e-12 3.82335433848651e+02 3.45709847659949e+02 2.39056319456707e+22 2.23236261030426e+11 5.28915080065000e+10 7.00370693095736e+10 4.53676901250800e+06 1.84635179906828e+11 2.81356846944562e+10 1.04825290910571e+02 9.00852162734190e+09 2.24245402896970e+02 2.66818005372894e-02 0.00000000000000e+00 0.00000000000000e+00 0.00000000000000e+00 0.00000000000000e+00 0.00000000000000e+00 0.00000000000000e+00 0.00000000000000e+00 
3.52301214566844e-12 3.82335433743954e+02 3.45709847595838e+02 2.39056319453546e+22 3.77663096960170e+11 8.94799802649043e+10 1.18486200057727e+11 7.67514301739254e+06 3.12359204616565e+11 4.75989090532522e+10 1.77339615349211e+02 1.52402933644481e+10 6.41805093529732e+02 7.63650738541022e-02 0.00000000000000e+00 0.00000000000000e+00 0.00000000000000e+00 0.00000000000000e+00 0.00000000000000e+00 0.00000000000000e+00 0.00000000000000e+00 
4.96357549586881e-12 3.82335433639256e+02 3.45709847531726e+02 2.39056319450384e+22 5.32089933829926e+11 1.26068472948821e+11 1.66935330320943e+11 1.08135170216709e+07 4.40083256061175e+11 6.70621066755939e+10 2.49853898679427e+02 2.14720648862432e+10 1.27398447968985e+03 1.51584845822625e-01 0.00000000000000e+00 0.00000000000000e+00 0.00000000000000e+00 0.00000000000000e+00 0.00000000000000e+00 0.00000000000000e+00 0.00000000000000e+00 
6.40413884606918e-12 3.82335433534559e+02 3.45709847467615e+02 2.39056319447222e+22 6.86516771639694e+11 1.62656986058223e+11 2.15384460099222e+11 1.39518910253430e+07 5.67807334240621e+11 8.65252775615179e+10 3.22368140901245e+02 2.77038361927273e+10 2.12078355435833e+03 2.52341121776484e-01 0.00000000000000e+00 0.00000000000000e+00 0.00000000000000e+00 0.00000000000000e+00 0.00000000000000e+00 0.00000000000000e+00 0.00000000000000e+00 
2.08097723480729e-11 3.82335432487585e+02 3.45709847403503e+02 2.39056319415604e+22 2.23078520143770e+12 5.28543240543726e+11 6.99875731210439e+11 4.53356310287204e+07 1.84504958643777e+12 2.81155515931061e+11 1.04750830216670e+03 9.00215374154614e+10 2.23928546297491e+04 2.66441353034848e+00 0.00000000000000e+00 0.00000000000000e+00 0.00000000000000e+00 0.00000000000000e+00 0.00000000000000e+00 0.00000000000000e+00 0.00000000000000e+00 
3.52154058500766e-11 3.82335431440611e+02 3.45709846762388e+02 2.39056319383987e+22 3.77505372523589e+12 8.94431537545602e+11 1.18436695382790e+12 7.67193709714707e+07 3.12229451207658e+12 4.75783080700750e+11 1.77264435262127e+03 1.52339217107094e+11 6.41268865386024e+04 7.63014243064225e+00 0.00000000000000e+00 0.00000000000000e+00 0.00000000000000e+00 0.00000000000000e+00 0.00000000000000e+00 0.00000000000000e+00 0.00000000000000e+00 
4.96210393520803e-11 3.82335430393638e+02 3.45709846121273e+02 2.39056319352369e+22 5.31932234303341e+12 1.26032187703703e+12 1.66885812795161e+12 1.08103110853589e+08 4.39954211112201e+12 6.70407971905616e+11 2.49777629228916e+03 2.14656875267630e+11 1.27322872580272e+05 1.51495329150678e+01 0.00000000000000e+00 0.00000000000000e+00 0.00000000000000e+00 0.00000000000000e+00 0.00000000000000e+00 0.00000000000000e+00 0.00000000000000e+00 
6.40266728540840e-11 3.82335429346664e+02 3.45709845480158e+02 2.39056319320751e+22 6.86359105482939e+12 1.62621425898994e+12 2.15334925358157e+12 1.39486850675071e+08 5.67679238353737e+12 8.65030189582347e+11 3.22290412119569e+03 2.76974511897071e+11 2.11980805736737e+05 2.52225903171712e+01 0.00000000000000e+00 0.00000000000000e+00 0.00000000000000e+00 0.00000000000000e+00 0.00000000000000e+00 0.00000000000000e+00 0.00000000000000e+00 
2.08083007874121e-10 3.82335418876948e+02 3.45709844839044e+02 2.39056319004572e+22 2.23062833423864e+13 5.28525040373900e+12 6.99825784272675e+12 4.53324245553136e+08 1.84494421297627e+13 2.81110533557582e+12 1.04739563275512e+04 9.00149693982622e+11 2.23896468935405e+06 2.66406774424210e+02 0.00000000000000e+00 0.00000000000000e+00 0.00000000000000e+00 0.00000000000000e+00 0.00000000000000e+00 0.00000000000000e+00 0.00000000000000e+00 
3.52139342894158e-10 3.82335408407260e+02 3.45709838427907e+02 2.39056318688391e+22 3.77489850287852e+13 8.94449076255297e+12 1.18431615825025e+13 7.67161634362044e+08 3.12223591710676e+13 4.75691317066609e+12 1.77245974867080e+04 1.52332272296290e+12 6.41213526707332e+06 7.62963742559128e+02 0.00000000000000e+00 0.00000000000000e+00 0.00000000000000e+00 0.00000000000000e+00 0.00000000000000e+00 0.00000000000000e+00 0.00000000000000e+00 
4.96195677914195e-10 3.82335397937600e+02 3.45709832016789e+02 2.39056318372208e+22 5.31916961131872e+13 1.26039353086237e+13 1.66880604729134e+13 1.08099901709720e+09 4.39955434724288e+13 6.70245372987369e+12 2.49748276228485e+04 2.14649359884134e+12 1.27314858382641e+07 1.51489858583667e+03 0.00000000000000e+00 0.00000000000000e+00 0.00000000000000e+00 0.00000000000000e+00 0.00000000000000e+00 0.00000000000000e+00 0.00000000000000e+00 
6.40252012934232e-10 3.82335387467969e+02 3.45709825605688e+02 2.39056318056022e+22 6.86344165947138e+13 1.62635840138770e+13 2.15329545139641e+13 1.39483639375379e+09 5.67689949971686e+13 8.64772704987312e+12 3.22246467612989e+04 2.76966232162155e+12 2.11970093849302e+07 2.52221663586249e+03 0.00000000000000e+00 0.00000000000000e+00 0.00000000000000e+00 0.00000000000000e+00 0.00000000000000e+00 0.00000000000000e+00 0.00000000000000e+00 
2.08081536313460e-09 3.82335282773226e+02 3.45709819194604e+02 2.39056314894053e+22 2.23062137934287e+14 5.28712896724459e+13 6.99816282113544e+13 4.53320982425694e+09 1.84518194271263e+14 2.80857753514706e+13 1.04700242432726e+05 9.00123113032638e+12 2.23889219273664e+08 2.66434008729929e+04 0.00000000000000e+00 0.00000000000000e+00 0.00000000000000e+00 0.00000000000000e+00 0.00000000000000e+00 0.00000000000000e+00 0.00000000000000e+00 
3.52137871333497e-09 3.82335178081329e+02 3.45709755084735e+02 2.39056311731873e+22 3.77490797983529e+14 8.94993791995335e+13 1.18429816978079e+14 7.67158264140478e+09 3.12294074011957e+14 4.74971416001092e+13 1.77134767258757e+05 1.52325846333288e+13 6.41190709460098e+08 7.63089887917832e+04 0.00000000000000e+00 0.00000000000000e+00 0.00000000000000e+00 0.00000000000000e+00 0.00000000000000e+00 0.00000000000000e+00 0.00000000000000e+00 
4.96194206353534e-09 3.82335073392276e+02 3.45709690976619e+02 2.39056308569483e+22 5.31920395905910e+14 1.26147825859572e+14 1.66877520818614e+14 1.08099548406020e+10 4.40096599290648e+14 6.68818607215331e+13 2.49528245391615e+05 2.14637228340711e+13 1.27309477948848e+09 1.51524058576158e+05 0.00000000000000e+00 0.00000000000000e+00 0.00000000000000e+00 0.00000000000000e+00 0.00000000000000e+00 0.00000000000000e+00 0.00000000000000e+00 
6.40250541373571e-09 3.82334968706062e+02 3.45709626870254e+02 2.39056305406882e+22 6.86350930826400e+14 1.62816601686695e+14 2.15324739737650e+14 1.39483264170359e+10 5.67925733571418e+14 8.62399692486728e+13 3.21880702112492e+05 2.76946457361575e+13 2.11959441162391e+09 2.52293922471009e+05 0.00000000000000e+00 0.00000000000000e+00 0.00000000000000e+00 0.00000000000000e+00 0.00000000000000e+00 0.00000000000000e+00 0.00000000000000e+00 
1.69102574665558e-08 3.82334205189854e+02 3.45709562765640e+02 2.39056282331931e+22 1.81282585069888e+15 4.30898209737829e+14 5.68693602926702e+14 3.68402058922747e+10 1.50113807049735e+15 2.26640245584846e+14 8.48395202384299e+05 7.31377089586468e+13 1.47849352854081e+10 1.76084860407410e+06 0.00000000000000e+00 0.00000000000000e+00 0.00000000000000e+00 0.00000000000000e+00 0.00000000000000e+00 0.00000000000000e+00 0.00000000000000e+00 
2.74180095193760e-08 3.82333441823264e+02 3.45709095226722e+02 2.39056259245936e+22 2.93935024025991e+15 7.00049178478043e+14 9.22036667791804e+14 5.97320501085276e+10 2.43575013195642e+15 3.65640711353780e+14 1.37273827243795e+06 1.18569318739868e+14 3.88647989380854e+10 4.63138193216382e+06 0.00000000000000e+00 0.00000000000000e+00 0.00000000000000e+00 0.00000000000000e+00 0.00000000000000e+00 0.00000000000000e+00 0.00000000000000e+00 
3.79257615721961e-08 3.82332678604997e+02 3.45708627779986e+02 2.39056236149007e+22 4.06592376465082e+15 9.70258806534904e+14 1.27535393615647e+15 8.26238571953271e+10 3.37174793716221e+15 5.03255346179662e+14 1.89491967131514e+06 1.63989476475888e+14 7.43564565694028e+10 8.86592614851633e+06 0.00000000000000e+00 0.00000000000000e+00 0.00000000000000e+00 0.00000000000000e+00 0.00000000000000e+00 0.00000000000000e+00 0.00000000000000e+00 
4.84335136250163e-08 3.82331915533771e+02 3.45708160424637e+02 2.39056213041255e+22 5.19254609261768e+15 1.24151650817379e+15 1.62864540984320e+15 1.05515625283908e+11 4.30911765639620e+15 6.39497978619943e+14 2.41494910681335e+06 2.09398183558584e+14 1.21257181006368e+11 1.44664914307971e+07 0.00000000000000e+00 0.00000000000000e+00 0.00000000000000e+00 0.00000000000000e+00 0.00000000000000e+00 0.00000000000000e+00 0.00000000000000e+00 
5.89412656778364e-08 3.82331152608317e+02 3.45707693159890e+02 2.39056189922786e+22 6.31921689644608e+15 1.51381181120417e+15 1.98191109067358e+15 1.28407352507135e+11 5.24784560827253e+15 7.74382288900518e+14 2.93283623635821e+06 2.54795441375773e+14 1.79564246599599e+11 2.14350663487135e+07 0.00000000000000e+00 0.00000000000000e+00 0.00000000000000e+00 0.00000000000000e+00 0.00000000000000e+00 0.00000000000000e+00 0.00000000000000e+00 
1.58654732014906e-07 3.82323919836276e+02 3.45707225984967e+02 2.39055970026388e+22 1.70131278805358e+16 4.14746449385244e+15 5.33294755227686e+15 3.45636342206480e+11 1.42209842433836e+16 1.98929819551268e+15 7.74252757417712e+06 6.85023812161100e+14 1.30004610311966e+12 1.56017816567758e+08 0.00000000000000e+00 0.00000000000000e+00 0.00000000000000e+00 0.00000000000000e+00 0.00000000000000e+00 0.00000000000000e+00 0.00000000000000e+00 
2.58368198351976e-07 3.82316699065962e+02 3.45702797048430e+02 2.39055749260788e+22 2.77111134311951e+16 6.86526626716265e+15 8.68166306435318e+15 5.62859892809617e+11 2.33042988088517e+16 3.09402901848271e+15 1.23681614832847e+07 1.11422245884922e+15 3.44510606262389e+12 4.15554148284567e+08 0.00000000000000e+00 0.00000000000000e+00 0.00000000000000e+00 0.00000000000000e+00 0.00000000000000e+00 0.00000000000000e+00 0.00000000000000e+00 
3.58081664689046e-07 3.82309489370968e+02 3.45698375511493e+02 2.39055527704862e+22 3.84129340958416e+16 9.65957060884760e+15 1.20280591815952e+16 7.80076419490683e+11 3.24877994286022e+16 4.09856365101088e+15 1.68174130407699e+07 1.54239252782190e+15 6.61241941000192e+12 8.01495538851707e+08 0.00000000000000e+00 0.00000000000000e+00 0.00000000000000e+00 0.00000000000000e+00 0.00000000000000e+00 0.00000000000000e+00 0.00000000000000e+00 
4.57795131026115e-07 3.82302289908863e+02 3.45693960806709e+02 2.39055305430336e+22 4.91183720441643e+16 1.25234247477925e+16 1.53721374583527e+16 9.97284343046790e+11 4.17624025333564e+16 5.01198468430317e+15 2.10976328828778e+07 1.96953514626111e+15 1.07996628790911e+13 1.31516209859266e+09 0.00000000000000e+00 0.00000000000000e+00 0.00000000000000e+00 0.00000000000000e+00 0.00000000000000e+00 0.00000000000000e+00 0.00000000000000e+00 
5.57508597363185e-07 3.82295099913114e+02 3.45689552418069e+02 2.39055082502468e+22 5.98272289902107e+16 1.54505029856132e+16 1.87138994483710e+16 1.21448209017903e+12 5.11198437531883e+16 5.84255551532731e+15 2.52158614078949e+07 2.39565142488589e+15 1.60045150304669e+13 1.95775484727638e+09 0.00000000000000e+00 0.00000000000000e+00 0.00000000000000e+00 0.00000000000000e+00 0.00000000000000e+00 0.00000000000000e+00 0.00000000000000e+00 
6.57222063700255e-07 3.82287918686379e+02 3.45685149876060e+02 2.39054858980623e+22 7.05393244629111e+16 1.84350511963603e+16 2.20533467044521e+16 1.43166809384959e+12 6.05526054130444e+16 6.59779285159270e+15 2.91788406057888e+07 2.82074246007319e+15 2.22246567434403e+13 2.73036582321277e+09 0.00000000000000e+00 0.00000000000000e+00 0.00000000000000e+00 0.00000000000000e+00 0.00000000000000e+00 0.00000000000000e+00 0.00000000000000e+00 
9.73702572337722e-07 3.82265177321804e+02 3.45680752753547e+02 2.39054146202631e+22 1.04558086979517e+17 2.82309757278945e+16 3.26371017306794e+16 2.12089903715197e+12 9.09151552690358e+16 8.57082923165207e+15 4.08008304198458e+07 4.16316000677249e+15 4.86653488729537e+13 6.05466240324879e+09 0.00000000000000e+00 0.00000000000000e+00 0.00000000000000e+00 0.00000000000000e+00 0.00000000000000e+00 0.00000000000000e+00 0.00000000000000e+00 
1.29018308097519e-06 3.82242501488011e+02 3.45666828365143e+02 2.39053429382118e+22 1.38603562871234e+17 3.84177214000813e+16 4.31976041580780e+16 2.80994650976407e+12 1.21790687308464e+17 1.00307118790635e+16 5.11111139994312e+07 5.49529459329240e+15 8.52364380828762e+13 1.07244161565077e+10 0.00000000000000e+00 0.00000000000000e+00 0.00000000000000e+00 0.00000000000000e+00 0.00000000000000e+00 0.00000000000000e+00 0.00000000000000e+00 
1.60666358961266e-06 3.82219878866198e+02 3.45652944602434e+02 2.39052709567178e+22 1.72672551098480e+17 4.88937391130828e+16 5.37349034671473e+16 3.49876163768651e+12 1.53046521363372e+17 1.11100911119684e+16 6.02744547115973e+07 6.81717968900161e+15 1.31864194421350e+14 1.67588693535148e+10 0.00000000000000e+00 0.00000000000000e+00 0.00000000000000e+00 0.00000000000000e+00 0.00000000000000e+00 0.00000000000000e+00 0.00000000000000e+00 
1.92314409825013e-06 3.82197300292327e+02 3.45639093919978e+02 2.39051987537157e+22 2.06762662988506e+17 5.95835420789071e+16 6.42490490543955e+16 4.18729616634180e+12 1.84584024873414e+17 1.19075701640314e+16 6.84347670431616e+07 8.12884850466658e+15 1.88475091170577e+14 2.41722705397867e+10 0.00000000000000e+00 0.00000000000000e+00 0.00000000000000e+00 0.00000000000000e+00 0.00000000000000e+00 0.00000000000000e+00 0.00000000000000e+00 
2.23962460688759e-06 3.82174758897193e+02 3.45625270704595e+02 2.39051263875904e+22 2.40872100822739e+17 7.04306015569285e+16 7.47400902294565e+16 4.87550246222305e+12 2.16329331997292e+17 1.24969860543900e+16 7.57179325213155e+07 9.43033421938728e+15 2.54995805803000e+14 3.29752443787785e+10 0.00000000000000e+00 0.00000000000000e+00 0.00000000000000e+00 0.00000000000000e+00 0.00000000000000e+00 0.00000000000000e+00 0.00000000000000e+00 
2.55610511552506e-06 3.82152249584121e+02 3.45611470748639e+02 2.39050539016266e+22 2.74999523359974e+17 8.13930320333516e+16 8.52080762125080e+16 5.56333351468382e+12 2.48227706804763e+17 1.29330463773384e+16 8.22340062877053e+07 1.07216701020552e+16 3.31353222125203e+14 4.31756507129600e+10 0.00000000000000e+00 0.00000000000000e+00 0.00000000000000e+00 0.00000000000000e+00 0.00000000000000e+00 0.00000000000000e+00 0.00000000000000e+00 
3.03719985094895e-06 3.82118085497939e+02 3.45597690930037e+02 2.39049435530432e+22 3.26910255475048e+17 9.82109758983720e+16 1.01076830806777e+17 6.60811028278820e+12 2.96922715385707e+17 1.33902976839166e+16 9.08833801548470e+07 1.26653150790211e+16 4.66105428452659e+14 6.13712029320380e+10 0.00000000000000e+00 0.00000000000000e+00 0.00000000000000e+00 0.00000000000000e+00 0.00000000000000e+00 0.00000000000000e+00 0.00000000000000e+00 
3.51829458637284e-06 3.82083978164124e+02 3.45576777206392e+02 2.39048330748446e+22 3.78857903515431e+17 1.15153187318358e+17 1.16892594529529e+17 7.65175271566504e+12 3.45785394246796e+17 1.36790531692194e+16 9.82654168622491e+07 1.45857013320711e+16 6.23164933961403e+14 8.28227866173619e+10 0.00000000000000e+00 0.00000000000000e+00 0.00000000000000e+00 0.00000000000000e+00 0.00000000000000e+00 0.00000000000000e+00 0.00000000000000e+00 
3.99938932179673e-06 3.82049921890000e+02 3.45555899365818e+02 2.39047225150563e+22 4.30840901196452e+17 1.32173403880394e+17 1.32655539031411e+17 8.69410397888587e+12 3.94755248991340e+17 1.38597133529341e+16 1.04612590870083e+08 1.64829485626754e+16 8.02277687353816e+14 1.07538823367430e+11 0.00000000000000e+00 0.00000000000000e+00 0.00000000000000e+00 0.00000000000000e+00 0.00000000000000e+00 0.00000000000000e+00 0.00000000000000e+00 
4.48048405722061e-06 3.82015912775903e+02 3.45535053918905e+02 2.39046119064291e+22 4.82858144357046e+17 1.49240172502533e+17 1.48365835439416e+17 9.73501059332102e+12 4.43791133102278e+17 1.39733328607756e+16 1.10115305483824e+08 1.83571778787266e+16 1.00319078720736e+15 1.35524716357574e+11 0.00000000000000e+00 0.00000000000000e+00 0.00000000000000e+00 0.00000000000000e+00 0.00000000000000e+00 0.00000000000000e+00 0.00000000000000e+00 
4.96157879264450e-06 3.81981948273315e+02 3.45514238474270e+02 2.39045012702024e+22 5.34908877227082e+17 1.66333200466911e+17 1.64023654354319e+17 1.07743224442868e+13 4.92866480984210e+17 1.40463873432713e+16 1.14929338229363e+08 2.02085118481768e+16 1.22565249995582e+15 1.66783807471764e+11 0.00000000000000e+00 0.00000000000000e+00 0.00000000000000e+00 0.00000000000000e+00 0.00000000000000e+00 0.00000000000000e+00 0.00000000000000e+00 
5.44267352806839e-06 3.81948026895251e+02 3.45493451467863e+02 2.39043906185702e+22 5.86992617879724e+17 1.83440963631976e+17 1.79629165848111e+17 1.18118927887989e+13 5.41966183357599e+17 1.40938980329493e+16 1.19181636624975e+08 2.20370744759232e+16 1.46941227776064e+15 2.01317975033722e+11 0.00000000000000e+00 0.00000000000000e+00 0.00000000000000e+00 0.00000000000000e+00 0.00000000000000e+00 0.00000000000000e+00 0.00000000000000e+00 
6.27990891578839e-06 3.81889094793271e+02 3.45472691985526e+02 2.39041980380732e+22 6.77710220892086e+17 2.13229638021846e+17 2.06662771979568e+17 1.36129699490300e+13 6.27446590116481e+17 1.41398872100647e+16 1.25542638246561e+08 2.51653468550298e+16 1.94366315357551e+15 2.69229071244941e+11 0.00000000000000e+00 0.00000000000000e+00 0.00000000000000e+00 0.00000000000000e+00 0.00000000000000e+00 0.00000000000000e+00 0.00000000000000e+00 
7.11714430350839e-06 3.81830287405226e+02 3.45436628924000e+02 2.39040054571546e+22 7.68525458611260e+17 2.43020549514283e+17 2.33539365601400e+17 1.54076092331685e+13 7.12944946646628e+17 1.41636221463072e+16 1.30923796872343e+08 2.82257047336115e+16 2.48035634339903e+15 3.47063712364957e+11 0.00000000000000e+00 0.00000000000000e+00 0.00000000000000e+00 0.00000000000000e+00 0.00000000000000e+00 0.00000000000000e+00 0.00000000000000e+00 
7.95437969122839e-06 3.81771603454158e+02 3.45400645582683e+02 2.39038128841691e+22 8.59437491014416e+17 2.72807112968937e+17 2.60259831465253e+17 1.71951104728949e+13 7.98452388585954e+17 1.41735405917118e+16 1.35611593597721e+08 3.12188286640046e+16 3.07819795910678e+15 4.34821347824398e+11 0.00000000000000e+00 0.00000000000000e+00 0.00000000000000e+00 0.00000000000000e+00 0.00000000000000e+00 0.00000000000000e+00 0.00000000000000e+00 
8.79161507894839e-06 3.81713042036999e+02 3.45364741159778e+02 2.39036203242726e+22 9.50445578978213e+17 3.02585816415331e+17 2.86825049409583e+17 1.89748044936121e+13 8.83964076433233e+17 1.41740704858489e+16 1.39811441873867e+08 3.41454093931610e+16 3.73590580190049e+15 5.32501073012376e+11 0.00000000000000e+00 0.00000000000000e+00 0.00000000000000e+00 0.00000000000000e+00 0.00000000000000e+00 0.00000000000000e+00 0.00000000000000e+00 
9.62885046666838e-06 3.81654601872232e+02 3.45328915082510e+02 2.39034277858376e+22 1.04154889036576e+18 3.32349998927374e+17 3.13235894366965e+17 2.07460530225478e+13 9.69471066838450e+17 1.41737581677857e+16 1.43671768985263e+08 3.70061467866489e+16 4.45220959148144e+15 6.40101434725553e+11 0.00000000000000e+00 0.00000000000000e+00 0.00000000000000e+00 0.00000000000000e+00 0.00000000000000e+00 0.00000000000000e+00 0.00000000000000e+00 
1.04660858543884e-05 3.81596281919584e+02 3.45293166546879e+02 2.39032352751727e+22 1.13274665958784e+18 3.62094972363166e+17 3.39493236409415e+17 2.25082485409349e+13 1.05496700348728e+18 1.41785775031310e+16 1.47295683000056e+08 3.98017496837148e+16 5.22585116135912e+15 7.57619967896416e+11 0.00000000000000e+00 0.00000000000000e+00 0.00000000000000e+00 0.00000000000000e+00 0.00000000000000e+00 0.00000000000000e+00 0.00000000000000e+00 
1.20072037330836e-05 3.81489245175568e+02 3.45257494896746e+02 2.39028809821475e+22 1.30086169583187e+18 4.16808360070008e+17 3.87427268139424e+17 2.57264145813559e+13 1.21232651458002e+18 1.41855283426316e+16 1.53545873451092e+08 4.47798019037730e+16 6.79567172650797e+15 9.99860594635560e+11 0.00000000000000e+00 0.00000000000000e+00 0.00000000000000e+00 0.00000000000000e+00 0.00000000000000e+00 0.00000000000000e+00 0.00000000000000e+00 
1.35483216117788e-05 3.81382612921954e+02 3.45192034122830e+02 2.39025267823511e+22 1.46929135109540e+18 4.71470686791861e+17 4.34849472758998e+17 2.89086524918466e+13 1.36966485024049e+18 1.41901866100945e+16 1.59498357632429e+08 4.95441455093131e+16 8.54790177408722e+15 1.27568077482392e+12 0.00000000000000e+00 0.00000000000000e+00 0.00000000000000e+00 0.00000000000000e+00 0.00000000000000e+00 0.00000000000000e+00 0.00000000000000e+00 
1.50894394904740e-05 3.81276382179272e+02 3.45126831943487e+02 2.39021726848793e+22 1.63803186950398e+18 5.26081292349364e+17 4.81765151936377e+17 3.20519551209825e+13 1.52697994734948e+18 1.41925930941531e+16 1.65298429216912e+08 5.40993991806076e+16 1.04750235543901e+16 1.58506397949151e+12 0.00000000000000e+00 0.00000000000000e+00 0.00000000000000e+00 0.00000000000000e+00 0.00000000000000e+00 0.00000000000000e+00 0.00000000000000e+00 
1.66305573691691e-05 3.81170549803540e+02 3.45061886415857e+02 2.39018187000852e+22 1.80707950409749e+18 5.80637955950957e+17 5.28179550876571e+17 3.51536615530198e+13 1.68426781131895e+18 1.41948786182547e+16 1.71009063192575e+08 5.84502552724832e+16 1.25696755793420e+16 1.92799278004617e+12 0.00000000000000e+00 0.00000000000000e+00 0.00000000000000e+00 0.00000000000000e+00 0.00000000000000e+00 0.00000000000000e+00 0.00000000000000e+00 
1.81716752478643e-05 3.81065112796047e+02 3.44997195498125e+02 2.39014648369457e+22 1.97643059431740e+18 6.35139462180397e+17 5.74097860361792e+17 3.82114375853808e+13 1.84152586197320e+18 1.41979089216468e+16 1.76662632818481e+08 6.26014667525368e+16 1.48246521938086e+16 2.30444862041989e+12 0.00000000000000e+00 0.00000000000000e+00 0.00000000000000e+00 0.00000000000000e+00 0.00000000000000e+00 0.00000000000000e+00 0.00000000000000e+00 
2.17196982753914e-05 3.80823858978508e+02 3.44932757238882e+02 2.39006506614608e+22 2.36745167185594e+18 7.60404419868108e+17 6.77954844473236e+17 4.50743567150617e+13 2.20345258580228e+18 1.42054064534799e+16 1.89554220517229e+08 7.14259798582862e+16 2.05878151301964e+16 3.29847696110360e+12 0.00000000000000e+00 0.00000000000000e+00 0.00000000000000e+00 0.00000000000000e+00 0.00000000000000e+00 0.00000000000000e+00 0.00000000000000e+00 
2.52677213029185e-05 3.80584651046436e+02 3.44785355262053e+02 2.38998372587216e+22 2.76001968510764e+18 8.85371251420547e+17 7.79271132125293e+17 5.16755858183834e+13 2.56520011604301e+18 1.42135454158658e+16 2.02383699974492e+08 7.92770742024113e+16 2.70810595260749e+16 4.46985403523538e+12 0.00000000000000e+00 0.00000000000000e+00 0.00000000000000e+00 0.00000000000000e+00 0.00000000000000e+00 0.00000000000000e+00 0.00000000000000e+00 
2.88157443304455e-05 3.80347455021057e+02 3.44639260067557e+02 2.38990247085479e+22 3.15409331094155e+18 1.01003566060281e+18 8.78107004823029e+17 5.80031612058192e+13 2.92675594293917e+18 1.42216220115169e+16 2.15190620738793e+08 8.62144396920639e+16 3.42259137008403e+16 5.81831313709002e+12 0.00000000000000e+00 0.00000000000000e+00 0.00000000000000e+00 0.00000000000000e+00 0.00000000000000e+00 0.00000000000000e+00 0.00000000000000e+00 
3.23637673579726e-05 3.80112237596102e+02 3.44494449530093e+02 2.38982130817813e+22 3.54963264040588e+18 1.13439347451564e+18 9.74521271450009e+17 6.40519404872632e+13 3.28810998666144e+18 1.42298617713603e+16 2.27981623533303e+08 9.22978143296924e+16 4.19487076282728e+16 7.34357060506197e+12 0.00000000000000e+00 0.00000000000000e+00 0.00000000000000e+00 0.00000000000000e+00 0.00000000000000e+00 0.00000000000000e+00 0.00000000000000e+00 
3.59117903854996e-05 3.79878966190824e+02 3.44350901975059e+02 2.38974024402869e+22 3.94659909712207e+18 1.25844126230994e+18 1.06857133971900e+18 6.98223933146469e+13 3.64925511153748e+18 1.42384744133797e+16 2.40767570776504e+08 9.75864335634594e+16 5.01804944120114e+16 9.04532787068049e+12 0.00000000000000e+00 0.00000000000000e+00 0.00000000000000e+00 0.00000000000000e+00 0.00000000000000e+00 0.00000000000000e+00 0.00000000000000e+00 
4.54251640328610e-05 3.79262855606852e+02 3.44208596209628e+02 2.38952340707579e+22 5.01775648462727e+18 1.58950687232128e+18 1.30950339295233e+18 8.39850785140982e+13 4.61655186581103e+18 1.42628458097824e+16 2.75126360522301e+08 1.08283774283369e+17 7.43024510640480e+16 1.44768937671460e+13 0.00000000000000e+00 0.00000000000000e+00 0.00000000000000e+00 0.00000000000000e+00 0.00000000000000e+00 0.00000000000000e+00 0.00000000000000e+00 
5.49385376802225e-05 3.78659919872533e+02 3.43833001685809e+02 2.38930739052805e+22 6.09823204907215e+18 1.91829475131320e+18 1.53486951738080e+18 9.63935300873587e+13 5.58231084805161e+18 1.42889628438949e+16 3.09706367140879e+08 1.14740241204481e+17 1.00564238020037e+17 2.11687268549854e+13 0.00000000000000e+00 0.00000000000000e+00 0.00000000000000e+00 0.00000000000000e+00 0.00000000000000e+00 0.00000000000000e+00 0.00000000000000e+00 
6.44519113275839e-05 3.78069599700025e+02 3.43465804713731e+02 2.38909224189533e+22 7.18739573376005e+18 2.24479064432158e+18 1.74564511821514e+18 1.07318532622315e+14 6.54658860555518e+18 1.43164859542543e+16 3.44593853513931e+08 1.17917048354565e+17 1.28089079622904e+17 2.91140061612227e+13 0.00000000000000e+00 0.00000000000000e+00 0.00000000000000e+00 0.00000000000000e+00 0.00000000000000e+00 0.00000000000000e+00 0.00000000000000e+00 
7.39652849749453e-05 3.77491368887589e+02 3.43106642449924e+02 2.38887798113911e+22 8.28466706134745e+18 2.56899504848755e+18 1.94274247261635e+18 1.17060754105852e+14 7.50949639810118e+18 1.43453347365239e+16 3.79818099111112e+08 1.18645403012643e+17 1.56208045742203e+17 3.83055038684957e+13 0.00000000000000e+00 0.00000000000000e+00 0.00000000000000e+00 0.00000000000000e+00 0.00000000000000e+00 0.00000000000000e+00 0.00000000000000e+00 
8.34786586223067e-05 3.76924731594313e+02 3.42755173824453e+02 2.38866460839472e+22 9.38950739317977e+18 2.89091658255603e+18 2.12701622547567e+18 1.25902233315052e+14 8.47117136036649e+18 1.43753953293357e+16 4.15373077310753e+08 1.17617237394955e+17 1.84427319279414e+17 4.87356777795995e+13 0.00000000000000e+00 0.00000000000000e+00 0.00000000000000e+00 0.00000000000000e+00 0.00000000000000e+00 0.00000000000000e+00 0.00000000000000e+00 
9.70527580065283e-05 3.76135388888728e+02 3.42411077743671e+02 2.38836166406692e+22 1.09780696742965e+19 3.34632207047166e+18 2.36930483257340e+18 1.37419633828052e+14 9.84148650755518e+18 1.44200978617658e+16 4.66647793931060e+08 1.14164784598909e+17 2.24224765558282e+17 6.57469576522636e+13 0.00000000000000e+00 0.00000000000000e+00 0.00000000000000e+00 0.00000000000000e+00 0.00000000000000e+00 0.00000000000000e+00 0.00000000000000e+00 
1.10626857390750e-04 3.75367432316342e+02 3.41932280402868e+02 2.38806043414206e+22 1.25796708375203e+19 3.79713952156065e+18 2.58926849047257e+18 1.48110563726606e+14 1.12099667034166e+19 1.44666349645908e+16 5.18405105471830e+08 1.09458539927976e+17 2.62869299528642e+17 8.52405910278029e+13 0.00000000000000e+00 0.00000000000000e+00 0.00000000000000e+00 0.00000000000000e+00 0.00000000000000e+00 0.00000000000000e+00 0.00000000000000e+00 
1.24200956774971e-04 3.74619689212522e+02 3.41467059373453e+02 2.38776083819642e+22 1.41930672891641e+19 4.24339597340439e+18 2.78888454051470e+18 1.58314505088938e+14 1.25769253513627e+19 1.45147201857022e+16 5.70493947997589e+08 1.04277074384344e+17 3.00025791468581e+17 1.07192047017261e+14 0.00000000000000e+00 0.00000000000000e+00 0.00000000000000e+00 0.00000000000000e+00 0.00000000000000e+00 0.00000000000000e+00 0.00000000000000e+00 
1.37775056159193e-04 3.73891082091817e+02 3.41014657837627e+02 2.38746278904881e+22 1.58171233166227e+19 4.68511152103765e+18 2.96995122396589e+18 1.68233589089617e+14 1.39426084500055e+19 1.45640994047461e+16 6.22806387825142e+08 9.90712689546586e+16 3.35588049355356e+17 1.31575673129848e+14 0.00000000000000e+00 0.00000000000000e+00 0.00000000000000e+00 0.00000000000000e+00 0.00000000000000e+00 0.00000000000000e+00 0.00000000000000e+00 
1.51349155543415e-04 3.73180617881038e+02 3.40574380986127e+02 2.38716620138075e+22 1.74507985983852e+19 5.12230065448784e+18 3.13410825442073e+18 1.77985398712313e+14 1.53072032259222e+19 1.46145490927879e+16 6.75257162507424e+08 9.40847100112203e+16 3.69572026877378e+17 1.58364680986109e+14 0.00000000000000e+00 0.00000000000000e+00 0.00000000000000e+00 0.00000000000000e+00 0.00000000000000e+00 0.00000000000000e+00 0.00000000000000e+00 
1.68111433316122e-04 3.72326970991776e+02 3.40145588997611e+02 2.38680185281592e+22 1.94800506266092e+19 5.65594424890059e+18 3.31568770259086e+18 1.89893687059310e+14 1.69910063834257e+19 1.46780373320579e+16 7.40128931902219e+08 8.83935200093873e+16 4.09476296121590e+17 1.94723034846102e+14 0.00000000000000e+00 0.00000000000000e+00 0.00000000000000e+00 0.00000000000000e+00 0.00000000000000e+00 0.00000000000000e+00 0.00000000000000e+00 
1.84873711088829e-04 3.71498013796284e+02 3.39631064408782e+02 2.38643947639119e+22 2.15208919514079e+19 6.18272159737910e+18 3.47630615715503e+18 2.01718139504194e+14 1.86735588419956e+19 1.47425488311175e+16 8.05015264224929e+08 8.32923291651585e+16 4.47274637752712e+17 2.34651696125434e+14 0.00000000000000e+00 0.00000000000000e+00 0.00000000000000e+00 0.00000000000000e+00 0.00000000000000e+00 0.00000000000000e+00 0.00000000000000e+00 
2.01635988861536e-04 3.70692307157423e+02 3.39132137878902e+02 2.38607895260426e+22 2.35718580639448e+19 6.70265137889811e+18 3.61824588253348e+18 2.13479041174448e+14 2.03549922741124e+19 1.48078216714479e+16 8.69857207634683e+08 7.87491808491033e+16 4.83173003385310e+17 2.78093137443367e+14 0.00000000000000e+00 0.00000000000000e+00 0.00000000000000e+00 0.00000000000000e+00 0.00000000000000e+00 0.00000000000000e+00 0.00000000000000e+00 
2.18398266634243e-04 3.69908547426892e+02 3.38647884501783e+02 2.38572017652860e+22 2.56316434019857e+19 7.21575691335918e+18 3.74353728872739e+18 2.25176775546103e+14 2.20354004659442e+19 1.48736354352417e+16 9.34636114230080e+08 7.46915981464535e+16 5.17365155105151e+17 3.24987283071975e+14 0.00000000000000e+00 0.00000000000000e+00 0.00000000000000e+00 0.00000000000000e+00 0.00000000000000e+00 0.00000000000000e+00 0.00000000000000e+00 
2.35160544406950e-04 3.69145549482190e+02 3.38177466741650e+02 2.38536305479691e+22 2.76990833192902e+19 7.72206949593680e+18 3.85399134600783e+18 2.36811351629988e+14 2.37148614922926e+19 1.49398260902267e+16 9.99351636265693e+08 7.10528073815396e+16 5.50018145316691e+17 3.75271717329195e+14 0.00000000000000e+00 0.00000000000000e+00 0.00000000000000e+00 0.00000000000000e+00 0.00000000000000e+00 0.00000000000000e+00 0.00000000000000e+00 
2.82519559108238e-04 3.67093416220991e+02 3.37720123467231e+02 2.38436235759603e+22 3.35735357559576e+19 9.11624326122414e+18 4.09850867264331e+18 2.69343981724060e+14 2.84552592584491e+19 1.51274159480143e+16 1.18176747892173e+09 6.25865177443531e+16 6.35015943499024e+17 5.35083015824740e+14 0.00000000000000e+00 0.00000000000000e+00 0.00000000000000e+00 0.00000000000000e+00 0.00000000000000e+00 0.00000000000000e+00 0.00000000000000e+00 
3.29878573809527e-04 3.65178197994176e+02 3.36493086414430e+02 2.38337269823755e+22 3.94822249162716e+19 1.04576490316470e+19 4.26638159805883e+18 3.01384723074295e+14 3.31896965748914e+19 1.53143870136034e+16 1.36353904826578e+09 5.60301864451532e+16 7.11204273917312e+17 7.19892329654123e+14 0.00000000000000e+00 0.00000000000000e+00 0.00000000000000e+00 0.00000000000000e+00 0.00000000000000e+00 0.00000000000000e+00 0.00000000000000e+00 
3.77237588510816e-04 3.63383454790968e+02 3.35351913498009e+02 2.38239287644258e+22 4.54109717031487e+19 1.17477308152627e+19 4.37969965844097e+18 3.32974542642592e+14 3.79190200058088e+19 1.54995857112037e+16 1.54471231513864e+09 5.07918571432378e+16 7.80265811686849e+17 9.28073709728385e+14 0.00000000000000e+00 0.00000000000000e+00 0.00000000000000e+00 0.00000000000000e+00 0.00000000000000e+00 0.00000000000000e+00 0.00000000000000e+00 
4.24596603212105e-04 3.61696501202243e+02 3.34286059797429e+02 2.38142199408580e+22 5.13499096583640e+19 1.29881886112140e+19 4.45385171163928e+18 3.64146776472139e+14 4.26437947357000e+19 1.56824533673717e+16 1.72526573777133e+09 4.65029785891226e+16 8.43309449040108e+17 1.15792408501146e+15 0.00000000000000e+00 0.00000000000000e+00 0.00000000000000e+00 0.00000000000000e+00 0.00000000000000e+00 0.00000000000000e+00 0.00000000000000e+00 
4.71955617913394e-04 3.60107244410595e+02 3.33287363761261e+02 2.38045934926438e+22 5.72920675985951e+19 1.41808693091612e+19 4.49972589926667e+18 3.94929475307328e+14 4.73644204475932e+19 1.58627841870867e+16 1.90523568678352e+09 4.29192042939154e+16 9.01121995628798e+17 1.40769177788565e+15 0.00000000000000e+00 0.00000000000000e+00 0.00000000000000e+00 0.00000000000000e+00 0.00000000000000e+00 0.00000000000000e+00 0.00000000000000e+00 
5.26975590862627e-04 3.58372753740359e+02 3.32349314366599e+02 2.37935058242373e+22 6.41929693345866e+19 1.55090207109561e+19 4.52771504305169e+18 4.30234838329488e+14 5.28438429502348e+19 1.60691107137490e+16 2.11362607598842e+09 3.94154201528898e+16 9.62494696359706e+17 1.72052238798708e+15 0.00000000000000e+00 0.00000000000000e+00 0.00000000000000e+00 0.00000000000000e+00 0.00000000000000e+00 0.00000000000000e+00 0.00000000000000e+00 
5.81995563811860e-04 3.56748058795945e+02 3.31328675788493e+02 2.37825141118624e+22 7.10856883568996e+19 1.67783015676009e+19 4.53715223176755e+18 4.65098157012630e+14 5.83184552453791e+19 1.62723265676534e+16 2.32134885734571e+09 3.64763116860825e+16 1.01836166149898e+18 2.05505224694537e+15 0.00000000000000e+00 0.00000000000000e+00 0.00000000000000e+00 0.00000000000000e+00 0.00000000000000e+00 0.00000000000000e+00 0.00000000000000e+00 
6.37015536761093e-04 3.55224129814655e+02 3.30375634907936e+02 2.37716121413784e+22 7.79663095676879e+19 1.79917324772019e+19 4.53417722411916e+18 4.99553706052993e+14 6.37885383943186e+19 1.64729268110197e+16 2.52842220586571e+09 3.39753649323070e+16 1.06931986890587e+18 2.40852106301556e+15 0.00000000000000e+00 0.00000000000000e+00 0.00000000000000e+00 0.00000000000000e+00 0.00000000000000e+00 0.00000000000000e+00 0.00000000000000e+00 
6.92035509710326e-04 3.53793370647442e+02 3.29484351394728e+02 2.37607947296662e+22 8.48322335557154e+19 1.91522644020058e+19 4.52287225480571e+18 5.33625647599318e+14 6.92542835016321e+19 1.66709867370221e+16 2.73490167554991e+09 3.18116398258727e+16 1.11584148536613e+18 2.77822162050936e+15 0.00000000000000e+00 0.00000000000000e+00 0.00000000000000e+00 0.00000000000000e+00 0.00000000000000e+00 0.00000000000000e+00 0.00000000000000e+00 
7.47055482659559e-04 3.52449207971723e+02 3.28649908783665e+02 2.37500574298528e+22 9.16817073391075e+19 2.02627417966384e+19 4.50599758106824e+18 5.67335794657972e+14 7.47158203270513e+19 1.68667651011882e+16 2.94083706739436e+09 2.99142370348755e+16 1.15830618188280e+18 3.16152399318625e+15 0.00000000000000e+00 0.00000000000000e+00 0.00000000000000e+00 0.00000000000000e+00 0.00000000000000e+00 0.00000000000000e+00 0.00000000000000e+00 
8.34377169356741e-04 3.50479503008501e+02 3.27868057480083e+02 2.37331712129192e+22 1.02515743501944e+20 2.19290739821136e+19 4.47239406386138e+18 6.20155878680568e+14 8.33753939829491e+19 1.71740092833099e+16 3.26667503489487e+09 2.73583612379114e+16 1.21816726125794e+18 3.79162461131061e+15 0.00000000000000e+00 0.00000000000000e+00 0.00000000000000e+00 0.00000000000000e+00 0.00000000000000e+00 0.00000000000000e+00 0.00000000000000e+00 
9.21698856053923e-04 3.48693215975220e+02 3.26726028770645e+02 2.37164633768264e+22 1.13302496006248e+20 2.34864165410009e+19 4.43398537534859e+18 6.72197037002605e+14 9.20248579368516e+19 1.74773359145237e+16 3.59139941296116e+09 2.52330371200270e+16 1.26970318591348e+18 4.44016574769331e+15 0.00000000000000e+00 0.00000000000000e+00 0.00000000000000e+00 0.00000000000000e+00 0.00000000000000e+00 0.00000000000000e+00 0.00000000000000e+00 
1.00902054275111e-03 3.47072997289206e+02 3.25694154778037e+02 2.36999223613041e+22 1.24040480856564e+20 2.49441463795624e+19 4.39313874671844e+18 7.23514023190896e+14 1.00664288326477e+20 1.77771936978673e+16 3.91516895672134e+09 2.34305882519732e+16 1.31379967765275e+18 5.09850447863910e+15 0.00000000000000e+00 0.00000000000000e+00 0.00000000000000e+00 0.00000000000000e+00 0.00000000000000e+00 0.00000000000000e+00 0.00000000000000e+00 
1.09634222944829e-03 3.45603458177159e+02 3.24761371219253e+02 2.36835379752118e+22 1.34728806561529e+20 2.63107934217946e+19 4.35131993447068e+18 7.74158137691238e+14 1.09293676419861e+20 1.80738832273966e+16 4.23811287168801e+09 2.18840403570061e+16 1.35121419056232e+18 5.75892195418222e+15 0.00000000000000e+00 0.00000000000000e+00 0.00000000000000e+00 0.00000000000000e+00 0.00000000000000e+00 0.00000000000000e+00 0.00000000000000e+00 
1.18366391614547e-03 3.44270865807864e+02 3.23917952777799e+02 2.36673011623490e+22 1.45366978465478e+20 2.75941284568342e+19 4.30938478214854e+18 8.24174135393670e+14 1.17912948810954e+20 1.83680897307545e+16 4.56033339724547e+09 2.05442838853549e+16 1.38261021582733e+18 6.41465628657962e+15 0.00000000000000e+00 0.00000000000000e+00 0.00000000000000e+00 0.00000000000000e+00 0.00000000000000e+00 0.00000000000000e+00 0.00000000000000e+00 
1.27098560284265e-03 3.43062946507830e+02 3.23155297727048e+02 2.36512038619848e+22 1.55954808822447e+20 2.88012194588193e+19 4.26773021759584e+18 8.73598415521621e+14 1.26521977472243e+20 1.86596473652880e+16 4.88193014390144e+09 1.93684992926629e+16 1.40857292677677e+18 7.05989749296450e+15 0.00000000000000e+00 0.00000000000000e+00 0.00000000000000e+00 0.00000000000000e+00 0.00000000000000e+00 0.00000000000000e+00 0.00000000000000e+00 
1.43192118993734e-03 3.41128103402767e+02 3.22465782634270e+02 2.36218786623273e+22 1.75336570898625e+20 3.08466497747774e+19 4.19207863809148e+18 9.63240383289324e+14 1.42361156019504e+20 1.91906109097721e+16 5.47328619230052e+09 1.75402925068746e+16 1.44384520781738e+18 8.20665021612764e+15 0.00000000000000e+00 0.00000000000000e+00 0.00000000000000e+00 0.00000000000000e+00 0.00000000000000e+00 0.00000000000000e+00 0.00000000000000e+00 
1.59285677703204e-03 3.39519636702885e+02 3.21364879978923e+02 2.35929637468550e+22 1.94547656990002e+20 3.26894974557797e+19 4.11842234776204e+18 1.05115919341306e+15 1.58163815857478e+20 1.97138457458919e+16 6.06322787336963e+09 1.60475696927076e+16 1.46524293938527e+18 9.27884934378895e+15 0.00000000000000e+00 0.00000000000000e+00 0.00000000000000e+00 0.00000000000000e+00 0.00000000000000e+00 0.00000000000000e+00 0.00000000000000e+00 
1.75379236412673e-03 3.38186440247040e+02 3.20453033225581e+02 2.35644254951953e+22 2.13588846045869e+20 3.43594670996499e+19 4.04687601464711e+18 1.13750203472583e+15 1.73928761413768e+20 2.02297114677575e+16 6.65206329752862e+09 1.48141631207514e+16 1.47521906354844e+18 1.02620200371178e+16 0.00000000000000e+00 0.00000000000000e+00 0.00000000000000e+00 0.00000000000000e+00 0.00000000000000e+00 0.00000000000000e+00 0.00000000000000e+00 
1.91472795122142e-03 3.37086102501900e+02 3.19699548021302e+02 2.35362358667552e+22 2.32461169300285e+20 3.58811749256776e+19 3.97740955113011e+18 1.22238049690064e+15 1.89654750414576e+20 2.07384586669199e+16 7.24000596162296e+09 1.37658994775282e+16 1.47583426104556e+18 1.11496239690496e+16 0.00000000000000e+00 0.00000000000000e+00 0.00000000000000e+00 0.00000000000000e+00 0.00000000000000e+00 0.00000000000000e+00 0.00000000000000e+00 
2.07566353831612e-03 3.36183028656433e+02 3.19079239224489e+02 2.35083710721370e+22 2.51165785434642e+20 3.72752415323221e+19 3.91000309492803e+18 1.30589448970425e+15 2.05340616568261e+20 2.12403532757805e+16 7.82722335508774e+09 1.28687366036491e+16 1.46884246436386e+18 1.19410049864249e+16 0.00000000000000e+00 0.00000000000000e+00 0.00000000000000e+00 0.00000000000000e+00 0.00000000000000e+00 0.00000000000000e+00 0.00000000000000e+00 
2.25858510262469e-03 3.35358367533814e+02 3.18571186624076e+02 2.34770684102218e+22 2.72223671298959e+20 3.87266245284384e+19 3.83586801592467e+18 1.39926421194309e+15 2.23119313710437e+20 2.18028200473944e+16 8.49390808205390e+09 1.19931714892866e+16 1.45355046080401e+18 1.27281697951925e+16 0.00000000000000e+00 0.00000000000000e+00 0.00000000000000e+00 0.00000000000000e+00 0.00000000000000e+00 0.00000000000000e+00 0.00000000000000e+00 
2.44150666693327e-03 3.34712591046146e+02 3.18108054125965e+02 2.34461335194612e+22 2.93068512903962e+20 4.00571291774224e+19 3.76431434083937e+18 1.49108116596655e+15 2.40843392113510e+20 2.23571100545587e+16 9.15987142777483e+09 1.12386022198692e+16 1.43225269684067e+18 1.34041354474232e+16 0.00000000000000e+00 0.00000000000000e+00 0.00000000000000e+00 0.00000000000000e+00 0.00000000000000e+00 0.00000000000000e+00 0.00000000000000e+00 
2.62442823124185e-03 3.34214896824218e+02 3.17745894481666e+02 2.34155447185608e+22 3.13702418671416e+20 4.12846692756045e+19 3.69525574830907e+18 1.58143326903177e+15 2.58511637620539e+20 2.29035333991378e+16 9.82515071197583e+09 1.05819055980637e+16 1.40651375915478e+18 1.39801785770736e+16 0.00000000000000e+00 0.00000000000000e+00 0.00000000000000e+00 0.00000000000000e+00 0.00000000000000e+00 0.00000000000000e+00 0.00000000000000e+00 
2.80734979555042e-03 3.33839923999607e+02 3.17467054242869e+02 2.33852836815803e+22 3.34127579723091e+20 4.24240487126044e+19 3.62859833547971e+18 1.67039404153020e+15 2.76123023273859e+20 2.34423827759476e+16 1.04897509013777e+10 1.00056279918832e+16 1.37761924553170e+18 1.44685796750117e+16 0.00000000000000e+00 0.00000000000000e+00 0.00000000000000e+00 0.00000000000000e+00 0.00000000000000e+00 0.00000000000000e+00 0.00000000000000e+00 
2.99027135985900e-03 3.33566678409565e+02 3.17257087971172e+02 2.33553347858536e+22 3.54346237633429e+20 4.34875838081413e+19 3.56425007566646e+18 1.75802601154238e+15 2.93676689133914e+20 2.39739411073521e+16 1.11536525755624e+10 9.49526381662026e+15 1.34661965738372e+18 1.48813820737992e+16 0.00000000000000e+00 0.00000000000000e+00 0.00000000000000e+00 0.00000000000000e+00 0.00000000000000e+00 0.00000000000000e+00 0.00000000000000e+00 
3.35901493795559e-03 3.33260859587556e+02 3.17104099433318e+02 2.32958606136777e+22 3.94485694179824e+20 4.54390595549211e+19 3.44117841192451e+18 1.93084694599874e+15 3.28884283622842e+20 2.50244646421405e+16 1.24897748270106e+10 8.62533228501623e+15 1.28080881940600e+18 1.55263431334771e+16 0.00000000000000e+00 0.00000000000000e+00 0.00000000000000e+00 0.00000000000000e+00 0.00000000000000e+00 0.00000000000000e+00 0.00000000000000e+00 
3.72775851605219e-03 3.33190313457092e+02 3.16932667627056e+02 2.32375128415408e+22 4.33813941248607e+20 4.71884117619218e+19 3.32637415959814e+18 2.09886151406401e+15 3.63850191071248e+20 2.60485178894850e+16 1.38224981353045e+10 7.91535262035600e+15 1.21481739917277e+18 1.59833220305741e+16 0.00000000000000e+00 0.00000000000000e+00 0.00000000000000e+00 0.00000000000000e+00 0.00000000000000e+00 0.00000000000000e+00 0.00000000000000e+00 
4.09650209414878e-03 3.33277855137334e+02 3.16892586841604e+02 2.31802227511961e+22 4.72349691887439e+20 4.87828574507228e+19 3.21912691785061e+18 2.26236285005641e+15 3.98571705426188e+20 2.70479699207282e+16 1.51513244713868e+10 7.32976980840030e+15 1.15183449669166e+18 1.63086544958320e+16 0.00000000000000e+00 0.00000000000000e+00 0.00000000000000e+00 0.00000000000000e+00 0.00000000000000e+00 0.00000000000000e+00 0.00000000000000e+00 
4.46524567224538e-03 3.33472912546897e+02 3.16940712118514e+02 2.31239386158956e+22 5.10111413881706e+20 5.02545580987664e+19 3.11877596227110e+18 2.42158882543810e+15 4.33047384872797e+20 2.80245622916694e+16 1.64758250956185e+10 6.83251334250055e+15 1.09348573648638e+18 1.65407452910456e+16 0.00000000000000e+00 0.00000000000000e+00 0.00000000000000e+00 0.00000000000000e+00 0.00000000000000e+00 0.00000000000000e+00 0.00000000000000e+00 
4.83398925034197e-03 3.33741279209162e+02 3.17048855774376e+02 2.30686194158184e+22 5.47117138221589e+20 5.16263692154978e+19 3.02471792252140e+18 2.57674527143513e+15 4.67276590548072e+20 2.89798935386675e+16 1.77956491213343e+10 6.40752177149250e+15 1.04045457566397e+18 1.67049031649916e+16 0.00000000000000e+00 0.00000000000000e+00 0.00000000000000e+00 0.00000000000000e+00 0.00000000000000e+00 0.00000000000000e+00 0.00000000000000e+00 
5.25263339605667e-03 3.34105102791512e+02 3.17197984687694e+02 2.30069410325590e+22 5.88236433783296e+20 5.30838606340537e+19 2.92487135757103e+18 2.74818936011807e+15 5.05838940025501e+20 3.00405621607339e+16 1.92880102441558e+10 5.99389435003503e+15 9.86843703193274e+17 1.68312022500904e+16 0.00000000000000e+00 0.00000000000000e+00 0.00000000000000e+00 0.00000000000000e+00 0.00000000000000e+00 0.00000000000000e+00 0.00000000000000e+00 
5.67127754177138e-03 3.34507960295110e+02 3.17400450165261e+02 2.29464200936402e+22 6.28428583345452e+20 5.44531338692383e+19 2.83172047064504e+18 2.91485253604166e+15 5.44083525044863e+20 3.10775603192256e+16 2.07735007914171e+10 5.63788880043078e+15 9.40007968195917e+17 1.69118295081666e+16 0.00000000000000e+00 0.00000000000000e+00 0.00000000000000e+00 0.00000000000000e+00 0.00000000000000e+00 0.00000000000000e+00 0.00000000000000e+00 
6.08992168748608e-03 3.34933725292195e+02 3.17624906118732e+02 2.28870203490203e+22 6.67717477374514e+20 5.57478157868159e+19 2.74463648750725e+18 3.07694710775364e+15 5.82010784854164e+20 3.20925741622801e+16 2.22517729537630e+10 5.32837064008880e+15 8.99365643610324e+17 1.69594265133230e+16 0.00000000000000e+00 0.00000000000000e+00 0.00000000000000e+00 0.00000000000000e+00 0.00000000000000e+00 0.00000000000000e+00 0.00000000000000e+00 
6.50856583320079e-03 3.35372205834624e+02 3.17862378798992e+02 2.28287101831253e+22 7.06126122423450e+20 5.69778650532475e+19 2.66306240505849e+18 3.23466426650223e+15 6.19621305919765e+20 3.30871129374976e+16 2.37225542880018e+10 5.05703309246396e+15 8.64186480616907e+17 1.69824633299413e+16 0.00000000000000e+00 0.00000000000000e+00 0.00000000000000e+00 0.00000000000000e+00 0.00000000000000e+00 0.00000000000000e+00 0.00000000000000e+00 
6.92720997891549e-03 3.35816856529939e+02 3.18107190830910e+02 2.27714611717521e+22 7.43676676686365e+20 5.81508516028925e+19 2.58650409003855e+18 3.38818088730155e+15 6.56915706263850e+20 3.40625196627092e+16 2.51856219577432e+10 4.81697856095848e+15 8.33720319409910e+17 1.69869646727693e+16 0.00000000000000e+00 0.00000000000000e+00 0.00000000000000e+00 0.00000000000000e+00 0.00000000000000e+00 0.00000000000000e+00 0.00000000000000e+00 
7.78298467244373e-03 3.36730391939279e+02 3.18355690193387e+02 2.26576315676655e+22 8.17853672704296e+20 6.03934761316935e+19 2.44384244408206e+18 3.68960194987749e+15 7.32170169890755e+20 3.60017995924487e+16 2.81516661259635e+10 4.40309556913855e+15 7.83318430804881e+17 1.69550207937032e+16 0.00000000000000e+00 0.00000000000000e+00 0.00000000000000e+00 0.00000000000000e+00 0.00000000000000e+00 0.00000000000000e+00 0.00000000000000e+00 
8.63875936597197e-03 3.37631775556199e+02 3.18866970103039e+02 2.25479261902229e+22 8.88705902734745e+20 6.24598499563984e+19 2.31719922807668e+18 3.97548301240980e+15 8.06110730565371e+20 3.78745446803763e+16 3.10833476366960e+10 4.06662872553583e+15 7.44773107266485e+17 1.68886404119314e+16 0.00000000000000e+00 0.00000000000000e+00 0.00000000000000e+00 0.00000000000000e+00 0.00000000000000e+00 0.00000000000000e+00 0.00000000000000e+00 
9.49453405950022e-03 3.38513141528613e+02 3.19372387345357e+02 2.24421631045998e+22 9.56395018998438e+20 6.43760273670430e+19 2.20411051876802e+18 4.24696365762236e+15 8.78741738325562e+20 3.96875621868579e+16 3.39796271877377e+10 3.79008786603846e+15 7.14419344287114e+17 1.68004416684426e+16 0.00000000000000e+00 0.00000000000000e+00 0.00000000000000e+00 0.00000000000000e+00 0.00000000000000e+00 0.00000000000000e+00 0.00000000000000e+00 
1.03503087530285e-02 3.39373531482706e+02 3.19867464554632e+02 2.23401774339344e+22 1.02107160763266e+21 6.61599100588058e+19 2.10254617232063e+18 4.50509051638754e+15 9.50067375372825e+20 4.14465188563430e+16 3.68397011529727e+10 3.55579696856505e+15 6.89804060133864e+17 1.66988596912220e+16 0.00000000000000e+00 0.00000000000000e+00 0.00000000000000e+00 0.00000000000000e+00 0.00000000000000e+00 0.00000000000000e+00 0.00000000000000e+00 
1.12060834465567e-02 3.40213205730139e+02 3.20351596719769e+02 2.22418159459637e+22 1.08287671512316e+21 6.78254038821618e+19 2.01091220049994e+18 4.75080698666504e+15 1.02009211104504e+21 4.31555789901248e+16 3.96628733553628e+10 3.35604322111249e+15 6.69349434672167e+17 1.65884328253523e+16 0.00000000000000e+00 0.00000000000000e+00 0.00000000000000e+00 0.00000000000000e+00 0.00000000000000e+00 0.00000000000000e+00 0.00000000000000e+00 
1.21884553627540e-02 3.41151671328033e+02 3.20824866713857e+02 2.21331861835485e+22 1.15045558895802e+21 6.96062551267917e+19 1.91621732088550e+18 5.01864965888690e+15 1.09887873592332e+21 4.50608316473820e+16 4.28573244275280e+10 3.15998459799071e+15 6.49680416671681e+17 1.64556741908210e+16 0.00000000000000e+00 0.00000000000000e+00 0.00000000000000e+00 0.00000000000000e+00 0.00000000000000e+00 0.00000000000000e+00 0.00000000000000e+00 
1.31708272789513e-02 3.42063294400541e+02 3.21354742950000e+02 2.20289376696769e+22 1.21461413658655e+21 7.12611003851622e+19 1.83121917687401e+18 5.27235649739266e+15 1.17596706592138e+21 4.69093579880280e+16 4.60013568101597e+10 2.99261470523745e+15 6.33056256403717e+17 1.63197298154951e+16 0.00000000000000e+00 0.00000000000000e+00 0.00000000000000e+00 0.00000000000000e+00 0.00000000000000e+00 0.00000000000000e+00 0.00000000000000e+00 
1.41531991951487e-02 3.42948921072788e+02 3.21870392712255e+02 2.19288781926511e+22 1.27552967061506e+21 7.28021164042201e+19 1.75445141910753e+18 5.51299445052345e+15 1.25136774425829e+21 4.87053742208254e+16 4.90941862391752e+10 2.84611305495927e+15 6.18718899127452e+17 1.61838680787861e+16 0.00000000000000e+00 0.00000000000000e+00 0.00000000000000e+00 0.00000000000000e+00 0.00000000000000e+00 0.00000000000000e+00 0.00000000000000e+00 
1.51355711113460e-02 3.43809498267987e+02 3.22372211565678e+02 2.18328269196400e+22 1.33336857413754e+21 7.42393738732026e+19 1.68487679126535e+18 5.74146443485286e+15 1.32509307617246e+21 5.04512559028843e+16 5.21351886646593e+10 2.71896179826304e+15 6.06175712182472e+17 1.60489576548501e+16 0.00000000000000e+00 0.00000000000000e+00 0.00000000000000e+00 0.00000000000000e+00 0.00000000000000e+00 0.00000000000000e+00 0.00000000000000e+00 
1.61179430275433e-02 3.44645915471501e+02 3.22860658835998e+02 2.17406129226631e+22 1.38828763027863e+21 7.55815299603879e+19 1.62160081385462e+18 5.95860974790965e+15 1.39715683447851e+21 5.21495951934651e+16 5.51237841666086e+10 2.60569153833005e+15 5.95089726109207e+17 1.59162049977399e+16 0.00000000000000e+00 0.00000000000000e+00 0.00000000000000e+00 0.00000000000000e+00 0.00000000000000e+00 0.00000000000000e+00 0.00000000000000e+00 
1.74467655591736e-02 3.45740183820234e+02 3.23336167399854e+02 2.16216986670808e+22 1.45818881543407e+21 7.72590552480732e+19 1.54464242952902e+18 6.23558370514107e+15 1.49201895120982e+21 5.43748639618993e+16 5.90822143341123e+10 2.47296424463751e+15 5.82012356943729e+17 1.57415173205458e+16 0.00000000000000e+00 0.00000000000000e+00 0.00000000000000e+00 0.00000000000000e+00 0.00000000000000e+00 0.00000000000000e+00 0.00000000000000e+00 
1.87755880908039e-02 3.46793240202019e+02 3.23959413938966e+02 2.15091318704131e+22 1.52336005405495e+21 7.87930979677429e+19 1.47622896405134e+18 6.49480383813745e+15 1.58391069290049e+21 5.65209470825042e+16 6.29431122853172e+10 2.35806223402202e+15 5.70702494854011e+17 1.55734720618682e+16 0.00000000000000e+00 0.00000000000000e+00 0.00000000000000e+00 0.00000000000000e+00 0.00000000000000e+00 0.00000000000000e+00 0.00000000000000e+00 
2.01044106224342e-02 3.47806603485433e+02 3.24560411756953e+02 2.14025584200924e+22 1.58412007642773e+21 8.01981212730248e+19 1.41500107015808e+18 6.73773393011311e+15 1.67287769036104e+21 5.85918564105228e+16 6.67059238998606e+10 2.25772352395041e+15 5.60799949389460e+17 1.54130806065592e+16 0.00000000000000e+00 0.00000000000000e+00 0.00000000000000e+00 0.00000000000000e+00 0.00000000000000e+00 0.00000000000000e+00 0.00000000000000e+00 
2.14332331540645e-02 3.48781639501165e+02 3.25139884546497e+02 2.13016472524747e+22 1.64076424163920e+21 8.14864710361650e+19 1.36001658730384e+18 6.96566162464194e+15 1.75896928411565e+21 6.05900961159512e+16 7.03703813758631e+10 2.16946835466562e+15 5.52057464411699e+17 1.52604532590192e+16 0.00000000000000e+00 0.00000000000000e+00 0.00000000000000e+00 0.00000000000000e+00 0.00000000000000e+00 0.00000000000000e+00 0.00000000000000e+00 
2.27620556856948e-02 3.49719678186020e+02 3.25698481090171e+02 2.12060876405723e+22 1.69356732468575e+21 8.26689895061738e+19 1.31043504282203e+18 7.17973534520041e+15 1.84223792729832e+21 6.25184801913800e+16 7.39364755102392e+10 2.09115302010812e+15 5.44289775975817e+17 1.51156297150952e+16 0.00000000000000e+00 0.00000000000000e+00 0.00000000000000e+00 0.00000000000000e+00 0.00000000000000e+00 0.00000000000000e+00 0.00000000000000e+00 
2.59078855116399e-02 3.51799957433353e+02 3.26236841198362e+02 2.09995712113023e+22 1.80467121320764e+21 8.50994019668743e+19 1.21068099524478e+18 7.63685974460757e+15 2.02844342195637e+21 6.68182972759411e+16 8.19886577877309e+10 1.93714405162683e+15 5.29004508680158e+17 1.48042047393622e+16 0.00000000000000e+00 0.00000000000000e+00 0.00000000000000e+00 0.00000000000000e+00 0.00000000000000e+00 0.00000000000000e+00 0.00000000000000e+00 
2.90537153375849e-02 3.53695301158389e+02 3.27434094839864e+02 2.08179376378888e+22 1.89866908028034e+21 8.70964576397274e+19 1.13029767269281e+18 8.03362545325100e+15 2.19991400785118e+21 7.07663025636102e+16 8.94988505887154e+10 1.81513255213332e+15 5.16895432068343e+17 1.45341254861927e+16 0.00000000000000e+00 0.00000000000000e+00 0.00000000000000e+00 0.00000000000000e+00 0.00000000000000e+00 0.00000000000000e+00 0.00000000000000e+00 
3.21995451635300e-02 3.55420160452089e+02 3.28528892000851e+02 2.06581006949155e+22 1.97816320647979e+21 8.87430221045418e+19 1.06458877304444e+18 8.37936366413468e+15 2.35746374754600e+21 7.43861207478877e+16 9.64800513673244e+10 1.71682074825002e+15 5.07118308233766e+17 1.43011609943782e+16 0.00000000000000e+00 0.00000000000000e+00 0.00000000000000e+00 0.00000000000000e+00 0.00000000000000e+00 0.00000000000000e+00 0.00000000000000e+00 
3.53453749894751e-02 3.56987992014606e+02 3.29528484217510e+02 2.05173921484345e+22 2.04534103218631e+21 9.01034115509929e+19 1.01020958436758e+18 8.68135264799970e+15 2.50193381601569e+21 7.76996190185426e+16 1.02949803296500e+11 1.63617672531192e+15 4.99156937104170e+17 1.41011111425027e+16 0.00000000000000e+00 0.00000000000000e+00 0.00000000000000e+00 0.00000000000000e+00 0.00000000000000e+00 0.00000000000000e+00 0.00000000000000e+00 
3.84912048154201e-02 3.58411391760091e+02 3.30439759995778e+02 2.03934871761674e+22 2.10205533463351e+21 9.12295289729403e+19 9.64717016013151e+17 8.94564610383329e+15 2.63417065386140e+21 8.07275676153759e+16 1.08928967775329e+11 1.56881897349027e+15 4.92582301462574e+17 1.39300516137868e+16 0.00000000000000e+00 0.00000000000000e+00 0.00000000000000e+00 0.00000000000000e+00 0.00000000000000e+00 0.00000000000000e+00 0.00000000000000e+00 
4.31532581580793e-02 3.60280025728760e+02 3.31269286067371e+02 2.02365667080630e+22 2.17009411261718e+21 9.25532581504647e+19 9.10024573185016e+17 9.27848334086815e+15 2.80941537759875e+21 8.47313492708210e+16 1.16937185497186e+11 1.48799912782383e+15 4.84788029050939e+17 1.37224547618303e+16 0.00000000000000e+00 0.00000000000000e+00 0.00000000000000e+00 0.00000000000000e+00 0.00000000000000e+00 0.00000000000000e+00 0.00000000000000e+00 
4.78153115007385e-02 3.61893026894090e+02 3.32361438433136e+02 2.01064570310711e+22 2.22283369859133e+21 9.35596474661364e+19 8.66793195441108e+17 9.55347316386029e+15 2.96224405018432e+21 8.82137817186033e+16 1.23999778057587e+11 1.42368419750382e+15 4.78692780218724e+17 1.35595224711685e+16 0.00000000000000e+00 0.00000000000000e+00 0.00000000000000e+00 0.00000000000000e+00 0.00000000000000e+00 0.00000000000000e+00 0.00000000000000e+00 
5.24773648433977e-02 3.63282774419212e+02 3.33307040645222e+02 1.99984616143784e+22 2.26365292672161e+21 9.43269390138853e+19 8.32062990528427e+17 9.78165072768827e+15 3.09514287707280e+21 9.12339573254773e+16 1.30201075086544e+11 1.37137362725542e+15 4.73821107599087e+17 1.34323013801951e+16 0.00000000000000e+00 0.00000000000000e+00 0.00000000000000e+00 0.00000000000000e+00 0.00000000000000e+00 0.00000000000000e+00 0.00000000000000e+00 
5.71394181860569e-02 3.64478005537666e+02 3.34123871595493e+02 1.99087567258706e+22 2.29516581347666e+21 9.49122435199481e+19 8.04085230834017e+17 9.97125330247711e+15 3.21042112076064e+21 9.38452235583929e+16 1.35625146660919e+11 1.32920604143370e+15 4.69972652981855e+17 1.33334284769792e+16 0.00000000000000e+00 0.00000000000000e+00 0.00000000000000e+00 0.00000000000000e+00 0.00000000000000e+00 0.00000000000000e+00 0.00000000000000e+00 
6.18014715287161e-02 3.65504345669795e+02 3.34827924833762e+02 1.98341999755617e+22 2.31941635233614e+21 9.53590360116049e+19 7.81262235768851e+17 1.01290359092004e+16 3.31019257917954e+21 9.60980720727877e+16 1.40353391672467e+11 1.29431296540709e+15 4.66879583784723e+17 1.32571546052801e+16 0.00000000000000e+00 0.00000000000000e+00 0.00000000000000e+00 0.00000000000000e+00 0.00000000000000e+00 0.00000000000000e+00 0.00000000000000e+00 
6.92229316334514e-02 3.66843016825371e+02 3.35433629458157e+02 1.97407215184462e+22 2.34672713928181e+21 9.58613730968165e+19 7.52994913157854e+17 1.03275779271972e+16 3.44158805743021e+21 9.90507628363614e+16 1.46627539468529e+11 1.25066441918773e+15 4.63103526901694e+17 1.31720273948258e+16 0.00000000000000e+00 0.00000000000000e+00 0.00000000000000e+00 0.00000000000000e+00 0.00000000000000e+00 0.00000000000000e+00 0.00000000000000e+00 
7.66443917381867e-02 3.67887701104108e+02 3.36225225592672e+02 1.96708685852847e+22 2.36447450031945e+21 9.61897035924403e+19 7.32059479452545e+17 1.04770034274561e+16 3.54519028126561e+21 1.01366214206757e+17 1.51612610171339e+11 1.21782156529263e+15 4.60340848758981e+17 1.31176521250642e+16 0.00000000000000e+00 0.00000000000000e+00 0.00000000000000e+00 0.00000000000000e+00 0.00000000000000e+00 0.00000000000000e+00 0.00000000000000e+00 
8.40658518429220e-02 3.68701735678220e+02 3.36844202840810e+02 1.96184616099062e+22 2.37596534385142e+21 9.64048753107832e+19 7.16407953504738e+17 1.05900275345587e+16 3.62662767439606e+21 1.03176883096218e+17 1.55554577757824e+11 1.19292822577656e+15 4.58314554366179e+17 1.30834007083030e+16 0.00000000000000e+00 0.00000000000000e+00 0.00000000000000e+00 0.00000000000000e+00 0.00000000000000e+00 0.00000000000000e+00 0.00000000000000e+00 
9.14873119476573e-02 3.69334822113413e+02 3.37327258830637e+02 1.95790674561860e+22 2.38331528983950e+21 9.65457166209294e+19 7.04598117827891e+17 1.06756895785935e+16 3.69046104135204e+21 1.04589059243975e+17 1.58658682817931e+11 1.17390191989116e+15 4.56809015647785e+17 1.30626364595241e+16 0.00000000000000e+00 0.00000000000000e+00 0.00000000000000e+00 0.00000000000000e+00 0.00000000000000e+00 0.00000000000000e+00 0.00000000000000e+00 
9.89087720523927e-02 3.69826198581262e+02 3.37703382523559e+02 1.95494308889947e+22 2.38791863099851e+21 9.66374702290885e+19 6.95637204624546e+17 1.07407284900413e+16 3.74036413780692e+21 1.05687657791843e+17 1.61093984137969e+11 1.15928499211962e+15 4.55672846878198e+17 1.30508600629597e+16 0.00000000000000e+00 0.00000000000000e+00 0.00000000000000e+00 0.00000000000000e+00 0.00000000000000e+00 0.00000000000000e+00 0.00000000000000e+00 
1.11242277719195e-01 3.70406524047316e+02 3.37995580234656e+02 1.95157834862256e+22 2.39175461450516e+21 9.67215682274244e+19 6.85235706225511e+17 1.08157935302451e+16 3.79984214967829e+21 1.06988459695494e+17 1.64006189624175e+11 1.14204015221403e+15 4.54346381474091e+17 1.30439854310627e+16 0.00000000000000e+00 0.00000000000000e+00 0.00000000000000e+00 0.00000000000000e+00 0.00000000000000e+00 0.00000000000000e+00 0.00000000000000e+00 
1.23575783385997e-01 3.70785307104441e+02 3.38340965758885e+02 1.94946396362930e+22 2.39328714699448e+21 9.67621237487804e+19 6.78550832163250e+17 1.08639529178252e+16 3.83899869083747e+21 1.07839437225301e+17 1.65929049010558e+11 1.13078747355185e+15 4.53485382782541e+17 1.30437898905123e+16 0.00000000000000e+00 0.00000000000000e+00 0.00000000000000e+00 0.00000000000000e+00 0.00000000000000e+00 0.00000000000000e+00 0.00000000000000e+00 
1.35909289052800e-01 3.71034048106238e+02 3.38566572608869e+02 1.94811161199262e+22 2.39386638337109e+21 9.67821884001983e+19 6.74251832627538e+17 1.08951221792859e+16 3.86485671887427e+21 1.08398829991624e+17 1.67201260854087e+11 1.12349596059408e+15 4.52945918329514e+17 1.30453321630336e+16 0.00000000000000e+00 0.00000000000000e+00 0.00000000000000e+00 0.00000000000000e+00 0.00000000000000e+00 0.00000000000000e+00 0.00000000000000e+00 
1.48242794719602e-01 3.71197288595654e+02 3.38714798470610e+02 1.94724399900744e+22 2.39401019025116e+21 9.67917853056464e+19 6.71469241772478e+17 1.09152253184793e+16 3.88190834995295e+21 1.08766219479528e+17 1.68041150339684e+11 1.11874298120748e+15 4.52605035061115e+17 1.30473551345324e+16 0.00000000000000e+00 0.00000000000000e+00 0.00000000000000e+00 0.00000000000000e+00 0.00000000000000e+00 0.00000000000000e+00 0.00000000000000e+00 
1.60576300386405e-01 3.71303738426540e+02 3.38812105187130e+02 1.94669171619670e+22 2.39394152518163e+21 9.67957937723687e+19 6.69657511735363e+17 1.09281773770684e+16 3.89308735621415e+21 1.09006050951716e+17 1.68592134596786e+11 1.11561196691469e+15 4.52377579348748e+17 1.30494878782560e+16 0.00000000000000e+00 0.00000000000000e+00 0.00000000000000e+00 0.00000000000000e+00 0.00000000000000e+00 0.00000000000000e+00 0.00000000000000e+00 
1.82555728364877e-01 3.71404797313903e+02 3.38875571824573e+02 1.94618638561199e+22 2.39364485743283e+21 9.67967594051506e+19 6.67880475878706e+17 1.09404944384697e+16 3.90378941291007e+21 1.09234355222386e+17 1.69119994806218e+11 1.11247734476637e+15 4.52128448426187e+17 1.30531302602821e+16 0.00000000000000e+00 0.00000000000000e+00 0.00000000000000e+00 0.00000000000000e+00 0.00000000000000e+00 0.00000000000000e+00 0.00000000000000e+00 
2.04535156343349e-01 3.71452225556626e+02 3.38935832125661e+02 1.94595453844977e+22 2.39344405115974e+21 9.67958687872253e+19 6.67165976158264e+17 1.09460907286905e+16 3.90883124653508e+21 1.09341048371712e+17 1.69368435673134e+11 1.11126289750365e+15 4.52065787922463e+17 1.30543710981100e+16 0.00000000000000e+00 0.00000000000000e+00 0.00000000000000e+00 0.00000000000000e+00 0.00000000000000e+00 0.00000000000000e+00 0.00000000000000e+00 
2.26514584321821e-01 3.71477120111362e+02 3.38964115991534e+02 1.94583070040430e+22 2.39336207819342e+21 9.67962354918376e+19 6.66664957022667e+17 1.09491463391869e+16 3.91147240262589e+21 1.09397622492070e+17 1.69499041462518e+11 1.11036712394255e+15 4.51983576035458e+17 1.30557845607521e+16 0.00000000000000e+00 0.00000000000000e+00 0.00000000000000e+00 0.00000000000000e+00 0.00000000000000e+00 0.00000000000000e+00 0.00000000000000e+00 
2.48494012300293e-01 3.71490198808341e+02 3.38978962923991e+02 1.94576550698541e+22 2.39332123033061e+21 9.67963445618947e+19 6.66429508251592e+17 1.09508608834763e+16 3.91285833162297e+21 1.09427158234805e+17 1.69567309579682e+11 1.10991308733204e+15 4.51934947017780e+17 1.30562089323095e+16 0.00000000000000e+00 0.00000000000000e+00 0.00000000000000e+00 0.00000000000000e+00 0.00000000000000e+00 0.00000000000000e+00 0.00000000000000e+00 
2.70473440278765e-01 3.71496161986386e+02 3.38986763258185e+02 1.94573722071527e+22 2.39328695602395e+21 9.67958695263266e+19 6.66392146284112e+17 1.09514595568983e+16 3.91349355588947e+21 1.09440358857961e+17 1.69598540225576e+11 1.10988209935050e+15 4.51955127748810e+17 1.30560950283640e+16 0.00000000000000e+00 0.00000000000000e+00 0.00000000000000e+00 0.00000000000000e+00 0.00000000000000e+00 0.00000000000000e+00 0.00000000000000e+00 
3.28405006447159e-01 3.71501707112346e+02 3.38990319745517e+02 1.94571166338769e+22 2.39324653678153e+21 9.67952180403657e+19 6.66368035428186e+17 1.09518371592661e+16 3.91408678331018e+21 1.09452582992946e+17 1.69627619991999e+11 1.10989513666856e+15 4.51987208819440e+17 1.30559354104046e+16 0.00000000000000e+00 0.00000000000000e+00 0.00000000000000e+00 0.00000000000000e+00 0.00000000000000e+00 0.00000000000000e+00 0.00000000000000e+00 
3.86336572615553e-01 3.71500656657395e+02 3.38993626860329e+02 1.94571741428966e+22 2.39324297663306e+21 9.67952250850499e+19 6.66361372411194e+17 1.09517463765797e+16 3.91397892486075e+21 1.09450324767997e+17 1.69622322706382e+11 1.10985772692373e+15 4.51974525950143e+17 1.30560640207652e+16 0.00000000000000e+00 0.00000000000000e+00 0.00000000000000e+00 0.00000000000000e+00 0.00000000000000e+00 0.00000000000000e+00 0.00000000000000e+00 
4.44268138783946e-01 3.71499836789171e+02 3.38993000235689e+02 1.94572134374411e+22 2.39324642208318e+21 9.67954123942275e+19 6.66339523926515e+17 1.09517870520138e+16 3.91389317950300e+21 1.09448631775332e+17 1.69618162870998e+11 1.10978555373639e+15 4.51953022614837e+17 1.30562629039407e+16 0.00000000000000e+00 0.00000000000000e+00 0.00000000000000e+00 0.00000000000000e+00 0.00000000000000e+00 0.00000000000000e+00 0.00000000000000e+00 
5.02199704952340e-01 3.71499815796975e+02 3.38992511209146e+02 1.94572134889897e+22 2.39324731960017e+21 9.67954813638240e+19 6.66329560360978e+17 1.09518230692376e+16 3.91389117781592e+21 1.09448632792738e+17 1.69618097674848e+11 1.10976669075090e+15 4.51948097049684e+17 1.30563475535851e+16 0.00000000000000e+00 0.00000000000000e+00 0.00000000000000e+00 0.00000000000000e+00 0.00000000000000e+00 0.00000000000000e+00 0.00000000000000e+00 
8.64468570187709e-01 3.71500024334827e+02 3.38992498682633e+02 1.94572034411493e+22 2.39324621629719e+21 9.67954817813550e+19 6.66324318038802e+17 1.09518477015693e+16 3.91391349180789e+21 1.09449111718077e+17 1.69619202112812e+11 1.10975848975685e+15 4.51947218255738e+17 1.30563711589395e+16 0.00000000000000e+00 0.00000000000000e+00 0.00000000000000e+00 0.00000000000000e+00 0.00000000000000e+00 0.00000000000000e+00 0.00000000000000e+00 
1.22673743542308e+00 3.71500048063200e+02 3.38992623054898e+02 1.94572024581424e+22 2.39324616225548e+21 9.67954567279150e+19 6.66328656744179e+17 1.09518331433923e+16 3.91391559980308e+21 1.09449155599365e+17 1.69619359935576e+11 1.10976881032105e+15 4.51949748248414e+17 1.30563392225594e+16 0.00000000000000e+00 0.00000000000000e+00 0.00000000000000e+00 0.00000000000000e+00 0.00000000000000e+00 0.00000000000000e+00 0.00000000000000e+00 
1.58900630065844e+00 3.71500045890531e+02 3.38992637218849e+02 1.94572024516822e+22 2.39324606308765e+21 9.67954780390992e+19 6.66324838104785e+17 1.09518450672123e+16 3.91391578192524e+21 1.09449158259379e+17 1.69619322376588e+11 1.10976027505783e+15 4.51947767277227e+17 1.30563678682291e+16 0.00000000000000e+00 0.00000000000000e+00 0.00000000000000e+00 0.00000000000000e+00 0.00000000000000e+00 0.00000000000000e+00 0.00000000000000e+00 
5.21169495301213e+00 3.71500045524345e+02 3.38992635911183e+02 1.94572024662113e+22 2.39324605300247e+21 9.67954795805015e+19 6.66324430068186e+17 1.09518479520806e+16 3.91391577217152e+21 1.09449157798202e+17 1.69619314563492e+11 1.10975860101428e+15 4.51947366817546e+17 1.30563694233802e+16 0.00000000000000e+00 0.00000000000000e+00 0.00000000000000e+00 0.00000000000000e+00 0.00000000000000e+00 0.00000000000000e+00 0.00000000000000e+00 
8.83438360536581e+00 3.71500047819973e+02 3.38992635691965e+02 1.94572023257007e+22 2.39324611344671e+21 9.67954718885542e+19 6.66326639890359e+17 1.09518392272328e+16 3.91391593834220e+21 1.09449153694741e+17 1.69619320932966e+11 1.10976550207588e+15 4.51949017338531e+17 1.30563574501389e+16 0.00000000000000e+00 0.00000000000000e+00 0.00000000000000e+00 0.00000000000000e+00 0.00000000000000e+00 0.00000000000000e+00 0.00000000000000e+00 
1.24570722577195e+01 3.71500046720098e+02 3.38992637063268e+02 1.94572023897840e+22 2.39324609164936e+21 9.67954754713006e+19 6.66325639929701e+17 1.09518438777981e+16 3.91391585130316e+21 1.09449155393708e+17 1.69619317832535e+11 1.10976177551872e+15 4.51948133074506e+17 1.30563618899864e+16 0.00000000000000e+00 0.00000000000000e+00 0.00000000000000e+00 0.00000000000000e+00 0.00000000000000e+00 0.00000000000000e+00 0.00000000000000e+00 
4.86839587812563e+01 3.71500046745268e+02 3.38992636406475e+02 1.94572023865628e+22 2.39324609767100e+21 9.67954753114360e+19 6.66325746912655e+17 1.09518441492836e+16 3.91391584679191e+21 1.09449154984389e+17 1.69619317668414e+11 1.10976156064399e+15 4.51948086997603e+17 1.30563607379127e+16 0.00000000000000e+00 0.00000000000000e+00 0.00000000000000e+00 0.00000000000000e+00 0.00000000000000e+00 0.00000000000000e+00 0.00000000000000e+00 
8.49108453047931e+01 3.71500047456738e+02 3.38992636421701e+02 1.94572023483912e+22 2.39324610305529e+21 9.67954731329945e+19 6.66326256372565e+17 1.09518404977860e+16 3.91391591363612e+21 1.09449154503744e+17 1.69619320179056e+11 1.10976443607435e+15 4.51948761381954e+17 1.30563594966778e+16 0.00000000000000e+00 0.00000000000000e+00 0.00000000000000e+00 0.00000000000000e+00 0.00000000000000e+00 0.00000000000000e+00 0.00000000000000e+00 
1.21137731828330e+02 3.71500047147734e+02 3.38992636846243e+02 1.94572023639227e+22 2.39324610354993e+21 9.67954740699085e+19 6.66326074346049e+17 1.09518423262585e+16 3.91391588133200e+21 1.09449154536972e+17 1.69619318964361e+11 1.10976300077435e+15 4.51948426897271e+17 1.30563596156120e+16 0.00000000000000e+00 0.00000000000000e+00 0.00000000000000e+00 0.00000000000000e+00 0.00000000000000e+00 0.00000000000000e+00 0.00000000000000e+00 
2.21137731828330e+02 3.71500047281483e+02 3.38992636661956e+02 1.94572023570293e+22 2.39324610430623e+21 9.67954736626245e+19 6.66326166341595e+17 1.09518416163539e+16 3.91391589418882e+21 1.09449154463260e+17 1.69619319448073e+11 1.10976355893648e+15 4.51948557590114e+17 1.30563594369772e+16 0.00000000000000e+00 0.00000000000000e+00 0.00000000000000e+00 0.00000000000000e+00 0.00000000000000e+00 0.00000000000000e+00 0.00000000000000e+00 
3.21137731828330e+02 3.71500047316749e+02 3.38992636741757e+02 1.94572023556423e+22 2.39324610350241e+21 9.67954735600654e+19 6.66326175941660e+17 1.09518413476449e+16 3.91391589871697e+21 1.09449154507691e+17 1.69619319618096e+11 1.10976376936890e+15 4.51948606138261e+17 1.30563594978833e+16 0.00000000000000e+00 0.00000000000000e+00 0.00000000000000e+00 0.00000000000000e+00 0.00000000000000e+00 0.00000000000000e+00 0.00000000000000e+00 
4.21137731828330e+02 3.71500047330726e+02 3.38992636762765e+02 1.94572023547645e+22 2.39324610397156e+21 9.67954735160182e+19 6.66326191175049e+17 1.09518413060661e+16 3.91391589961504e+21 1.09449154475184e+17 1.69619319651688e+11 1.10976380235740e+15 4.51948614150016e+17 1.30563594442679e+16 0.00000000000000e+00 0.00000000000000e+00 0.00000000000000e+00 0.00000000000000e+00 0.00000000000000e+00 0.00000000000000e+00 0.00000000000000e+00 
5.21137731828330e+02 3.71500047332647e+02 3.38992636771117e+02 1.94572023548409e+22 2.39324610356494e+21 9.67954735120347e+19 6.66326186430823e+17 1.09518412613854e+16 3.91391590027546e+21 1.09449154500871e+17 1.69619319676904e+11 1.10976383715509e+15 4.51948621990643e+17 1.30563594792359e+16 0.00000000000000e+00 0.00000000000000e+00 0.00000000000000e+00 0.00000000000000e+00 0.00000000000000e+00 0.00000000000000e+00 0.00000000000000e+00 
6.21137731828330e+02 3.71500047334702e+02 3.38992636772249e+02 1.94572023546195e+22 2.39324610384703e+21 9.67954735045767e+19 6.66326191774166e+17 1.09518412729027e+16 3.91391590016556e+21 1.09449154482449e+17 1.69619319672582e+11 1.10976382831734e+15 4.51948620122157e+17 1.30563594550169e+16 0.00000000000000e+00 0.00000000000000e+00 0.00000000000000e+00 0.00000000000000e+00 0.00000000000000e+00 0.00000000000000e+00 0.00000000000000e+00 
7.21137731828330e+02 3.71500047334339e+02 3.38992636773485e+02 1.94572023547201e+22 2.39324610362602e+21 9.67954735065036e+19 6.66326188378161e+17 1.09518412565883e+16 3.91391590038009e+21 1.09449154496578e+17 1.69619319680874e+11 1.10976384096600e+15 4.51948622921550e+17 1.30563594720176e+16 0.00000000000000e+00 0.00000000000000e+00 0.00000000000000e+00 0.00000000000000e+00 0.00000000000000e+00 0.00000000000000e+00 0.00000000000000e+00 
8.21137731828330e+02 3.71500047334823e+02 3.38992636773261e+02 1.94572023546256e+22 2.39324610378818e+21 9.67954735042993e+19 6.66326191033940e+17 1.09518412672185e+16 3.91391590024581e+21 1.09449154486116e+17 1.69619319675732e+11 1.10976383273515e+15 4.51948621113435e+17 1.30563594601676e+16 0.00000000000000e+00 0.00000000000000e+00 0.00000000000000e+00 0.00000000000000e+00 0.00000000000000e+00 0.00000000000000e+00 0.00000000000000e+00 
9.21137731828330e+02 3.71500047334600e+02 3.38992636773555e+02 1.94572023546824e+22 2.39324610366422e+21 9.67954735054258e+19 6.66326189118858e+17 1.09518412581652e+16 3.91391590036389e+21 1.09449154494033e+17 1.69619319680293e+11 1.10976383975278e+15 4.51948622665171e+17 1.30563594685835e+16 0.00000000000000e+00 0.00000000000000e+00 0.00000000000000e+00 0.00000000000000e+00 0.00000000000000e+00 0.00000000000000e+00 0.00000000000000e+00 
1.00000000000000e+03 3.71500047334685e+02 3.38992636773418e+02 1.94572023546564e+22 2.39324610370881e+21 9.67954735049274e+19 6.66326189828677e+17 1.09518412613482e+16 3.91391590032208e+21 1.09449154491138e+17 1.69619319678694e+11 1.10976383728452e+15 4.51948622120468e+17 1.30563594655534e+16 0.00000000000000e+00 0.00000000000000e+00 0.00000000000000e+00 0.00000000000000e+00 0.00000000000000e+00 0.00000000000000e+00 0.00000000000000e+00 
