Time(s)              GasTemp(K)           NearWallTemp(K)      [O2(X)](m^-3)        [O2(a1Dg)](m^-3)     [O2(b1Sg+)](m^-3)    [O2(A3Su+_C3Du_c1Su-)](m^-3) [O2(+,X)](m^-3)      [O(3P)](m^-3)        [O(1D)](m^-3)        [O(+,gnd)](m^-3)     [O(-,gnd)](m^-3)     [O3(X)](m^-3)        [O3(exc)](m^-3)      [CO2(X)](m^-3)       [CO2(e1)](m^-3)      [CO2(+,X)](m^-3)     [CO(X)](m^-3)        [CO(a3P)](m^-3)      [CO(+,X)](m^-3)      [C(X)](m^-3)        
0.00000000000000e+00 4.24110734928000e+02 3.68582330717600e+02 3.22062567396942e+22 3.22062567396942e-03 3.22062567396942e-03 3.22062567396942e-03 0.00000000000000e+00 0.00000000000000e+00 0.00000000000000e+00 0.00000000000000e+00 0.00000000000000e+00 0.00000000000000e+00 0.00000000000000e+00 0.00000000000000e+00 0.00000000000000e+00 0.00000000000000e+00 0.00000000000000e+00 0.00000000000000e+00 0.00000000000000e+00 0.00000000000000e+00 
8.22843488655422e-17 4.24110734927995e+02 3.82419100599050e+02 3.22062567396942e+22 1.20610539654276e+07 2.85854754582493e+06 3.74234860336029e+06 1.90085661616985e+02 9.64829194655442e+06 1.39872272849473e+06 3.64991345511077e-03 4.82974618388728e+05 1.08016877636894e-06 1.42267125535348e-10 0.00000000000000e+00 0.00000000000000e+00 0.00000000000000e+00 0.00000000000000e+00 0.00000000000000e+00 0.00000000000000e+00 0.00000000000000e+00 
1.64568697731084e-16 4.24110734927989e+02 3.82419100599046e+02 3.22062567396941e+22 2.41221079276398e+07 5.71709508853766e+06 7.48469720349738e+06 3.80171323233968e+02 1.92965838932505e+07 2.79744545684780e+06 7.29982691007256e-03 9.65949236776205e+05 3.40914027309423e-06 4.49011856122087e-10 0.00000000000000e+00 0.00000000000000e+00 0.00000000000000e+00 0.00000000000000e+00 0.00000000000000e+00 0.00000000000000e+00 0.00000000000000e+00 
2.46853046596627e-16 4.24110734927984e+02 3.82419100599043e+02 3.22062567396941e+22 3.61831618898572e+07 8.57564263136110e+06 1.12270458036318e+07 5.70256984850948e+02 2.89448758400912e+07 4.19616818505623e+06 1.09497403648822e-02 1.44892385516240e+06 7.01324130843276e-06 9.23701650589746e-10 0.00000000000000e+00 0.00000000000000e+00 0.00000000000000e+00 0.00000000000000e+00 0.00000000000000e+00 0.00000000000000e+00 0.00000000000000e+00 
6.05863278388934e-16 4.24110734927960e+02 3.82419100599040e+02 3.22062567396940e+22 8.88060706001816e+07 2.10476112400547e+07 2.75550772810997e+07 1.39960908374180e+03 7.10407977999915e+07 1.02988569425243e+07 2.68744732376866e-02 3.55616334950192e+06 3.66607335413789e-05 4.82852059350348e-09 0.00000000000000e+00 0.00000000000000e+00 0.00000000000000e+00 0.00000000000000e+00 0.00000000000000e+00 0.00000000000000e+00 0.00000000000000e+00 
9.64873510181241e-16 4.24110734927936e+02 3.82419100599024e+02 3.22062567396939e+22 1.41428979310604e+08 3.35195798508173e+07 4.38831087585184e+07 2.22896118263261e+03 1.13136719762595e+08 1.64015456972891e+07 4.27992061076480e-02 5.66340284381756e+06 9.01394840077318e-05 1.18721125516527e-08 0.00000000000000e+00 0.00000000000000e+00 0.00000000000000e+00 0.00000000000000e+00 0.00000000000000e+00 0.00000000000000e+00 0.00000000000000e+00 
1.32388374197355e-15 4.24110734927913e+02 3.82419100599009e+02 3.22062567396938e+22 1.94051888021127e+08 4.59915484636816e+07 6.02111402358872e+07 3.05831328152338e+03 1.55232641727944e+08 2.25042344493080e+07 5.87239389747213e-02 7.77064233810893e+06 1.67825859012107e-04 2.21040480678359e-08 0.00000000000000e+00 0.00000000000000e+00 0.00000000000000e+00 0.00000000000000e+00 0.00000000000000e+00 0.00000000000000e+00 0.00000000000000e+00 
1.68289397376586e-15 4.24110734927889e+02 3.82419100598994e+02 3.22062567396937e+22 2.46674796731749e+08 5.84635170786592e+07 7.65391717132057e+07 3.88766538041411e+03 1.97328563696054e+08 2.86069231985659e+07 7.46486718388908e-02 9.87788183237590e+06 2.69852685694323e-04 3.55418215707515e-08 0.00000000000000e+00 0.00000000000000e+00 0.00000000000000e+00 0.00000000000000e+00 0.00000000000000e+00 0.00000000000000e+00 0.00000000000000e+00 
2.74837827822275e-15 4.24110734927818e+02 3.82419100598979e+02 3.22062567396934e+22 4.02851078968422e+08 9.54783028218625e+07 1.24998128369681e+08 6.34904827700960e+03 3.22262451849009e+08 4.67187163890119e+07 1.21910703421076e-01 1.61318278428071e+07 7.16143091202755e-04 9.43219442240603e-08 0.00000000000000e+00 0.00000000000000e+00 0.00000000000000e+00 0.00000000000000e+00 0.00000000000000e+00 0.00000000000000e+00 0.00000000000000e+00 
3.81386258267964e-15 4.24110734927748e+02 3.82419100598934e+02 3.22062567396931e+22 5.59027361205979e+08 1.32493088583699e+08 1.73457085025713e+08 8.81043117360473e+03 4.47196340026307e+08 6.48305095551133e+07 1.69172734977657e-01 2.23857738530232e+07 1.37705017414830e-03 1.81368851176751e-07 0.00000000000000e+00 0.00000000000000e+00 0.00000000000000e+00 0.00000000000000e+00 0.00000000000000e+00 0.00000000000000e+00 0.00000000000000e+00 
4.87934688713653e-15 4.24110734927678e+02 3.82419100598889e+02 3.22062567396928e+22 7.15203643444421e+08 1.69507874364169e+08 2.21916041681302e+08 1.12718140701995e+04 5.72130228227949e+08 8.29423026968692e+07 2.16434766508634e-01 2.86397198630242e+07 2.25258060831214e-03 2.96683421427032e-07 0.00000000000000e+00 0.00000000000000e+00 0.00000000000000e+00 0.00000000000000e+00 0.00000000000000e+00 0.00000000000000e+00 0.00000000000000e+00 
5.94483119159342e-15 4.24110734927607e+02 3.82419100598845e+02 3.22062567396924e+22 8.71379925683747e+08 2.06522660163272e+08 2.70374998336449e+08 1.37331969667939e+04 6.97064116453934e+08 1.01054095814280e+08 2.63696798014006e-01 3.48936658728100e+07 3.34273287792207e-03 4.40265455341657e-07 0.00000000000000e+00 0.00000000000000e+00 0.00000000000000e+00 0.00000000000000e+00 0.00000000000000e+00 0.00000000000000e+00 0.00000000000000e+00 
1.65996742361623e-14 4.24110734926904e+02 3.82419100598800e+02 3.22062567396893e+22 2.43314274812566e+09 5.76670519179133e+08 7.54964564863545e+08 3.83470259327186e+04 1.94640300005269e+09 2.82172025649410e+08 7.36317111659495e-01 9.74331259588363e+07 2.60483276367439e-02 3.43077932289677e-06 0.00000000000000e+00 0.00000000000000e+00 0.00000000000000e+00 0.00000000000000e+00 0.00000000000000e+00 0.00000000000000e+00 0.00000000000000e+00 
2.72545172807312e-14 4.24110734926200e+02 3.82419100598351e+02 3.22062567396861e+22 3.99490557065604e+09 9.46818380058322e+08 1.23955413134634e+09 6.29608548986078e+04 3.19574188608581e+09 4.63289953050033e+08 1.20893742274456e+00 1.59972586023349e+08 7.02159141214744e-02 9.24801430012452e-06 0.00000000000000e+00 0.00000000000000e+00 0.00000000000000e+00 0.00000000000000e+00 0.00000000000000e+00 0.00000000000000e+00 0.00000000000000e+00 
3.79093603253001e-14 4.24110734925497e+02 3.82419100597903e+02 3.22062567396830e+22 5.55666839327488e+09 1.31696624280084e+09 1.72414369778484e+09 8.75746838644614e+04 4.44508077455330e+09 6.44407878016151e+08 1.68155773126919e+00 2.22512046066350e+08 1.35845473750598e-01 1.78919679458221e-05 0.00000000000000e+00 0.00000000000000e+00 0.00000000000000e+00 0.00000000000000e+00 0.00000000000000e+00 0.00000000000000e+00 0.00000000000000e+00 
4.85642033698690e-14 4.24110734924793e+02 3.82419100597454e+02 3.22062567396798e+22 7.11843121598217e+09 1.68711410740667e+09 2.20873326417903e+09 1.12188512830280e+05 5.69441966545514e+09 8.25525800547764e+08 2.15417803723340e+00 2.85051506087837e+08 2.22937003522290e-01 2.93626398710514e-05 0.00000000000000e+00 0.00000000000000e+00 0.00000000000000e+00 0.00000000000000e+00 0.00000000000000e+00 0.00000000000000e+00 0.00000000000000e+00 
1.55112633815558e-13 4.24110734917757e+02 3.82419100597006e+02 3.22062567396482e+22 2.27360594479204e+10 5.38859285594793e+09 7.05462892568439e+09 3.58326802486507e+05 1.81878087083635e+10 2.63670489196615e+09 6.88038095605206e+00 9.10446105119487e+08 2.27426071948145e+00 2.99538874778188e-04 0.00000000000000e+00 0.00000000000000e+00 0.00000000000000e+00 0.00000000000000e+00 0.00000000000000e+00 0.00000000000000e+00 0.00000000000000e+00 
2.61661064261247e-13 4.24110734910721e+02 3.82419100592520e+02 3.22062567396165e+22 3.83536876887045e+10 9.09007179082166e+09 1.19005245827596e+10 6.04465092139181e+05 3.06811979947081e+10 4.44788373993410e+09 1.16065836188281e+01 1.53584070199983e+09 6.47178153904710e+00 8.52386956748398e-04 0.00000000000000e+00 0.00000000000000e+00 0.00000000000000e+00 0.00000000000000e+00 0.00000000000000e+00 0.00000000000000e+00 0.00000000000000e+00 
3.68209494706936e-13 4.24110734903684e+02 3.82419100588035e+02 3.22062567395849e+22 5.39713159383345e+10 1.27915509120279e+10 1.67464202354047e+10 8.50603381788303e+05 4.31745875244890e+10 6.25906234445165e+09 1.63327860255617e+01 2.16123529672887e+09 1.28154994663998e+01 1.68790689246834e-03 0.00000000000000e+00 0.00000000000000e+00 0.00000000000000e+00 0.00000000000000e+00 0.00000000000000e+00 0.00000000000000e+00 0.00000000000000e+00 
4.74757925152625e-13 4.24110734896648e+02 3.82419100583550e+02 3.22062567395533e+22 6.95889441968105e+10 1.64930302195665e+10 2.15923158836197e+10 1.09674167143387e+06 5.56679772977059e+10 8.07024070551882e+09 2.10589881762526e+01 2.78662988930659e+09 2.13054144964813e+01 2.80609868769848e-03 0.00000000000000e+00 0.00000000000000e+00 0.00000000000000e+00 0.00000000000000e+00 0.00000000000000e+00 0.00000000000000e+00 0.00000000000000e+00 
1.54024222960951e-12 4.24110734826287e+02 3.82419100579065e+02 3.22062567392370e+22 2.25765227268095e+11 5.35078335432274e+10 7.00512721221128e+10 3.55812456769417e+06 1.80601888418852e+11 2.61820109264320e+10 6.83209956008275e+01 9.04057569676196e+09 2.24245402858677e+02 2.95349708974076e-02 0.00000000000000e+00 0.00000000000000e+00 0.00000000000000e+00 0.00000000000000e+00 0.00000000000000e+00 0.00000000000000e+00 0.00000000000000e+00 
2.60572653406640e-12 4.24110734755925e+02 3.82419100534213e+02 3.22062567389207e+22 3.81941511223970e+11 9.05226555001028e+10 1.18510227917594e+11 6.01950746359921e+06 3.05535823883576e+11 4.42937568023453e+10 1.15582977421164e+02 1.52945212890866e+10 6.41805093362098e+02 8.45310353289569e-02 0.00000000000000e+00 0.00000000000000e+00 0.00000000000000e+00 0.00000000000000e+00 0.00000000000000e+00 0.00000000000000e+00 0.00000000000000e+00 
3.67121083852329e-12 4.24110734685564e+02 3.82419100489362e+02 3.22062567386044e+22 5.38117796064435e+11 1.27537496090169e+11 1.66969183270062e+11 8.48089035914897e+06 4.30469783691848e+11 6.24054783332901e+10 1.62844933637278e+02 2.15484666662804e+10 1.27398447924048e+03 1.67794297227205e-01 0.00000000000000e+00 0.00000000000000e+00 0.00000000000000e+00 0.00000000000000e+00 0.00000000000000e+00 0.00000000000000e+00 0.00000000000000e+00 
4.73669514298018e-12 4.24110734615202e+02 3.82419100444510e+02 3.22062567382881e+22 6.94294081789489e+11 1.64552355313400e+11 2.15428138179518e+11 1.09422732543435e+07 5.55403767843633e+11 8.05171755192989e+10 2.10106864249182e+02 2.78024118283436e+10 2.12078355341134e+03 2.79324762085985e-01 0.00000000000000e+00 0.00000000000000e+00 0.00000000000000e+00 0.00000000000000e+00 0.00000000000000e+00 0.00000000000000e+00 0.00000000000000e+00 
1.53915381875491e-11 4.24110733911587e+02 3.82419100399658e+02 3.22062567351251e+22 2.25605698769214e+12 5.34701972360763e+11 7.00017662908399e+11 3.55561021867476e+07 1.80474494824294e+12 2.61632808419740e+11 6.82724762142139e+02 9.03418516167857e+10 2.23928545889757e+04 2.94932756131410e+00 0.00000000000000e+00 0.00000000000000e+00 0.00000000000000e+00 0.00000000000000e+00 0.00000000000000e+00 0.00000000000000e+00 0.00000000000000e+00 
2.60463812321180e-11 4.24110733207971e+02 3.82419099951141e+02 3.22062567319620e+22 3.81781998205281e+12 9.04853452696080e+11 1.18460714333605e+12 6.01699310836217e+07 3.05408856295632e+12 4.42746006863936e+11 1.15534009963125e+03 1.52881269892159e+11 6.41268863638689e+04 8.44605693281931e+00 0.00000000000000e+00 0.00000000000000e+00 0.00000000000000e+00 0.00000000000000e+00 0.00000000000000e+00 0.00000000000000e+00 0.00000000000000e+00 
3.67012242766869e-11 4.24110732504356e+02 3.82419099502625e+02 3.22062567287990e+22 5.37958306487073e+12 1.27500679629545e+12 1.66919657946247e+12 8.47837599449632e+07 4.30343461195256e+12 6.23856770883096e+11 1.62795287673075e+03 2.15420666654468e+11 1.27322872116815e+05 1.67695181219857e+01 0.00000000000000e+00 0.00000000000000e+00 0.00000000000000e+00 0.00000000000000e+00 0.00000000000000e+00 0.00000000000000e+00 0.00000000000000e+00 
4.73560673212558e-11 4.24110731800741e+02 3.82419099054108e+02 3.22062567256360e+22 6.94134623614513e+12 1.64516200313382e+12 2.15378597128767e+12 1.09397588770770e+08 5.55278309519897e+12 8.04965100509909e+11 2.10056309345554e+03 2.77960041903717e+11 2.11980804766292e+05 2.79197166225783e+01 0.00000000000000e+00 0.00000000000000e+00 0.00000000000000e+00 0.00000000000000e+00 0.00000000000000e+00 0.00000000000000e+00 0.00000000000000e+00 
1.53904497766945e-10 4.24110724764603e+02 3.82419098605592e+02 3.22062566940056e+22 2.25589828137118e+13 5.34681654060523e+12 6.99967745297370e+12 3.55535875073430e+08 1.80464017995951e+13 2.61591451702541e+12 6.82652444548864e+03 9.03352611179573e+11 2.23896464833407e+06 2.94894241339775e+02 0.00000000000000e+00 0.00000000000000e+00 0.00000000000000e+00 0.00000000000000e+00 0.00000000000000e+00 0.00000000000000e+00 0.00000000000000e+00 
2.60452928212634e-10 4.24110717728482e+02 3.82419094120434e+02 3.22062566623749e+22 3.81766282360307e+13 9.04865737337778e+12 1.18455645045418e+13 6.01674157819526e+08 3.05402638916646e+13 4.42662053164723e+12 1.15522297770818e+04 1.52874302915469e+12 6.41213509163780e+06 8.44548772487410e+02 0.00000000000000e+00 0.00000000000000e+00 0.00000000000000e+00 0.00000000000000e+00 0.00000000000000e+00 0.00000000000000e+00 0.00000000000000e+00 
3.67001358658323e-10 4.24110710692381e+02 3.82419089635288e+02 3.22062566307442e+22 5.37942825023535e+13 1.27506844775529e+13 1.66914471259956e+13 8.47812437006515e+08 4.30343693402029e+13 6.23708317557789e+12 1.62776791024675e+04 2.15413129583345e+12 1.27314853734241e+07 1.67688855414336e+03 0.00000000000000e+00 0.00000000000000e+00 0.00000000000000e+00 0.00000000000000e+00 0.00000000000000e+00 0.00000000000000e+00 0.00000000000000e+00 
4.73549789104012e-10 4.24110703656298e+02 3.82419085150154e+02 3.22062565991132e+22 6.94119456118965e+13 1.64528978281034e+13 2.15373253173391e+13 1.09395071263174e+09 5.55287181125315e+13 8.04730248149367e+12 2.10028724365511e+04 2.77951741122046e+12 2.11970084122063e+07 2.79191907811605e+03 0.00000000000000e+00 0.00000000000000e+00 0.00000000000000e+00 0.00000000000000e+00 0.00000000000000e+00 0.00000000000000e+00 0.00000000000000e+00 
1.53903409356090e-09 4.24110633296492e+02 3.82419080665032e+02 3.22062562827927e+22 2.25589062801133e+14 5.34852658365624e+13 6.99958635761243e+13 3.55533327202378e+09 1.80485576830595e+14 2.61361237627174e+13 6.82407316468758e+04 9.03326024570703e+12 2.23889178242156e+08 2.94922004613678e+04 0.00000000000000e+00 0.00000000000000e+00 0.00000000000000e+00 0.00000000000000e+00 0.00000000000000e+00 0.00000000000000e+00 0.00000000000000e+00 
2.60451839801779e-09 4.24110562938544e+02 3.82419035814464e+02 3.22062559664529e+22 3.81767063417739e+14 9.05362299107939e+13 1.18453958828354e+14 6.01671547219876e+09 3.05466730621161e+14 4.42006485464470e+13 1.15453008750057e+05 1.52867879562684e+13 6.41190534030869e+08 8.44678220332969e+04 0.00000000000000e+00 0.00000000000000e+00 0.00000000000000e+00 0.00000000000000e+00 0.00000000000000e+00 0.00000000000000e+00 0.00000000000000e+00 
3.67000270247468e-09 4.24110492582452e+02 3.82418990965085e+02 3.22062556500939e+22 5.37945946715368e+14 1.27605766215557e+14 1.66911611077768e+14 8.47809731061587e+09 4.30472148362235e+14 6.22409079525614e+13 1.62639717961663e+05 2.15401005472919e+13 1.27309431476868e+09 1.67724014831927e+05 0.00000000000000e+00 0.00000000000000e+00 0.00000000000000e+00 0.00000000000000e+00 0.00000000000000e+00 0.00000000000000e+00 0.00000000000000e+00 
4.73548700693157e-09 4.24110422228215e+02 3.82418946116894e+02 3.22062553337158e+22 6.94125711913301e+14 1.64693849818088e+14 2.15368820328286e+14 1.09394787846141e+10 5.55501797498773e+14 8.02569345338907e+13 2.09800874162257e+05 2.77931980233714e+13 2.11959343933341e+09 2.79266251141239e+05 0.00000000000000e+00 0.00000000000000e+00 0.00000000000000e+00 0.00000000000000e+00 0.00000000000000e+00 0.00000000000000e+00 0.00000000000000e+00 
1.26471872375634e-08 4.24109899874141e+02 3.82418901269889e+02 3.22062529838674e+22 1.85385823137132e+15 4.40667308746178e+14 5.75171538525606e+14 2.92163317333174e+10 1.48465800153349e+15 2.13279171761793e+14 5.59195793934397e+05 7.42185308737985e+13 1.51173742732355e+10 1.99287705095324e+06 0.00000000000000e+00 0.00000000000000e+00 0.00000000000000e+00 0.00000000000000e+00 0.00000000000000e+00 0.00000000000000e+00 0.00000000000000e+00 
2.05588874681951e-08 4.24109377621281e+02 3.82418568297663e+02 3.22062506329723e+22 3.01363901613535e+15 7.17651909576447e+14 9.34949832779017e+14 4.74931633522366e+10 2.41513523572190e+15 3.44980298998246e+14 9.07188684923055e+05 1.20632004999441e+14 3.99440723995618e+10 5.26862890378009e+06 0.00000000000000e+00 0.00000000000000e+00 0.00000000000000e+00 0.00000000000000e+00 0.00000000000000e+00 0.00000000000000e+00 0.00000000000000e+00 
2.84705876988269e-08 4.24108855468740e+02 3.82418235390178e+02 3.22062482810408e+22 4.17346775099914e+15 9.95637586608564e+14 1.29470370469579e+15 6.57699725503713e+10 3.34692035713661e+15 4.75373458263296e+14 1.25378560871125e+06 1.67033622280731e+14 7.65967833356177e+10 1.01087304613574e+07 0.00000000000000e+00 0.00000000000000e+00 0.00000000000000e+00 0.00000000000000e+00 0.00000000000000e+00 0.00000000000000e+00 0.00000000000000e+00 
3.63822879294587e-08 4.24108333415636e+02 3.82417902546866e+02 3.22062459280832e+22 5.33334412413141e+15 1.27461438232657e+15 1.65443315588236e+15 8.40467582377022e+10 4.28000036410353e+15 6.04471650324851e+14 1.59899259630958e+06 2.13423384594462e+14 1.25072604409000e+11 1.65153665138490e+07 0.00000000000000e+00 0.00000000000000e+00 0.00000000000000e+00 0.00000000000000e+00 0.00000000000000e+00 0.00000000000000e+00 0.00000000000000e+00 
4.42939881600905e-08 4.24107811461095e+02 3.82417569767163e+02 3.22062435741096e+22 6.49326782701611e+15 1.55457244548609e+15 2.01413818794433e+15 1.02323519325150e+11 5.21436239370441e+15 7.32287737196113e+14 1.94281564866093e+06 2.59801293813911e+14 1.85368634652732e+11 2.44906984727903e+07 0.00000000000000e+00 0.00000000000000e+00 0.00000000000000e+00 0.00000000000000e+00 0.00000000000000e+00 0.00000000000000e+00 0.00000000000000e+00 
1.20525018491591e-07 4.24102787191809e+02 3.82417237050513e+02 3.22062208429475e+22 1.76717618505621e+16 4.30040731976002e+15 5.47872711635324e+15 2.78422790639543e+11 1.42803566024577e+16 1.90061674187506e+15 5.18589845573098e+06 7.06056053456250e+14 1.37138310272334e+12 1.82126356768770e+08 0.00000000000000e+00 0.00000000000000e+00 0.00000000000000e+00 0.00000000000000e+00 0.00000000000000e+00 0.00000000000000e+00 0.00000000000000e+00 
1.96756048823091e-07 4.24097771263274e+02 3.82414034373010e+02 3.22061980268832e+22 2.88543639293264e+16 7.12821322898633e+15 8.94105061650080e+15 4.54518705699611e+11 2.34534528014996e+16 2.96183520280929e+15 8.30625866939340e+06 1.15121223434475e+15 3.65189580261633e+12 4.87397875027400e+08 0.00000000000000e+00 0.00000000000000e+00 0.00000000000000e+00 0.00000000000000e+00 0.00000000000000e+00 0.00000000000000e+00 0.00000000000000e+00 
2.72987079154592e-07 4.24092763008597e+02 3.82410837033006e+02 3.22061751336726e+22 4.00408384552220e+16 1.00304721793096e+16 1.24011101229141e+16 6.30610297009509e+11 3.27238345750469e+16 3.92575873648643e+15 1.13088980922243e+07 1.59527147867134e+15 7.02431856147987e+12 9.41953986865298e+08 0.00000000000000e+00 0.00000000000000e+00 0.00000000000000e+00 0.00000000000000e+00 0.00000000000000e+00 0.00000000000000e+00 0.00000000000000e+00 
3.49218109486092e-07 4.24087761822012e+02 3.82407644605357e+02 3.22061521703599e+22 5.12309713303586e+16 1.30003558175940e+16 1.58589070698131e+16 8.06696600607819e+11 4.20825859508077e+16 4.80130252167448e+15 1.41986122623788e+07 2.03823541241233e+15 1.14860659492048e+13 1.54729247352277e+09 0.00000000000000e+00 0.00000000000000e+00 0.00000000000000e+00 0.00000000000000e+00 0.00000000000000e+00 0.00000000000000e+00 0.00000000000000e+00 
4.25449139817592e-07 4.24082767152936e+02 3.82404456703891e+02 3.22061291433479e+22 6.24245678754134e+16 1.60316583633582e+16 1.93144428908735e+16 9.82776656229607e+11 5.15216038314652e+16 5.59656886799384e+15 1.69799992104353e+07 2.48010564733853e+15 1.70345556993586e+13 2.30477444925132e+09 0.00000000000000e+00 0.00000000000000e+00 0.00000000000000e+00 0.00000000000000e+00 0.00000000000000e+00 0.00000000000000e+00 0.00000000000000e+00 
5.01680170149093e-07 4.24077778501024e+02 3.82401272977615e+02 3.22061060584543e+22 7.36214510896494e+16 1.91187408134771e+16 2.27677190189191e+16 1.15884950751578e+12 6.10335251446659e+16 6.31892006600472e+15 1.96574667442581e+07 2.92088378250481e+15 2.36672092562938e+13 3.21563610967626e+09 0.00000000000000e+00 0.00000000000000e+00 0.00000000000000e+00 0.00000000000000e+00 0.00000000000000e+00 0.00000000000000e+00 0.00000000000000e+00 
7.41321127574454e-07 4.24062130417784e+02 3.82398093107562e+02 3.22060331681588e+22 1.08839813298902e+17 2.91316926274492e+16 3.36087859443523e+16 1.71229710642768e+12 9.13384201750834e+16 8.18654556631014e+15 2.74438108110492e+07 4.29942512621597e+15 5.15500989322017e+13 7.09003566803223e+09 0.00000000000000e+00 0.00000000000000e+00 0.00000000000000e+00 0.00000000000000e+00 0.00000000000000e+00 0.00000000000000e+00 0.00000000000000e+00 
9.80962084999816e-07 4.24046525883493e+02 3.82388118830087e+02 3.22059598908886e+22 1.44085017034977e+17 3.95165721564870e+16 4.44275804666605e+16 2.26563478001509e+12 1.22129638225230e+17 9.56770089349156e+15 3.43643397500094e+07 5.66723845597316e+15 9.00418410517256e+13 1.25194814922041e+10 0.00000000000000e+00 0.00000000000000e+00 0.00000000000000e+00 0.00000000000000e+00 0.00000000000000e+00 0.00000000000000e+00 0.00000000000000e+00 
1.22060304242518e-06 4.24030956332266e+02 3.82378172515715e+02 3.22058863262069e+22 1.79354019125617e+17 5.01769215469406e+16 5.52241469530236e+16 2.81883355381450e+12 1.53281225114798e+17 1.05883169948553e+16 4.05245941437382e+07 7.02437196028784e+15 1.39062999891246e+14 1.95250739851979e+10 0.00000000000000e+00 0.00000000000000e+00 0.00000000000000e+00 0.00000000000000e+00 0.00000000000000e+00 0.00000000000000e+00 0.00000000000000e+00 
1.46024399985054e-06 4.24015415395085e+02 3.82368248703810e+02 3.22058125481192e+22 2.14644549504920e+17 6.10410673556025e+16 6.59985296981651e+16 3.37186482127622e+12 1.84699587068840e+17 1.13419648829182e+16 4.60171660015044e+07 8.37087348037339e+15 1.98534469170058e+14 2.81224244129906e+10 0.00000000000000e+00 0.00000000000000e+00 0.00000000000000e+00 0.00000000000000e+00 0.00000000000000e+00 0.00000000000000e+00 0.00000000000000e+00 
1.69988495727590e-06 4.23999898300669e+02 3.82358343334197e+02 3.22057386120427e+22 2.49954900395526e+17 7.20553612962894e+16 7.67507729221608e+16 3.92470034308051e+12 2.16314665377930e+17 1.18986809421650e+16 5.09233904449095e+07 9.70679067720387e+15 2.68377472236025e+14 3.83231620474197e+10 0.00000000000000e+00 0.00000000000000e+00 0.00000000000000e+00 0.00000000000000e+00 0.00000000000000e+00 0.00000000000000e+00 0.00000000000000e+00 
1.93952591470126e-06 4.23984401511748e+02 3.82348453365215e+02 3.22056645590383e+22 2.85283798321371e+17 8.31800767146915e+16 8.74809207684862e+16 4.47731224666229e+12 2.48074578556351e+17 1.23103247454331e+16 5.53146821141027e+07 1.10321711208253e+16 3.48513563034180e+14 5.01358788578993e+10 0.00000000000000e+00 0.00000000000000e+00 0.00000000000000e+00 0.00000000000000e+00 0.00000000000000e+00 0.00000000000000e+00 0.00000000000000e+00 
2.30391660430004e-06 4.23960870774090e+02 3.82338576541826e+02 3.22055517984384e+22 3.39037306401071e+17 1.00243590109889e+17 1.03754611062120e+17 5.31710667394844e+12 2.96561702230160e+17 1.27417806275188e+16 6.11443358104088e+07 1.30274187982496e+16 4.89915630041388e+14 7.12009697953788e+10 0.00000000000000e+00 0.00000000000000e+00 0.00000000000000e+00 0.00000000000000e+00 0.00000000000000e+00 0.00000000000000e+00 0.00000000000000e+00 
2.66830729389882e-06 4.23937374930959e+02 3.82323579699510e+02 3.22054389071905e+22 3.92829289051061e+17 1.17427464075778e+17 1.19977470382861e+17 6.15622546924400e+12 3.45207439371823e+17 1.30139503694411e+16 6.61139667746255e+07 1.49985812036731e+16 6.54662965784344e+14 9.60224106831126e+10 0.00000000000000e+00 0.00000000000000e+00 0.00000000000000e+00 0.00000000000000e+00 0.00000000000000e+00 0.00000000000000e+00 0.00000000000000e+00 
3.03269798349760e-06 4.23913910042417e+02 3.82308605566016e+02 3.22053259308073e+22 4.46658259749213e+17 1.34687877981460e+17 1.36149652866966e+17 6.99457548761129e+12 3.93954536250012e+17 1.31840152858896e+16 7.03770044284426e+07 1.69458255941769e+16 8.42484169969018e+14 1.24609340117865e+11 0.00000000000000e+00 0.00000000000000e+00 0.00000000000000e+00 0.00000000000000e+00 0.00000000000000e+00 0.00000000000000e+00 0.00000000000000e+00 
3.39708867309637e-06 4.23890473412697e+02 3.82293651628839e+02 3.22052129003262e+22 5.00523170193576e+17 1.51995045280623e+17 1.52271312208583e+17 7.83206552385237e+12 4.42764063931060e+17 1.32908334633103e+16 7.40598597470747e+07 1.88693194327840e+16 1.05310961595264e+15 1.56967590284839e+11 0.00000000000000e+00 0.00000000000000e+00 0.00000000000000e+00 0.00000000000000e+00 0.00000000000000e+00 0.00000000000000e+00 0.00000000000000e+00 
3.76147936269515e-06 4.23867063284669e+02 3.82278716168531e+02 3.22050998358627e+22 5.54423302811021e+17 1.69329767335949e+17 1.68342601657994e+17 8.66860630778042e+12 4.91610918707887e+17 1.33594392893691e+16 7.72665882710339e+07 2.07692304316227e+16 1.28627145537249e+15 1.93100736403749e+11 0.00000000000000e+00 0.00000000000000e+00 0.00000000000000e+00 0.00000000000000e+00 0.00000000000000e+00 0.00000000000000e+00 0.00000000000000e+00 
4.12587005229393e-06 4.23843678639081e+02 3.82263798063913e+02 3.22049867489460e+22 6.08358200126233e+17 1.86681168976826e+17 1.84363674019857e+17 9.50411049924750e+12 5.40480865476106e+17 1.34040000314428e+16 8.00825441320809e+07 2.26457265384997e+16 1.54170362278423e+15 2.33010752513788e+11 0.00000000000000e+00 0.00000000000000e+00 0.00000000000000e+00 0.00000000000000e+00 0.00000000000000e+00 0.00000000000000e+00 0.00000000000000e+00 
4.76065235932269e-06 4.23803000846838e+02 3.82248896664068e+02 3.22047897126755e+22 7.02396955586949e+17 2.16930248493310e+17 2.12153502380366e+17 1.09568611007716e+13 6.25646284377118e+17 1.34470221895419e+16 8.42584602106921e+07 2.58592310485650e+16 2.03907946125127e+15 3.11559285076039e+11 0.00000000000000e+00 0.00000000000000e+00 0.00000000000000e+00 0.00000000000000e+00 0.00000000000000e+00 0.00000000000000e+00 0.00000000000000e+00 
5.39543466635144e-06 4.23762396375767e+02 3.82222976661077e+02 3.22045926521581e+22 7.96538984963896e+17 2.47189865654629e+17 2.39792201459280e+17 1.24057700602117e+13 7.10829166209716e+17 1.34691463603147e+16 8.77403592488358e+07 2.90030779686890e+16 2.60185374718814e+15 4.01574131747700e+11 0.00000000000000e+00 0.00000000000000e+00 0.00000000000000e+00 0.00000000000000e+00 0.00000000000000e+00 0.00000000000000e+00 0.00000000000000e+00 
6.03021697338020e-06 4.23721864389033e+02 3.82197104785161e+02 3.22043955753527e+22 8.90783481000308e+17 2.77453842248924e+17 2.67280569269390e+17 1.38504172649507e+13 7.96021274214819e+17 1.34782796357619e+16 9.07267395732773e+07 3.20781574401990e+16 3.22865887631544e+15 5.03054308587908e+11 0.00000000000000e+00 0.00000000000000e+00 0.00000000000000e+00 0.00000000000000e+00 0.00000000000000e+00 0.00000000000000e+00 0.00000000000000e+00 
6.66499928040896e-06 4.23681404310911e+02 3.82171280495931e+02 3.22041984871633e+22 9.85129732399975e+17 3.07718932669460e+17 2.94619399678790e+17 1.52904000251523e+13 8.81218208312832e+17 1.34785039669048e+16 9.33611282667180e+07 3.50853597824536e+16 3.91814381834114e+15 6.15998468091438e+11 0.00000000000000e+00 0.00000000000000e+00 0.00000000000000e+00 0.00000000000000e+00 0.00000000000000e+00 0.00000000000000e+00 0.00000000000000e+00 
7.29978158743771e-06 4.23641015294833e+02 3.82145503419449e+02 3.22040013956314e+22 1.07957693653155e+18 3.37978818950711e+17 3.21809482417443e+17 1.67253329278204e+13 9.66411564400771e+17 1.34779164306533e+16 9.57479594512430e+07 3.80255747674438e+16 4.66897414671942e+15 7.40404678713580e+11 0.00000000000000e+00 0.00000000000000e+00 0.00000000000000e+00 0.00000000000000e+00 0.00000000000000e+00 0.00000000000000e+00 0.00000000000000e+00 
7.93456389446647e-06 4.23600696655279e+02 3.82119773009350e+02 3.22038043069105e+22 1.17412435137621e+18 3.68228984296556e+17 3.48851603111642e+17 1.81548476758537e+13 1.05159529748493e+18 1.34822660775289e+16 9.79606789083696e+07 4.08996915887280e+16 5.47983204818049e+15 8.76269903629154e+11 0.00000000000000e+00 0.00000000000000e+00 0.00000000000000e+00 0.00000000000000e+00 0.00000000000000e+00 0.00000000000000e+00 0.00000000000000e+00 
9.09494105612479e-06 4.23527176417278e+02 3.82094088821970e+02 3.22034440312207e+22 1.34721369274565e+18 4.23511667551551e+17 3.97904513453631e+17 2.07528548733153e+13 1.20729920489911e+18 1.34884841694644e+16 1.01697702772554e+08 4.59856356059932e+16 7.11296883775855e+15 1.15423830878771e+12 0.00000000000000e+00 0.00000000000000e+00 0.00000000000000e+00 0.00000000000000e+00 0.00000000000000e+00 0.00000000000000e+00 0.00000000000000e+00 
1.02553182177831e-05 4.23453889850733e+02 3.82047257788497e+02 3.22030837647797e+22 1.52063271057324e+18 4.78775157797395e+17 4.46470346740813e+17 2.33295973441518e+13 1.36298705143134e+18 1.34925150139008e+16 1.05214012596406e+08 5.08590936380322e+16 8.93455602926375e+15 1.47046692865318e+12 0.00000000000000e+00 0.00000000000000e+00 0.00000000000000e+00 0.00000000000000e+00 0.00000000000000e+00 0.00000000000000e+00 0.00000000000000e+00 
1.14156953794414e-05 4.23380835186391e+02 3.82000580192660e+02 3.22027235166312e+22 1.69437782233199e+18 5.34018812625014e+17 4.94553798975368e+17 2.58832457437694e+13 1.51865727475506e+18 1.34943804286969e+16 1.08616661485370e+08 5.55254627101847e+16 1.09369663381180e+16 1.82493625437019e+12 0.00000000000000e+00 0.00000000000000e+00 0.00000000000000e+00 0.00000000000000e+00 0.00000000000000e+00 0.00000000000000e+00 0.00000000000000e+00 
1.25760725410998e-05 4.23308010535242e+02 3.81954054865820e+02 3.22023632970398e+22 1.86844544729696e+18 5.89240478302680e+17 5.42159519708179e+17 2.84121552762627e+13 1.67430641616301e+18 1.34961141565197e+16 1.11953809043362e+08 5.99901145549960e+16 1.31127654191196e+16 2.21762591970409e+12 0.00000000000000e+00 0.00000000000000e+00 0.00000000000000e+00 0.00000000000000e+00 0.00000000000000e+00 0.00000000000000e+00 0.00000000000000e+00 
1.37364497027581e-05 4.23235414106157e+02 3.81907680563623e+02 3.22020031149689e+22 2.04283208116409e+18 6.44438950194922e+17 5.89292113676884e+17 3.09148548705532e+13 1.82993232811091e+18 1.34985470735027e+16 1.15250517911480e+08 6.42583903872270e+16 1.54547065588517e+16 2.64851443313236e+12 0.00000000000000e+00 0.00000000000000e+00 0.00000000000000e+00 0.00000000000000e+00 0.00000000000000e+00 0.00000000000000e+00 0.00000000000000e+00 
1.63123260647521e-05 4.23075067279720e+02 3.81861456104588e+02 3.22012037320893e+22 2.43106922809412e+18 7.66887940153422e+17 6.92251839075554e+17 3.63708250490413e+13 2.17531353665243e+18 1.35044068921856e+16 1.22489147298738e+08 7.30580874626035e+16 2.12123993956334e+16 3.74142829149748e+12 0.00000000000000e+00 0.00000000000000e+00 0.00000000000000e+00 0.00000000000000e+00 0.00000000000000e+00 0.00000000000000e+00 0.00000000000000e+00 
1.88882024267461e-05 4.22915818317082e+02 3.81759374147667e+02 3.22004046517080e+22 2.82082478843956e+18 8.89216789686892e+17 7.92951608258699e+17 4.16799668432810e+13 2.52056586243031e+18 1.35107627250057e+16 1.29694847381324e+08 8.09733842197831e+16 2.76803879359904e+16 5.02221061201135e+12 0.00000000000000e+00 0.00000000000000e+00 0.00000000000000e+00 0.00000000000000e+00 0.00000000000000e+00 0.00000000000000e+00 0.00000000000000e+00 
2.14640787887401e-05 4.22757649079871e+02 3.81658012910297e+02 3.21996059475552e+22 3.21206294930549e+18 1.01142100353573e+18 8.91439581709929e+17 4.68339360056081e+13 2.86568036099353e+18 1.35170096453246e+16 1.36892505635783e+08 8.80603661342015e+16 3.47887775000060e+16 6.49059169285954e+12 0.00000000000000e+00 0.00000000000000e+00 0.00000000000000e+00 0.00000000000000e+00 0.00000000000000e+00 0.00000000000000e+00 0.00000000000000e+00 
2.40399551507341e-05 4.22600541755384e+02 3.81557360421082e+02 3.21988076864004e+22 3.60474893992011e+18 1.13349600881673e+18 9.87762865444361e+17 5.18276248553505e+13 3.21064935977799e+18 1.35233579597953e+16 1.44082907647751e+08 9.43736493798034e+16 4.24721659987729e+16 8.14628710583838e+12 0.00000000000000e+00 0.00000000000000e+00 0.00000000000000e+00 0.00000000000000e+00 0.00000000000000e+00 0.00000000000000e+00 0.00000000000000e+00 
2.66158315127281e-05 4.22444478896499e+02 3.81457404927614e+02 3.21980099280186e+22 3.99884897984960e+18 1.25543773203034e+18 1.08196755973703e+18 5.66586608699646e+13 3.55546703036708e+18 1.35299953354517e+16 1.51269613093867e+08 9.99662086235022e+16 5.06694298235794e+16 9.98899909639024e+12 0.00000000000000e+00 0.00000000000000e+00 0.00000000000000e+00 0.00000000000000e+00 0.00000000000000e+00 0.00000000000000e+00 0.00000000000000e+00 
3.37126230806651e-05 4.22019776014187e+02 3.81358134921545e+02 3.21958150136888e+22 5.09168573084931e+18 1.59068448315325e+18 1.33091403785587e+18 6.91418816406002e+13 4.50466963613921e+18 1.35492604680977e+16 1.71100300173792e+08 1.12051159357725e+17 7.54756918485332e+16 1.60306308342843e+13 0.00000000000000e+00 0.00000000000000e+00 0.00000000000000e+00 0.00000000000000e+00 0.00000000000000e+00 0.00000000000000e+00 0.00000000000000e+00 
4.08094146486021e-05 4.21602529636911e+02 3.81088091692623e+02 3.21936251789926e+22 6.19435836227974e+18 1.92483574938532e+18 1.56502352161893e+18 8.04594616891139e+13 5.45266480317282e+18 1.35698985684975e+16 1.91022246602789e+08 1.20032884480544e+17 1.02729061745315e+17 2.34825320790676e+13 0.00000000000000e+00 0.00000000000000e+00 0.00000000000000e+00 0.00000000000000e+00 0.00000000000000e+00 0.00000000000000e+00 0.00000000000000e+00 
4.79062062165392e-05 4.21192413372067e+02 3.80822940811725e+02 3.21914410526559e+22 7.30625617060379e+18 2.25784696292945e+18 1.78515503526396e+18 9.07274102213781e+13 6.39946925907402e+18 1.35916203496977e+16 2.11073802389520e+08 1.24787611884067e+17 1.31576928286297e+17 3.23373202443589e+13 0.00000000000000e+00 0.00000000000000e+00 0.00000000000000e+00 0.00000000000000e+00 0.00000000000000e+00 0.00000000000000e+00 0.00000000000000e+00 
5.50029977844762e-05 4.20789119521750e+02 3.80562467306407e+02 3.21892630158983e+22 8.42681185063499e+18 2.58968629946002e+18 1.99211632670200e+18 1.00095521793101e+14 7.34514211131651e+18 1.36143856316896e+16 2.31269560898585e+08 1.27062161060576e+17 1.61357344979938e+17 4.25871243196594e+13 0.00000000000000e+00 0.00000000000000e+00 0.00000000000000e+00 0.00000000000000e+00 0.00000000000000e+00 0.00000000000000e+00 0.00000000000000e+00 
6.20997893524132e-05 4.20392357622238e+02 3.80306468623997e+02 3.21870912652068e+22 9.55549561241873e+18 2.92033013453709e+18 2.18666804255582e+18 1.08718718000482e+14 8.28976555275759e+18 1.36381200012096e+16 2.51610165814692e+08 1.27478086435841e+17 1.91566512651045e+17 5.42236657361110e+13 0.00000000000000e+00 0.00000000000000e+00 0.00000000000000e+00 0.00000000000000e+00 0.00000000000000e+00 0.00000000000000e+00 0.00000000000000e+00 
7.26887213471040e-05 4.19811919168322e+02 3.80054753660568e+02 3.21838626093591e+22 1.12536300019430e+19 3.41141475430912e+18 2.45540834415863e+18 1.20505034781705e+14 9.69746708502372e+18 1.36750949865576e+16 2.82221615918867e+08 1.25687015662618e+17 2.36687279640192e+17 7.41455324300385e+13 0.00000000000000e+00 0.00000000000000e+00 0.00000000000000e+00 0.00000000000000e+00 0.00000000000000e+00 0.00000000000000e+00 0.00000000000000e+00 
8.32776533417949e-05 4.19244563731109e+02 3.79686756111567e+02 3.21806479356739e+22 1.29672281111086e+19 3.89974312008224e+18 2.70032565051114e+18 1.31341128645373e+14 1.11033351055170e+19 1.37136929269024e+16 3.13085752581258e+08 1.22150095831213e+17 2.81087132320049e+17 9.71053029754302e+13 0.00000000000000e+00 0.00000000000000e+00 0.00000000000000e+00 0.00000000000000e+00 0.00000000000000e+00 0.00000000000000e+00 0.00000000000000e+00 
9.38665853364858e-05 4.18689505808381e+02 3.79327336367771e+02 3.21774468482294e+22 1.46948810423615e+19 4.38526460916132e+18 2.92345806133929e+18 1.41515967527679e+14 1.25076316191875e+19 1.37536707692228e+16 3.44138282932965e+08 1.17736835754710e+17 3.24267048132559e+17 1.23071322411474e+14 0.00000000000000e+00 0.00000000000000e+00 0.00000000000000e+00 0.00000000000000e+00 0.00000000000000e+00 0.00000000000000e+00 0.00000000000000e+00 
1.04455517331177e-04 4.18146025512971e+02 3.78975978693862e+02 3.21742587876850e+22 1.64353019435612e+19 4.86793048414091e+18 3.12666519918805e+18 1.51229330523684e+14 1.39105771914436e+19 1.37948125567408e+16 3.75328956489514e+08 1.12986449299863e+17 3.65997278008052e+17 1.52010218287995e+14 0.00000000000000e+00 0.00000000000000e+00 0.00000000000000e+00 0.00000000000000e+00 0.00000000000000e+00 0.00000000000000e+00 0.00000000000000e+00 
1.15044449325868e-04 4.17613461226326e+02 3.78632210680569e+02 3.21710831418447e+22 1.81873111714752e+19 5.34769260365273e+18 3.31164830548926e+18 1.60616052527549e+14 1.53123501308995e+19 1.38369269418126e+16 4.06615736772349e+08 1.08221174584641e+17 4.06203474885039e+17 1.83886932367024e+14 0.00000000000000e+00 0.00000000000000e+00 0.00000000000000e+00 0.00000000000000e+00 0.00000000000000e+00 0.00000000000000e+00 0.00000000000000e+00 
1.28403882512646e-04 4.16956197058768e+02 3.78295598387461e+02 3.21670933913751e+22 2.04125935773860e+19 5.94876526582111e+18 3.52141574785121e+18 1.72127225845912e+14 1.70794257678770e+19 1.38911899297310e+16 4.46177190887997e+08 1.02454746313377e+17 4.54782265411725e+17 2.28237876742941e+14 0.00000000000000e+00 0.00000000000000e+00 0.00000000000000e+00 0.00000000000000e+00 0.00000000000000e+00 0.00000000000000e+00 0.00000000000000e+00 
1.41763315699424e-04 4.16314226882620e+02 3.77880511746111e+02 3.21631212967731e+22 2.26526282138113e+19 6.54505099026214e+18 3.70748402183621e+18 1.83378722657287e+14 1.88450769093465e+19 1.39464470902503e+16 4.85781766157486e+08 9.71368421912464e+16 5.01067020063809e+17 2.77128922113544e+14 0.00000000000000e+00 0.00000000000000e+00 0.00000000000000e+00 0.00000000000000e+00 0.00000000000000e+00 0.00000000000000e+00 0.00000000000000e+00 
1.55122748886202e-04 4.15686543063126e+02 3.77475451032051e+02 3.21591658210199e+22 2.49056383700542e+19 7.13646544617643e+18 3.87239814211935e+18 1.94434169318432e+14 2.06094600562421e+19 1.40024563493757e+16 5.25391982583455e+08 9.23044950114703e+16 5.45228711079223e+17 3.30478531894435e+14 0.00000000000000e+00 0.00000000000000e+00 0.00000000000000e+00 0.00000000000000e+00 0.00000000000000e+00 0.00000000000000e+00 0.00000000000000e+00 
1.68482182072980e-04 4.15072240294882e+02 3.77079756343323e+02 3.21552260400623e+22 2.71700388896488e+19 7.72293406966054e+18 4.01842577465028e+18 2.05327486081230e+14 2.23726907984245e+19 1.40590131599974e+16 5.64991835938921e+08 8.79245891016605e+16 5.87450716619459e+17 3.88201092259499e+14 0.00000000000000e+00 0.00000000000000e+00 0.00000000000000e+00 0.00000000000000e+00 0.00000000000000e+00 0.00000000000000e+00 0.00000000000000e+00 
1.81841615259758e-04 4.14470502464680e+02 3.76692834876457e+02 3.21513011315037e+22 2.94444134012946e+19 8.30439417943476e+18 4.14759311555714e+18 2.16081578521499e+14 2.41348631863176e+19 1.41159466603770e+16 6.04574838997146e+08 8.39496681994013e+16 6.27901138538117e+17 4.50207184595081e+14 0.00000000000000e+00 0.00000000000000e+00 0.00000000000000e+00 0.00000000000000e+00 0.00000000000000e+00 0.00000000000000e+00 0.00000000000000e+00 
2.13063272097403e-04 4.13109343100540e+02 3.76314152286951e+02 3.21421826189263e+22 3.47920443729287e+19 9.64352009013492e+18 4.39315091847888e+18 2.40754407759870e+14 2.82494192941140e+19 1.42496875252147e+16 6.96980835568159e+08 7.59935738666309e+16 7.16277623782188e+17 6.11283242315946e+14 0.00000000000000e+00 0.00000000000000e+00 0.00000000000000e+00 0.00000000000000e+00 0.00000000000000e+00 0.00000000000000e+00 0.00000000000000e+00 
2.44284928935047e-04 4.11804929227798e+02 3.75458744752118e+02 3.21331336541479e+22 4.01740103881711e+19 1.09546023627934e+19 4.57547006265727e+18 2.64913344940566e+14 3.23594147030651e+19 1.43834224704636e+16 7.89216406237919e+08 6.95048852970528e+16 7.97263561091930e+17 7.93985422027093e+14 0.00000000000000e+00 0.00000000000000e+00 0.00000000000000e+00 0.00000000000000e+00 0.00000000000000e+00 0.00000000000000e+00 0.00000000000000e+00 
2.75506585772692e-04 4.10550815093717e+02 3.74640554846953e+02 3.21241479682578e+22 4.55797529711761e+19 1.22374669903573e+19 4.70970497305063e+18 2.88662202264799e+14 3.64654684203344e+19 1.45163845289074e+16 8.81271187695980e+08 6.41062018125857e+16 8.72011242000392e+17 9.96985932105069e+14 0.00000000000000e+00 0.00000000000000e+00 0.00000000000000e+00 0.00000000000000e+00 0.00000000000000e+00 0.00000000000000e+00 0.00000000000000e+00 
3.06728242610336e-04 4.09341974557473e+02 3.73855359883850e+02 3.21152207098643e+22 5.10013844278861e+19 1.34921747911540e+19 4.80720235439671e+18 3.12060108009521e+14 4.05680300328127e+19 1.46481215570070e+16 9.73130232147718e+08 5.95261583581954e+16 9.41350474706923e+17 1.21888898643182e+15 0.00000000000000e+00 0.00000000000000e+00 0.00000000000000e+00 0.00000000000000e+00 0.00000000000000e+00 0.00000000000000e+00 0.00000000000000e+00 
3.37949899447981e-04 4.08174409867296e+02 3.73099858275935e+02 3.21063479946306e+22 5.64329394006403e+19 1.47189599189524e+19 4.87656727536552e+18 3.35150400629724e+14 4.46674505263904e+19 1.47783939039278e+16 1.06479632097310e+09 5.55853085468830e+16 1.00589922190803e+18 1.45825097068959e+15 0.00000000000000e+00 0.00000000000000e+00 0.00000000000000e+00 0.00000000000000e+00 0.00000000000000e+00 0.00000000000000e+00 0.00000000000000e+00 
3.83900397423297e-04 4.06524306463253e+02 3.72371415897237e+02 3.20933819943880e+22 6.44352822653169e+19 1.64744551479393e+19 4.94137664388737e+18 3.68655821972780e+14 5.06956791648556e+19 1.49673501935654e+16 1.19936217051483e+09 5.06978004669716e+16 1.09322110176281e+18 1.83919222993506e+15 0.00000000000000e+00 0.00000000000000e+00 0.00000000000000e+00 0.00000000000000e+00 0.00000000000000e+00 0.00000000000000e+00 0.00000000000000e+00 
4.29850895398613e-04 4.04948469418835e+02 3.71344046322242e+02 3.20805189308903e+22 7.24387213430273e+19 1.81717486312178e+19 4.97481088701583e+18 4.01658725427628e+14 5.67184265513374e+19 1.51530585524358e+16 1.33350319312838e+09 4.66351913895487e+16 1.17242923746910e+18 2.25002166052418e+15 0.00000000000000e+00 0.00000000000000e+00 0.00000000000000e+00 0.00000000000000e+00 0.00000000000000e+00 0.00000000000000e+00 0.00000000000000e+00 
4.75801393373929e-04 4.03440717802937e+02 3.70365257376796e+02 3.20677522703507e+22 8.04362378560592e+19 1.98126219946902e+19 4.98711477720861e+18 4.34223881918713e+14 6.27362206585467e+19 1.53357478481192e+16 1.46725601846079e+09 4.32135342824229e+16 1.24443099913397e+18 2.68601864226458e+15 0.00000000000000e+00 0.00000000000000e+00 0.00000000000000e+00 0.00000000000000e+00 0.00000000000000e+00 0.00000000000000e+00 0.00000000000000e+00 
5.21751891349245e-04 4.01996121477037e+02 3.69430914177292e+02 3.20550766397725e+22 8.84229886565001e+19 2.13989999778131e+19 4.98538802654827e+18 4.66394474390437e+14 6.87494447324590e+19 1.55157516772929e+16 1.60061241633646e+09 4.02738211888446e+16 1.30995057290233e+18 3.14257313158167e+15 0.00000000000000e+00 0.00000000000000e+00 0.00000000000000e+00 0.00000000000000e+00 0.00000000000000e+00 0.00000000000000e+00 0.00000000000000e+00 
5.67702389324561e-04 4.00610660941695e+02 3.68537698834291e+02 3.20424874780645e+22 9.63956730730542e+19 2.29328904473306e+19 4.97450204630880e+18 4.98212006637003e+14 7.47584091465382e+19 1.56934327133212e+16 1.73360873176785e+09 3.77307646461052e+16 1.36957220396039e+18 3.61525226126325e+15 0.00000000000000e+00 0.00000000000000e+00 0.00000000000000e+00 0.00000000000000e+00 0.00000000000000e+00 0.00000000000000e+00 0.00000000000000e+00 
6.13652887299877e-04 3.99281013209739e+02 3.67682889807776e+02 3.20299808821199e+22 1.04352128764242e+20 2.44163353218946e+19 4.95767511541505e+18 5.29706092545546e+14 8.07633444180321e+19 1.58690991680730e+16 1.86624860772152e+09 3.55151995715145e+16 1.42378302345174e+18 4.09985220116170e+15 0.00000000000000e+00 0.00000000000000e+00 0.00000000000000e+00 0.00000000000000e+00 0.00000000000000e+00 0.00000000000000e+00 0.00000000000000e+00 
6.91568916414981e-04 3.97146412545338e+02 3.66864222369521e+02 3.20089536925232e+22 1.17803067667595e+20 2.68221161434876e+19 4.92062273807591e+18 5.82415964520171e+14 9.09367774528125e+19 1.61628919345949e+16 2.09038842301364e+09 3.23221070158580e+16 1.50441322920924e+18 4.93809422395013e+15 0.00000000000000e+00 0.00000000000000e+00 0.00000000000000e+00 0.00000000000000e+00 0.00000000000000e+00 0.00000000000000e+00 0.00000000000000e+00 
7.69484945530084e-04 3.95152501908818e+02 3.65553461850232e+02 3.19881399654403e+22 1.31199366938744e+20 2.90982636554208e+19 4.87860218647085e+18 6.34333804280697e+14 1.01099531718627e+20 1.64525347944479e+16 2.31363564724490e+09 2.96736616810212e+16 1.57226974630532e+18 5.78237840640507e+15 0.00000000000000e+00 0.00000000000000e+00 0.00000000000000e+00 0.00000000000000e+00 0.00000000000000e+00 0.00000000000000e+00 0.00000000000000e+00 
8.47400974645188e-04 3.93289268923937e+02 3.64333039899102e+02 3.19675272342681e+22 1.44539093677125e+20 3.12539530597551e+19 4.83471444342214e+18 6.85534695432794e+14 1.11251887487211e+20 1.67386948105427e+16 2.53606781894646e+09 2.74642249914204e+16 1.62872414984060e+18 6.61819190635435e+15 0.00000000000000e+00 0.00000000000000e+00 0.00000000000000e+00 0.00000000000000e+00 0.00000000000000e+00 0.00000000000000e+00 0.00000000000000e+00 
9.25317003760291e-04 3.91548021297768e+02 3.63196077830805e+02 3.19471046989947e+22 1.57821593220800e+20 3.32977662267930e+19 4.79016772970826e+18 7.36062776555135e+14 1.21393872816071e+20 1.70216766967747e+16 2.75773673708810e+09 2.55751956708144e+16 1.67492783473357e+18 7.43391202095172e+15 0.00000000000000e+00 0.00000000000000e+00 0.00000000000000e+00 0.00000000000000e+00 0.00000000000000e+00 0.00000000000000e+00 0.00000000000000e+00 
1.00323303287539e-03 3.89920860286876e+02 3.62136611419639e+02 3.19268626648620e+22 1.71046639298819e+20 3.52376594520342e+19 4.74553970736470e+18 7.85958864837018e+14 1.31525379733913e+20 1.73016953094304e+16 2.97871546102057e+09 2.39361147492097e+16 1.71187377559744e+18 8.22065636995410e+15 0.00000000000000e+00 0.00000000000000e+00 0.00000000000000e+00 0.00000000000000e+00 0.00000000000000e+00 0.00000000000000e+00 0.00000000000000e+00 
1.10202733814896e-03 3.88010397189514e+02 3.61149252201102e+02 3.19014423899829e+22 1.87732724852880e+20 3.75593208303864e+19 4.68940971578755e+18 8.48377347715116e+14 1.44356356046231e+20 1.76527560519649e+16 3.25800445746406e+09 2.21641348159046e+16 1.74680592339219e+18 9.16705727610462e+15 0.00000000000000e+00 0.00000000000000e+00 0.00000000000000e+00 0.00000000000000e+00 0.00000000000000e+00 0.00000000000000e+00 0.00000000000000e+00 
1.20082164342252e-03 3.86257913340325e+02 3.59993327910824e+02 3.18762816274159e+22 2.04326352928557e+20 3.97394180302722e+19 4.63421692427974e+18 9.09904643268402e+14 1.57169690356467e+20 1.79996866537418e+16 3.53637049669051e+09 2.06525362761205e+16 1.76998022707725e+18 1.00485764982860e+16 0.00000000000000e+00 0.00000000000000e+00 0.00000000000000e+00 0.00000000000000e+00 0.00000000000000e+00 0.00000000000000e+00 0.00000000000000e+00 
1.29961594869608e-03 3.84650897256263e+02 3.58936186095985e+02 3.18513655819689e+22 2.20827790771509e+20 4.17904011252639e+19 4.58012177767744e+18 9.70594384154350e+14 1.69964766626921e+20 1.83426213860186e+16 3.81391100598020e+09 1.93447434094131e+16 1.78290293861157e+18 1.08613713889575e+16 0.00000000000000e+00 0.00000000000000e+00 0.00000000000000e+00 0.00000000000000e+00 0.00000000000000e+00 0.00000000000000e+00 0.00000000000000e+00 
1.39841025396964e-03 3.83177951640528e+02 3.57969501680308e+02 3.18266809595912e+22 2.37237427992465e+20 4.37234880073716e+19 4.52713033360953e+18 1.03049412864934e+15 1.82740912180890e+20 1.86817974197743e+16 4.09070252999894e+09 1.82050663934729e+16 1.78693049857458e+18 1.16053395896619e+16 0.00000000000000e+00 0.00000000000000e+00 0.00000000000000e+00 0.00000000000000e+00 0.00000000000000e+00 0.00000000000000e+00 0.00000000000000e+00 
1.49720455924320e-03 3.81828629238013e+02 3.57085755110307e+02 3.18022157371948e+22 2.53555691093128e+20 4.55488013927232e+19 4.47522113051977e+18 1.08964473551743e+15 1.95497436498312e+20 1.90173173847635e+16 4.36681464485014e+09 1.72038133562750e+16 1.78329737362463e+18 1.22829115772932e+16 0.00000000000000e+00 0.00000000000000e+00 0.00000000000000e+00 0.00000000000000e+00 0.00000000000000e+00 0.00000000000000e+00 0.00000000000000e+00 
1.69087410987715e-03 3.79507068283196e+02 3.56278112337330e+02 3.17548528089966e+22 2.85281456078179e+20 4.88474782973937e+19 4.37656155142000e+18 1.20355405063141e+15 2.20444893311295e+20 1.96649163844093e+16 4.90634393589993e+09 1.55493430839549e+16 1.75801622532156e+18 1.34353979882524e+16 0.00000000000000e+00 0.00000000000000e+00 0.00000000000000e+00 0.00000000000000e+00 0.00000000000000e+00 0.00000000000000e+00 0.00000000000000e+00 
1.88454366051111e-03 3.77560398599538e+02 3.54892877821723e+02 3.17082207035096e+22 3.16661245217051e+20 5.18258303556986e+19 4.28189837445225e+18 1.31495682296452e+15 2.45309459560287e+20 2.02998069919904e+16 5.44386747080764e+09 1.42094279298346e+16 1.71479097690136e+18 1.43842806523391e+16 0.00000000000000e+00 0.00000000000000e+00 0.00000000000000e+00 0.00000000000000e+00 0.00000000000000e+00 0.00000000000000e+00 0.00000000000000e+00 
2.07821321114506e-03 3.75933737929085e+02 3.53735590634395e+02 3.16622596613658e+22 3.47698735847697e+20 5.45332581968768e+19 4.19107315200580e+18 1.42405009868935e+15 2.70086837361451e+20 2.09227476929332e+16 5.97966238864544e+09 1.30990443422394e+16 1.65960439133867e+18 1.51672806199335e+16 0.00000000000000e+00 0.00000000000000e+00 0.00000000000000e+00 0.00000000000000e+00 0.00000000000000e+00 0.00000000000000e+00 0.00000000000000e+00 
2.27188276177901e-03 3.74580961187389e+02 3.52771530730526e+02 3.16169208219747e+22 3.78397766382512e+20 5.70097055547135e+19 4.10390674050882e+18 1.53099604665597e+15 2.94773441475167e+20 2.15344129862173e+16 6.51394521363268e+09 1.21636146598761e+16 1.59714080460793e+18 1.58180598288848e+16 0.00000000000000e+00 0.00000000000000e+00 0.00000000000000e+00 0.00000000000000e+00 0.00000000000000e+00 0.00000000000000e+00 0.00000000000000e+00 
2.46555231241296e-03 3.73462949059919e+02 3.51971852703777e+02 3.15721637179804e+22 4.08762267936945e+20 5.92878373185559e+19 4.02022266149888e+18 1.63593035935232e+15 3.19366447037675e+20 2.21354184015179e+16 7.04688178717486e+09 1.13699033743158e+16 1.53102500200331e+18 1.63627904788092e+16 0.00000000000000e+00 0.00000000000000e+00 0.00000000000000e+00 0.00000000000000e+00 0.00000000000000e+00 0.00000000000000e+00 0.00000000000000e+00 
2.71547146152391e-03 3.72314350459301e+02 3.51312349604739e+02 3.15152137108127e+22 4.47457928924568e+20 6.19770573545511e+19 3.91710808087628e+18 1.76855267212914e+15 3.50960535454745e+20 2.28961455255927e+16 7.73281335636492e+09 1.04979021342627e+16 1.44452830857344e+18 1.69391709749100e+16 0.00000000000000e+00 0.00000000000000e+00 0.00000000000000e+00 0.00000000000000e+00 0.00000000000000e+00 0.00000000000000e+00 0.00000000000000e+00 
2.96539061063486e-03 3.71440968372020e+02 3.50636083675488e+02 3.14591163808837e+22 4.85611699284717e+20 6.44280485974681e+19 3.81916374420821e+18 1.89823713030068e+15 3.82391750618507e+20 2.36411592386512e+16 8.41687905519225e+09 9.76210057306845e+15 1.36057993269355e+18 1.74014067962734e+16 0.00000000000000e+00 0.00000000000000e+00 0.00000000000000e+00 0.00000000000000e+00 0.00000000000000e+00 0.00000000000000e+00 0.00000000000000e+00 
3.21530975974581e-03 3.70793158942489e+02 3.50122672238822e+02 3.14038230988519e+22 5.23232147001360e+20 6.66783601498505e+19 3.72605585617895e+18 2.02516760966252e+15 4.13657959367048e+20 2.43714474584007e+16 9.09918686764610e+09 9.13472586725065e+15 1.28177490560458e+18 1.77716932382369e+16 0.00000000000000e+00 0.00000000000000e+00 0.00000000000000e+00 0.00000000000000e+00 0.00000000000000e+00 0.00000000000000e+00 0.00000000000000e+00 
3.46522890885676e-03 3.70330648377946e+02 3.49742245270140e+02 3.13492946664729e+22 5.60327779086768e+20 6.87574912327293e+19 3.63746856767586e+18 2.14949643342315e+15 4.44758031660858e+20 2.50879079505928e+16 9.77980163731117e+09 8.59265355417353e+15 1.20948572299858e+18 1.80667619361486e+16 0.00000000000000e+00 0.00000000000000e+00 0.00000000000000e+00 0.00000000000000e+00 0.00000000000000e+00 0.00000000000000e+00 0.00000000000000e+00 
3.71514805796771e-03 3.70020447456613e+02 3.49470745901591e+02 3.12954987013114e+22 5.96906990403449e+20 7.06891206176623e+19 3.55310625899808e+18 2.27135502214877e+15 4.75691500568073e+20 2.57913553752368e+16 1.04587525711975e+10 8.11881170949337e+15 1.14426299958336e+18 1.82999208622199e+16 0.00000000000000e+00 0.00000000000000e+00 0.00000000000000e+00 0.00000000000000e+00 0.00000000000000e+00 0.00000000000000e+00 0.00000000000000e+00 
4.12031038287255e-03 3.69775827227367e+02 3.49288588855331e+02 3.12097758368298e+22 6.55132008005636e+20 7.35537272952496e+19 3.42462194732182e+18 2.46393749853512e+15 5.25486210671042e+20 2.69060222401500e+16 1.15559512698349e+10 7.46856402837258e+15 1.05328691760841e+18 1.85724490918068e+16 0.00000000000000e+00 0.00000000000000e+00 0.00000000000000e+00 0.00000000000000e+00 0.00000000000000e+00 0.00000000000000e+00 0.00000000000000e+00 
4.52547270777740e-03 3.69770322136625e+02 3.49144515918294e+02 3.11258105916550e+22 7.12055616565597e+20 7.61457225013758e+19 3.30546062270210e+18 2.65074290555878e+15 5.74844053918434e+20 2.79911922140777e+16 1.26486630896122e+10 6.92547260840759e+15 9.79395409873234e+17 1.87461330004477e+16 0.00000000000000e+00 0.00000000000000e+00 0.00000000000000e+00 0.00000000000000e+00 0.00000000000000e+00 0.00000000000000e+00 0.00000000000000e+00 
4.93063503268224e-03 3.69936560699946e+02 3.49140315216343e+02 3.10435244920565e+22 7.67711013477340e+20 7.85141441098587e+19 3.19468985259168e+18 2.83212568813378e+15 6.23766917438149e+20 2.90492742944872e+16 1.37366844653649e+10 6.46756027442540e+15 9.20053454780670e+17 1.88471679325162e+16 0.00000000000000e+00 0.00000000000000e+00 0.00000000000000e+00 0.00000000000000e+00 0.00000000000000e+00 0.00000000000000e+00 0.00000000000000e+00 
5.33579735758708e-03 3.70226756466157e+02 3.49236560684929e+02 3.09628531450784e+22 8.22130219456611e+20 8.06953520539296e+19 3.09148784173969e+18 3.00837409333396e+15 6.72256942041927e+20 3.00823838499202e+16 1.48198037936463e+10 6.07654823146395e+15 8.72423180777301e+17 1.88944189759030e+16 0.00000000000000e+00 0.00000000000000e+00 0.00000000000000e+00 0.00000000000000e+00 0.00000000000000e+00 0.00000000000000e+00 0.00000000000000e+00 
5.74095968249193e-03 3.70606200096689e+02 3.49405369946095e+02 3.08837409993283e+22 8.75344095506137e+20 8.27176353883257e+19 2.99512895258094e+18 3.17974032570676e+15 7.20315983862315e+20 3.10923654350621e+16 1.58977980585436e+10 5.73742942701326e+15 8.33960669836624e+17 1.89019609792927e+16 0.00000000000000e+00 0.00000000000000e+00 0.00000000000000e+00 0.00000000000000e+00 0.00000000000000e+00 0.00000000000000e+00 0.00000000000000e+00 
6.44343423530856e-03 3.71407726542334e+02 3.49626527122445e+02 3.07501308618552e+22 9.64836617884527e+20 8.59091030169595e+19 2.84244727366263e+18 3.46593526379686e+15 8.02623676364581e+20 3.27933900688533e+16 1.77541070009988e+10 5.24539664996462e+15 7.83408276882649e+17 1.88491547812973e+16 0.00000000000000e+00 0.00000000000000e+00 0.00000000000000e+00 0.00000000000000e+00 0.00000000000000e+00 0.00000000000000e+00 0.00000000000000e+00 
7.14590878812519e-03 3.72310447563709e+02 3.50094554486128e+02 3.06208348265463e+22 1.05094224925959e+21 8.87799342718393e+19 2.70562575798991e+18 3.73916535239313e+15 8.83645572104724e+20 3.44366931491752e+16 1.95931341366229e+10 4.84675240772405e+15 7.46545945122740e+17 1.87453295002347e+16 0.00000000000000e+00 0.00000000000000e+00 0.00000000000000e+00 0.00000000000000e+00 0.00000000000000e+00 0.00000000000000e+00 0.00000000000000e+00 
7.84838334094182e-03 3.73260222630560e+02 3.50622686031336e+02 3.04956575181320e+22 1.13380063360362e+21 9.13936317388006e+19 2.58239343233884e+18 4.00032562277174e+15 9.63385639736690e+20 3.60280547167229e+16 2.14138289410139e+10 4.51552801063245e+15 7.18367779334726e+17 1.86127516173791e+16 0.00000000000000e+00 0.00000000000000e+00 0.00000000000000e+00 0.00000000000000e+00 0.00000000000000e+00 0.00000000000000e+00 0.00000000000000e+00 
8.55085789375845e-03 3.74229121581432e+02 3.51179350622597e+02 3.03744292234914e+22 1.21354321011659e+21 9.37930794205754e+19 2.47088271355558e+18 4.25020396209413e+15 1.04184697880641e+21 3.75722387641604e+16 2.32154115385495e+10 4.23581793575347e+15 6.96003089183431e+17 1.84637854631735e+16 0.00000000000000e+00 0.00000000000000e+00 0.00000000000000e+00 0.00000000000000e+00 0.00000000000000e+00 0.00000000000000e+00 0.00000000000000e+00 
9.25333244657508e-03 3.75201689184216e+02 3.51748224356672e+02 3.02569975632594e+22 1.29029406755557e+21 9.60090998868079e+19 2.36954344736996e+18 4.48949607535199e+15 1.11903272962665e+21 3.90731775043429e+16 2.49972538001221e+10 3.99713785779629e+15 6.77744735955538e+17 1.83059804067811e+16 0.00000000000000e+00 0.00000000000000e+00 0.00000000000000e+00 0.00000000000000e+00 0.00000000000000e+00 0.00000000000000e+00 0.00000000000000e+00 
1.01708598759069e-02 3.76462712189132e+02 3.52320238137201e+02 3.01091047131587e+22 1.38622849480108e+21 9.86649264224224e+19 2.25038474678477e+18 4.78713380480247e+15 1.21793292691113e+21 4.09738831616804e+16 2.72939705931669e+10 3.73283759796633e+15 6.58316452426305e+17 1.80946231718682e+16 0.00000000000000e+00 0.00000000000000e+00 0.00000000000000e+00 0.00000000000000e+00 0.00000000000000e+00 0.00000000000000e+00 0.00000000000000e+00 
1.10883873052387e-02 3.77701184174287e+02 3.53063347887704e+02 2.99671639949416e+22 1.47750552240124e+21 1.01087999864785e+20 2.14407482342153e+18 5.06904301809630e+15 1.31467308083340e+21 4.28121189104010e+16 2.95550308989063e+10 3.51136762890752e+15 6.42368275433598e+17 1.78826945535400e+16 0.00000000000000e+00 0.00000000000000e+00 0.00000000000000e+00 0.00000000000000e+00 0.00000000000000e+00 0.00000000000000e+00 0.00000000000000e+00 
1.20059147345706e-02 3.78911610840509e+02 3.53794726736796e+02 2.98309115878057e+22 1.56435666637088e+21 1.03308088685300e+20 2.04868891345997e+18 5.33637587331865e+15 1.40926496904615e+21 4.45929218095255e+16 3.17795940318597e+10 3.32163168549847e+15 6.28945264883867e+17 1.76745573638272e+16 0.00000000000000e+00 0.00000000000000e+00 0.00000000000000e+00 0.00000000000000e+00 0.00000000000000e+00 0.00000000000000e+00 0.00000000000000e+00 
1.29234421639024e-02 3.80092443617598e+02 3.54511019073146e+02 2.97001034639015e+22 1.64699886765528e+21 1.05347695749497e+20 1.96269260141283e+18 5.59017757869644e+15 1.50172254181274e+21 4.63200592622195e+16 3.39670153558182e+10 3.15750809870095e+15 6.17474573820776e+17 1.74720256622640e+16 0.00000000000000e+00 0.00000000000000e+00 0.00000000000000e+00 0.00000000000000e+00 0.00000000000000e+00 0.00000000000000e+00 0.00000000000000e+00 
1.38409695932343e-02 3.81243448346283e+02 3.55211194204702e+02 2.95745109562987e+22 1.72563627592433e+21 1.07225116808587e+20 1.88483088217699e+18 5.83136777627694e+15 1.59206192836479e+21 4.79967486905628e+16 3.61167682899828e+10 3.01457096403069e+15 6.07563235200604e+17 1.72757916559545e+16 0.00000000000000e+00 0.00000000000000e+00 0.00000000000000e+00 0.00000000000000e+00 0.00000000000000e+00 0.00000000000000e+00 0.00000000000000e+00 
1.54327965985174e-02 3.83170055431468e+02 3.55895001570869e+02 2.93683696632359e+22 1.85311964675070e+21 1.10141454258252e+20 1.76601757035499e+18 6.22225906315868e+15 1.74382333792632e+21 5.07937160732622e+16 3.97558041960209e+10 2.80514586256610e+15 5.93226058783658e+17 1.69520592239687e+16 0.00000000000000e+00 0.00000000000000e+00 0.00000000000000e+00 0.00000000000000e+00 0.00000000000000e+00 0.00000000000000e+00 0.00000000000000e+00 
1.70246236038006e-02 3.85008952394907e+02 3.57042485638883e+02 2.91762338596265e+22 1.97005699853046e+21 1.12683318183692e+20 1.66432065348487e+18 6.58147311781750e+15 1.88937255711848e+21 5.34574184873600e+16 4.32784410024036e+10 2.63380335937779e+15 5.81574133773207e+17 1.66505338499107e+16 0.00000000000000e+00 0.00000000000000e+00 0.00000000000000e+00 0.00000000000000e+00 0.00000000000000e+00 0.00000000000000e+00 0.00000000000000e+00 
1.86164506090838e-02 3.86763084173985e+02 3.58141085042687e+02 2.89971381884061e+22 2.07730380610386e+21 1.14904063054227e+20 1.57642108606075e+18 6.91229470414178e+15 2.02883133616308e+21 5.59968694412662e+16 4.66836093625682e+10 2.49056515182189e+15 5.71920249250332e+17 1.63710159459044e+16 0.00000000000000e+00 0.00000000000000e+00 0.00000000000000e+00 0.00000000000000e+00 0.00000000000000e+00 0.00000000000000e+00 0.00000000000000e+00 
2.02082776143669e-02 3.88435623713774e+02 3.59192074509316e+02 2.88301969093773e+22 2.17563848068022e+21 1.16846590799377e+20 1.49985773207698e+18 7.21752361369932e+15 2.16233479161047e+21 5.84186860367523e+16 4.99708595438242e+10 2.36912926846832e+15 5.63816557549095e+17 1.61126579294731e+16 0.00000000000000e+00 0.00000000000000e+00 0.00000000000000e+00 0.00000000000000e+00 0.00000000000000e+00 0.00000000000000e+00 0.00000000000000e+00 
2.18001046196501e-02 3.90029485986533e+02 3.60196914355137e+02 2.86745904525234e+22 2.26577386739391e+21 1.18547112534057e+20 1.43272341192192e+18 7.49956019495358e+15 2.29002874159263e+21 6.07285524981205e+16 5.31402638248140e+10 2.26505306174258e+15 5.56936643925193e+17 1.58744445982112e+16 0.00000000000000e+00 0.00000000000000e+00 0.00000000000000e+00 0.00000000000000e+00 0.00000000000000e+00 0.00000000000000e+00 0.00000000000000e+00 
2.43119122725768e-02 3.92391018906666e+02 3.61156954641372e+02 2.84503020409182e+22 2.39287232604703e+21 1.20810926953892e+20 1.34233385153168e+18 7.90237896753165e+15 2.48008559277567e+21 6.41575535505437e+16 5.79032146596571e+10 2.12765125155019e+15 5.47976731633078e+17 1.55369550117304e+16 0.00000000000000e+00 0.00000000000000e+00 0.00000000000000e+00 0.00000000000000e+00 0.00000000000000e+00 0.00000000000000e+00 0.00000000000000e+00 
2.68237199255035e-02 3.94574007060631e+02 3.62583784919643e+02 2.82496214924579e+22 2.50349242319709e+21 1.22648778051467e+20 1.26730347369040e+18 8.25967892251020e+15 2.65669952671925e+21 6.73361561474243e+16 6.23783408557724e+10 2.01618264859846e+15 5.40786940143679e+17 1.52419104316404e+16 0.00000000000000e+00 0.00000000000000e+00 0.00000000000000e+00 0.00000000000000e+00 0.00000000000000e+00 0.00000000000000e+00 0.00000000000000e+00 
2.93355275784302e-02 3.96589021287762e+02 3.63907366664988e+02 2.80700908307118e+22 2.59968594375166e+21 1.24139581890166e+20 1.20420442742072e+18 8.57735421883614e+15 2.82053331727257e+21 7.02800697267680e+16 6.65719569083448e+10 1.92336953385574e+15 5.34909462013167e+17 1.49846428061304e+16 0.00000000000000e+00 0.00000000000000e+00 0.00000000000000e+00 0.00000000000000e+00 0.00000000000000e+00 0.00000000000000e+00 0.00000000000000e+00 
3.18473352313569e-02 3.98446271426612e+02 3.65133013013509e+02 2.79095180880007e+22 2.68324524246605e+21 1.25346046875663e+20 1.15067599904380e+18 8.86033259477579e+15 2.97226642811185e+21 7.30027390744970e+16 7.04921932100626e+10 1.84516708357909e+15 5.30031132677581e+17 1.47608244222367e+16 0.00000000000000e+00 0.00000000000000e+00 0.00000000000000e+00 0.00000000000000e+00 0.00000000000000e+00 0.00000000000000e+00 0.00000000000000e+00 
3.43591428842836e-02 4.00155696035275e+02 3.66265994103068e+02 2.77659375521640e+22 2.75574511940660e+21 1.26319323994593e+20 1.10493552028515e+18 9.11274377906914e+15 3.11258253935766e+21 7.55172866288595e+16 7.41485788839008e+10 1.77872685806236e+15 5.25952189692856e+17 1.45665265589016e+16 0.00000000000000e+00 0.00000000000000e+00 0.00000000000000e+00 0.00000000000000e+00 0.00000000000000e+00 0.00000000000000e+00 0.00000000000000e+00 
3.85164272633543e-02 4.02685596836947e+02 3.67311568778037e+02 2.75610820344465e+22 2.85498690038481e+21 1.27524490762740e+20 1.04266614141847e+18 9.47247880190276e+15 3.32153690827236e+21 7.92552096879346e+16 7.96489287302343e+10 1.68831471384211e+15 5.20531994895665e+17 1.43009527600473e+16 0.00000000000000e+00 0.00000000000000e+00 0.00000000000000e+00 0.00000000000000e+00 0.00000000000000e+00 0.00000000000000e+00 0.00000000000000e+00 
4.26737116424249e-02 4.04878852873148e+02 3.68863822443164e+02 2.73910198546464e+22 2.93301802425730e+21 1.28350419873748e+20 9.93533105100808e+17 9.77147857564166e+15 3.50405470094021e+21 8.25116531295893e+16 8.45075424240872e+10 1.61703714347527e+15 5.16387973256215e+17 1.40929412131473e+16 0.00000000000000e+00 0.00000000000000e+00 0.00000000000000e+00 0.00000000000000e+00 0.00000000000000e+00 0.00000000000000e+00 0.00000000000000e+00 
4.68309960214956e-02 4.06774931372608e+02 3.70214146982634e+02 2.72498625026866e+22 2.99419749468527e+21 1.28904591658885e+20 9.53879105127200e+17 1.00207675579060e+16 3.66298854958399e+21 8.53405713029098e+16 8.87794141811144e+10 1.55878947520256e+15 5.13086974267213e+17 1.39304779797639e+16 0.00000000000000e+00 0.00000000000000e+00 0.00000000000000e+00 0.00000000000000e+00 0.00000000000000e+00 0.00000000000000e+00 0.00000000000000e+00 
5.09882804005662e-02 4.08409856884381e+02 3.71384934562500e+02 2.71327422643924e+22 3.04198614799492e+21 1.29261672343940e+20 9.22007447966177e+17 1.02288264332135e+16 3.80100662297373e+21 8.77885980038241e+16 9.25199567843090e+10 1.51175539398591e+15 5.10499732324620e+17 1.38048549420258e+16 0.00000000000000e+00 0.00000000000000e+00 0.00000000000000e+00 0.00000000000000e+00 0.00000000000000e+00 0.00000000000000e+00 0.00000000000000e+00 
5.51455647796369e-02 4.09816338537309e+02 3.72396994185595e+02 2.70356084810319e+22 3.07915135320219e+21 1.29478446637271e+20 8.95909325394162e+17 1.04026436216837e+16 3.92056648464220e+21 8.99024494176640e+16 9.57833816921255e+10 1.47281100335779e+15 5.08436166720453e+17 1.37083456054091e+16 0.00000000000000e+00 0.00000000000000e+00 0.00000000000000e+00 0.00000000000000e+00 0.00000000000000e+00 0.00000000000000e+00 0.00000000000000e+00 
6.15479973182567e-02 4.11600632404837e+02 3.73269499573215e+02 2.69176982180473e+22 3.12042867388364e+21 1.29628842735790e+20 8.64518653566234e+17 1.06159954984317e+16 4.07359885210265e+21 9.25940036088592e+16 9.99912083424204e+10 1.42544534144204e+15 5.06018723319718e+17 1.36042676037360e+16 0.00000000000000e+00 0.00000000000000e+00 0.00000000000000e+00 0.00000000000000e+00 0.00000000000000e+00 0.00000000000000e+00 0.00000000000000e+00 
6.79504298568765e-02 4.13005040592296e+02 3.74378829248530e+02 2.68293731522833e+22 3.14792289709537e+21 1.29647024336841e+20 8.41045998143026e+17 1.07784230373581e+16 4.19527419302187e+21 9.47209394934703e+16 1.03361395301136e+11 1.38942644729061e+15 5.04254914825513e+17 1.35382621962310e+16 0.00000000000000e+00 0.00000000000000e+00 0.00000000000000e+00 0.00000000000000e+00 0.00000000000000e+00 0.00000000000000e+00 0.00000000000000e+00 
7.43528623954963e-02 4.14107529035868e+02 3.75253887444076e+02 2.67631021300123e+22 3.16606382202346e+21 1.29594816539142e+20 8.23348409479801e+17 1.09024518838106e+16 4.29167629184321e+21 9.63956617458669e+16 1.06046775483224e+11 1.36184176636651e+15 5.02965915736851e+17 1.34977506382258e+16 0.00000000000000e+00 0.00000000000000e+00 0.00000000000000e+00 0.00000000000000e+00 0.00000000000000e+00 0.00000000000000e+00 0.00000000000000e+00 
8.07552949341161e-02 4.14970596425732e+02 3.75941994339284e+02 2.67133655520551e+22 3.17783493592855e+21 1.29509207020534e+20 8.09899081963711e+17 1.09972398607292e+16 4.36780678077065e+21 9.77100064204411e+16 1.08176775366793e+11 1.34056685207648e+15 5.02013976077930e+17 1.34744365396326e+16 0.00000000000000e+00 0.00000000000000e+00 0.00000000000000e+00 0.00000000000000e+00 0.00000000000000e+00 0.00000000000000e+00 0.00000000000000e+00 
8.71577274727359e-02 4.15644414171698e+02 3.76481379693621e+02 2.66760545441603e+22 3.18528315432827e+21 1.29411930401691e+20 7.99628558493185e+17 1.10697247833414e+16 4.42774847684371e+21 9.87384144162316e+16 1.09859457833972e+11 1.32407933101519e+15 5.01299288433967e+17 1.34625647561319e+16 0.00000000000000e+00 0.00000000000000e+00 0.00000000000000e+00 0.00000000000000e+00 0.00000000000000e+00 0.00000000000000e+00 0.00000000000000e+00 
9.81268781510654e-02 4.16465272157572e+02 3.76902920401082e+02 2.66329629133789e+22 3.19161849640406e+21 1.29248055226081e+20 7.87323321634526e+17 1.11560443216479e+16 4.50161458486983e+21 9.99946687063738e+16 1.11939506225244e+11 1.30392240040608e+15 5.00443435273085e+17 1.34589202968407e+16 0.00000000000000e+00 0.00000000000000e+00 0.00000000000000e+00 0.00000000000000e+00 0.00000000000000e+00 0.00000000000000e+00 0.00000000000000e+00 
1.09096028829395e-01 4.16997737786030e+02 3.77416949610088e+02 2.66065424715594e+22 3.19393637511733e+21 1.29113125699458e+20 7.79452819119629e+17 1.12110344587658e+16 4.55010603463506e+21 1.00811837111219e+17 1.13308750906822e+11 1.29076476480872e+15 4.99892754650650e+17 1.34637969269433e+16 0.00000000000000e+00 0.00000000000000e+00 0.00000000000000e+00 0.00000000000000e+00 0.00000000000000e+00 0.00000000000000e+00 0.00000000000000e+00 
1.20065179507724e-01 4.17344938887029e+02 3.77750675253245e+02 2.65900480634900e+22 3.19459169623236e+21 1.29011050394557e+20 7.74420930157311e+17 1.12463573626313e+16 4.58199880838423e+21 1.01345409923642e+17 1.14210828288687e+11 1.28224910770324e+15 4.99559267746667e+17 1.34702616952798e+16 0.00000000000000e+00 0.00000000000000e+00 0.00000000000000e+00 0.00000000000000e+00 0.00000000000000e+00 0.00000000000000e+00 0.00000000000000e+00 
1.31034330186054e-01 4.17571044476941e+02 3.77968407375570e+02 2.65797224732588e+22 3.19453078096429e+21 1.28936623978055e+20 7.71186285619609e+17 1.12689570018991e+16 4.60292734804849e+21 1.01693259477175e+17 1.14803337990163e+11 1.27671112549749e+15 4.99355083291660e+17 1.34764512711337e+16 0.00000000000000e+00 0.00000000000000e+00 0.00000000000000e+00 0.00000000000000e+00 0.00000000000000e+00 0.00000000000000e+00 0.00000000000000e+00 
1.42003480864383e-01 4.17717193455811e+02 3.78110250151538e+02 2.65733258570462e+22 3.19416138277721e+21 1.28883512413722e+20 7.69095432646982e+17 1.12833698735797e+16 4.61656992612208e+21 1.01918468861313e+17 1.15189734884043e+11 1.27307281108099e+15 4.99218009393617e+17 1.34819277620976e+16 0.00000000000000e+00 0.00000000000000e+00 0.00000000000000e+00 0.00000000000000e+00 0.00000000000000e+00 0.00000000000000e+00 0.00000000000000e+00 
1.61348110095334e-01 4.17852939936502e+02 3.78201953535270e+02 2.65677845980011e+22 3.19333672328171e+21 1.28827554361593e+20 7.67079998673890e+17 1.12967380902510e+16 4.62941793329013e+21 1.02128496120880e+17 1.15553752332937e+11 1.26947182850036e+15 4.99058197099340e+17 1.34896829206866e+16 0.00000000000000e+00 0.00000000000000e+00 0.00000000000000e+00 0.00000000000000e+00 0.00000000000000e+00 0.00000000000000e+00 0.00000000000000e+00 
1.80692739326286e-01 4.17915946820765e+02 3.78287140865149e+02 2.65653405394798e+22 3.19280534231077e+21 1.28798428468197e+20 7.66283361601538e+17 1.13027481449971e+16 4.63542859494910e+21 1.02225562317976e+17 1.15723832516101e+11 1.26808409377846e+15 4.99039719074569e+17 1.34930676798525e+16 0.00000000000000e+00 0.00000000000000e+00 0.00000000000000e+00 0.00000000000000e+00 0.00000000000000e+00 0.00000000000000e+00 0.00000000000000e+00 
2.00037368557237e-01 4.17948761147053e+02 3.78326684604266e+02 2.65640374663655e+22 3.19256009665857e+21 1.28784676059456e+20 7.65720916186396e+17 1.13059940150280e+16 4.63855397983546e+21 1.02276725913349e+17 1.15812590570880e+11 1.26706500813058e+15 4.98979014115729e+17 1.34956887641195e+16 0.00000000000000e+00 0.00000000000000e+00 0.00000000000000e+00 0.00000000000000e+00 0.00000000000000e+00 0.00000000000000e+00 0.00000000000000e+00 
2.19381997788188e-01 4.17965895619841e+02 3.78347280675753e+02 2.65633575331288e+22 3.19243300148876e+21 1.28777321151697e+20 7.65458894537146e+17 1.13077997193719e+16 4.64018335056733e+21 1.02303247106544e+17 1.15858680919342e+11 1.26654879690641e+15 4.98941434241710e+17 1.34967413243766e+16 0.00000000000000e+00 0.00000000000000e+00 0.00000000000000e+00 0.00000000000000e+00 0.00000000000000e+00 0.00000000000000e+00 0.00000000000000e+00 
2.38726627019139e-01 4.17973589495087e+02 3.78358035648101e+02 2.65630820745498e+22 3.19234302658855e+21 1.28772948454334e+20 7.65422916705550e+17 1.13084287988598e+16 4.64092294270560e+21 1.02314875708781e+17 1.15879550216330e+11 1.26651706785239e+15 4.98967738993164e+17 1.34968986481707e+16 0.00000000000000e+00 0.00000000000000e+00 0.00000000000000e+00 0.00000000000000e+00 0.00000000000000e+00 0.00000000000000e+00 0.00000000000000e+00 
2.89557259121497e-01 4.17980557543634e+02 3.78362864791880e+02 2.65628532240827e+22 3.19223766945039e+21 1.28768479340063e+20 7.65403421716940e+17 1.13088030133805e+16 4.64160021234072e+21 1.02325372720114e+17 1.15898604489587e+11 1.26653789940454e+15 4.99004735000835e+17 1.34970132986442e+16 0.00000000000000e+00 0.00000000000000e+00 0.00000000000000e+00 0.00000000000000e+00 0.00000000000000e+00 0.00000000000000e+00 0.00000000000000e+00 
3.40387891223855e-01 4.17979055704979e+02 3.78367238191078e+02 2.65629268325180e+22 3.19223102340570e+21 1.28769056406980e+20 7.65395964811944e+17 1.13086871600006e+16 4.64146519203772e+21 1.02323181612071e+17 1.15894787949000e+11 1.26649572039004e+15 4.98990748906291e+17 1.34971584963864e+16 0.00000000000000e+00 0.00000000000000e+00 0.00000000000000e+00 0.00000000000000e+00 0.00000000000000e+00 0.00000000000000e+00 0.00000000000000e+00 
3.91218523326214e-01 4.17977970869314e+02 3.78366295265275e+02 2.65629669179636e+22 3.19224091873320e+21 1.28769870131407e+20 7.65370122575811e+17 1.13087248681056e+16 4.64136372201775e+21 1.02321669734924e+17 1.15891956259620e+11 1.26641304103415e+15 4.98968575646236e+17 1.34973605074906e+16 0.00000000000000e+00 0.00000000000000e+00 0.00000000000000e+00 0.00000000000000e+00 0.00000000000000e+00 0.00000000000000e+00 0.00000000000000e+00 
4.42049155428572e-01 4.17977959065648e+02 3.78365614268979e+02 2.65629645840380e+22 3.19224372061899e+21 1.28770010169200e+20 7.65358549936745e+17 1.13087649356533e+16 4.64136254283226e+21 1.02321699762100e+17 1.15891943198124e+11 1.26639167896809e+15 4.98963889239601e+17 1.34974509114750e+16 0.00000000000000e+00 0.00000000000000e+00 0.00000000000000e+00 0.00000000000000e+00 0.00000000000000e+00 0.00000000000000e+00 0.00000000000000e+00 
7.58658036313900e-01 4.17978235963664e+02 3.78365606861807e+02 2.65629540592807e+22 3.19224105829290e+21 1.28769890019961e+20 7.65352646236993e+17 1.13087910742603e+16 4.64138917059794e+21 1.02322136721334e+17 1.15892699971709e+11 1.26638243916816e+15 4.98963211702765e+17 1.34974873958266e+16 0.00000000000000e+00 0.00000000000000e+00 0.00000000000000e+00 0.00000000000000e+00 0.00000000000000e+00 0.00000000000000e+00 0.00000000000000e+00 
1.07526691719923e+00 4.17978266467456e+02 3.78365780661610e+02 2.65629533448875e+22 3.19224070000917e+21 1.28769833989093e+20 7.65357786134609e+17 1.13087759102062e+16 4.64139141012197e+21 1.02322168858116e+17 1.15892799714768e+11 1.26639435259140e+15 4.98965767731279e+17 1.34974499550679e+16 0.00000000000000e+00 0.00000000000000e+00 0.00000000000000e+00 0.00000000000000e+00 0.00000000000000e+00 0.00000000000000e+00 0.00000000000000e+00 
1.39187579808456e+00 4.17978262570721e+02 3.78365799827581e+02 2.65629532177982e+22 3.19224062913313e+21 1.28769867932765e+20 7.65353311658665e+17 1.13087880875820e+16 4.64139175290526e+21 1.02322174736514e+17 1.15892776873036e+11 1.26638452867077e+15 4.98963810606530e+17 1.34974843273986e+16 0.00000000000000e+00 0.00000000000000e+00 0.00000000000000e+00 0.00000000000000e+00 0.00000000000000e+00 0.00000000000000e+00 0.00000000000000e+00 
4.55796460693784e+00 4.17978262190328e+02 3.78365797361264e+02 2.65629532334807e+22 3.19224061474994e+21 1.28769869915748e+20 7.65352851423262e+17 1.13087910291254e+16 4.64139174931226e+21 1.02322175159335e+17 1.15892772499599e+11 1.26638260861708e+15 4.98963394835094e+17 1.34974866042752e+16 0.00000000000000e+00 0.00000000000000e+00 0.00000000000000e+00 0.00000000000000e+00 0.00000000000000e+00 0.00000000000000e+00 0.00000000000000e+00 
7.72405341579112e+00 4.17978265884301e+02 3.78365797121588e+02 2.65629530109662e+22 3.19224072687441e+21 1.28769854734118e+20 7.65355437256575e+17 1.13087822027782e+16 4.64139199010302e+21 1.02322170839759e+17 1.15892777868997e+11 1.26639058387755e+15 4.98965100854173e+17 1.34974706662792e+16 0.00000000000000e+00 0.00000000000000e+00 0.00000000000000e+00 0.00000000000000e+00 0.00000000000000e+00 0.00000000000000e+00 0.00000000000000e+00 
1.08901422246444e+01 4.17978264134923e+02 3.78365799443337e+02 2.65629531130461e+22 3.19224068437402e+21 1.28769861682768e+20 7.65354277990250e+17 1.13087868994719e+16 4.64139186237324e+21 1.02322172571334e+17 1.15892775183153e+11 1.26638628599756e+15 4.98964187422300e+17 1.34974768767860e+16 0.00000000000000e+00 0.00000000000000e+00 0.00000000000000e+00 0.00000000000000e+00 0.00000000000000e+00 0.00000000000000e+00 0.00000000000000e+00 
4.25510303131772e+01 4.17978264196367e+02 3.78365798344214e+02 2.65629531079417e+22 3.19224069486851e+21 1.28769861377162e+20 7.65354412397870e+17 1.13087871647503e+16 4.64139185619875e+21 1.02322172106335e+17 1.15892775057095e+11 1.26638604760631e+15 4.98964143170147e+17 1.34974754568915e+16 0.00000000000000e+00 0.00000000000000e+00 0.00000000000000e+00 0.00000000000000e+00 0.00000000000000e+00 0.00000000000000e+00 0.00000000000000e+00 
7.42119184017100e+01 4.17978265305958e+02 3.78365798383139e+02 2.65629530482242e+22 3.19224070801608e+21 1.28769857103267e+20 7.65354987323189e+17 1.13087834897029e+16 4.64139195428993e+21 1.02322171683899e+17 1.15892777166183e+11 1.26638934888363e+15 4.98964834571764e+17 1.34974734493534e+16 0.00000000000000e+00 0.00000000000000e+00 0.00000000000000e+00 0.00000000000000e+00 0.00000000000000e+00 0.00000000000000e+00 0.00000000000000e+00 
1.05872806490243e+02 4.17978264834103e+02 3.78365799079789e+02 2.65629530722179e+22 3.19224070708967e+21 1.28769858959671e+20 7.65354788390883e+17 1.13087853262347e+16 4.64139190720428e+21 1.02322171663049e+17 1.15892776150835e+11 1.26638770590024e+15 4.98964493384420e+17 1.34974737777990e+16 0.00000000000000e+00 0.00000000000000e+00 0.00000000000000e+00 0.00000000000000e+00 0.00000000000000e+00 0.00000000000000e+00 0.00000000000000e+00 
2.05872806490243e+02 4.17978265035034e+02 3.78365798783698e+02 2.65629530626758e+22 3.19224070931335e+21 1.28769858202931e+20 7.65354888665812e+17 1.13087846545466e+16 4.64139192514360e+21 1.02322171600379e+17 1.15892776537491e+11 1.26638830860277e+15 4.98964619446412e+17 1.34974734655260e+16 0.00000000000000e+00 0.00000000000000e+00 0.00000000000000e+00 0.00000000000000e+00 0.00000000000000e+00 0.00000000000000e+00 0.00000000000000e+00 
3.05872806490243e+02 4.17978265101359e+02 3.78365798909851e+02 2.65629530603945e+22 3.19224070803784e+21 1.28769857935056e+20 7.65354901090780e+17 1.13087843234703e+16 4.64139193320468e+21 1.02322171664062e+17 1.15892776707860e+11 1.26638860396504e+15 4.98964680033824e+17 1.34974735420643e+16 0.00000000000000e+00 0.00000000000000e+00 0.00000000000000e+00 0.00000000000000e+00 0.00000000000000e+00 0.00000000000000e+00 0.00000000000000e+00 
4.05872806490243e+02 4.17978265116326e+02 3.78365798951430e+02 2.65629530594141e+22 3.19224070904417e+21 1.28769857887627e+20 7.65354917102657e+17 1.13087843211929e+16 4.64139193360784e+21 1.02322171622628e+17 1.15892776715971e+11 1.26638860672924e+15 4.98964681117591e+17 1.34974734515987e+16 0.00000000000000e+00 0.00000000000000e+00 0.00000000000000e+00 0.00000000000000e+00 0.00000000000000e+00 0.00000000000000e+00 0.00000000000000e+00 
5.05872806490243e+02 4.17978265124912e+02 3.78365798960854e+02 2.65629530593428e+22 3.19224070825027e+21 1.28769857847375e+20 7.65354912213262e+17 1.13087842426644e+16 4.64139193536053e+21 1.02322171659190e+17 1.15892776754296e+11 1.26638867643546e+15 4.98964695161008e+17 1.34974735094706e+16 0.00000000000000e+00 0.00000000000000e+00 0.00000000000000e+00 0.00000000000000e+00 0.00000000000000e+00 0.00000000000000e+00 0.00000000000000e+00 
6.05872806490243e+02 4.17978265124068e+02 3.78365798966216e+02 2.65629530591703e+22 3.19224070885096e+21 1.28769857856258e+20 7.65354918038594e+17 1.13087842799016e+16 4.64139193460807e+21 1.02322171632760e+17 1.15892776737854e+11 1.26638864354632e+15 4.98964688650530e+17 1.34974734655206e+16 0.00000000000000e+00 0.00000000000000e+00 0.00000000000000e+00 0.00000000000000e+00 0.00000000000000e+00 0.00000000000000e+00 0.00000000000000e+00 
7.05872806490243e+02 4.17978265126664e+02 3.78365798965706e+02 2.65629530592338e+22 3.19224070837940e+21 1.28769857842086e+20 7.65354914183449e+17 1.13087842431011e+16 4.64139193539469e+21 1.02322171653920e+17 1.15892776754999e+11 1.26638867614133e+15 4.98964695164878e+17 1.34974734976626e+16 0.00000000000000e+00 0.00000000000000e+00 0.00000000000000e+00 0.00000000000000e+00 0.00000000000000e+00 0.00000000000000e+00 0.00000000000000e+00 
8.05872806490243e+02 4.17978265125088e+02 3.78365798967320e+02 2.65629530591682e+22 3.19224070874211e+21 1.28769857851376e+20 7.65354917306303e+17 1.13087842697625e+16 4.64139193483254e+21 1.02322171637730e+17 1.15892776742732e+11 1.26638865254270e+15 4.98964690459829e+17 1.34974734738286e+16 0.00000000000000e+00 0.00000000000000e+00 0.00000000000000e+00 0.00000000000000e+00 0.00000000000000e+00 0.00000000000000e+00 0.00000000000000e+00 
9.05872806490243e+02 4.17978265126543e+02 3.78365798966343e+02 2.65629530592094e+22 3.19224070845944e+21 1.28769857843279e+20 7.65354914959442e+17 1.13087842480835e+16 4.64139193529371e+21 1.02322171650394e+17 1.15892776752798e+11 1.26638867173993e+15 4.98964694293422e+17 1.34974734916231e+16 0.00000000000000e+00 0.00000000000000e+00 0.00000000000000e+00 0.00000000000000e+00 0.00000000000000e+00 0.00000000000000e+00 0.00000000000000e+00 
1.00000000000000e+03 4.17978265126014e+02 3.78365798967247e+02 2.65629530591822e+22 3.19224070855950e+21 1.28769857846003e+20 7.65354915813251e+17 1.13087842557286e+16 4.64139193512996e+21 1.02322171645856e+17 1.15892776749254e+11 1.26638866496661e+15 4.98964692941612e+17 1.34974734852646e+16 0.00000000000000e+00 0.00000000000000e+00 0.00000000000000e+00 0.00000000000000e+00 0.00000000000000e+00 0.00000000000000e+00 0.00000000000000e+00 
