Time(s)              GasTemp(K)           NearWallTemp(K)      [O2(X)](m^-3)        [O2(a1Dg)](m^-3)     [O2(b1Sg+)](m^-3)    [O2(A3Su+_C3Du_c1Su-)](m^-3) [O2(+,X)](m^-3)      [O(3P)](m^-3)        [O(1D)](m^-3)        [O(+,gnd)](m^-3)     [O(-,gnd)](m^-3)     [O3(X)](m^-3)        [O3(exc)](m^-3)      [CO2(X)](m^-3)       [CO2(e1)](m^-3)      [CO2(+,X)](m^-3)     [CO(X)](m^-3)        [CO(a3P)](m^-3)      [CO(+,X)](m^-3)      [C(X)](m^-3)        
0.00000000000000e+00 5.73063457500000e+02 4.35611055875000e+02 1.00427047694920e+21 1.00427047694920e-04 1.00427047694920e-04 1.00427047694920e-04 0.00000000000000e+00 0.00000000000000e+00 0.00000000000000e+00 0.00000000000000e+00 0.00000000000000e+00 0.00000000000000e+00 0.00000000000000e+00 0.00000000000000e+00 0.00000000000000e+00 0.00000000000000e+00 0.00000000000000e+00 0.00000000000000e+00 0.00000000000000e+00 0.00000000000000e+00 
2.50653524081981e-15 5.73063457484722e+02 4.85234359442230e+02 1.00427047694917e+21 1.02508141038166e+07 2.41540368306432e+06 4.17527250945812e+06 3.57216377023729e+03 1.50815828914266e+07 3.85367993752094e+06 6.56454624149057e-01 5.08492544983425e+05 1.08016877637031e-06 4.38743997993910e-12 0.00000000000000e+00 0.00000000000000e+00 0.00000000000000e+00 0.00000000000000e+00 0.00000000000000e+00 0.00000000000000e+00 0.00000000000000e+00 
5.01307048163961e-15 5.73063457469444e+02 4.85234359431012e+02 1.00427047694915e+21 2.05016282075420e+07 4.83080736627813e+06 8.35054501854889e+06 7.14432754047364e+03 3.01631657835715e+07 7.70735987432222e+06 1.31290924829326e+00 1.01698508996549e+06 3.40914027310137e-06 1.38472789244816e-11 0.00000000000000e+00 0.00000000000000e+00 0.00000000000000e+00 0.00000000000000e+00 0.00000000000000e+00 0.00000000000000e+00 0.00000000000000e+00 
7.51960572245941e-15 5.73063457454166e+02 4.85234359419794e+02 1.00427047694912e+21 3.07524423112770e+07 7.24621104974713e+06 1.25258175273671e+07 1.07164913107090e+04 4.52447486764497e+07 1.15610398103887e+07 1.96936387243249e+00 1.52547763494616e+06 7.01324130845337e-06 2.84864513591177e-11 0.00000000000000e+00 0.00000000000000e+00 0.00000000000000e+00 0.00000000000000e+00 0.00000000000000e+00 0.00000000000000e+00 0.00000000000000e+00 
1.84557291793652e-14 5.73063457387507e+02 4.85234359408576e+02 1.00427047694900e+21 7.54771949286912e+07 1.77847235180683e+07 3.07427150485316e+07 2.63019988923924e+04 1.11046357916223e+08 2.83748147925941e+07 4.83350425888864e+00 3.74405296483780e+06 3.66607335399025e-05 1.48908921998601e-10 0.00000000000000e+00 0.00000000000000e+00 0.00000000000000e+00 0.00000000000000e+00 0.00000000000000e+00 0.00000000000000e+00 0.00000000000000e+00 
2.93918526362710e-14 5.73063457320849e+02 4.85234359359632e+02 1.00427047694889e+21 1.20201947546283e+08 2.83232359911587e+07 4.89596125646023e+07 4.18875064740578e+04 1.76847967169703e+08 4.51885897610660e+07 7.69764464525205e+00 5.96262829470345e+06 9.01394840032188e-05 3.66129427818096e-10 0.00000000000000e+00 0.00000000000000e+00 0.00000000000000e+00 0.00000000000000e+00 0.00000000000000e+00 0.00000000000000e+00 0.00000000000000e+00 
4.03279760931768e-14 5.73063457254190e+02 4.85234359310687e+02 1.00427047694877e+21 1.64926700164056e+08 3.88617484690936e+07 6.71765100754989e+07 5.74730140557048e+04 2.42649576437106e+08 6.20023647155874e+07 1.05617850315213e+01 8.18120362454271e+06 1.67825859003271e-04 6.81676697157072e-10 0.00000000000000e+00 0.00000000000000e+00 0.00000000000000e+00 0.00000000000000e+00 0.00000000000000e+00 0.00000000000000e+00 0.00000000000000e+00 
5.12640995500825e-14 5.73063457187531e+02 4.85234359261743e+02 1.00427047694866e+21 2.09651452782009e+08 4.94002609518997e+07 8.53934075811929e+07 7.30585216373334e+04 3.08451185718508e+08 7.88161396560818e+07 1.34259254176958e+01 1.03997789543554e+07 2.69852685680152e-04 1.09609024862259e-09 0.00000000000000e+00 0.00000000000000e+00 0.00000000000000e+00 0.00000000000000e+00 0.00000000000000e+00 0.00000000000000e+00 0.00000000000000e+00 
8.37207452249661e-14 5.73063456989699e+02 4.85234359212798e+02 1.00427047694831e+21 3.42387285030941e+08 8.06768615916659e+07 1.39458213052021e+08 1.19313787429849e+05 5.03739719777396e+08 1.28716704234286e+08 2.19262308538403e+01 1.69841517135701e+07 7.16143090790655e-04 2.90883693392293e-09 0.00000000000000e+00 0.00000000000000e+00 0.00000000000000e+00 0.00000000000000e+00 0.00000000000000e+00 0.00000000000000e+00 0.00000000000000e+00 
1.16177390899850e-13 5.73063456791867e+02 4.85234359067539e+02 1.00427047694797e+21 4.75123117281472e+08 1.11953462274382e+08 1.93523018476976e+08 1.65569053222202e+05 6.99028253959721e+08 1.78617268688809e+08 3.04265362891498e+01 2.35685244725507e+07 1.37705017304473e-03 5.59331571656953e-09 0.00000000000000e+00 0.00000000000000e+00 0.00000000000000e+00 0.00000000000000e+00 0.00000000000000e+00 0.00000000000000e+00 0.00000000000000e+00 
1.48634036574733e-13 5.73063456594035e+02 4.85234358922281e+02 1.00427047694762e+21 6.07858949533603e+08 1.43230063000051e+08 2.47587823856058e+08 2.11824319014393e+05 8.94316788265486e+08 2.28517833019649e+08 3.89268417236242e+01 3.01528972312974e+07 2.25258060623062e-03 9.14955370536652e-09 0.00000000000000e+00 0.00000000000000e+00 0.00000000000000e+00 0.00000000000000e+00 0.00000000000000e+00 0.00000000000000e+00 0.00000000000000e+00 
1.81090682249617e-13 5.73063456396203e+02 4.85234358777022e+02 1.00427047694728e+21 7.40594781787334e+08 1.74506663768670e+08 3.01652629189265e+08 2.58079584806421e+05 1.08960532269469e+09 2.78418397226805e+08 4.74271471572634e+01 3.67372699898100e+07 3.34273287458339e-03 1.35775447447468e-08 0.00000000000000e+00 0.00000000000000e+00 0.00000000000000e+00 0.00000000000000e+00 0.00000000000000e+00 0.00000000000000e+00 0.00000000000000e+00 
5.05657138998452e-13 5.73063454417881e+02 4.85234358631763e+02 1.00427047694384e+21 2.06795310441265e+09 4.87272673817166e+08 8.42300679998322e+08 7.20632242717762e+05 3.04249067377584e+09 7.77424032495867e+08 1.32430201447725e+02 1.02580997562067e+08 2.60483276081052e-02 1.05803349844025e-07 0.00000000000000e+00 0.00000000000000e+00 0.00000000000000e+00 0.00000000000000e+00 0.00000000000000e+00 0.00000000000000e+00 0.00000000000000e+00 
8.30223595747288e-13 5.73063452439559e+02 4.85234357179173e+02 1.00427047694040e+21 3.39531142719796e+09 8.00038688160763e+08 1.38294872622006e+09 1.18318490061285e+06 4.99537603720085e+09 1.27642965539672e+09 2.17433255654676e+02 1.68424725110925e+08 7.02159140479137e-02 2.85203682250820e-07 0.00000000000000e+00 0.00000000000000e+00 0.00000000000000e+00 0.00000000000000e+00 0.00000000000000e+00 0.00000000000000e+00 0.00000000000000e+00 
1.15479005249612e-12 5.73063450461237e+02 4.85234355726583e+02 1.00427047693696e+21 4.72266975014328e+09 1.11280470679946e+09 1.92359676785447e+09 1.64573755849168e+06 6.94826141296969e+09 1.77543526592938e+09 3.02436309778117e+02 2.34268452636383e+08 1.35845473619429e-01 5.51778467644217e-07 0.00000000000000e+00 0.00000000000000e+00 0.00000000000000e+00 0.00000000000000e+00 0.00000000000000e+00 0.00000000000000e+00 0.00000000000000e+00 
1.47935650924496e-12 5.73063448482915e+02 4.85234354273993e+02 1.00427047693352e+21 6.05002807324859e+09 1.42557072973324e+09 2.46424480490158e+09 2.10829021635427e+06 8.90114680108237e+09 2.27444086409384e+09 3.87439363818048e+02 3.00112180138442e+08 2.22937003328093e-01 9.05527695039710e-07 0.00000000000000e+00 0.00000000000000e+00 0.00000000000000e+00 0.00000000000000e+00 0.00000000000000e+00 0.00000000000000e+00 0.00000000000000e+00 
4.72502107673332e-12 5.73063428699698e+02 4.85234352821402e+02 1.00427047689912e+21 1.93236113131018e+10 4.55323119530136e+09 7.87072492307018e+09 6.73381679408614e+06 2.84300013611201e+10 7.26449616548782e+09 1.23746989962428e+03 9.58549453872078e+08 2.27426072098741e+00 9.23761496164498e-06 0.00000000000000e+00 0.00000000000000e+00 0.00000000000000e+00 0.00000000000000e+00 0.00000000000000e+00 0.00000000000000e+00 0.00000000000000e+00 
7.97068564422167e-12 5.73063408916482e+02 4.85234338295503e+02 1.00427047686472e+21 3.25971945689551e+10 7.68089209037894e+09 1.32772045825072e+10 1.13593433701927e+07 4.79588571555413e+10 1.22545502300626e+10 2.08750042707949e+03 1.61698672526579e+09 6.47178155001056e+00 2.62871481717756e-05 0.00000000000000e+00 0.00000000000000e+00 0.00000000000000e+00 0.00000000000000e+00 0.00000000000000e+00 0.00000000000000e+00 0.00000000000000e+00 
1.12163502117100e-11 5.73063389133269e+02 4.85234323769605e+02 1.00427047683032e+21 4.58707778408085e+10 1.08085534149659e+10 1.86836837832126e+10 1.59848699446738e+07 6.74877141843456e+10 1.72446030578185e+10 2.93753094618365e+03 2.27542399431958e+09 1.28154995015145e+01 5.20541284960971e-05 0.00000000000000e+00 0.00000000000000e+00 0.00000000000000e+00 0.00000000000000e+00 0.00000000000000e+00 0.00000000000000e+00 0.00000000000000e+00 
1.44620147791984e-11 5.73063369350056e+02 4.85234309243708e+02 1.00427047679592e+21 5.91443611286620e+10 1.39362151690620e+10 2.40901625251865e+10 2.06103965175297e+07 8.70165724475327e+10 2.22346546487559e+10 3.78756145693678e+03 2.93386126103345e+09 2.13054145777058e+01 8.65385571223927e-05 0.00000000000000e+00 0.00000000000000e+00 0.00000000000000e+00 0.00000000000000e+00 0.00000000000000e+00 0.00000000000000e+00 0.00000000000000e+00 
4.69186604540819e-11 5.73063171518025e+02 4.85234294717813e+02 1.00427047645191e+21 1.91880194887200e+11 4.52128563329893e+10 7.81549247147132e+10 6.68656621566934e+07 2.82305222970338e+11 7.21351025332275e+10 1.22878661051612e+04 9.51823379947635e+09 2.24245407237318e+02 9.10842926676914e-04 0.00000000000000e+00 0.00000000000000e+00 0.00000000000000e+00 0.00000000000000e+00 0.00000000000000e+00 0.00000000000000e+00 0.00000000000000e+00 
7.93753061289655e-11 5.73062973686160e+02 4.85234149458939e+02 1.00427047610790e+21 3.24616030245743e+11 7.64895404477070e+10 1.32219641031154e+11 1.13120927633321e+08 4.77593996931050e+11 1.22035426736217e+11 2.07881699182821e+04 1.61026061039269e+10 6.41805112533452e+02 2.60689347379372e-03 0.00000000000000e+00 0.00000000000000e+00 0.00000000000000e+00 0.00000000000000e+00 0.00000000000000e+00 0.00000000000000e+00 0.00000000000000e+00 
1.11831951803849e-10 5.73062775854462e+02 4.85234004200207e+02 1.00427047576388e+21 4.57351867204287e+11 1.07766267513104e+11 1.86284311474564e+11 1.59376192947411e+08 6.72882894329355e+11 1.71935627258035e+11 2.92884728962995e+04 2.26869781743848e+10 1.27398453063621e+03 5.17469132467333e-03 0.00000000000000e+00 0.00000000000000e+00 0.00000000000000e+00 0.00000000000000e+00 0.00000000000000e+00 0.00000000000000e+00 0.00000000000000e+00 
1.44288597478733e-10 5.73062578022929e+02 4.85233858941615e+02 1.00427047541987e+21 5.90087705762828e+11 1.39043037529064e+11 2.40348936044999e+11 2.05631458098962e+08 8.68171915164927e+11 2.21835704099009e+11 3.77887750392134e+04 2.92713500108502e+10 2.12078366172801e+03 8.61423765887531e-03 0.00000000000000e+00 0.00000000000000e+00 0.00000000000000e+00 0.00000000000000e+00 0.00000000000000e+00 0.00000000000000e+00 0.00000000000000e+00 
4.68855054227568e-10 5.73060599716741e+02 4.85233713683165e+02 1.00427047197977e+21 1.91744617934674e+12 4.51813099927515e+11 7.80992658756414e+11 6.68184100674333e+08 2.82106891245229e+12 7.20829670180315e+11 1.22791750537660e+05 9.51150555058669e+10 2.23928592533924e+04 9.09562943715893e-02 0.00000000000000e+00 0.00000000000000e+00 0.00000000000000e+00 0.00000000000000e+00 0.00000000000000e+00 0.00000000000000e+00 0.00000000000000e+00 
7.93421510976404e-10 5.73058621427169e+02 4.85232261106434e+02 1.00427046853967e+21 3.24480481292611e+12 7.64587457249318e+11 1.32163179423558e+12 1.13073672699424e+09 4.77397825309360e+12 1.21981126854979e+12 2.07794642525758e+05 1.60958737601486e+11 6.41269063534188e+04 2.60474546942105e-01 0.00000000000000e+00 0.00000000000000e+00 0.00000000000000e+00 0.00000000000000e+00 0.00000000000000e+00 0.00000000000000e+00 0.00000000000000e+00 
1.11798796772524e-09 5.73056643154213e+02 4.85230808543829e+02 1.00427046509957e+21 4.57216360649740e+12 1.07736610938337e+12 1.86226634253699e+12 1.59328933705739e+09 6.72689993677729e+12 1.71878049951887e+12 2.92797451003506e+05 2.26802396297594e+11 1.27322925136818e+05 5.17170121580446e-01 0.00000000000000e+00 0.00000000000000e+00 0.00000000000000e+00 0.00000000000000e+00 0.00000000000000e+00 0.00000000000000e+00 0.00000000000000e+00 
1.44255442447408e-09 5.73054664897873e+02 4.85229355995352e+02 1.00427046165947e+21 5.89952256005687e+12 1.39014905621332e+12 2.40289630371768e+12 2.05584193086239e+09 8.67983396317703e+12 2.21773736341371e+12 3.77800175970905e+05 2.92646031594073e+11 2.11980915786849e+05 8.61044197834310e-01 0.00000000000000e+00 0.00000000000000e+00 0.00000000000000e+00 0.00000000000000e+00 0.00000000000000e+00 0.00000000000000e+00 0.00000000000000e+00 
4.68821899196243e-09 5.73034883248264e+02 4.85227903461001e+02 1.00427042725845e+21 1.91731208936541e+13 4.51821469069280e+12 7.80894364452688e+12 6.68136697421916e+09 2.82098529585083e+13 7.20662593127356e+12 1.22782283257559e+06 9.51081097536392e+11 2.23896934116017e+06 9.09502931161517e+00 0.00000000000000e+00 0.00000000000000e+00 0.00000000000000e+00 0.00000000000000e+00 0.00000000000000e+00 0.00000000000000e+00 0.00000000000000e+00 
7.93388355945079e-09 5.73015103260038e+02 4.85213378894417e+02 1.00427039285746e+21 3.24467352218146e+13 7.64670966185003e+12 1.32145323384366e+13 1.13068903901971e+10 4.77411058527134e+13 1.21942781642683e+13 2.07783713814517e+06 1.60951382338045e+12 6.41215516209043e+06 2.60482120241620e+01 0.00000000000000e+00 0.00000000000000e+00 0.00000000000000e+00 0.00000000000000e+00 0.00000000000000e+00 0.00000000000000e+00 0.00000000000000e+00 
1.11795481269391e-08 5.72995324933055e+02 4.85198855740346e+02 1.00427035845647e+21 4.57203655409834e+13 1.07756338586432e+13 1.86196624399050e+13 1.59324121774882e+10 6.72735923343916e+13 1.71806943736539e+13 2.92784309267891e+06 2.26794420901313e+12 1.27315385528106e+07 5.17217184382691e+01 0.00000000000000e+00 0.00000000000000e+00 0.00000000000000e+00 0.00000000000000e+00 0.00000000000000e+00 0.00000000000000e+00 0.00000000000000e+00 
1.44252126944275e-08 5.72975548267171e+02 4.85184333998650e+02 1.00427032405550e+21 5.89940118474378e+13 1.39049871647999e+13 2.40243340059614e+13 2.05579323347224e+10 8.68073120774774e+13 2.21658748853439e+13 3.77784069617561e+06 2.92637225431594e+12 2.11971196954156e+07 8.61167279437363e+01 0.00000000000000e+00 0.00000000000000e+00 0.00000000000000e+00 0.00000000000000e+00 0.00000000000000e+00 0.00000000000000e+00 0.00000000000000e+00 
4.06223592746516e-08 5.72815983134734e+02 4.85169813669186e+02 1.00427004639099e+21 1.66131871871781e+14 3.91790311360302e+13 6.76309694211844e+13 5.78924235662985e+10 2.44517426176264e+14 6.23581998887400e+13 1.06382290863378e+07 8.24074086050828e+12 1.68098091965858e+08 6.83169648719948e+02 0.00000000000000e+00 0.00000000000000e+00 0.00000000000000e+00 0.00000000000000e+00 0.00000000000000e+00 0.00000000000000e+00 0.00000000000000e+00 
6.68195058548757e-08 5.72656526133586e+02 4.85052665565046e+02 1.00426976872735e+21 2.73270771236316e+14 6.44809620340552e+13 1.11207765896573e+14 9.52268077924488e+10 4.02307692176475e+14 1.02470214181934e+14 1.74980734214524e+07 1.35549569288996e+13 4.54819540351184e+08 1.84910793117223e+03 0.00000000000000e+00 0.00000000000000e+00 0.00000000000000e+00 0.00000000000000e+00 0.00000000000000e+00 0.00000000000000e+00 0.00000000000000e+00 
9.30166524350999e-08 5.72497177187313e+02 4.84935609380709e+02 1.00426949106460e+21 3.80410707986092e+14 8.98107188085676e+13 1.54754753415860e+14 1.32561084290931e+11 5.60177938906751e+14 1.42502088856555e+14 2.43573736980403e+07 1.88690203969874e+13 8.81361557747291e+08 3.58455253268834e+03 0.00000000000000e+00 0.00000000000000e+00 0.00000000000000e+00 0.00000000000000e+00 0.00000000000000e+00 0.00000000000000e+00 0.00000000000000e+00 
1.19213799015324e-07 5.72337936219588e+02 4.84818645041224e+02 1.00426921340277e+21 4.87551680171018e+14 1.15168240568265e+14 1.98271961910705e+14 1.69895252339518e+11 7.18127995662247e+14 1.82453994537877e+14 3.12161299107794e+07 2.41829312022455e+13 1.44772423507114e+09 5.89012389868886e+03 0.00000000000000e+00 0.00000000000000e+00 0.00000000000000e+00 0.00000000000000e+00 0.00000000000000e+00 0.00000000000000e+00 0.00000000000000e+00 
1.45410945595548e-07 5.72178803154173e+02 4.84701772471725e+02 1.00426893574190e+21 5.94693685845782e+14 1.40553466578307e+14 2.41759421261735e+14 2.07229311215986e+11 8.76157692197240e+14 2.22326101392210e+14 3.80743420525190e+07 2.94966892821234e+13 2.15390766127435e+09 8.76644198075262e+03 0.00000000000000e+00 0.00000000000000e+00 0.00000000000000e+00 0.00000000000000e+00 0.00000000000000e+00 0.00000000000000e+00 0.00000000000000e+00 
4.07382411397789e-07 5.70593390425196e+02 4.84584991597427e+02 1.00426615919300e+21 1.66617016149570e+15 3.95916261459053e+14 6.75004336668759e+14 5.80563736304358e+11 2.46079787234548e+15 6.16695190210311e+14 1.06626535788103e+08 8.26258563665201e+13 1.69059003046722e+10 6.90567586594858e+04 0.00000000000000e+00 0.00000000000000e+00 0.00000000000000e+00 0.00000000000000e+00 0.00000000000000e+00 0.00000000000000e+00 0.00000000000000e+00 
6.69353877200031e-07 5.69018684512115e+02 4.83422209703728e+02 1.00426338277527e+21 2.73774787787618e+15 6.53983715614849e+14 1.10530689528925e+15 9.53886447644887e+11 4.05321783744582e+15 1.00326850297167e+15 1.75124300362970e+08 1.35739681739661e+14 4.56400504709712e+10 1.87101664076561e+05 0.00000000000000e+00 0.00000000000000e+00 0.00000000000000e+00 0.00000000000000e+00 0.00000000000000e+00 0.00000000000000e+00 0.00000000000000e+00 
9.31325343002272e-07 5.67454610050406e+02 4.82268515539156e+02 1.00426060652008e+21 3.80942495083264e+15 9.14697112272753e+14 1.53269637240048e+15 1.32719671887757e+12 5.65325329985893e+15 1.38221024982376e+15 2.43567601264953e+08 1.88838102134184e+14 8.83564171566694e+10 3.63517176150314e+05 0.00000000000000e+00 0.00000000000000e+00 0.00000000000000e+00 0.00000000000000e+00 0.00000000000000e+00 0.00000000000000e+00 0.00000000000000e+00 
1.19329680880451e-06 5.65901092238076e+02 4.81123835277612e+02 1.00425783045793e+21 4.88119953477890e+15 1.17799900667170e+15 1.95720165724060e+15 1.70049382095872e+12 7.26074372575032e+15 1.75368088830370e+15 3.11956386951979e+08 2.41921053831107e+14 1.45055039773234e+11 5.98916822775743e+05 0.00000000000000e+00 0.00000000000000e+00 0.00000000000000e+00 0.00000000000000e+00 0.00000000000000e+00 0.00000000000000e+00 0.00000000000000e+00 
1.45526827460675e-06 5.64358056829031e+02 4.79988095695639e+02 1.00425505461838e+21 5.95306982186706e+15 1.44383319809697e+15 2.37885125964278e+15 2.07377702219196e+12 8.87553224575972e+15 2.11783721263165e+15 3.80290589384835e+08 2.94988472676066e+14 2.15735938108222e+11 8.93911708284697e+05 0.00000000000000e+00 0.00000000000000e+00 0.00000000000000e+00 0.00000000000000e+00 0.00000000000000e+00 0.00000000000000e+00 0.00000000000000e+00 
3.39098478885729e-06 5.53274325660451e+02 4.78861224166114e+02 1.00423455341284e+21 1.38759567299298e+16 3.48139694167219e+15 5.40860792149002e+15 4.83147750388401e+12 2.10190352694717e+16 4.59631853877511e+15 8.83512692887184e+08 6.86617796211736e+14 1.17135559501522e+12 4.97944483184978e+06 0.00000000000000e+00 0.00000000000000e+00 0.00000000000000e+00 0.00000000000000e+00 0.00000000000000e+00 0.00000000000000e+00 0.00000000000000e+00 
5.32670130310782e-06 5.42730146536595e+02 4.70802678004291e+02 1.00421407605535e+21 2.18033195555479e+16 5.63406765135729e+15 8.29468771255204e+15 7.58807800327891e+12 3.34967387317898e+16 6.73968171962895e+15 1.38369112770874e+09 1.07736881135566e+15 2.89033998921380e+12 1.25935347389239e+07 0.00000000000000e+00 0.00000000000000e+00 0.00000000000000e+00 0.00000000000000e+00 0.00000000000000e+00 0.00000000000000e+00 0.00000000000000e+00 
7.26241781735835e-06 5.32698155270816e+02 4.63196392864397e+02 1.00419363075590e+21 2.97345885940231e+16 7.88441579797888e+15 1.10469069921340e+16 1.03432711121237e+13 4.62606708300561e+16 8.59587276347493e+15 1.88073484987255e+09 1.46721394322554e+15 5.37259724111314e+12 2.39723615450318e+07 0.00000000000000e+00 0.00000000000000e+00 0.00000000000000e+00 0.00000000000000e+00 0.00000000000000e+00 0.00000000000000e+00 0.00000000000000e+00 
9.19813433160889e-06 5.23152396586847e+02 4.56015875351277e+02 1.00417322399514e+21 3.76692710729389e+16 1.02175257743670e+16 1.36742201156069e+16 1.30967429226965e+13 5.92701055939721e+16 1.02055937755292e+16 2.37452663190030e+09 1.85612491547387e+15 8.61797497830100e+12 3.93470388433395e+07 0.00000000000000e+00 0.00000000000000e+00 0.00000000000000e+00 0.00000000000000e+00 0.00000000000000e+00 0.00000000000000e+00 0.00000000000000e+00 
1.11338508458594e-05 5.14068245977177e+02 4.49236161627563e+02 1.00415286085315e+21 4.56069389937347e+16 1.26205881326188e+16 1.61848106963269e+16 1.58481735731191e+13 7.24903313711130e+16 1.16035339709443e+16 2.86493114215769e+09 2.24407294096247e+15 1.26262589373497e+13 5.89441908063506e+07 0.00000000000000e+00 0.00000000000000e+00 0.00000000000000e+00 0.00000000000000e+00 0.00000000000000e+00 0.00000000000000e+00 0.00000000000000e+00 
1.30695673601100e-05 5.05422342812066e+02 4.42833732545633e+02 1.00413254526571e+21 5.35472195022627e+16 1.50825778131846e+16 1.85861668835299e+16 1.85972377742199e+13 8.58916966512073e+16 1.28193234777499e+16 3.35180125757962e+09 2.63102886059000e+15 1.73971719478365e+13 8.29862853437140e+07 0.00000000000000e+00 0.00000000000000e+00 0.00000000000000e+00 0.00000000000000e+00 0.00000000000000e+00 0.00000000000000e+00 0.00000000000000e+00 
1.72604382657712e-05 4.88101285804148e+02 4.36786437713230e+02 1.00408873789631e+21 7.07455571956362e+16 2.05709546668858e+16 2.34428961869204e+16 2.45393422067673e+13 1.15409712363621e+17 1.49442229292823e+16 4.39304820799013e+09 3.46525836463470e+15 3.03374974258148e+13 1.51300998970138e+08 0.00000000000000e+00 0.00000000000000e+00 0.00000000000000e+00 0.00000000000000e+00 0.00000000000000e+00 0.00000000000000e+00 0.00000000000000e+00 
2.14513091714324e-05 4.72524951663629e+02 4.24813047773635e+02 1.00404518512866e+21 8.79519807737024e+16 2.62159835464731e+16 2.78800118945125e+16 3.04653866545471e+13 1.45459828336956e+17 1.65319851534405e+16 5.41542208920724e+09 4.29439924659234e+15 4.68463308360846e+13 2.43623672866449e+08 0.00000000000000e+00 0.00000000000000e+00 0.00000000000000e+00 0.00000000000000e+00 0.00000000000000e+00 0.00000000000000e+00 0.00000000000000e+00 
2.56421800770936e-05 4.58508798036711e+02 4.14215653974037e+02 1.00400189381724e+21 1.05164480668261e+17 3.19624326309963e+16 3.19481615544400e+16 3.63718850913260e+13 1.75898642453678e+17 1.77258167254146e+16 6.41740549949889e+09 5.11815051520592e+15 6.69177547455268e+13 3.62024033032779e+08 0.00000000000000e+00 0.00000000000000e+00 0.00000000000000e+00 0.00000000000000e+00 0.00000000000000e+00 0.00000000000000e+00 0.00000000000000e+00 
2.98330509827549e-05 4.45888236587129e+02 4.04825695826882e+02 1.00395886407238e+21 1.22381508858249e+17 3.77694321243888e+16 3.56899144091845e+16 4.22553079935634e+13 2.06621551931598e+17 1.86301247592596e+16 7.39766550384693e+09 5.93621340061521e+15 9.05444138746640e+13 5.08482442678164e+08 0.00000000000000e+00 0.00000000000000e+00 0.00000000000000e+00 0.00000000000000e+00 0.00000000000000e+00 0.00000000000000e+00 0.00000000000000e+00 
3.40239218884161e-05 4.34516494160821e+02 3.96495649111903e+02 1.00391609174046e+21 1.39601858574884e+17 4.36065655423759e+16 3.91413104512323e+16 4.81121072183374e+13 2.37551649074702e+17 1.93216191389825e+16 8.35510187836501e+09 6.74829298455906e+15 1.17717514778728e+14 6.84879589447635e+08 0.00000000000000e+00 0.00000000000000e+00 0.00000000000000e+00 0.00000000000000e+00 0.00000000000000e+00 0.00000000000000e+00 0.00000000000000e+00 
3.82147927940773e-05 4.24262803918125e+02 3.89096511468423e+02 1.00387356969268e+21 1.56824591533493e+17 4.94515423324535e+16 4.23329713893656e+16 5.39387384871363e+13 2.68633273572516e+17 1.98557598935215e+16 9.28885995190532e+09 7.55409914719148e+15 1.48426832613740e+14 8.92984890322403e+08 0.00000000000000e+00 0.00000000000000e+00 0.00000000000000e+00 0.00000000000000e+00 0.00000000000000e+00 0.00000000000000e+00 0.00000000000000e+00 
4.49719573002719e-05 4.09793518653207e+02 3.82515617038668e+02 1.00380551352157e+21 1.84596914148843e+17 5.88520565785385e+16 4.69974292332303e+16 6.32608990986622e+13 3.18967780567005e+17 2.04842507534438e+16 1.07430944345390e+10 8.83941250710104e+15 2.05358366590328e+14 1.29942484638699e+09 0.00000000000000e+00 0.00000000000000e+00 0.00000000000000e+00 0.00000000000000e+00 0.00000000000000e+00 0.00000000000000e+00 0.00000000000000e+00 
5.17291218064665e-05 3.97511446519903e+02 3.73383039188972e+02 1.00373804359435e+21 2.12371256140926e+17 6.81860952086915e+16 5.11439154542396e+16 7.24810315097943e+13 3.69483982494627e+17 2.09145074315227e+16 1.21330667114993e+10 1.01065196125021e+16 2.71395679197185e+14 1.79872774500775e+09 0.00000000000000e+00 0.00000000000000e+00 0.00000000000000e+00 0.00000000000000e+00 0.00000000000000e+00 0.00000000000000e+00 0.00000000000000e+00 
5.84862863126611e-05 3.87068469909308e+02 3.65779895000680e+02 1.00367112063318e+21 2.40145917273329e+17 7.74243405495716e+16 5.48438377402655e+16 8.15851373323254e+13 4.20112702420746e+17 2.12148254528597e+16 1.34591060673071e+10 1.13543035525240e+16 3.46472896315140e+14 2.39617110003028e+09 0.00000000000000e+00 0.00000000000000e+00 0.00000000000000e+00 0.00000000000000e+00 0.00000000000000e+00 0.00000000000000e+00 0.00000000000000e+00 
6.52434508188557e-05 3.78174658920160e+02 3.59428695098884e+02 1.00360470966186e+21 2.67919545096820e+17 8.65460864934116e+16 5.81553371532258e+16 9.05598750363725e+13 4.70805634578673e+17 2.14326203146596e+16 1.47228112324356e+10 1.25816938041341e+16 4.30514972342858e+14 3.09607124312870e+09 0.00000000000000e+00 0.00000000000000e+00 0.00000000000000e+00 0.00000000000000e+00 0.00000000000000e+00 0.00000000000000e+00 0.00000000000000e+00 
7.20006153250503e-05 3.70588150436069e+02 3.54105781389812e+02 1.00353877817590e+21 2.95691081293583e+17 9.55379916805481e+16 6.11264113397271e+16 9.93926851967273e+13 5.21531581789118e+17 2.15982005339916e+16 1.59267136289883e+10 1.37876691401591e+16 5.23437904337922e+14 3.90178580975042e+09 0.00000000000000e+00 0.00000000000000e+00 0.00000000000000e+00 0.00000000000000e+00 0.00000000000000e+00 0.00000000000000e+00 0.00000000000000e+00 
7.87577798312449e-05 3.64107292464045e+02 3.49630449531386e+02 1.00347329558171e+21 3.23459704007505e+17 1.04392563777975e+17 6.37970443057423e+16 1.08071886354877e+14 5.72272804445384e+17 2.17284252602425e+16 1.70739940687006e+10 1.49712590925243e+16 6.25148971179798e+14 4.81574404505127e+09 0.00000000000000e+00 0.00000000000000e+00 0.00000000000000e+00 0.00000000000000e+00 0.00000000000000e+00 0.00000000000000e+00 0.00000000000000e+00 
9.17775313284944e-05 3.54141531851100e+02 3.45856543414654e+02 1.00334828914900e+21 3.76953935938338e+17 1.21054021039477e+17 6.82140988638652e+16 1.24323027092762e+14 6.70052416722881e+17 2.19084666313558e+16 1.91387480981678e+10 1.71853417067696e+16 8.45525995952749e+14 6.88741068212072e+09 0.00000000000000e+00 0.00000000000000e+00 0.00000000000000e+00 0.00000000000000e+00 0.00000000000000e+00 0.00000000000000e+00 0.00000000000000e+00 
1.04797282825744e-04 3.46739833895028e+02 3.40145091807158e+02 1.00322468178904e+21 4.30431126072599e+17 1.37178417476505e+17 7.18278318921822e+16 1.39898438146573e+14 7.67812873714731e+17 2.20239071745544e+16 2.10354327068636e+10 1.93069252914147e+16 1.09733915664002e+15 9.37060562197668e+09 0.00000000000000e+00 0.00000000000000e+00 0.00000000000000e+00 0.00000000000000e+00 0.00000000000000e+00 0.00000000000000e+00 0.00000000000000e+00 
1.17817034322993e-04 3.41222556394482e+02 3.35977819838697e+02 1.00310234275892e+21 4.83888052703705e+17 1.52757315672189e+17 7.47875420268110e+16 1.54746146543504e+14 8.65518533431674e+17 2.21047226398484e+16 2.27924032655635e+10 2.13307262112393e+16 1.37967533835568e+15 1.22616660196505e+10 0.00000000000000e+00 0.00000000000000e+00 0.00000000000000e+00 0.00000000000000e+00 0.00000000000000e+00 0.00000000000000e+00 0.00000000000000e+00 
1.30836785820243e-04 3.37095854011224e+02 3.32914443427797e+02 1.00298116499251e+21 5.37322050012572e+17 1.67788334377957e+17 7.72117837928118e+16 1.68828375378254e+14 9.63141119831766e+17 2.21739386574332e+16 2.44359213072991e+10 2.32522173317049e+16 1.69152468139542e+15 1.55516375695062e+10 0.00000000000000e+00 0.00000000000000e+00 0.00000000000000e+00 0.00000000000000e+00 0.00000000000000e+00 0.00000000000000e+00 0.00000000000000e+00 
1.43856537317492e-04 3.34001750101366e+02 3.30647795780303e+02 1.00286105572421e+21 5.90731015929942e+17 1.82277527707723e+17 7.91953140008721e+16 1.82120893415438e+14 1.06066662913103e+18 2.22407779173811e+16 2.59891661464321e+10 2.50676346225185e+16 2.03178945954724e+15 1.92283836134069e+10 0.00000000000000e+00 0.00000000000000e+00 0.00000000000000e+00 0.00000000000000e+00 0.00000000000000e+00 0.00000000000000e+00 0.00000000000000e+00 
1.56876288814742e-04 3.31679441406868e+02 3.28962433754477e+02 1.00274192951843e+21 6.44113398139633e+17 1.96240712855706e+17 8.08147154464197e+16 1.94612136174826e+14 1.15809914447545e+18 2.22968834679689e+16 2.74719300892267e+10 2.67739799775226e+16 2.39929331314928e+15 2.32780177435639e+10 0.00000000000000e+00 0.00000000000000e+00 0.00000000000000e+00 0.00000000000000e+00 0.00000000000000e+00 0.00000000000000e+00 0.00000000000000e+00 
1.69896040311991e-04 3.29935706882559e+02 3.27705541642098e+02 1.00262371230018e+21 6.97467894136545e+17 2.09694803407503e+17 8.21333207465897e+16 2.06302144874716e+14 1.25544263360118e+18 2.23345340845727e+16 2.89008331698035e+10 2.83690057388553e+16 2.79279089892294e+15 2.76859246994733e+10 0.00000000000000e+00 0.00000000000000e+00 0.00000000000000e+00 0.00000000000000e+00 0.00000000000000e+00 0.00000000000000e+00 0.00000000000000e+00 
1.86011789726441e-04 3.28361954950111e+02 3.26766392186618e+02 1.00247855862577e+21 7.63469057292366e+17 2.25656548590358e+17 8.34280688063054e+16 2.19678324836215e+14 1.37578815006199e+18 2.23730146116581e+16 3.06155350126150e+10 3.01869240659322e+16 3.31390727829308e+15 3.36166337626777e+10 0.00000000000000e+00 0.00000000000000e+00 0.00000000000000e+00 0.00000000000000e+00 0.00000000000000e+00 0.00000000000000e+00 0.00000000000000e+00 
2.02127539140892e-04 3.27255023728179e+02 3.25922214571511e+02 1.00233461707045e+21 8.29423357894069e+17 2.40873293492223e+17 8.44252629617240e+16 2.31881667288853e+14 1.49595286597674e+18 2.24177225474909e+16 3.22901034135548e+10 3.18306093569969e+16 3.87027215156154e+15 4.00475378753346e+10 0.00000000000000e+00 0.00000000000000e+00 0.00000000000000e+00 0.00000000000000e+00 0.00000000000000e+00 0.00000000000000e+00 0.00000000000000e+00 
2.18243288555342e-04 3.26478495455899e+02 3.25330403751155e+02 1.00219179777939e+21 8.95329383444037e+17 2.55377218817023e+17 8.51896861114780e+16 2.42967982673501e+14 1.61593766199699e+18 2.24640563610506e+16 3.39410616741508e+10 3.33002768649935e+16 4.45921933454944e+15 4.69536813492343e+10 0.00000000000000e+00 0.00000000000000e+00 0.00000000000000e+00 0.00000000000000e+00 0.00000000000000e+00 0.00000000000000e+00 0.00000000000000e+00 
2.34359037969793e-04 3.25934932073544e+02 3.24916211011384e+02 1.00205002015329e+21 9.61186089086860e+17 2.69203018024461e+17 8.57727076177140e+16 2.53006340756943e+14 1.73574952182053e+18 2.25025317032587e+16 3.55816142878935e+10 3.45976273345267e+16 5.07802370889569e+15 5.43121206455615e+10 0.00000000000000e+00 0.00000000000000e+00 0.00000000000000e+00 0.00000000000000e+00 0.00000000000000e+00 0.00000000000000e+00 0.00000000000000e+00 
2.50474787384243e-04 3.25554505764552e+02 3.24626757737689e+02 1.00190921518664e+21 1.02699261779750e+18 2.82383054694021e+17 8.62150197750025e+16 2.62075458726923e+14 1.85539196140236e+18 2.25282953136601e+16 3.72223974244645e+10 3.57257255593259e+16 5.72392826419196e+15 6.21019191206748e+10 0.00000000000000e+00 0.00000000000000e+00 0.00000000000000e+00 0.00000000000000e+00 0.00000000000000e+00 0.00000000000000e+00 0.00000000000000e+00 
2.66590536798694e-04 3.25288231925989e+02 3.24424411409227e+02 1.00176932847416e+21 1.09274812931312e+18 2.94942530993257e+17 8.65487026340713e+16 2.70260477050459e+14 1.97485530124036e+18 2.25507804895093e+16 3.88723169296587e+10 3.66888652673164e+16 6.39416932098180e+15 7.03040076734915e+10 0.00000000000000e+00 0.00000000000000e+00 0.00000000000000e+00 0.00000000000000e+00 0.00000000000000e+00 0.00000000000000e+00 0.00000000000000e+00 
2.92970899929056e-04 3.25017262101802e+02 3.24282896998440e+02 1.00154219596150e+21 1.20027378160632e+18 3.14232902683902e+17 8.69227272175724e+16 2.81984741697625e+14 2.17001387323181e+18 2.25910474223289e+16 4.16113563337566e+10 3.79240165266144e+16 7.53665126795920e+15 8.45746994675248e+10 0.00000000000000e+00 0.00000000000000e+00 0.00000000000000e+00 0.00000000000000e+00 0.00000000000000e+00 0.00000000000000e+00 0.00000000000000e+00 
3.19351263059419e-04 3.24866127714902e+02 3.24138983386021e+02 1.00131719503723e+21 1.30765948664366e+18 3.32047091437575e+17 8.71518211848977e+16 2.91967397263172e+14 2.36467618709660e+18 2.26499585068519e+16 4.44206602025894e+10 3.87608949857643e+16 8.72523685426477e+15 9.98336931990466e+10 0.00000000000000e+00 0.00000000000000e+00 0.00000000000000e+00 0.00000000000000e+00 0.00000000000000e+00 0.00000000000000e+00 0.00000000000000e+00 
3.45731626189781e-04 3.24783040942195e+02 3.24058756379235e+02 1.00109414139916e+21 1.41490487713674e+18 3.48510176088199e+17 8.72877385987211e+16 3.00585728159321e+14 2.55887714002318e+18 2.27070108565568e+16 4.73192774646222e+10 3.92338388169316e+16 9.94865477270576e+15 1.16019511054797e+11 0.00000000000000e+00 0.00000000000000e+00 0.00000000000000e+00 0.00000000000000e+00 0.00000000000000e+00 0.00000000000000e+00 0.00000000000000e+00 
3.72111989320144e-04 3.24740385009688e+02 3.24014662585312e+02 1.00087287666508e+21 1.52201005375812e+18 3.63734696045415e+17 8.73632929033410e+16 3.08187788386807e+14 2.75264578697952e+18 2.27520319361549e+16 5.03216256824478e+10 3.93808353228896e+16 1.11963358473334e+16 1.33076840963249e+11 0.00000000000000e+00 0.00000000000000e+00 0.00000000000000e+00 0.00000000000000e+00 0.00000000000000e+00 0.00000000000000e+00 0.00000000000000e+00 
3.98492352450506e-04 3.24720890244201e+02 3.23992026852517e+02 1.00065326649062e+21 1.62897526776121e+18 3.77816238135432e+17 8.74001780969517e+16 3.15080959036539e+14 2.94599524026808e+18 2.27940426416447e+16 5.34390172205546e+10 3.92418626060765e+16 1.24585798132023e+16 1.50954906487596e+11 0.00000000000000e+00 0.00000000000000e+00 0.00000000000000e+00 0.00000000000000e+00 0.00000000000000e+00 0.00000000000000e+00 0.00000000000000e+00 
4.24872715580869e-04 3.24713420789375e+02 3.23981680264992e+02 1.00043518722846e+21 1.73580108595928e+18 3.90843746619387e+17 8.74129369401437e+16 3.21528026605445e+14 3.13894267454883e+18 2.28401383662154e+16 5.66796768666458e+10 3.88574919865202e+16 1.37266600228576e+16 1.69606587589563e+11 0.00000000000000e+00 0.00000000000000e+00 0.00000000000000e+00 0.00000000000000e+00 0.00000000000000e+00 0.00000000000000e+00 0.00000000000000e+00 
4.84136069290246e-04 3.24719310818766e+02 3.23977713386810e+02 9.99950278144611e+20 1.97528151280245e+18 4.16688423961209e+17 8.73901326138442e+16 3.35367095981086e+14 3.57108063079152e+18 2.29424966173404e+16 6.44285367662024e+10 3.73001522173447e+16 1.65609180492314e+16 2.14110387231804e+11 0.00000000000000e+00 0.00000000000000e+00 0.00000000000000e+00 0.00000000000000e+00 0.00000000000000e+00 0.00000000000000e+00 0.00000000000000e+00 
5.43399422999623e-04 3.24728426263402e+02 3.23980827998235e+02 9.99471354730831e+20 2.21407388361252e+18 4.38485847191873e+17 8.73450883464532e+16 3.49757670680350e+14 4.00161621556111e+18 2.30454866500071e+16 7.28284951906304e+10 3.51118080850035e+16 1.93203062707444e+16 2.61855808566179e+11 0.00000000000000e+00 0.00000000000000e+00 0.00000000000000e+00 0.00000000000000e+00 0.00000000000000e+00 0.00000000000000e+00 0.00000000000000e+00 
6.02662776709001e-04 3.24736213587028e+02 3.23985653677414e+02 9.98997449889135e+20 2.45218860965738e+18 4.56945672526841e+17 8.72958092098782e+16 3.65725674502694e+14 4.43080274109623e+18 2.31458557982272e+16 8.18376480087552e+10 3.26329513636471e+16 2.19599743252042e+16 3.12442235270718e+11 0.00000000000000e+00 0.00000000000000e+00 0.00000000000000e+00 0.00000000000000e+00 0.00000000000000e+00 0.00000000000000e+00 0.00000000000000e+00 
6.61926130418378e-04 3.24745401552232e+02 3.23989774851158e+02 9.98527787239378e+20 2.68963420553241e+18 4.72641218789050e+17 8.72430641120429e+16 3.83660047980587e+14 4.85884065040546e+18 2.32452980986455e+16 9.13747866193782e+10 3.01154369235728e+16 2.44575179031044e+16 3.65514839525355e+11 0.00000000000000e+00 0.00000000000000e+00 0.00000000000000e+00 0.00000000000000e+00 0.00000000000000e+00 0.00000000000000e+00 0.00000000000000e+00 
7.21189484127756e-04 3.24755794998082e+02 3.23994639087556e+02 9.98061745569157e+20 2.92641645633758e+18 4.86041166030940e+17 8.71871733166011e+16 4.03565898845416e+14 5.28587437725164e+18 2.33449848313562e+16 1.01336870870895e+11 2.77232679603170e+16 2.68073492010381e+16 4.20763931279659e+11 0.00000000000000e+00 0.00000000000000e+00 0.00000000000000e+00 0.00000000000000e+00 0.00000000000000e+00 0.00000000000000e+00 0.00000000000000e+00 
7.93004763529627e-04 3.24767751317173e+02 3.24000142872384e+02 9.97501136005312e+20 3.21246494620129e+18 4.99759564730450e+17 8.71181717299717e+16 4.30082328909571e+14 5.80214765636784e+18 2.34656108925020e+16 1.13839369356240e+11 2.51291416142540e+16 2.94641229028654e+16 4.90243362219720e+11 0.00000000000000e+00 0.00000000000000e+00 0.00000000000000e+00 0.00000000000000e+00 0.00000000000000e+00 0.00000000000000e+00 0.00000000000000e+00 
8.64820042931498e-04 3.24777725492660e+02 3.24006473714272e+02 9.96944456934581e+20 3.49754562498459e+18 5.11236008681518e+17 8.70501889046642e+16 4.58707556641269e+14 6.31716561120404e+18 2.35855707160665e+16 1.26612311359048e+11 2.29041653506504e+16 3.19339377241798e+16 5.62097453848055e+11 0.00000000000000e+00 0.00000000000000e+00 0.00000000000000e+00 0.00000000000000e+00 0.00000000000000e+00 0.00000000000000e+00 0.00000000000000e+00 
9.36635322333369e-04 3.24786510652908e+02 3.24011753047739e+02 9.96391242530364e+20 3.78165660494352e+18 5.20912542118985e+17 8.69834903875188e+16 4.88887562217105e+14 6.83093409541027e+18 2.37050788339517e+16 1.39497836244230e+11 2.10132571279758e+16 3.42437710934922e+16 6.35954132119981e+11 0.00000000000000e+00 0.00000000000000e+00 0.00000000000000e+00 0.00000000000000e+00 0.00000000000000e+00 0.00000000000000e+00 0.00000000000000e+00 
1.00845060173524e-03 3.24795038114052e+02 3.24016401609928e+02 9.95841134484914e+20 4.06479598010588e+18 5.29144470253870e+17 8.69171617627709e+16 5.20183292280725e+14 7.34344230791171e+18 2.38243537757706e+16 1.52438320959893e+11 1.94080385187799e+16 3.64174516689136e+16 7.11484255946281e+11 0.00000000000000e+00 0.00000000000000e+00 0.00000000000000e+00 0.00000000000000e+00 0.00000000000000e+00 0.00000000000000e+00 0.00000000000000e+00 
1.08026588113711e-03 3.24803280807934e+02 3.24020913473887e+02 9.95293841714967e+20 4.34696288311366e+18 5.36218198860677e+17 8.68508698046582e+16 5.52266403041268e+14 7.85468307273595e+18 2.39433011970396e+16 1.65413981340807e+11 1.80492046925011e+16 3.84746424083420e+16 7.88398512877981e+11 0.00000000000000e+00 0.00000000000000e+00 0.00000000000000e+00 0.00000000000000e+00 0.00000000000000e+00 0.00000000000000e+00 0.00000000000000e+00 
1.15208116053898e-03 3.24810949661150e+02 3.24025274276693e+02 9.94749135508223e+20 4.62815687235701e+18 5.42362846321821e+17 8.67849251447438e+16 5.84858892863211e+14 8.36464514069908e+18 2.40618740483388e+16 1.78384510879660e+11 1.68966006262714e+16 4.04324959292172e+16 8.66444576179278e+11 0.00000000000000e+00 0.00000000000000e+00 0.00000000000000e+00 0.00000000000000e+00 0.00000000000000e+00 0.00000000000000e+00 0.00000000000000e+00 
1.32114662450960e-03 3.24827627588005e+02 3.24029330652864e+02 9.93476185767996e+20 5.28629436725203e+18 5.54055495957110e+17 8.66312844944834e+16 6.62479410659772e+14 9.56002624741474e+18 2.43398315292049e+16 2.08777361528079e+11 1.47580589856518e+16 4.47225351057518e+16 1.05350424715243e+12 0.00000000000000e+00 0.00000000000000e+00 0.00000000000000e+00 0.00000000000000e+00 0.00000000000000e+00 0.00000000000000e+00 0.00000000000000e+00 
1.49021208848021e-03 3.24842935315205e+02 3.24038150158112e+02 9.92215022547413e+20 5.93905002587165e+18 5.63250953760353e+17 8.64796459760418e+16 7.39979642576500e+14 1.07480862192830e+19 2.46161681856028e+16 2.39009145011440e+11 1.31453932086529e+16 4.86719492380479e+16 1.24335263553871e+12 0.00000000000000e+00 0.00000000000000e+00 0.00000000000000e+00 0.00000000000000e+00 0.00000000000000e+00 0.00000000000000e+00 0.00000000000000e+00 
1.61724819202889e-03 3.24854073831646e+02 3.24046242779286e+02 9.91274425895142e+20 6.42600551814063e+18 5.69204156944829e+17 8.63665861335680e+16 7.97677839534367e+14 1.16359646922696e+19 2.48227952519541e+16 2.61708262400067e+11 1.21551178981906e+16 5.14690690238871e+16 1.38674105306296e+12 0.00000000000000e+00 0.00000000000000e+00 0.00000000000000e+00 0.00000000000000e+00 0.00000000000000e+00 0.00000000000000e+00 0.00000000000000e+00 
1.74428429557757e-03 3.24864977891638e+02 3.24052130650055e+02 9.90339593854585e+20 6.90995271669334e+18 5.74570819277315e+17 8.62541706640311e+16 8.54929921554869e+14 1.25197209451179e+19 2.50285666408459e+16 2.84391032841764e+11 1.13239690360308e+16 5.41408549225504e+16 1.53020438765734e+12 0.00000000000000e+00 0.00000000000000e+00 0.00000000000000e+00 0.00000000000000e+00 0.00000000000000e+00 0.00000000000000e+00 0.00000000000000e+00 
1.87132039912625e-03 3.24875626168293e+02 3.24057894164478e+02 9.89410337714559e+20 7.39090720982170e+18 5.79511201847458e+17 8.61425017543064e+16 9.11664823887685e+14 1.33993652029001e+19 2.52334978222964e+16 3.07002516738551e+11 1.06156226194712e+16 5.67045556231801e+16 1.67334351622611e+12 0.00000000000000e+00 0.00000000000000e+00 0.00000000000000e+00 0.00000000000000e+00 0.00000000000000e+00 0.00000000000000e+00 0.00000000000000e+00 
1.99835650267493e-03 3.24886076885134e+02 3.24063522008044e+02 9.88486503064435e+20 7.86888478246594e+18 5.84154771818337e+17 8.60315924318347e+16 9.67799366665684e+14 1.42749056041802e+19 2.54376007043090e+16 3.29537531098673e+11 9.99585174908747e+15 5.91750160486569e+16 1.81583403680251e+12 0.00000000000000e+00 0.00000000000000e+00 0.00000000000000e+00 0.00000000000000e+00 0.00000000000000e+00 0.00000000000000e+00 0.00000000000000e+00 
2.12539260622361e-03 3.24896400099652e+02 3.24069045071794e+02 9.87567964614594e+20 8.34390219841959e+18 5.88594021825708e+17 8.59213879626339e+16 1.02331191494921e+15 1.51463597488275e+19 2.56408834574569e+16 3.52023336750194e+11 9.44586010528500e+15 6.15633722487522e+16 1.95742234498525e+12 0.00000000000000e+00 0.00000000000000e+00 0.00000000000000e+00 0.00000000000000e+00 0.00000000000000e+00 0.00000000000000e+00 0.00000000000000e+00 
2.29465817959459e-03 3.24910004150711e+02 3.24074500525314e+02 9.86352152129898e+20 8.97225601552542e+18 5.94285812793882e+17 8.57755895676780e+16 1.09635379940885e+15 1.63011977327112e+19 2.59104800255527e+16 3.81918031372374e+11 8.81025864558833e+15 6.46322711046889e+16 2.14436192088085e+12 0.00000000000000e+00 0.00000000000000e+00 0.00000000000000e+00 0.00000000000000e+00 0.00000000000000e+00 0.00000000000000e+00 0.00000000000000e+00 
2.46392375296556e-03 3.24923464855088e+02 3.24081689527394e+02 9.85145401978919e+20 9.59542696719683e+18 5.99804862697986e+17 8.56309619648433e+16 1.16834742763695e+15 1.74488749684574e+19 2.61786472887297e+16 4.11705936823924e+11 8.26380690229087e+15 6.75876150003924e+16 2.32903630567675e+12 0.00000000000000e+00 0.00000000000000e+00 0.00000000000000e+00 0.00000000000000e+00 0.00000000000000e+00 0.00000000000000e+00 0.00000000000000e+00 
2.63318932633653e-03 3.24936799412420e+02 3.24088802543992e+02 9.83947590615327e+20 1.02134562469256e+19 6.05200915945082e+17 8.54874980870677e+16 1.23929837251798e+15 1.85894359487589e+19 2.64453940329910e+16 4.41368878423735e+11 7.78568906740927e+15 7.04432488877955e+16 2.51122530540965e+12 0.00000000000000e+00 0.00000000000000e+00 0.00000000000000e+00 0.00000000000000e+00 0.00000000000000e+00 0.00000000000000e+00 0.00000000000000e+00 
2.80245489970751e-03 3.24950023105187e+02 3.24095848702651e+02 9.82758613003734e+20 1.08263852966359e+19 6.10502497504406e+17 8.53451816533216e+16 1.30923744058354e+15 1.97229295220770e+19 2.67107279591170e+16 4.70919286070947e+11 7.36494935616713e+15 7.32099087540959e+16 2.69079125978039e+12 0.00000000000000e+00 0.00000000000000e+00 0.00000000000000e+00 0.00000000000000e+00 0.00000000000000e+00 0.00000000000000e+00 0.00000000000000e+00 
2.97172047307848e-03 3.24963146491958e+02 3.24102836113582e+02 9.81578378025029e+20 1.14342552588225e+19 6.15727919084213e+17 8.52039948275340e+16 1.37818851929293e+15 2.08494021201688e+19 2.69746560704177e+16 5.00351531803501e+11 6.99177147602044e+15 7.58964930990910e+16 2.86765150571227e+12 0.00000000000000e+00 0.00000000000000e+00 0.00000000000000e+00 0.00000000000000e+00 0.00000000000000e+00 0.00000000000000e+00 0.00000000000000e+00 
3.37255517906154e-03 3.24993847717556e+02 3.24109770380807e+02 9.78817895883828e+20 1.28538013895215e+19 6.27853856553950e+17 8.48740911733171e+16 1.53764404434518e+15 2.34892379330583e+19 2.75940870724012e+16 5.69542508273685e+11 6.25448819538672e+15 8.19770893954401e+16 3.27553266810726e+12 0.00000000000000e+00 0.00000000000000e+00 0.00000000000000e+00 0.00000000000000e+00 0.00000000000000e+00 0.00000000000000e+00 0.00000000000000e+00 
3.77338988504460e-03 3.25024057772354e+02 3.24125992097547e+02 9.76104983433964e+20 1.42457419886756e+19 6.39704821329568e+17 8.45503084647804e+16 1.69199434429556e+15 2.60905473713172e+19 2.82057468187708e+16 6.38019287739905e+11 5.67316528156456e+15 8.77236280184878e+16 3.66794421346255e+12 0.00000000000000e+00 0.00000000000000e+00 0.00000000000000e+00 0.00000000000000e+00 0.00000000000000e+00 0.00000000000000e+00 0.00000000000000e+00 
4.17422459102766e-03 3.25053795456459e+02 3.24141953675535e+02 9.73438741835167e+20 1.56106043018349e+19 6.51311341798736e+17 8.42325169159104e+16 1.84150098181184e+15 2.86538982061974e+19 2.88097067144492e+16 7.05747128712006e+11 5.19857141881794e+15 9.31905278958143e+16 4.04523732891016e+12 0.00000000000000e+00 0.00000000000000e+00 0.00000000000000e+00 0.00000000000000e+00 0.00000000000000e+00 0.00000000000000e+00 0.00000000000000e+00 
4.57505929701073e-03 3.25083069447701e+02 3.24157665114777e+02 9.70818324278307e+20 1.69489056563934e+19 6.62679910565768e+17 8.39205915147070e+16 1.98641904111566e+15 3.11798465655725e+19 2.94060362028317e+16 7.72728622922636e+11 4.80751642959745e+15 9.84153587434322e+16 4.40800759902623e+12 0.00000000000000e+00 0.00000000000000e+00 0.00000000000000e+00 0.00000000000000e+00 0.00000000000000e+00 0.00000000000000e+00 0.00000000000000e+00 
4.97589400299379e-03 3.25111888537675e+02 3.24173131042778e+02 9.68242917195016e+20 1.82611528628275e+19 6.73817681577690e+17 8.36144118775408e+16 2.12694750378845e+15 3.36689270680585e+19 2.99948032000548e+16 8.38949197132384e+11 4.47927756235642e+15 1.03426482263896e+17 4.75689452372640e+12 0.00000000000000e+00 0.00000000000000e+00 0.00000000000000e+00 0.00000000000000e+00 0.00000000000000e+00 0.00000000000000e+00 0.00000000000000e+00 
5.67923601500998e-03 3.25161384599749e+02 3.24188356146009e+02 9.63830279876026e+20 2.05022670692486e+19 6.92831092754766e+17 8.30906997166032e+16 2.36345742517390e+15 3.79489597424320e+19 3.10098335397830e+16 9.53301352037924e+11 4.01298119990265e+15 1.11763330013917e+17 5.33736695599549e+12 0.00000000000000e+00 0.00000000000000e+00 0.00000000000000e+00 0.00000000000000e+00 0.00000000000000e+00 0.00000000000000e+00 0.00000000000000e+00 
6.26244112066193e-03 3.25201415534577e+02 3.24214503789072e+02 9.60271641901533e+20 2.23027772524970e+19 7.08106348556717e+17 8.26691549351394e+16 2.55043528432011e+15 4.14150293414798e+19 3.18342481730840e+16 1.04634788311829e+12 3.70342792688569e+15 1.18292761201268e+17 5.78998081479139e+12 0.00000000000000e+00 0.00000000000000e+00 0.00000000000000e+00 0.00000000000000e+00 0.00000000000000e+00 0.00000000000000e+00 0.00000000000000e+00 
6.84564622631388e-03 3.25240552842188e+02 3.24235650261884e+02 9.56801494244222e+20 2.40524307513613e+19 7.22952659278234e+17 8.22587832933468e+16 2.72964433626598e+15 4.48075727917369e+19 3.26432538463798e+16 1.13779087003479e+12 3.44682050032804e+15 1.24513026392273e+17 6.21838003819274e+12 0.00000000000000e+00 0.00000000000000e+00 0.00000000000000e+00 0.00000000000000e+00 0.00000000000000e+00 0.00000000000000e+00 0.00000000000000e+00 
7.42885133196584e-03 3.25278816132970e+02 3.24256323885386e+02 9.53417642288271e+20 2.57526339855792e+19 7.37382633418166e+17 8.18592676172066e+16 2.90150092496702e+15 4.81280727636041e+19 3.34370557100423e+16 1.22763972114499e+12 3.23007384667568e+15 1.30451186123886e+17 6.62414195499731e+12 0.00000000000000e+00 0.00000000000000e+00 0.00000000000000e+00 0.00000000000000e+00 0.00000000000000e+00 0.00000000000000e+00 0.00000000000000e+00 
8.01205643761779e-03 3.25316224663371e+02 3.24276535105048e+02 9.50117951143147e+20 2.74047556471547e+19 7.51409089924001e+17 8.14703015448144e+16 3.06639559120711e+15 5.13779800577519e+19 3.42158593990588e+16 1.31590982288455e+12 3.04419077095620e+15 1.36128766177439e+17 7.00872603701151e+12 0.00000000000000e+00 0.00000000000000e+00 0.00000000000000e+00 0.00000000000000e+00 0.00000000000000e+00 0.00000000000000e+00 0.00000000000000e+00 
8.59526154326974e-03 3.25352797444163e+02 3.24296294172375e+02 9.46900341686129e+20 2.90101276928372e+19 7.65044602756249e+17 8.10915885542499e+16 3.22469489204421e+15 5.45587162696603e+19 3.49798709784790e+16 1.40261693789759e+12 2.88339537336802e+15 1.41563437974447e+17 7.37347968414638e+12 0.00000000000000e+00 0.00000000000000e+00 0.00000000000000e+00 0.00000000000000e+00 0.00000000000000e+00 0.00000000000000e+00 0.00000000000000e+00 
9.44927307523410e-03 3.25404882512383e+02 3.24315611202800e+02 9.42332576746474e+20 3.12792687630622e+19 7.84330402449238e+17 8.05549295530327e+16 3.44527785972888e+15 5.90944797703443e+19 3.60723821471270e+16 1.52680026751732e+12 2.68471938655394e+15 1.49113214245128e+17 7.87437902433264e+12 0.00000000000000e+00 0.00000000000000e+00 0.00000000000000e+00 0.00000000000000e+00 0.00000000000000e+00 0.00000000000000e+00 0.00000000000000e+00 
1.03032846071985e-02 3.25455270211744e+02 3.24343120559411e+02 9.37930341807762e+20 3.34548672980558e+19 8.02837755097306e+17 8.00387777483702e+16 3.65339935137879e+15 6.34891615461012e+19 3.71342622920989e+16 1.64771830794307e+12 2.51773462027351e+15 1.56211873197757e+17 8.33898714533331e+12 0.00000000000000e+00 0.00000000000000e+00 0.00000000000000e+00 0.00000000000000e+00 0.00000000000000e+00 0.00000000000000e+00 0.00000000000000e+00 
1.11572961391628e-02 3.25504014139471e+02 3.24369732422884e+02 9.33687705150120e+20 3.55407058503838e+19 8.20599515495922e+17 7.95423068703194e+16 3.84996149942961e+15 6.77469084561360e+19 3.81661589440334e+16 1.76543237808276e+12 2.37596663536325e+15 1.62889891970375e+17 8.77049608499188e+12 0.00000000000000e+00 0.00000000000000e+00 0.00000000000000e+00 0.00000000000000e+00 0.00000000000000e+00 0.00000000000000e+00 0.00000000000000e+00 
1.20113076711272e-02 3.25551166177035e+02 3.24395475267192e+02 9.29598958760483e+20 3.75404119308222e+19 8.37646886653119e+17 7.90647281718910e+16 4.03576969041886e+15 7.18717471442438e+19 3.91687170923663e+16 1.88000108399787e+12 2.25457846494628e+15 1.69172638848189e+17 9.17176029798032e+12 0.00000000000000e+00 0.00000000000000e+00 0.00000000000000e+00 0.00000000000000e+00 0.00000000000000e+00 0.00000000000000e+00 0.00000000000000e+00 
1.28653192030915e-02 3.25596776451643e+02 3.24420376639277e+02 9.25658601767234e+20 3.94574681064174e+19 8.54009666376474e+17 7.86052882530500e+16 4.21154957589525e+15 7.58675918513016e+19 4.01425798255290e+16 1.99148450532205e+12 2.14942165319344e+15 1.75082222415209e+17 9.54535043104737e+12 0.00000000000000e+00 0.00000000000000e+00 0.00000000000000e+00 0.00000000000000e+00 0.00000000000000e+00 0.00000000000000e+00 0.00000000000000e+00 
1.45715368418633e-02 3.25683473654835e+02 3.24444463140673e+02 9.18209866826180e+20 4.30530598686896e+19 8.84761590922481e+17 7.77388805504339e+16 4.53528849885281e+15 8.34794828813996e+19 4.20048225717546e+16 2.20521416758467e+12 1.97553898703276e+15 1.85844297299006e+17 1.02178298214208e+13 0.00000000000000e+00 0.00000000000000e+00 0.00000000000000e+00 0.00000000000000e+00 0.00000000000000e+00 0.00000000000000e+00 0.00000000000000e+00 
1.62777544806350e-02 3.25764578541135e+02 3.24490245805968e+02 9.11292397892233e+20 4.63570607468505e+19 9.13105128913550e+17 7.69366495920918e+16 4.82638337713461e+15 9.06206813824247e+19 4.37601304273155e+16 2.40736267248756e+12 1.83868860963067e+15 1.95328425807886e+17 1.08050000357470e+13 0.00000000000000e+00 0.00000000000000e+00 0.00000000000000e+00 0.00000000000000e+00 0.00000000000000e+00 0.00000000000000e+00 0.00000000000000e+00 
1.79839721194068e-02 3.25840439884089e+02 3.24533073681322e+02 9.04868727221482e+20 4.93927462699057e+19 9.39234454061844e+17 7.61936485681819e+16 5.08885119626959e+15 9.73188352440593e+19 4.54135178706608e+16 2.59842036331479e+12 1.72843748249227e+15 2.03653085058670e+17 1.13198902302282e+13 0.00000000000000e+00 0.00000000000000e+00 0.00000000000000e+00 0.00000000000000e+00 0.00000000000000e+00 0.00000000000000e+00 0.00000000000000e+00 
1.96901897581785e-02 3.25911384505259e+02 3.24573131505048e+02 8.98904113002901e+20 5.21814877369606e+19 9.63326942823162e+17 7.55053505983742e+16 5.32609950140130e+15 1.03600025363956e+20 4.69698811670197e+16 2.77887104417494e+12 1.63723041996093e+15 2.10921687822415e+17 1.17731925303007e+13 0.00000000000000e+00 0.00000000000000e+00 0.00000000000000e+00 0.00000000000000e+00 0.00000000000000e+00 0.00000000000000e+00 0.00000000000000e+00 
2.13964073969503e-02 3.25977719604006e+02 3.24610592279179e+02 8.93366261300285e+20 5.47429570505732e+19 9.85545086582835e+17 7.48676021941799e+16 5.54105627659782e+15 1.09488891338722e+20 4.84339975216449e+16 2.94919342648975e+12 1.56080894442333e+15 2.17228031712859e+17 1.21738570851974e+13 0.00000000000000e+00 0.00000000000000e+00 0.00000000000000e+00 0.00000000000000e+00 0.00000000000000e+00 0.00000000000000e+00 0.00000000000000e+00 
2.38697513564949e-02 3.26066283095761e+02 3.24645618533184e+02 8.86035142079333e+20 5.80894189934258e+19 1.01472711367705e+18 7.40251197864007e+16 5.81811928221381e+15 1.17376255577863e+20 5.04021115177438e+16 3.17907149763025e+12 1.47061387776811e+15 2.24840513668416e+17 1.26762239751904e+13 0.00000000000000e+00 0.00000000000000e+00 0.00000000000000e+00 0.00000000000000e+00 0.00000000000000e+00 0.00000000000000e+00 0.00000000000000e+00 
2.63430953160395e-02 3.26146582456416e+02 3.24692381222331e+02 8.79453874689480e+20 6.10463342722480e+19 1.04069099880257e+18 7.32703582933344e+16 6.05997792212789e+15 1.24554275508273e+20 5.21998226654084e+16 3.39003677476007e+12 1.39731780477101e+15 2.30859321918718e+17 1.31017486726331e+13 0.00000000000000e+00 0.00000000000000e+00 0.00000000000000e+00 0.00000000000000e+00 0.00000000000000e+00 0.00000000000000e+00 0.00000000000000e+00 
2.88164392755840e-02 3.26219363684584e+02 3.24734779990828e+02 8.73546916386545e+20 6.36580932128622e+19 1.06379767653067e+18 7.25939925802478e+16 6.27188007905816e+15 1.31083872093225e+20 5.38401084707926e+16 3.58342517795982e+12 1.33753046556636e+15 2.35504632207257e+17 1.34647102572264e+13 0.00000000000000e+00 0.00000000000000e+00 0.00000000000000e+00 0.00000000000000e+00 0.00000000000000e+00 0.00000000000000e+00 0.00000000000000e+00 
3.12897832351286e-02 3.26285308740204e+02 3.24773209025541e+02 8.68246148623258e+20 6.59641661746318e+19 1.08436671337754e+18 7.19877289355856e+16 6.45817503204880e+15 1.37021106573917e+20 5.53352644615190e+16 3.76050602676686e+12 1.28745382956219e+15 2.38974897235045e+17 1.37763866833114e+13 0.00000000000000e+00 0.00000000000000e+00 0.00000000000000e+00 0.00000000000000e+00 0.00000000000000e+00 0.00000000000000e+00 0.00000000000000e+00 
3.37631271946732e-02 3.26345041058058e+02 3.24808028568338e+02 8.63490146106690e+20 6.79996457530462e+19 1.10268111207257e+18 7.14441795891240e+16 6.62244659063726e+15 1.42417541098381e+20 5.66968877512340e+16 3.92249335058338e+12 1.24547961755366e+15 2.41448394285837e+17 1.40456661006885e+13 0.00000000000000e+00 0.00000000000000e+00 0.00000000000000e+00 0.00000000000000e+00 0.00000000000000e+00 0.00000000000000e+00 0.00000000000000e+00 
3.62364711542178e-02 3.26399129642120e+02 3.24839567874810e+02 8.59223594913038e+20 6.97956791364168e+19 1.11899150052672e+18 7.09567621964577e+16 6.76764333766993e+15 1.47320528751493e+20 5.79358595752105e+16 4.07053328171851e+12 1.20987501361782e+15 2.43084199265375e+17 1.42796191058724e+13 0.00000000000000e+00 0.00000000000000e+00 0.00000000000000e+00 0.00000000000000e+00 0.00000000000000e+00 0.00000000000000e+00 0.00000000000000e+00 
4.19133223277284e-02 3.26504556234834e+02 3.24868127407686e+02 8.51032245381035e+20 7.31496359072789e+19 1.14996029646201e+18 7.00207786736763e+16 7.04104345646339e+15 1.56928510200057e+20 6.03671805068237e+16 4.36305778368181e+12 1.14567946560387e+15 2.44358509815927e+17 1.47116039309561e+13 0.00000000000000e+00 0.00000000000000e+00 0.00000000000000e+00 0.00000000000000e+00 0.00000000000000e+00 0.00000000000000e+00 0.00000000000000e+00 
4.75901735012390e-02 3.26588294454161e+02 3.24923794752389e+02 8.44658581136033e+20 7.56577275399825e+19 1.17371436137390e+18 6.92915757621000e+16 7.25010095614541e+15 1.64614498514141e+20 6.23136237442049e+16 4.59941270272382e+12 1.09947206647774e+15 2.43287718746497e+17 1.50359730437722e+13 0.00000000000000e+00 0.00000000000000e+00 0.00000000000000e+00 0.00000000000000e+00 0.00000000000000e+00 0.00000000000000e+00 0.00000000000000e+00 
5.32670246747496e-02 3.26654772974863e+02 3.24968010943955e+02 8.39696632105215e+20 7.75335592420234e+19 1.19196998849854e+18 6.87226166770785e+16 7.41154957840816e+15 1.70756764863274e+20 6.38684541446771e+16 4.78982539018796e+12 1.06485419189413e+15 2.40871362566393e+17 1.52839757843920e+13 0.00000000000000e+00 0.00000000000000e+00 0.00000000000000e+00 0.00000000000000e+00 0.00000000000000e+00 0.00000000000000e+00 0.00000000000000e+00 
5.89438758482602e-02 3.26707491406097e+02 3.25003114027484e+02 8.35835530122252e+20 7.89342649925855e+19 1.20600858698952e+18 6.82785094736070e+16 7.53679046620616e+15 1.75658194328583e+20 6.51074345194641e+16 4.94276593409029e+12 1.03874517127480e+15 2.37774675322019e+17 1.54763217154700e+13 0.00000000000000e+00 0.00000000000000e+00 0.00000000000000e+00 0.00000000000000e+00 0.00000000000000e+00 0.00000000000000e+00 0.00000000000000e+00 
6.46207270217708e-02 3.26749234570145e+02 3.25030951562988e+02 8.32834616428128e+20 7.99770115511369e+19 1.21680047451398e+18 6.79319943889711e+16 7.63425756099388e+15 1.79562527659127e+20 6.60922126850733e+16 5.06523631928801e+12 1.01845174009693e+15 2.34424742518732e+17 1.56274112312536e+13 0.00000000000000e+00 0.00000000000000e+00 0.00000000000000e+00 0.00000000000000e+00 0.00000000000000e+00 0.00000000000000e+00 0.00000000000000e+00 
7.30486199341545e-02 3.26795485745501e+02 3.25052993805716e+02 8.29585955026619e+20 8.10424865174297e+19 1.22833408867936e+18 6.75546394132607e+16 7.74042858594023e+15 1.83920069226666e+20 6.71871352002228e+16 5.20260877311188e+12 9.96807231843586e+14 2.29502249294009e+17 1.57953042593058e+13 0.00000000000000e+00 0.00000000000000e+00 0.00000000000000e+00 0.00000000000000e+00 0.00000000000000e+00 0.00000000000000e+00 0.00000000000000e+00 
8.14765128465382e-02 3.26828040705098e+02 3.25077416414471e+02 8.27358226470511e+20 8.17230741582446e+19 1.23613301970659e+18 6.72939163058888e+16 7.81425021940089e+15 1.87011544943690e+20 6.79602037183987e+16 5.30051805711555e+12 9.81939660302457e+14 2.25110046701779e+17 1.59154253954563e+13 0.00000000000000e+00 0.00000000000000e+00 0.00000000000000e+00 0.00000000000000e+00 0.00000000000000e+00 0.00000000000000e+00 0.00000000000000e+00 
8.99044057589219e-02 3.26850974024459e+02 3.25094606686903e+02 8.25826281483304e+20 8.21584930828388e+19 1.24142587328615e+18 6.71133066717842e+16 7.86589250264244e+15 1.89204772419777e+20 6.85061430979688e+16 5.37023805808812e+12 9.71535877593012e+14 2.21430383192072e+17 1.60014799688391e+13 0.00000000000000e+00 0.00000000000000e+00 0.00000000000000e+00 0.00000000000000e+00 0.00000000000000e+00 0.00000000000000e+00 0.00000000000000e+00 
9.83322986713056e-02 3.26867097701968e+02 3.25106716200778e+02 8.24774215692403e+20 8.24351712242311e+19 1.24501801216778e+18 6.69882177887332e+16 7.90204043791222e+15 1.90757104686993e+20 6.88904260066678e+16 5.41968651199856e+12 9.64182473667009e+14 2.18450205188058e+17 1.60638148774016e+13 0.00000000000000e+00 0.00000000000000e+00 0.00000000000000e+00 0.00000000000000e+00 0.00000000000000e+00 0.00000000000000e+00 0.00000000000000e+00 
1.06760191583689e-01 3.26878391261818e+02 3.25115229852624e+02 8.24054714249333e+20 8.26084792488743e+19 1.24744559126884e+18 6.69019026811472e+16 7.92730778095115e+15 1.91851586271100e+20 6.91598462023362e+16 5.45460635370902e+12 9.58998916404017e+14 2.16086131863698e+17 1.61089322312871e+13 0.00000000000000e+00 0.00000000000000e+00 0.00000000000000e+00 0.00000000000000e+00 0.00000000000000e+00 0.00000000000000e+00 0.00000000000000e+00 
1.21277428548278e-01 3.26890178947119e+02 3.25121192959445e+02 8.23330548879555e+20 8.27577935777095e+19 1.24984483897838e+18 6.68137461809715e+16 7.95372437860454e+15 1.93005048055129e+20 6.94412816887104e+16 5.49145784475984e+12 9.53484295567959e+14 2.13182522937302e+17 1.61586025389359e+13 0.00000000000000e+00 0.00000000000000e+00 0.00000000000000e+00 0.00000000000000e+00 0.00000000000000e+00 0.00000000000000e+00 0.00000000000000e+00 
1.35794665512866e-01 3.26896518596642e+02 3.25127416706398e+02 8.22955472863839e+20 8.28211632611259e+19 1.25106250900674e+18 6.67673994045877e+16 7.96803005697026e+15 1.93631361790764e+20 6.95928441859697e+16 5.51150717177274e+12 9.50488364384669e+14 2.11375523247923e+17 1.61865842101842e+13 0.00000000000000e+00 0.00000000000000e+00 0.00000000000000e+00 0.00000000000000e+00 0.00000000000000e+00 0.00000000000000e+00 0.00000000000000e+00 
1.50311902477454e-01 3.26900055779740e+02 3.25130763812439e+02 8.22750841097365e+20 8.28510617831369e+19 1.25171868544365e+18 6.67418766797904e+16 7.97603429789133e+15 1.93982749998759e+20 6.96774548702426e+16 5.52276511375283e+12 9.48803722200162e+14 2.10281516807662e+17 1.62026145106948e+13 0.00000000000000e+00 0.00000000000000e+00 0.00000000000000e+00 0.00000000000000e+00 0.00000000000000e+00 0.00000000000000e+00 0.00000000000000e+00 
1.64829139442042e-01 3.26902029964634e+02 3.25132631269273e+02 8.22639204174165e+20 8.28647232886646e+19 1.25207221499480e+18 6.67278156017346e+16 7.98049059020504e+15 1.94179938362455e+20 6.97246960171434e+16 5.52908595011190e+12 9.47854202163558e+14 2.09624282551711e+17 1.62118254712122e+13 0.00000000000000e+00 0.00000000000000e+00 0.00000000000000e+00 0.00000000000000e+00 0.00000000000000e+00 0.00000000000000e+00 0.00000000000000e+00 
1.79346376406631e-01 3.26903084395646e+02 3.25133673511982e+02 8.22582050676666e+20 8.28691104048991e+19 1.25224882702400e+18 6.67204803182525e+16 7.98287738893615e+15 1.94286284163095e+20 6.97499396034125e+16 5.53249681789248e+12 9.47335941189648e+14 2.09230579478915e+17 1.62170055885250e+13 0.00000000000000e+00 0.00000000000000e+00 0.00000000000000e+00 0.00000000000000e+00 0.00000000000000e+00 0.00000000000000e+00 0.00000000000000e+00 
2.05099988864358e-01 3.26903748745360e+02 3.25134230154165e+02 8.22549683280761e+20 8.28675910889285e+19 1.25234219113892e+18 6.67161148110161e+16 7.98441144038902e+15 1.94354802750588e+20 6.97658617338048e+16 5.53469690672725e+12 9.46988487401809e+14 2.08916640598516e+17 1.62206640000801e+13 0.00000000000000e+00 0.00000000000000e+00 0.00000000000000e+00 0.00000000000000e+00 0.00000000000000e+00 0.00000000000000e+00 0.00000000000000e+00 
2.30853601322085e-01 3.26903966456598e+02 3.25134580825028e+02 8.22540074688810e+20 8.28659206120652e+19 1.25236791052564e+18 6.67147542971003e+16 7.98493322568735e+15 1.94377674567007e+20 6.97710854071590e+16 5.53543198684298e+12 9.46868813298047e+14 2.08793791128950e+17 1.62219724674922e+13 0.00000000000000e+00 0.00000000000000e+00 0.00000000000000e+00 0.00000000000000e+00 0.00000000000000e+00 0.00000000000000e+00 0.00000000000000e+00 
2.56607213779813e-01 3.26904111592743e+02 3.25134695729752e+02 8.22532482731552e+20 8.28662027904453e+19 1.25239090170891e+18 6.67137640382213e+16 7.98526680184818e+15 1.94392430346921e+20 6.97745629250749e+16 5.53590550311264e+12 9.46796848934255e+14 2.08732358144891e+17 1.62227139531475e+13 0.00000000000000e+00 0.00000000000000e+00 0.00000000000000e+00 0.00000000000000e+00 0.00000000000000e+00 0.00000000000000e+00 0.00000000000000e+00 
2.82360826237540e-01 3.26904191566828e+02 3.25134772345032e+02 8.22528112568256e+20 8.28665753480074e+19 1.25240370202499e+18 6.67132274719444e+16 7.98542236766077e+15 1.94400480447917e+20 6.97765337440483e+16 5.53617739695858e+12 9.46779050709012e+14 2.08705130398433e+17 1.62229732760357e+13 0.00000000000000e+00 0.00000000000000e+00 0.00000000000000e+00 0.00000000000000e+00 0.00000000000000e+00 0.00000000000000e+00 0.00000000000000e+00 
3.08114438695267e-01 3.26904204975268e+02 3.25134814564336e+02 8.22527625469044e+20 8.28663484891964e+19 1.25240546403844e+18 6.67131292778536e+16 7.98546585797164e+15 1.94401931876990e+20 6.97767986080727e+16 5.53621111920390e+12 9.46749030544718e+14 2.08696075783403e+17 1.62231875305524e+13 0.00000000000000e+00 0.00000000000000e+00 0.00000000000000e+00 0.00000000000000e+00 0.00000000000000e+00 0.00000000000000e+00 0.00000000000000e+00 
3.92796756322179e-01 3.26904205177291e+02 3.25134821639822e+02 8.22527920876614e+20 8.28659911889838e+19 1.25240407002391e+18 6.67131492960182e+16 7.98547700279181e+15 1.94402081019157e+20 6.97768048983570e+16 5.53621507493733e+12 9.46750886812377e+14 2.08688528968317e+17 1.62232237338322e+13 0.00000000000000e+00 0.00000000000000e+00 0.00000000000000e+00 0.00000000000000e+00 0.00000000000000e+00 0.00000000000000e+00 0.00000000000000e+00 
4.77479073949092e-01 3.26904181936486e+02 3.25134821742819e+02 8.22529211858451e+20 8.28658613195266e+19 1.25240064421739e+18 6.67132972054819e+16 7.98544217924588e+15 1.94399754975206e+20 6.97762091034306e+16 5.53612994736847e+12 9.46752634818457e+14 2.08692209284423e+17 1.62232025048050e+13 0.00000000000000e+00 0.00000000000000e+00 0.00000000000000e+00 0.00000000000000e+00 0.00000000000000e+00 0.00000000000000e+00 0.00000000000000e+00 
5.62161391576004e-01 3.26904180360812e+02 3.25134809473612e+02 8.22529246706307e+20 8.28659128138640e+19 1.25240014496785e+18 6.67133179113822e+16 7.98542543301873e+15 1.94399574178970e+20 6.97762059076748e+16 5.53613283956688e+12 9.46762459144605e+14 2.08695241732979e+17 1.62231144246286e+13 0.00000000000000e+00 0.00000000000000e+00 0.00000000000000e+00 0.00000000000000e+00 0.00000000000000e+00 0.00000000000000e+00 0.00000000000000e+00 
6.46843709202916e-01 3.26904183969098e+02 3.25134808642325e+02 8.22529040770987e+20 8.28659387506289e+19 1.25240063888906e+18 6.67132954391212e+16 7.98542907820116e+15 1.94399931708211e+20 6.97763010465925e+16 5.53614701726194e+12 9.46760821760728e+14 2.08695716666174e+17 1.62231140784890e+13 0.00000000000000e+00 0.00000000000000e+00 0.00000000000000e+00 0.00000000000000e+00 0.00000000000000e+00 0.00000000000000e+00 0.00000000000000e+00 
1.49366688547204e+00 3.26904185008112e+02 3.25134810547234e+02 8.22528994429143e+20 8.28659311661415e+19 1.25240080008601e+18 6.67132880762140e+16 7.98543185311477e+15 1.94400040269998e+20 6.97763228474899e+16 5.53614974038939e+12 9.46760780783587e+14 2.08695369093965e+17 1.62231238053529e+13 0.00000000000000e+00 0.00000000000000e+00 0.00000000000000e+00 0.00000000000000e+00 0.00000000000000e+00 0.00000000000000e+00 0.00000000000000e+00 
2.34049006174116e+00 3.26904184870972e+02 3.25134811095610e+02 8.22529002248952e+20 8.28659301491557e+19 1.25240077367192e+18 6.67132891356380e+16 7.98543147623586e+15 1.94400026631556e+20 6.97763197054428e+16 5.53614933673404e+12 9.46760988174939e+14 2.08695398187840e+17 1.62231226317243e+13 0.00000000000000e+00 0.00000000000000e+00 0.00000000000000e+00 0.00000000000000e+00 0.00000000000000e+00 0.00000000000000e+00 0.00000000000000e+00 
3.18731323801028e+00 3.26904184861116e+02 3.25134811023209e+02 8.22529002707545e+20 8.28659302151529e+19 1.25240077513343e+18 6.67132891184515e+16 7.98543153160905e+15 1.94400025640725e+20 6.97763193209613e+16 5.53614925903951e+12 9.46760933932070e+14 2.08695377913079e+17 1.62231230736573e+13 0.00000000000000e+00 0.00000000000000e+00 0.00000000000000e+00 0.00000000000000e+00 0.00000000000000e+00 0.00000000000000e+00 0.00000000000000e+00 
1.16555450007015e+01 3.26904184861494e+02 3.25134811018007e+02 8.22529002685652e+20 8.28659302163138e+19 1.25240077491103e+18 6.67132891240208e+16 7.98543151242789e+15 1.94400025674524e+20 6.97763193467165e+16 5.53614926451959e+12 9.46760948977957e+14 2.08695380678731e+17 1.62231230198672e+13 0.00000000000000e+00 0.00000000000000e+00 0.00000000000000e+00 0.00000000000000e+00 0.00000000000000e+00 0.00000000000000e+00 0.00000000000000e+00 
2.01237767633927e+01 3.26904184861546e+02 3.25134811018207e+02 8.22529002683320e+20 8.28659302156589e+19 1.25240077491145e+18 6.67132891236691e+16 7.98543151136594e+15 1.94400025679653e+20 6.97763193480060e+16 5.53614926477465e+12 9.46760949759576e+14 2.08695380974143e+17 1.62231230203993e+13 0.00000000000000e+00 0.00000000000000e+00 0.00000000000000e+00 0.00000000000000e+00 0.00000000000000e+00 0.00000000000000e+00 0.00000000000000e+00 
2.85920085260839e+01 3.26904184861549e+02 3.25134811018234e+02 8.22529002683150e+20 8.28659302155242e+19 1.25240077491117e+18 6.67132891236675e+16 7.98543151066769e+15 1.94400025679833e+20 6.97763193479136e+16 5.53614926475318e+12 9.46760950493704e+14 2.08695381118401e+17 1.62231230198626e+13 0.00000000000000e+00 0.00000000000000e+00 0.00000000000000e+00 0.00000000000000e+00 0.00000000000000e+00 0.00000000000000e+00 0.00000000000000e+00 
1.13274326152996e+02 3.26904184861549e+02 3.25134811018236e+02 8.22529002683033e+20 8.28659302155089e+19 1.25240077491100e+18 6.67132891236504e+16 7.98543151065228e+15 1.94400025679813e+20 6.97763193479008e+16 5.53614926475089e+12 9.46760950517091e+14 2.08695381126414e+17 1.62231230198816e+13 0.00000000000000e+00 0.00000000000000e+00 0.00000000000000e+00 0.00000000000000e+00 0.00000000000000e+00 0.00000000000000e+00 0.00000000000000e+00 
1.97956643779908e+02 3.26904184861548e+02 3.25134811018236e+02 8.22529002682916e+20 8.28659302155007e+19 1.25240077491077e+18 6.67132891236371e+16 7.98543151067697e+15 1.94400025679778e+20 6.97763193478930e+16 5.53614926475055e+12 9.46760950492494e+14 2.08695381120949e+17 1.62231230198743e+13 0.00000000000000e+00 0.00000000000000e+00 0.00000000000000e+00 0.00000000000000e+00 0.00000000000000e+00 0.00000000000000e+00 0.00000000000000e+00 
2.82638961406820e+02 3.26904184861549e+02 3.25134811018236e+02 8.22529002682940e+20 8.28659302155025e+19 1.25240077491081e+18 6.67132891236401e+16 7.98543151067277e+15 1.94400025679785e+20 6.97763193478947e+16 5.53614926475072e+12 9.46760950496464e+14 2.08695381121884e+17 1.62231230198759e+13 0.00000000000000e+00 0.00000000000000e+00 0.00000000000000e+00 0.00000000000000e+00 0.00000000000000e+00 0.00000000000000e+00 0.00000000000000e+00 
3.82638961406820e+02 3.26904184861547e+02 3.25134811018236e+02 8.22529002682559e+20 8.28659302154630e+19 1.25240077490999e+18 6.67132891235950e+16 7.98543151067058e+15 1.94400025679693e+20 6.97763193478711e+16 5.53614926475052e+12 9.46760950495012e+14 2.08695381121535e+17 1.62231230198555e+13 0.00000000000000e+00 0.00000000000000e+00 0.00000000000000e+00 0.00000000000000e+00 0.00000000000000e+00 0.00000000000000e+00 0.00000000000000e+00 
4.82638961406820e+02 3.26904184861547e+02 3.25134811018235e+02 8.22529002682524e+20 8.28659302154593e+19 1.25240077490990e+18 6.67132891235914e+16 7.98543151067018e+15 1.94400025679685e+20 6.97763193478693e+16 5.53614926475070e+12 9.46760950495042e+14 2.08695381121537e+17 1.62231230198534e+13 0.00000000000000e+00 0.00000000000000e+00 0.00000000000000e+00 0.00000000000000e+00 0.00000000000000e+00 0.00000000000000e+00 0.00000000000000e+00 
5.82638961406820e+02 3.26904184861547e+02 3.25134811018235e+02 8.22529002682567e+20 8.28659302154638e+19 1.25240077491000e+18 6.67132891235962e+16 7.98543151067068e+15 1.94400025679695e+20 6.97763193478718e+16 5.53614926475060e+12 9.46760950494977e+14 2.08695381121527e+17 1.62231230198559e+13 0.00000000000000e+00 0.00000000000000e+00 0.00000000000000e+00 0.00000000000000e+00 0.00000000000000e+00 0.00000000000000e+00 0.00000000000000e+00 
6.82638961406820e+02 3.26904184861547e+02 3.25134811018235e+02 8.22529002682610e+20 8.28659302154684e+19 1.25240077491010e+18 6.67132891236013e+16 7.98543151067110e+15 1.94400025679706e+20 6.97763193478744e+16 5.53614926475058e+12 9.46760950494991e+14 2.08695381121533e+17 1.62231230198583e+13 0.00000000000000e+00 0.00000000000000e+00 0.00000000000000e+00 0.00000000000000e+00 0.00000000000000e+00 0.00000000000000e+00 0.00000000000000e+00 
7.82638961406820e+02 3.26904184861547e+02 3.25134811018235e+02 8.22529002682566e+20 8.28659302154638e+19 1.25240077491000e+18 6.67132891235959e+16 7.98543151067067e+15 1.94400025679695e+20 6.97763193478716e+16 5.53614926475053e+12 9.46760950494991e+14 2.08695381121531e+17 1.62231230198560e+13 0.00000000000000e+00 0.00000000000000e+00 0.00000000000000e+00 0.00000000000000e+00 0.00000000000000e+00 0.00000000000000e+00 0.00000000000000e+00 
8.82638961406820e+02 3.26904184861546e+02 3.25134811018235e+02 8.22529002682436e+20 8.28659302154502e+19 1.25240077490972e+18 6.67132891235806e+16 7.98543151066940e+15 1.94400025679664e+20 6.97763193478636e+16 5.53614926475051e+12 9.46760950494991e+14 2.08695381121521e+17 1.62231230198490e+13 0.00000000000000e+00 0.00000000000000e+00 0.00000000000000e+00 0.00000000000000e+00 0.00000000000000e+00 0.00000000000000e+00 0.00000000000000e+00 
9.82638961406820e+02 3.26904184861546e+02 3.25134811018234e+02 8.22529002682469e+20 8.28659302154536e+19 1.25240077490978e+18 6.67132891235847e+16 7.98543151066972e+15 1.94400025679672e+20 6.97763193478658e+16 5.53614926475062e+12 9.46760950494975e+14 2.08695381121519e+17 1.62231230198505e+13 0.00000000000000e+00 0.00000000000000e+00 0.00000000000000e+00 0.00000000000000e+00 0.00000000000000e+00 0.00000000000000e+00 0.00000000000000e+00 
9.87847272984774e+02 3.26904184861546e+02 3.25134811018235e+02 8.22529002682467e+20 8.28659302154534e+19 1.25240077490978e+18 6.67132891235843e+16 7.98543151066970e+15 1.94400025679672e+20 6.97763193478656e+16 5.53614926475055e+12 9.46760950494986e+14 2.08695381121522e+17 1.62231230198506e+13 0.00000000000000e+00 0.00000000000000e+00 0.00000000000000e+00 0.00000000000000e+00 0.00000000000000e+00 0.00000000000000e+00 0.00000000000000e+00 
9.93055584562728e+02 3.26904184861546e+02 3.25134811018235e+02 8.22529002682466e+20 8.28659302154533e+19 1.25240077490978e+18 6.67132891235843e+16 7.98543151066969e+15 1.94400025679671e+20 6.97763193478655e+16 5.53614926475055e+12 9.46760950494986e+14 2.08695381121521e+17 1.62231230198505e+13 0.00000000000000e+00 0.00000000000000e+00 0.00000000000000e+00 0.00000000000000e+00 0.00000000000000e+00 0.00000000000000e+00 0.00000000000000e+00 
9.98263896140682e+02 3.26904184861546e+02 3.25134811018234e+02 8.22529002682460e+20 8.28659302154527e+19 1.25240077490977e+18 6.67132891235835e+16 7.98543151066963e+15 1.94400025679670e+20 6.97763193478651e+16 5.53614926475055e+12 9.46760950494986e+14 2.08695381121521e+17 1.62231230198502e+13 0.00000000000000e+00 0.00000000000000e+00 0.00000000000000e+00 0.00000000000000e+00 0.00000000000000e+00 0.00000000000000e+00 0.00000000000000e+00 
1.00000000000000e+03 3.26904184861546e+02 3.25134811018235e+02 8.22529002682460e+20 8.28659302154527e+19 1.25240077490977e+18 6.67132891235836e+16 7.98543151066964e+15 1.94400025679670e+20 6.97763193478652e+16 5.53614926475055e+12 9.46760950494986e+14 2.08695381121521e+17 1.62231230198502e+13 0.00000000000000e+00 0.00000000000000e+00 0.00000000000000e+00 0.00000000000000e+00 0.00000000000000e+00 0.00000000000000e+00 0.00000000000000e+00 
