Time(s)              GasTemp(K)           NearWallTemp(K)      [O2(X)](m^-3)        [O2(a1Dg)](m^-3)     [O2(b1Sg+)](m^-3)    [O2(A3Su+_C3Du_c1Su-)](m^-3) [O2(+,X)](m^-3)      [O(3P)](m^-3)        [O(1D)](m^-3)        [O(+,gnd)](m^-3)     [O(-,gnd)](m^-3)     [O3(X)](m^-3)        [O3(exc)](m^-3)      [CO2(X)](m^-3)       [CO2(e1)](m^-3)      [CO2(+,X)](m^-3)     [CO(X)](m^-3)        [CO(a3P)](m^-3)      [CO(+,X)](m^-3)      [C(X)](m^-3)        
0.00000000000000e+00 3.49117446510000e+02 3.34835350929500e+02 1.56337351483279e+22 1.56337351483279e-03 1.56337351483279e-03 1.56337351483279e-03 0.00000000000000e+00 0.00000000000000e+00 0.00000000000000e+00 0.00000000000000e+00 0.00000000000000e+00 0.00000000000000e+00 0.00000000000000e+00 0.00000000000000e+00 0.00000000000000e+00 0.00000000000000e+00 0.00000000000000e+00 0.00000000000000e+00 0.00000000000000e+00 0.00000000000000e+00 
2.37478892699236e-16 3.49117446509992e+02 3.37309638343614e+02 1.56337351483279e+22 8.39123122336438e+06 1.98814169304902e+06 2.67539443118956e+06 1.51913360928017e+02 7.01558095421339e+06 1.04363220165962e+06 3.26529976898436e-03 3.44748759708787e+05 1.08016877636800e-06 9.84256085563468e-11 0.00000000000000e+00 0.00000000000000e+00 0.00000000000000e+00 0.00000000000000e+00 0.00000000000000e+00 0.00000000000000e+00 0.00000000000000e+00 
4.74957785398472e-16 3.49117446509984e+02 3.37309638343610e+02 1.56337351483279e+22 1.67824624451708e+07 3.97628338465151e+06 5.35078886081227e+06 3.03826721856031e+02 1.40311619085805e+07 2.08726440316552e+06 6.53059953776149e-03 6.89497519416322e+05 3.40914027309017e-06 3.10642848947913e-10 0.00000000000000e+00 0.00000000000000e+00 0.00000000000000e+00 0.00000000000000e+00 0.00000000000000e+00 0.00000000000000e+00 0.00000000000000e+00 
7.12436678097708e-16 3.49117446509976e+02 3.37309638343606e+02 1.56337351483279e+22 2.51736936669828e+07 5.96442507637331e+06 8.02618329043141e+06 4.55740082784044e+02 2.10467428631046e+07 3.13089660451443e+06 9.79589930632702e-03 1.03424627912258e+06 7.01324130842213e-06 6.39050636203548e-10 0.00000000000000e+00 0.00000000000000e+00 0.00000000000000e+00 0.00000000000000e+00 0.00000000000000e+00 0.00000000000000e+00 0.00000000000000e+00 
1.74856752789565e-15 3.49117446509942e+02 3.37309638343601e+02 1.56337351483278e+22 6.17850044150615e+07 1.46387746889122e+07 1.96990468126961e+07 1.11854475550645e+03 5.16560310150854e+07 7.68430978141781e+06 2.40425457558076e-02 2.53840027486447e+06 3.66607335419450e-05 3.34054741087080e-09 0.00000000000000e+00 0.00000000000000e+00 0.00000000000000e+00 0.00000000000000e+00 0.00000000000000e+00 0.00000000000000e+00 0.00000000000000e+00 
2.78469837769359e-15 3.49117446509908e+02 3.37309638343582e+02 1.56337351483277e+22 9.83963151632437e+07 2.33131243036810e+07 3.13719103348942e+07 1.78134942822881e+03 8.22653191699996e+07 1.22377229553874e+07 3.82891922013336e-02 4.04255427058246e+06 9.01394840094731e-05 8.21356232796168e-09 0.00000000000000e+00 0.00000000000000e+00 0.00000000000000e+00 0.00000000000000e+00 0.00000000000000e+00 0.00000000000000e+00 0.00000000000000e+00 
3.82082922749153e-15 3.49117446509874e+02 3.37309638343563e+02 1.56337351483277e+22 1.35007625911531e+08 3.19874739207147e+07 4.30447738570248e+07 2.44415410095113e+03 1.12874607327894e+08 1.67911361263770e+07 5.25358386428424e-02 5.54670826627619e+06 1.67825859015525e-04 1.52923901047744e-08 0.00000000000000e+00 0.00000000000000e+00 0.00000000000000e+00 0.00000000000000e+00 0.00000000000000e+00 0.00000000000000e+00 0.00000000000000e+00 
4.85696007728946e-15 3.49117446509840e+02 3.37309638343544e+02 1.56337351483276e+22 1.71618936659924e+08 4.06618235400260e+07 5.47176373790873e+07 3.10695877367341e+03 1.43483895488784e+08 2.13445492943702e+07 6.67824850803121e-02 7.05086226194552e+06 2.69852685699814e-04 2.45891340279576e-08 0.00000000000000e+00 0.00000000000000e+00 0.00000000000000e+00 0.00000000000000e+00 0.00000000000000e+00 0.00000000000000e+00 0.00000000000000e+00 
7.93202886462082e-15 3.49117446509738e+02 3.37309638343524e+02 1.56337351483274e+22 2.80275385764082e+08 6.64058903090607e+07 8.93608084438791e+07 5.07405584600056e+03 2.34327312285650e+08 3.48583431295284e+07 1.09064227553167e-01 1.15149480520515e+07 7.16143091362620e-04 6.52553759589361e-08 0.00000000000000e+00 0.00000000000000e+00 0.00000000000000e+00 0.00000000000000e+00 0.00000000000000e+00 0.00000000000000e+00 0.00000000000000e+00 
1.10070976519522e-14 3.49117446509637e+02 3.37309638343468e+02 1.56337351483271e+22 3.88931834869171e+08 9.21499570981764e+07 1.24003979508071e+08 7.04115291832733e+03 3.25170729108935e+08 4.83721369382664e+07 1.51345969990408e-01 1.59790338419424e+07 1.37705017457641e-03 1.25477614669682e-07 0.00000000000000e+00 0.00000000000000e+00 0.00000000000000e+00 0.00000000000000e+00 0.00000000000000e+00 0.00000000000000e+00 0.00000000000000e+00 
1.40821664392835e-14 3.49117446509535e+02 3.37309638343411e+02 1.56337351483269e+22 4.97588283975192e+08 1.17894023907374e+08 1.58647150571664e+08 9.00824999065370e+03 4.16014145958638e+08 6.18859307205833e+07 1.93627712392033e-01 2.04431196316181e+07 2.25258060911961e-03 2.05256458285147e-07 0.00000000000000e+00 0.00000000000000e+00 0.00000000000000e+00 0.00000000000000e+00 0.00000000000000e+00 0.00000000000000e+00 0.00000000000000e+00 
1.71572352266149e-14 3.49117446509434e+02 3.37309638343354e+02 1.56337351483267e+22 6.06244733082145e+08 1.43638090736653e+08 1.93290321634658e+08 1.09753470629797e+04 5.06857562834759e+08 7.53997244764792e+07 2.35909454758044e-01 2.49072054210786e+07 3.34273287921718e-03 3.04591768693589e-07 0.00000000000000e+00 0.00000000000000e+00 0.00000000000000e+00 0.00000000000000e+00 0.00000000000000e+00 0.00000000000000e+00 0.00000000000000e+00 
4.79079230999285e-14 3.49117446508419e+02 3.37309638343297e+02 1.56337351483244e+22 1.69280922420291e+09 4.01078760133917e+08 5.39722032231627e+08 3.06463177862181e+04 1.41529173304897e+09 2.10537660582304e+08 6.58726876459340e-01 6.95480633038500e+07 2.60483276478460e-02 2.37353880442617e-06 0.00000000000000e+00 0.00000000000000e+00 0.00000000000000e+00 0.00000000000000e+00 0.00000000000000e+00 0.00000000000000e+00 0.00000000000000e+00 
7.86586109732421e-14 3.49117446507404e+02 3.37309638342727e+02 1.56337351483222e+22 2.77937371541684e+09 6.58519431539318e+08 8.86153742768655e+08 5.03172885094175e+04 2.32372590590501e+09 3.45675594046061e+08 1.08154429459916e+00 1.14188921165105e+08 7.02159141499757e-02 6.39811504801137e-06 0.00000000000000e+00 0.00000000000000e+00 0.00000000000000e+00 0.00000000000000e+00 0.00000000000000e+00 0.00000000000000e+00 0.00000000000000e+00 
1.09409298846556e-13 3.49117446506389e+02 3.37309638342157e+02 1.56337351483200e+22 3.86593820672392e+09 9.15960104952856e+08 1.23258545324574e+09 6.99882592325780e+04 3.23216008140287e+09 4.80813524867752e+08 1.50436170917751e+00 1.58829779004845e+08 1.35845473801385e-01 1.23783188122975e-05 0.00000000000000e+00 0.00000000000000e+00 0.00000000000000e+00 0.00000000000000e+00 0.00000000000000e+00 0.00000000000000e+00 0.00000000000000e+00 
1.40159986719869e-13 3.49117446505374e+02 3.37309638341587e+02 1.56337351483177e+22 4.95250269812417e+09 1.17340078037453e+09 1.57901716366289e+09 8.96592299556995e+04 4.14059425954254e+09 6.15951453047377e+08 1.92717912019438e+00 2.03470636823068e+08 2.22937003597419e-01 2.03141498300482e-05 0.00000000000000e+00 0.00000000000000e+00 0.00000000000000e+00 0.00000000000000e+00 0.00000000000000e+00 0.00000000000000e+00 0.00000000000000e+00 
4.47666865453005e-13 3.49117446495225e+02 3.37309638341017e+02 1.56337351482954e+22 1.58181476172505e+10 3.74780764503871e+09 5.04333426453765e+09 2.86368937184770e+05 1.32249361862394e+10 1.96733058953004e+09 6.15535303448214e+00 6.49879213821916e+08 2.27426071888802e+00 2.07231966728266e-04 0.00000000000000e+00 0.00000000000000e+00 0.00000000000000e+00 0.00000000000000e+00 0.00000000000000e+00 0.00000000000000e+00 0.00000000000000e+00 
7.55173744186141e-13 3.49117446485077e+02 3.37309638335319e+02 1.56337351482730e+22 2.66837925456929e+10 6.32221471051641e+09 8.50765135941837e+09 4.83078644409944e+05 2.23092783771181e+10 3.31870946180621e+09 1.03835265926227e+01 1.09628778866916e+09 6.47178153475436e+00 5.89712524301934e-04 0.00000000000000e+00 0.00000000000000e+00 0.00000000000000e+00 0.00000000000000e+00 0.00000000000000e+00 0.00000000000000e+00 0.00000000000000e+00 
1.06268062291928e-12 3.49117446474928e+02 3.37309638329620e+02 1.56337351482507e+22 3.75494374834514e+10 8.89662197680760e+09 1.19719684483050e+10 6.79788351631219e+05 3.13936208321787e+10 4.67008806987592e+09 1.46116997946160e+01 1.54269636136479e+09 1.28154994526723e+01 1.16775582893897e-03 0.00000000000000e+00 0.00000000000000e+00 0.00000000000000e+00 0.00000000000000e+00 0.00000000000000e+00 0.00000000000000e+00 0.00000000000000e+00 
1.37018750165241e-12 3.49117446464779e+02 3.37309638323922e+02 1.56337351482284e+22 4.84150824305260e+10 1.14710294439122e+10 1.54362855311977e+10 8.76498058848596e+05 4.04779635514210e+10 6.02146641373924e+09 1.88398726404622e+01 1.98910493190882e+09 2.13054144647507e+01 1.94136188646997e-03 0.00000000000000e+00 0.00000000000000e+00 0.00000000000000e+00 0.00000000000000e+00 0.00000000000000e+00 0.00000000000000e+00 0.00000000000000e+00 
4.44525628898377e-12 3.49117446363290e+02 3.37309638318224e+02 1.56337351480049e+22 1.57071532413656e+11 3.72151151596839e+10 5.00794560304523e+10 2.84359513080799e+06 1.31321405273825e+11 1.95352353210391e+10 6.11215815108417e+01 6.45319051901072e+09 2.24245401150687e+02 2.04333759114549e-02 0.00000000000000e+00 0.00000000000000e+00 0.00000000000000e+00 0.00000000000000e+00 0.00000000000000e+00 0.00000000000000e+00 0.00000000000000e+00 
7.52032507631513e-12 3.49117446261802e+02 3.37309638261239e+02 1.56337351477814e+22 2.65727983328394e+11 6.29592209567551e+10 8.47226259303036e+10 4.81069220237759e+06 2.22164873414351e+11 3.30489778077580e+10 1.03403254766541e+02 1.09172758909520e+10 6.41805085884807e+02 5.84816716722750e-02 0.00000000000000e+00 0.00000000000000e+00 0.00000000000000e+00 0.00000000000000e+00 0.00000000000000e+00 0.00000000000000e+00 0.00000000000000e+00 
1.05953938636465e-11 3.49117446160314e+02 3.37309638204255e+02 1.56337351475580e+22 3.74384435174739e+11 8.87033468350883e+10 1.19365795230751e+11 6.77778927355739e+06 3.13008367972949e+11 4.65626938739453e+10 1.45684892407592e+02 1.53813610477325e+10 1.27398445919614e+03 1.16086254559349e-01 0.00000000000000e+00 0.00000000000000e+00 0.00000000000000e+00 0.00000000000000e+00 0.00000000000000e+00 0.00000000000000e+00 0.00000000000000e+00 
1.36704626509779e-11 3.49117446058825e+02 3.37309638147271e+02 1.56337351473345e+22 4.83040887952688e+11 1.14447492794644e+11 1.54008963931796e+11 8.74488634434739e+06 4.03851888949567e+11 6.00763835196524e+10 1.87966494434025e+02 1.98454459893524e+10 2.12078351116937e+03 1.93247130218788e-01 0.00000000000000e+00 0.00000000000000e+00 0.00000000000000e+00 0.00000000000000e+00 0.00000000000000e+00 0.00000000000000e+00 0.00000000000000e+00 
4.44211505242915e-11 3.49117445043942e+02 3.37309638090287e+02 1.56337351451000e+22 1.56960546697001e+12 3.71890056843173e+11 5.00440617975058e+11 2.84158570308066e+07 1.31228855168821e+12 1.95211826868988e+11 6.10780555905983e+02 6.44862835717176e+10 2.23928527701039e+04 2.04045403217843e+00 0.00000000000000e+00 0.00000000000000e+00 0.00000000000000e+00 0.00000000000000e+00 0.00000000000000e+00 0.00000000000000e+00 0.00000000000000e+00 
7.51718383976051e-11 3.49117444029058e+02 3.37309637520446e+02 1.56337351428654e+22 2.65617013914643e+12 6.29334628968906e+11 8.46872212077993e+11 4.80868276782802e+07 2.22072785616996e+12 3.30344628229263e+11 1.03359105595275e+03 1.09127099638024e+11 6.41268785690975e+04 5.84329666147619e+00 0.00000000000000e+00 0.00000000000000e+00 0.00000000000000e+00 0.00000000000000e+00 0.00000000000000e+00 0.00000000000000e+00 0.00000000000000e+00 
1.05922526270919e-10 3.49117443014176e+02 3.37309636950605e+02 1.56337351406308e+22 3.74273490448076e+12 8.86781209134194e+11 1.19330374624061e+12 6.77577982867636e+07 3.12916980234553e+12 4.65474787649740e+11 1.45639799460485e+03 1.53767894188278e+11 1.27322851442165e+05 1.16017804087880e+01 0.00000000000000e+00 0.00000000000000e+00 0.00000000000000e+00 0.00000000000000e+00 0.00000000000000e+00 0.00000000000000e+00 0.00000000000000e+00 
1.36673214144232e-10 3.49117441999293e+02 3.37309636380764e+02 1.56337351383963e+22 4.82929976297178e+12 1.14422979729960e+12 1.53973522046292e+12 8.74287688562519e+07 4.03761439016334e+12 6.00602305182018e+11 1.87920137189425e+03 1.98408667222484e+11 2.11980761474965e+05 1.93159109200198e+01 0.00000000000000e+00 0.00000000000000e+00 0.00000000000000e+00 0.00000000000000e+00 0.00000000000000e+00 0.00000000000000e+00 0.00000000000000e+00 
4.44180092877368e-10 3.49117431850496e+02 3.37309635810924e+02 1.56337351160504e+22 1.56949534710530e+13 3.71882610469497e+12 5.00404666597285e+12 2.84138472404657e+08 1.31222055399961e+13 1.95173219532062e+12 6.10703928140817e+03 6.44815214184237e+11 2.23896281838423e+06 2.04019830591199e+02 0.00000000000000e+00 0.00000000000000e+00 0.00000000000000e+00 0.00000000000000e+00 0.00000000000000e+00 0.00000000000000e+00 0.00000000000000e+00 
7.51686971610504e-10 3.49117421701745e+02 3.37309630112534e+02 1.56337350937044e+22 2.65606164933930e+13 6.29362316706007e+12 8.46835211746376e+12 4.80848172048034e+08 2.22070607951087e+13 3.30259795557861e+12 1.03345210911774e+04 1.09121960954842e+12 6.41212726515308e+06 5.84294875350968e+02 0.00000000000000e+00 0.00000000000000e+00 0.00000000000000e+00 0.00000000000000e+00 0.00000000000000e+00 0.00000000000000e+00 0.00000000000000e+00 
1.05919385034364e-09 3.49117411553041e+02 3.37309624414171e+02 1.56337350713582e+22 3.74262888288138e+13 8.86862094676008e+12 1.19326515749454e+13 6.77557867781766e+08 3.12921801062516e+13 4.65319963520212e+12 1.45616468317240e+04 1.53762185332097e+12 1.27314646358400e+07 1.16014643391266e+03 0.00000000000000e+00 0.00000000000000e+00 0.00000000000000e+00 0.00000000000000e+00 0.00000000000000e+00 0.00000000000000e+00 0.00000000000000e+00 
1.36670072907678e-09 3.49117401404383e+02 3.37309618715833e+02 1.56337350490117e+22 4.82919704760823e+13 1.14438194043848e+13 1.53969450384281e+13 8.74267559601018e+08 4.03775634218518e+13 6.00353728576035e+12 1.87884165350129e+04 1.98402194550809e+12 2.11969650161736e+07 1.93158014924193e+03 0.00000000000000e+00 0.00000000000000e+00 0.00000000000000e+00 0.00000000000000e+00 0.00000000000000e+00 0.00000000000000e+00 0.00000000000000e+00 
4.44176951640814e-09 3.49117299920349e+02 3.37309613017522e+02 1.56337348255360e+22 1.56949298654704e+14 3.72068270247314e+13 5.00395500070127e+13 2.84136426074811e+09 1.31245898186009e+14 1.94924108284500e+13 6.10365430775765e+04 6.44790453242771e+12 2.23887347228361e+08 2.04049750628496e+04 0.00000000000000e+00 0.00000000000000e+00 0.00000000000000e+00 0.00000000000000e+00 0.00000000000000e+00 0.00000000000000e+00 0.00000000000000e+00 
7.51683830373950e-09 3.49117198440941e+02 3.37309556035847e+02 1.56337346020396e+22 2.65607556610553e+14 6.29898574598755e+13 8.46815555873886e+13 4.80846056492491e+09 2.22140574537380e+14 3.29549403190181e+13 1.03249102394399e+05 1.09115719678980e+13 6.41182704624707e+08 5.84430203331448e+04 0.00000000000000e+00 0.00000000000000e+00 0.00000000000000e+00 0.00000000000000e+00 0.00000000000000e+00 0.00000000000000e+00 0.00000000000000e+00 
1.05919070910709e-08 3.49117096966153e+02 3.37309499056781e+02 1.56337343785228e+22 3.74266743170402e+14 8.87928732198688e+13 1.19322961789327e+14 6.77555646751639e+09 3.13061543415995e+14 4.63911748139928e+13 1.45426124952483e+05 1.53750242578456e+13 1.27307357172400e+09 1.16051085091373e+05 0.00000000000000e+00 0.00000000000000e+00 0.00000000000000e+00 0.00000000000000e+00 0.00000000000000e+00 0.00000000000000e+00 0.00000000000000e+00 
1.36669758784022e-08 3.49116995495976e+02 3.37309442080322e+02 1.56337341549854e+22 4.82926857107691e+14 1.14615835110909e+14 1.53963768623063e+14 8.74265196368924e+09 4.04008753532186e+14 5.98011655994354e+13 1.87567642634554e+05 1.98382614084756e+13 2.11955003494370e+09 1.93234782993088e+05 0.00000000000000e+00 0.00000000000000e+00 0.00000000000000e+00 0.00000000000000e+00 0.00000000000000e+00 0.00000000000000e+00 0.00000000000000e+00 
3.44222172682066e-08 3.49116310740955e+02 3.37309385106464e+02 1.56337326456827e+22 1.21635474016336e+15 2.89427150088412e+14 3.87756947813362e+14 2.20195933493001e+10 1.01854127259217e+15 1.49629701733085e+14 4.71076564464016e+05 4.99573483131179e+13 1.34441168907681e+10 1.22656811626802e+06 0.00000000000000e+00 0.00000000000000e+00 0.00000000000000e+00 0.00000000000000e+00 0.00000000000000e+00 0.00000000000000e+00 0.00000000000000e+00 
5.51774586580109e-08 3.49115626193472e+02 3.37309000627947e+02 1.56337311354608e+22 1.94982444180769e+15 4.65133422360253e+14 6.21522825780274e+14 3.52965145134640e+10 1.63425129809736e+15 2.38280617537358e+14 7.52979235636211e+05 8.00666365121735e+13 3.45408510140435e+10 3.15365253121944e+06 0.00000000000000e+00 0.00000000000000e+00 0.00000000000000e+00 0.00000000000000e+00 0.00000000000000e+00 0.00000000000000e+00 0.00000000000000e+00 
7.59327000478153e-08 3.49114941851308e+02 3.37308616266515e+02 1.56337296243320e+22 2.68333559205028e+15 6.41722830346960e+14 8.55261405677135e+14 4.85734139679751e+10 2.25112336011692e+15 3.25769381835448e+14 1.03328538335935e+06 1.10166127911367e+14 6.54066981486825e+10 5.97618036315243e+06 0.00000000000000e+00 0.00000000000000e+00 0.00000000000000e+00 0.00000000000000e+00 0.00000000000000e+00 0.00000000000000e+00 0.00000000000000e+00 
9.66879414376196e-08 3.49114257712278e+02 3.37308232020921e+02 1.56337281123081e+22 3.41688782610729e+15 8.19183719581243e+14 1.08897269065513e+15 6.18502902262953e+10 2.86914220739719e+15 4.12111244776102e+14 1.31200466736575e+06 1.40255824411268e+14 1.06038606338421e+11 9.69581975112761e+06 0.00000000000000e+00 0.00000000000000e+00 0.00000000000000e+00 0.00000000000000e+00 0.00000000000000e+00 0.00000000000000e+00 0.00000000000000e+00 
1.17443182827424e-07 3.49113573774226e+02 3.37307847889937e+02 1.56337265994012e+22 4.15048078428857e+15 9.97504599086329e+14 1.32265668386344e+15 7.51271418034775e+10 3.48829280262249e+15 4.97321242572751e+14 1.58914668119688e+06 1.70335727907489e+14 1.56433525778911e+11 1.43142152389881e+07 0.00000000000000e+00 0.00000000000000e+00 0.00000000000000e+00 0.00000000000000e+00 0.00000000000000e+00 0.00000000000000e+00 0.00000000000000e+00 
2.89369975348039e-07 3.49107915801749e+02 3.37307463872352e+02 1.56337140347349e+22 1.02287446216736e+16 2.50623566798739e+15 3.25733753093925e+15 1.85105277332607e+11 8.65865032906978e+15 1.16155550569959e+15 3.82546052582552e+06 4.19127401428845e+14 9.48869845486481e+11 8.73376358292826e+07 0.00000000000000e+00 0.00000000000000e+00 0.00000000000000e+00 0.00000000000000e+00 0.00000000000000e+00 0.00000000000000e+00 0.00000000000000e+00 
4.61296767868654e-07 3.49102270343921e+02 3.37304287054841e+02 1.56337014164853e+22 1.63095899047686e+16 4.06717704596120e+15 5.19014770428271e+15 2.95080776257534e+11 1.38977668292507e+16 1.75702205822227e+15 5.95944856050062e+06 6.67248303479438e+14 2.40927359825827e+12 2.23003229322569e+08 0.00000000000000e+00 0.00000000000000e+00 0.00000000000000e+00 0.00000000000000e+00 0.00000000000000e+00 0.00000000000000e+00 0.00000000000000e+00 
6.33223560389269e-07 3.49096636380165e+02 3.37301117301843e+02 1.56336887502616e+22 2.23928462405464e+16 5.67489049285288e+15 7.12108899055999e+15 4.05052801069516e+11 1.91985256549462e+16 2.29083693727062e+15 7.99611500724724e+06 9.14699484849445e+14 4.53591610729851e+12 4.22087963384070e+08 0.00000000000000e+00 0.00000000000000e+00 0.00000000000000e+00 0.00000000000000e+00 0.00000000000000e+00 0.00000000000000e+00 0.00000000000000e+00 
8.05150352909885e-07 3.49091012995553e+02 3.37297954040118e+02 1.56336760410914e+22 2.84783608038240e+16 7.32450174445816e+15 9.05016317541493e+15 5.15020517678955e+11 2.45545481561494e+16 2.76937819003989e+15 9.94021739933392e+06 1.16148198392403e+15 7.32707061656858e+12 6.85287895990712e+08 0.00000000000000e+00 0.00000000000000e+00 0.00000000000000e+00 0.00000000000000e+00 0.00000000000000e+00 0.00000000000000e+00 0.00000000000000e+00 
9.77077145430500e-07 3.49085399369154e+02 3.37294796755772e+02 1.56336632934850e+22 3.45659963991049e+16 9.01163828356226e+15 1.09773720431472e+16 6.24983095565261e+11 2.99601122507453e+16 3.19836730373242e+15 1.17962791909765e+07 1.40759682851742e+15 1.07810125906526e+13 1.01322685972154e+09 0.00000000000000e+00 0.00000000000000e+00 0.00000000000000e+00 0.00000000000000e+00 0.00000000000000e+00 0.00000000000000e+00 0.00000000000000e+00 
1.14900393795111e-06 3.49079794764435e+02 3.37291644987703e+02 1.56336505114881e+22 4.06556298650524e+16 1.07323781096505e+16 1.29027173763247e+16 7.34939707957705e+11 3.54100853866414e+16 3.58293624312342e+15 1.35686004059565e+07 1.65304503724199e+15 1.48960200792310e+13 1.40646350968516e+09 0.00000000000000e+00 0.00000000000000e+00 0.00000000000000e+00 0.00000000000000e+00 0.00000000000000e+00 0.00000000000000e+00 0.00000000000000e+00 
1.63958841877468e-06 3.49063846252564e+02 3.37288498322218e+02 1.56336138806698e+22 5.80421314067762e+16 1.57970779870717e+16 1.83863642033442e+16 1.04865528459304e+12 5.11660857509610e+16 4.47544276439348e+15 1.82010554593894e+07 2.34976312897610e+15 3.02571184444756e+13 2.89181936268645e+09 0.00000000000000e+00 0.00000000000000e+00 0.00000000000000e+00 0.00000000000000e+00 0.00000000000000e+00 0.00000000000000e+00 0.00000000000000e+00 
2.13017289959824e-06 3.49047953541328e+02 3.37279544348012e+02 1.56335770667576e+22 7.54419425797392e+16 2.10414382558159e+16 2.38548936017773e+16 1.36229664687895e+12 6.71607299088031e+16 5.12919696837195e+15 2.22704331424429e+07 3.04108480153956e+15 5.09468999733680e+13 4.92217819849642e+09 0.00000000000000e+00 0.00000000000000e+00 0.00000000000000e+00 0.00000000000000e+00 0.00000000000000e+00 0.00000000000000e+00 0.00000000000000e+00 
2.62075738042181e-06 3.49032107510024e+02 3.37270622003165e+02 1.56335401197609e+22 9.28535308069930e+16 2.64169953126191e+16 2.93083467723130e+16 1.67584507769413e+12 8.33305917536660e+16 5.60761216821052e+15 2.58514140653316e+07 3.72703301584002e+15 7.69256818984132e+13 7.50436562788670e+09 0.00000000000000e+00 0.00000000000000e+00 0.00000000000000e+00 0.00000000000000e+00 0.00000000000000e+00 0.00000000000000e+00 0.00000000000000e+00 
3.11134186124537e-06 3.49016301423497e+02 3.37261726164556e+02 1.56335030765589e+22 1.10275760211672e+17 3.18880189600990e+16 3.47467648116140e+16 1.98928209970984e+12 9.96289077112023e+16 5.95743947539910e+15 2.90087441685592e+07 4.40763059549158e+15 1.08153936680912e+14 1.06433550314280e+10 0.00000000000000e+00 0.00000000000000e+00 0.00000000000000e+00 0.00000000000000e+00 0.00000000000000e+00 0.00000000000000e+00 0.00000000000000e+00 
3.60192634206893e-06 3.49000530271890e+02 3.37252853048861e+02 1.56334659645343e+22 1.27707781839303e+17 3.74279880790830e+16 4.01701887109688e+16 2.30258947500952e+12 1.16020964941656e+17 6.21337955661734e+15 3.17986263248823e+07 5.08290030826078e+15 1.44592292285311e+14 1.43427853972591e+10 0.00000000000000e+00 0.00000000000000e+00 0.00000000000000e+00 0.00000000000000e+00 0.00000000000000e+00 0.00000000000000e+00 0.00000000000000e+00 
4.09251082289250e-06 3.48984790374330e+02 3.37243999841714e+02 1.56334288037551e+22 1.45148967769089e+17 4.30174753287627e+16 4.55786593551955e+16 2.61574920484956e+12 1.32481333340836e+17 6.40085060542202e+15 3.42698097521242e+07 5.75286490839569e+15 1.86201532791058e+14 1.86052825718092e+10 0.00000000000000e+00 0.00000000000000e+00 0.00000000000000e+00 0.00000000000000e+00 0.00000000000000e+00 0.00000000000000e+00 0.00000000000000e+00 
4.83943952242649e-06 3.48960880053829e+02 3.37235164475089e+02 1.56333721638388e+22 1.71720246522071e+17 5.15917199901801e+16 5.37845853789720e+16 3.09222022009707e+12 1.57633306481552e+17 6.59535284535770e+15 3.75142590915849e+07 6.76276879369951e+15 2.59394452069993e+14 2.61804537082660e+10 0.00000000000000e+00 0.00000000000000e+00 0.00000000000000e+00 0.00000000000000e+00 0.00000000000000e+00 0.00000000000000e+00 0.00000000000000e+00 
5.58636822196047e-06 3.48937029775801e+02 3.37221743324118e+02 1.56333154780704e+22 1.98310613706730e+17 6.02158123641337e+16 6.19560863210095e+16 3.56824624938403e+12 1.82858606183777e+17 6.71609530071306e+15 4.02415012072197e+07 7.76050822312889e+15 3.44346295631845e+14 3.50693493366092e+10 0.00000000000000e+00 0.00000000000000e+00 0.00000000000000e+00 0.00000000000000e+00 0.00000000000000e+00 0.00000000000000e+00 0.00000000000000e+00 
6.33329692149446e-06 3.48913235512767e+02 3.37208356555793e+02 1.56332587679407e+22 2.24919344322357e+17 6.88690275256820e+16 7.00933050402318e+16 4.04376694892965e+12 2.08130084736567e+17 6.79018638455859e+15 4.25518014166357e+07 8.74616387281918e+15 4.40920747364681e+14 4.52743338922330e+10 0.00000000000000e+00 0.00000000000000e+00 0.00000000000000e+00 0.00000000000000e+00 0.00000000000000e+00 0.00000000000000e+00 0.00000000000000e+00 
7.08022562102845e-06 3.48889494488894e+02 3.37195001904778e+02 1.56332020480539e+22 2.51545921750245e+17 7.75373178279369e+16 7.81963838115908e+16 4.51872325023388e+12 2.33429332523921e+17 6.83599728428008e+15 4.45262848689512e+07 9.71981664616716e+15 5.48982337576084e+14 5.67967257569423e+10 0.00000000000000e+00 0.00000000000000e+00 0.00000000000000e+00 0.00000000000000e+00 0.00000000000000e+00 0.00000000000000e+00 0.00000000000000e+00 
7.82715432056244e-06 3.48865804892782e+02 3.37181677808614e+02 1.56331453277060e+22 2.78189990048661e+17 8.62117815170372e+16 8.62654643270146e+16 4.99305735844825e+12 2.58744674110133e+17 6.86516584859225e+15 4.62305031945242e+07 1.06815476936044e+16 6.68396446573139e+14 6.96371303525915e+10 0.00000000000000e+00 0.00000000000000e+00 0.00000000000000e+00 0.00000000000000e+00 0.00000000000000e+00 0.00000000000000e+00 0.00000000000000e+00 
8.57408302009643e-06 3.48842165679070e+02 3.37168383246367e+02 1.56330886119766e+22 3.04851320992476e+17 9.48876046606620e+16 9.43006876962085e+16 5.46671275057081e+12 2.84069783683120e+17 6.88398111540360e+15 4.77171727034447e+07 1.16314384027431e+16 7.99029308236473e+14 8.37956516113025e+10 0.00000000000000e+00 0.00000000000000e+00 0.00000000000000e+00 0.00000000000000e+00 0.00000000000000e+00 0.00000000000000e+00 0.00000000000000e+00 
9.89951355220464e-06 3.48800339501657e+02 3.37155117627159e+02 1.56329879911249e+22 3.52204005966263e+17 1.10276652781732e+17 1.08476340348951e+17 6.30537660131490e+12 3.29020767598950e+17 6.90442825581938e+15 4.99481849380616e+07 1.32881319738454e+16 1.05804427673724e+15 1.12164259891147e+11 0.00000000000000e+00 0.00000000000000e+00 0.00000000000000e+00 0.00000000000000e+00 0.00000000000000e+00 0.00000000000000e+00 0.00000000000000e+00 
1.12249440843129e-05 3.48758667533574e+02 3.37131647664681e+02 1.56328874033782e+22 3.99609840596277e+17 1.25652933762077e+17 1.22546603918184e+17 7.14143105558122e+12 3.73979977665178e+17 6.91449735597087e+15 5.18009020232157e+07 1.49082557651418e+16 1.35123170394210e+15 1.44680509492169e+11 0.00000000000000e+00 0.00000000000000e+00 0.00000000000000e+00 0.00000000000000e+00 0.00000000000000e+00 0.00000000000000e+00 0.00000000000000e+00 
1.25503746164211e-05 3.48717148430854e+02 3.37108266313705e+02 1.56327868523933e+22 4.47068304439537e+17 1.41013493080698e+17 1.36512253383877e+17 7.97458969047081e+12 4.18943409943300e+17 6.91800347247129e+15 5.33938313320809e+07 1.64922682021850e+16 1.67786417720722e+15 1.81341444713822e+11 0.00000000000000e+00 0.00000000000000e+00 0.00000000000000e+00 0.00000000000000e+00 0.00000000000000e+00 0.00000000000000e+00 0.00000000000000e+00 
1.38758051485293e-05 3.48675781070563e+02 3.37084972797656e+02 1.56326863406195e+22 4.94578916842668e+17 1.56356532509056e+17 1.50374058027398e+17 8.80457851718971e+12 4.63908577798679e+17 6.91725101712631e+15 5.48085032891055e+07 1.80406288293147e+16 2.03722289856128e+15 2.22144054049394e+11 0.00000000000000e+00 0.00000000000000e+00 0.00000000000000e+00 0.00000000000000e+00 0.00000000000000e+00 0.00000000000000e+00 0.00000000000000e+00 
1.52012356806375e-05 3.48634564140365e+02 3.37061766464282e+02 1.56325858715659e+22 5.42141168455656e+17 1.71679212001971e+17 1.64132781467537e+17 9.63113589226724e+12 5.08871635451355e+17 6.91590998223196e+15 5.61028201399960e+07 1.95537979200366e+16 2.42859772092255e+15 2.67085112285162e+11 0.00000000000000e+00 0.00000000000000e+00 0.00000000000000e+00 0.00000000000000e+00 0.00000000000000e+00 0.00000000000000e+00 0.00000000000000e+00 
1.65266662127457e-05 3.48593496449827e+02 3.37038646555398e+02 1.56324854480866e+22 5.89754572987188e+17 1.86979312448205e+17 1.77789181705857e+17 1.04540124156600e+13 5.53829553729758e+17 6.91684014014160e+15 5.73167105686813e+07 2.10322363540725e+16 2.85128717394603e+15 3.16160998220264e+11 0.00000000000000e+00 0.00000000000000e+00 0.00000000000000e+00 0.00000000000000e+00 0.00000000000000e+00 0.00000000000000e+00 0.00000000000000e+00 
1.89548301888101e-05 3.48518646590493e+02 3.37015612381517e+02 1.56323015898153e+22 6.77112902641478e+17 2.14954464629354e+17 2.02544502031975e+17 1.19511930787063e+13 6.36183422691647e+17 6.91877212800896e+15 5.94034437825157e+07 2.36521439949114e+16 3.70459833720330e+15 4.16780636228278e+11 0.00000000000000e+00 0.00000000000000e+00 0.00000000000000e+00 0.00000000000000e+00 0.00000000000000e+00 0.00000000000000e+00 0.00000000000000e+00 
2.13829941648746e-05 3.48444291365673e+02 3.36973635551883e+02 1.56321178838439e+22 7.64639188376039e+17 2.42859417933986e+17 2.26963507577633e+17 1.34338811515123e+13 7.18526229942290e+17 6.92064984240943e+15 6.14000060009569e+07 2.61598777187647e+16 4.65650708392316e+15 5.31241990684006e+11 0.00000000000000e+00 0.00000000000000e+00 0.00000000000000e+00 0.00000000000000e+00 0.00000000000000e+00 0.00000000000000e+00 0.00000000000000e+00 
2.38111581409390e-05 3.48370426200240e+02 3.36931942761057e+02 1.56319343328730e+22 8.52330970214253e+17 2.70694571709746e+17 2.51050717919796e+17 1.49008468302096e+13 8.00857827004293e+17 6.92173605109796e+15 6.33533996334717e+07 2.85582745239147e+16 5.70292410718973e+15 6.59522324407273e+11 0.00000000000000e+00 0.00000000000000e+00 0.00000000000000e+00 0.00000000000000e+00 0.00000000000000e+00 0.00000000000000e+00 0.00000000000000e+00 
2.62393221170035e-05 3.48297046385375e+02 3.36890531314602e+02 1.56317509404732e+22 9.40185798292280e+17 2.98459322772864e+17 2.74810589337839e+17 1.63509937549376e+13 8.83176796806400e+17 6.92262957084729e+15 6.52819396179312e+07 3.08501667491777e+16 6.83986286131784e+15 8.01598702414115e+11 0.00000000000000e+00 0.00000000000000e+00 0.00000000000000e+00 0.00000000000000e+00 0.00000000000000e+00 0.00000000000000e+00 0.00000000000000e+00 
2.86674860930679e-05 3.48224147289990e+02 3.36849398445537e+02 1.56315677099176e+22 1.02820126653699e+18 3.26153204694817e+17 2.98247517322939e+17 1.77833511013685e+13 9.65481941839045e+17 6.92377292495454e+15 6.71948834600405e+07 3.30383783428530e+16 8.06343708987404e+15 9.57447861941265e+11 0.00000000000000e+00 0.00000000000000e+00 0.00000000000000e+00 0.00000000000000e+00 0.00000000000000e+00 0.00000000000000e+00 0.00000000000000e+00 
3.46194118649462e-05 3.48047462123175e+02 3.36808541432853e+02 1.56311192748068e+22 1.24461005442169e+18 3.93736767964410e+17 3.54357139681312e+17 2.12143506841093e+13 1.16716688989528e+18 6.92686527413847e+15 7.18495783408826e+07 3.79811526809096e+16 1.14058629462825e+16 1.39757316057476e+12 0.00000000000000e+00 0.00000000000000e+00 0.00000000000000e+00 0.00000000000000e+00 0.00000000000000e+00 0.00000000000000e+00 0.00000000000000e+00 
4.05713376368245e-05 3.47873573383826e+02 3.36709542939286e+02 1.56306718637157e+22 1.46193627713381e+18 4.60893462552285e+17 4.08614633764708e+17 2.45239899485086e+13 1.36875705271337e+18 6.93038420743776e+15 7.64916129242210e+07 4.23587577265654e+16 1.51931583188437e+16 1.91995654224617e+12 0.00000000000000e+00 0.00000000000000e+00 0.00000000000000e+00 0.00000000000000e+00 0.00000000000000e+00 0.00000000000000e+00 0.00000000000000e+00 
4.65232634087028e-05 3.47702417734012e+02 3.36612147889214e+02 1.56302255074854e+22 1.68014742248384e+18 5.27622873402627e+17 4.61080484617648e+17 2.77058979536650e+13 1.57024584605448e+18 6.93384723270959e+15 8.11312950225222e+07 4.62113744165806e+16 1.93753572246081e+16 2.52423943817514e+12 0.00000000000000e+00 0.00000000000000e+00 0.00000000000000e+00 0.00000000000000e+00 0.00000000000000e+00 0.00000000000000e+00 0.00000000000000e+00 
5.24751891805811e-05 3.47533933635981e+02 3.36516319106688e+02 1.56297802318833e+22 1.89921227927826e+18 5.93924637409366e+17 5.11813114930258e+17 3.07570263661929e+13 1.77162789768801e+18 6.93733845492380e+15 8.57685467839195e+07 4.95781349129938e+16 2.39061035365664e+16 3.21005680206715e+12 0.00000000000000e+00 0.00000000000000e+00 0.00000000000000e+00 0.00000000000000e+00 0.00000000000000e+00 0.00000000000000e+00 0.00000000000000e+00 
5.84271149524594e-05 3.47368061320584e+02 3.36422020499559e+02 1.56293360577157e+22 2.11910085500498e+18 6.59798766014000e+17 5.60869004778383e+17 3.36770457835128e+13 1.97289931013842e+18 6.94099887870637e+15 9.04062190656296e+07 5.24969253691652e+16 2.87424844245264e+16 3.97703807332686e+12 0.00000000000000e+00 0.00000000000000e+00 0.00000000000000e+00 0.00000000000000e+00 0.00000000000000e+00 0.00000000000000e+00 0.00000000000000e+00 
7.34520997581492e-05 3.46960573147264e+02 3.36329217038194e+02 1.56282197724551e+22 2.67766246729533e+18 8.24193698787791e+17 6.77602671914463e+17 4.04873802585582e+13 2.48048541278970e+18 6.95075560920924e+15 1.02141343943374e+08 5.81087107149482e+16 4.20631335600138e+16 6.27171474431812e+12 0.00000000000000e+00 0.00000000000000e+00 0.00000000000000e+00 0.00000000000000e+00 0.00000000000000e+00 0.00000000000000e+00 0.00000000000000e+00 
8.84770845638391e-05 3.46568476248479e+02 3.36101373272101e+02 1.56271107454128e+22 3.24085884460325e+18 9.85883446693404e+17 7.84822461357049e+17 4.65479081705510e+13 2.98734388344602e+18 6.96117742341478e+15 1.13939047579579e+08 6.16320401290363e+16 5.65396344610410e+16 9.07507412319173e+12 0.00000000000000e+00 0.00000000000000e+00 0.00000000000000e+00 0.00000000000000e+00 0.00000000000000e+00 0.00000000000000e+00 0.00000000000000e+00 
1.03502069369529e-04 3.46190939481685e+02 3.35882324529207e+02 1.56260090035061e+22 3.80829187252455e+18 1.14489199164681e+18 8.83295867352470e+17 5.19579197008793e+13 3.49349280860128e+18 6.97209064986532e+15 1.25817378561140e+08 6.35413560592376e+16 7.17276228683144e+16 1.23808728080028e+13 0.00000000000000e+00 0.00000000000000e+00 0.00000000000000e+00 0.00000000000000e+00 0.00000000000000e+00 0.00000000000000e+00 0.00000000000000e+00 
1.18527054175219e-04 3.45827191804640e+02 3.35671585551373e+02 1.56249144615195e+22 4.37960038700203e+18 1.30125000525257e+18 9.73725592730368e+17 5.68312446467141e+13 3.99897293344900e+18 6.98346697380950e+15 1.37781476273121e+08 6.42367148883327e+16 8.72887746425834e+16 1.61827778956112e+13 0.00000000000000e+00 0.00000000000000e+00 0.00000000000000e+00 0.00000000000000e+00 0.00000000000000e+00 0.00000000000000e+00 0.00000000000000e+00 
1.33552038980909e-04 3.45476516053062e+02 3.35468706825856e+02 1.56238269566176e+22 4.95445488848232e+18 1.45499203124943e+18 1.05675662164541e+18 6.12776171774858e+13 4.50383616391430e+18 6.99525854242470e+15 1.49828778760192e+08 6.40463420563154e+16 1.02971533133150e+17 2.04744009063297e+13 0.00000000000000e+00 0.00000000000000e+00 0.00000000000000e+00 0.00000000000000e+00 0.00000000000000e+00 0.00000000000000e+00 0.00000000000000e+00 
1.55252255264373e-04 3.44991785833879e+02 3.35273270863154e+02 1.56222682676164e+22 5.79036365865558e+18 1.67249535808400e+18 1.16479390997698e+18 6.71361797024023e+13 5.23202408006710e+18 7.01289039164307e+15 1.67367352865256e+08 6.27166682764995e+16 1.25495030526561e+17 2.75240595928897e+13 0.00000000000000e+00 0.00000000000000e+00 0.00000000000000e+00 0.00000000000000e+00 0.00000000000000e+00 0.00000000000000e+00 0.00000000000000e+00 
1.76952471547837e-04 3.44531082298811e+02 3.35003370751198e+02 1.56207230749882e+22 6.63222073783093e+18 1.88472950368316e+18 1.26024471282050e+18 7.25295743839184e+13 5.95919794136645e+18 7.03110812195901e+15 1.85031406346797e+08 6.06719465069458e+16 1.47534677951607e+17 3.55623953951210e+13 0.00000000000000e+00 0.00000000000000e+00 0.00000000000000e+00 0.00000000000000e+00 0.00000000000000e+00 0.00000000000000e+00 0.00000000000000e+00 
1.98652687831302e-04 3.44092719935459e+02 3.34747114036122e+02 1.56191906009823e+22 7.47929224095034e+18 2.09180462173447e+18 1.34454945343222e+18 7.76146857914165e+13 6.68549047893496e+18 7.04979371076099e+15 2.02785390279014e+08 5.83024777233888e+16 1.68890125015833e+17 4.45698686817727e+13 0.00000000000000e+00 0.00000000000000e+00 0.00000000000000e+00 0.00000000000000e+00 0.00000000000000e+00 0.00000000000000e+00 0.00000000000000e+00 
2.20352904114766e-04 3.43675176613099e+02 3.34503524639196e+02 1.56176700650577e+22 8.33092985790461e+18 2.29382938173900e+18 1.41897774276439e+18 8.24936210248783e+13 7.41101012007944e+18 7.06884671277564e+15 2.20603756651417e+08 5.58426974603832e+16 1.89480782955323e+17 5.45268355442215e+13 0.00000000000000e+00 0.00000000000000e+00 0.00000000000000e+00 0.00000000000000e+00 0.00000000000000e+00 0.00000000000000e+00 0.00000000000000e+00 
2.42053120398230e-04 3.43277071122120e+02 3.34271722514438e+02 1.56161607227208e+22 9.18655813799692e+18 2.49091068393654e+18 1.48465322775700e+18 8.72320523414175e+13 8.13584272297402e+18 7.08818293490548e+15 2.38465473077708e+08 5.34276100534001e+16 2.09292633159054e+17 6.54135532553375e+13 0.00000000000000e+00 0.00000000000000e+00 0.00000000000000e+00 0.00000000000000e+00 0.00000000000000e+00 0.00000000000000e+00 0.00000000000000e+00 
2.69953304710916e-04 3.42791791653809e+02 3.34050910391570e+02 1.56142354958172e+22 1.02917037147451e+19 2.73720571772966e+18 1.55780440273365e+18 9.31827103746515e+13 9.06686265838047e+18 7.11334851021710e+15 2.61470166180297e+08 5.04971532865954e+16 2.33658531993032e+17 8.07449214703692e+13 0.00000000000000e+00 0.00000000000000e+00 0.00000000000000e+00 0.00000000000000e+00 0.00000000000000e+00 0.00000000000000e+00 0.00000000000000e+00 
2.97853489023602e-04 3.42334164665343e+02 3.33782009772266e+02 1.56123263060312e+22 1.14016501400453e+19 2.97572431853752e+18 1.61997726470481e+18 9.90255755118956e+13 9.99696452764792e+18 7.13874839653452e+15 2.84491569386536e+08 4.78293326494679e+16 2.56852626139443e+17 9.75380472029298e+13 0.00000000000000e+00 0.00000000000000e+00 0.00000000000000e+00 0.00000000000000e+00 0.00000000000000e+00 0.00000000000000e+00 0.00000000000000e+00 
3.25753673336287e-04 3.41902040018715e+02 3.33528697269986e+02 1.56104319754023e+22 1.25155743475880e+19 3.20668490499232e+18 1.67276321440709e+18 1.04786731160158e+14 1.09262230641497e+19 7.16429086145856e+15 3.07512346793354e+08 4.54262487336565e+16 2.78976831478547e+17 1.15750372200733e+14 0.00000000000000e+00 0.00000000000000e+00 0.00000000000000e+00 0.00000000000000e+00 0.00000000000000e+00 0.00000000000000e+00 0.00000000000000e+00 
3.53653857648973e-04 3.41493507582892e+02 3.33289738243749e+02 1.56085514689569e+22 1.36327742685887e+19 3.43030430442322e+18 1.71751600456799e+18 1.10477725407357e+14 1.18546921787760e+19 7.18990421326741e+15 3.30526651411469e+08 4.32608039660698e+16 3.00133244205419e+17 1.35339178428759e+14 0.00000000000000e+00 0.00000000000000e+00 0.00000000000000e+00 0.00000000000000e+00 0.00000000000000e+00 0.00000000000000e+00 0.00000000000000e+00 
3.81554041961658e-04 3.41106859316326e+02 3.33064037541644e+02 1.56066838721846e+22 1.47526489047306e+19 3.64679841664163e+18 1.75539286329585e+18 1.16105813324335e+14 1.27824152274203e+19 7.21554768713815e+15 3.53532528631631e+08 4.13029159183356e+16 3.20412411712373e+17 1.56261667887864e+14 0.00000000000000e+00 0.00000000000000e+00 0.00000000000000e+00 0.00000000000000e+00 0.00000000000000e+00 0.00000000000000e+00 0.00000000000000e+00 
4.53191579681692e-04 3.40204494947917e+02 3.32850617402222e+02 1.56019425270379e+22 1.76371528696325e+19 4.17151617993162e+18 1.82726472441794e+18 1.30308029405002e+14 1.51612821966162e+19 7.28112724778397e+15 4.12554170559225e+08 3.70650258774627e+16 3.68946231065261e+17 2.15792733689612e+14 0.00000000000000e+00 0.00000000000000e+00 0.00000000000000e+00 0.00000000000000e+00 0.00000000000000e+00 0.00000000000000e+00 0.00000000000000e+00 
5.24829117401726e-04 3.39414912513810e+02 3.32353256588843e+02 1.55972697670819e+22 2.05293391634822e+19 4.65419536805100e+18 1.87293629851619e+18 1.44216776848345e+14 1.75359589130338e+19 7.34617333331833e+15 4.71500735006786e+08 3.36883624541591e+16 4.13229873244493e+17 2.83111552445029e+14 0.00000000000000e+00 0.00000000000000e+00 0.00000000000000e+00 0.00000000000000e+00 0.00000000000000e+00 0.00000000000000e+00 0.00000000000000e+00 
5.96466655121759e-04 3.38720793654804e+02 3.31918889765807e+02 1.55926566839719e+22 2.34245233732945e+19 5.09824149261777e+18 1.90139021719531e+18 1.57880578498569e+14 1.99068041248153e+19 7.41058139260853e+15 5.30367014096031e+08 3.09188976280380e+16 4.54032225152054e+17 3.57503354955327e+14 0.00000000000000e+00 0.00000000000000e+00 0.00000000000000e+00 0.00000000000000e+00 0.00000000000000e+00 0.00000000000000e+00 0.00000000000000e+00 
6.68104192841793e-04 3.38108745564956e+02 3.31537682625735e+02 1.55880964996144e+22 2.63197324899013e+19 5.50687407496078e+18 1.91830917911755e+18 1.71331540665965e+14 2.22740736412410e+19 7.47433997119558e+15 5.89161631524075e+08 2.85982156564977e+16 4.91887428188717e+17 4.38266382390942e+14 0.00000000000000e+00 0.00000000000000e+00 0.00000000000000e+00 0.00000000000000e+00 0.00000000000000e+00 0.00000000000000e+00 0.00000000000000e+00 
7.39741730561827e-04 3.37568013058286e+02 3.31202048900486e+02 1.55835838121261e+22 2.92130246503294e+19 5.88309815836611e+18 1.92739183844879e+18 1.84595670441538e+14 2.46379639555500e+19 7.53748147309430e+15 6.47889486180266e+08 2.66264980397369e+16 5.27190612799791e+17 5.24716441090898e+14 0.00000000000000e+00 0.00000000000000e+00 0.00000000000000e+00 0.00000000000000e+00 0.00000000000000e+00 0.00000000000000e+00 0.00000000000000e+00 
8.28669658034630e-04 3.36982830588518e+02 3.30905914100009e+02 1.55780414300864e+22 3.28000550836457e+19 6.30917422282566e+18 1.93140079834563e+18 2.00831090418004e+14 2.75679237329693e+19 7.61508149109881e+15 7.20702127752978e+08 2.45542726096948e+16 5.67921557544059e+17 6.38952089757896e+14 0.00000000000000e+00 0.00000000000000e+00 0.00000000000000e+00 0.00000000000000e+00 0.00000000000000e+00 0.00000000000000e+00 0.00000000000000e+00 
9.17597585507434e-04 3.36479526952151e+02 3.30585849914454e+02 1.55725581569989e+22 3.63803523605411e+19 6.69444169054779e+18 1.93048799767899e+18 2.16845642008291e+14 3.04931581445389e+19 7.69197212294876e+15 7.93430793807825e+08 2.28089589205301e+16 6.05682216524784e+17 7.59716234925072e+14 0.00000000000000e+00 0.00000000000000e+00 0.00000000000000e+00 0.00000000000000e+00 0.00000000000000e+00 0.00000000000000e+00 0.00000000000000e+00 
1.00652551298024e-03 3.36046360226772e+02 3.30310913462102e+02 1.55671280720149e+22 3.99528446838957e+19 7.04328909005065e+18 1.92665363048565e+18 2.32661223068684e+14 3.34138385191362e+19 7.76828064863344e+15 8.66069976385134e+08 2.13036520006151e+16 6.40848159180240e+17 8.85856696687908e+14 0.00000000000000e+00 0.00000000000000e+00 0.00000000000000e+00 0.00000000000000e+00 0.00000000000000e+00 0.00000000000000e+00 0.00000000000000e+00 
1.09545344045304e-03 3.35673657545051e+02 3.30074544999573e+02 1.55617462311184e+22 4.35169121448610e+19 7.35964336794290e+18 1.92104118597797e+18 2.48301877315463e+14 3.63301146440803e+19 7.84409278893497e+15 9.38640963442001e+08 1.99991787943716e+16 6.73712543299750e+17 1.01629223028460e+15 0.00000000000000e+00 0.00000000000000e+00 0.00000000000000e+00 0.00000000000000e+00 0.00000000000000e+00 0.00000000000000e+00 0.00000000000000e+00 
1.18438136792584e-03 3.35353266749157e+02 3.29871358443689e+02 1.55564084201792e+22 4.70721774811975e+19 7.64701292689079e+18 1.91433323668237e+18 2.63783894633438e+14 3.92421011508204e+19 7.91947922140042e+15 1.01113880115302e+09 1.88574879926428e+16 7.04517759722914e+17 1.15001577975161e+15 0.00000000000000e+00 0.00000000000000e+00 0.00000000000000e+00 0.00000000000000e+00 0.00000000000000e+00 0.00000000000000e+00 0.00000000000000e+00 
1.37309306236341e-03 3.34817642262300e+02 3.29696829256054e+02 1.55452117268757e+22 5.45866653506540e+19 8.17409928184852e+18 1.89804909950385e+18 2.96161593306182e+14 4.54076989990254e+19 8.07807042244403e+15 1.16476979271780e+09 1.68411126375857e+16 7.63894332072417e+17 1.44064779045569e+15 0.00000000000000e+00 0.00000000000000e+00 0.00000000000000e+00 0.00000000000000e+00 0.00000000000000e+00 0.00000000000000e+00 0.00000000000000e+00 
1.56180475680098e-03 3.34433904818517e+02 3.29405336399791e+02 1.55341687242563e+22 6.20591828735446e+19 8.60949877486156e+18 1.88096697069660e+18 3.27984036127404e+14 5.15550529044009e+19 8.23516166819466e+15 1.31813428305613e+09 1.52367447434300e+16 8.16389128388598e+17 1.73424849450761e+15 0.00000000000000e+00 0.00000000000000e+00 0.00000000000000e+00 0.00000000000000e+00 0.00000000000000e+00 0.00000000000000e+00 0.00000000000000e+00 
1.75051645123854e-03 3.34162169727438e+02 3.29196713350896e+02 1.55232571123734e+22 6.94892998208442e+19 8.97327487220803e+18 1.86384898448461e+18 3.59328752672121e+14 5.76846727156063e+19 8.39085229471687e+15 1.47123946606128e+09 1.39305236223804e+16 8.63146087074728e+17 2.02451601253007e+15 0.00000000000000e+00 0.00000000000000e+00 0.00000000000000e+00 0.00000000000000e+00 0.00000000000000e+00 0.00000000000000e+00 0.00000000000000e+00 
1.93922814567611e-03 3.33973897678388e+02 3.29049080114497e+02 1.55124600715600e+22 7.68770092407982e+19 9.28078463713762e+18 1.84677837474916e+18 3.90246692089478e+14 6.37969100117456e+19 8.54511808654617e+15 1.62408849244539e+09 1.28421668511980e+16 9.05003741081065e+17 2.30667375961205e+15 0.00000000000000e+00 0.00000000000000e+00 0.00000000000000e+00 0.00000000000000e+00 0.00000000000000e+00 0.00000000000000e+00 0.00000000000000e+00 
2.12793984011367e-03 3.33848021149633e+02 3.28946830746468e+02 1.55017645122494e+22 8.42223769655085e+19 9.54392497551635e+18 1.82980888326839e+18 4.20777259225638e+14 6.98920321248810e+19 8.69795012104934e+15 1.77668287782694e+09 1.19201709834415e+16 9.42608958072826e+17 2.57727915515440e+15 0.00000000000000e+00 0.00000000000000e+00 0.00000000000000e+00 0.00000000000000e+00 0.00000000000000e+00 0.00000000000000e+00 0.00000000000000e+00 
2.38152978485301e-03 3.33749174152360e+02 3.28878474529564e+02 1.54875334101273e+22 9.40265185809357e+19 9.84404574340023e+18 1.80734634030704e+18 4.61251982736610e+14 7.80560759494939e+19 8.90112501005456e+15 1.98132893092338e+09 1.08845874312949e+16 9.87371588082293e+17 2.91871507140285e+15 0.00000000000000e+00 0.00000000000000e+00 0.00000000000000e+00 0.00000000000000e+00 0.00000000000000e+00 0.00000000000000e+00 0.00000000000000e+00 
2.63511972959235e-03 3.33706690156227e+02 3.28824778370027e+02 1.54734474501891e+22 1.03754699641849e+20 1.00980208381216e+19 1.78540195550399e+18 5.01145924894015e+14 8.61900602506627e+19 9.10186072579397e+15 2.18549039392994e+09 1.00261134243555e+16 1.02642147193184e+18 3.23215915105031e+15 0.00000000000000e+00 0.00000000000000e+00 0.00000000000000e+00 0.00000000000000e+00 0.00000000000000e+00 0.00000000000000e+00 0.00000000000000e+00 
2.88870967433169e-03 3.33702090092684e+02 3.28801658836724e+02 1.54594924958407e+22 1.13407408982604e+20 1.03181472882858e+19 1.76399462553467e+18 5.40503581939716e+14 9.42943314413230e+19 9.30021917706915e+15 2.38915362850654e+09 9.29983702871419e+15 1.06054660433256e+18 3.51695563348077e+15 0.00000000000000e+00 0.00000000000000e+00 0.00000000000000e+00 0.00000000000000e+00 0.00000000000000e+00 0.00000000000000e+00 0.00000000000000e+00 
3.14229961907103e-03 3.33722607633311e+02 3.28799084729294e+02 1.54456579121712e+22 1.22985210364175e+20 1.05134509839911e+19 1.74309159865956e+18 5.79361347011031e+14 1.02369177414351e+20 9.49623178089177e+15 2.59230730200534e+09 8.67755954285980e+15 1.09037823098141e+18 3.77393375996144e+15 0.00000000000000e+00 0.00000000000000e+00 0.00000000000000e+00 0.00000000000000e+00 0.00000000000000e+00 0.00000000000000e+00 0.00000000000000e+00 
3.39588956381036e-03 3.33759476222022e+02 3.28810131503853e+02 1.54319356350391e+22 1.32488690037828e+20 1.06905271081853e+19 1.72268131984673e+18 6.17748350749334e+14 1.10414848906962e+20 9.68999135980420e+15 2.79493040922513e+09 8.14033805275571e+15 1.11643338664161e+18 4.00491850634045e+15 0.00000000000000e+00 0.00000000000000e+00 0.00000000000000e+00 0.00000000000000e+00 0.00000000000000e+00 0.00000000000000e+00 0.00000000000000e+00 
3.64947950854970e-03 3.33806877872644e+02 3.28830046266998e+02 1.54183195852002e+22 1.41918446956349e+20 1.08541069268959e+19 1.70277079198715e+18 6.55686457569956e+14 1.18431559849137e+20 9.88154089451604e+15 2.99701971914576e+09 7.67028183361233e+15 1.13913903393716e+18 4.21225364688373e+15 0.00000000000000e+00 0.00000000000000e+00 0.00000000000000e+00 0.00000000000000e+00 0.00000000000000e+00 0.00000000000000e+00 0.00000000000000e+00 
4.18953479446699e-03 3.33929135752028e+02 3.28855675442788e+02 1.53896581364780e+22 1.61757607391468e+20 1.11703489929560e+19 1.66197685720448e+18 7.35059866011701e+14 1.35408464530415e+20 1.02824521299730e+16 3.42558520256279e+09 6.83840147485894e+15 1.17778073415648e+18 4.58650416718010e+15 0.00000000000000e+00 0.00000000000000e+00 0.00000000000000e+00 0.00000000000000e+00 0.00000000000000e+00 0.00000000000000e+00 0.00000000000000e+00 
4.63471567345786e-03 3.34037467349847e+02 3.28921825485430e+02 1.53663557143036e+22 1.77866491738530e+20 1.14116069173043e+19 1.62991881699827e+18 7.99123365756166e+14 1.49305791813124e+20 1.06060931327919e+16 3.77696885666506e+09 6.28846835325746e+15 1.20134370812642e+18 4.83911972132066e+15 0.00000000000000e+00 0.00000000000000e+00 0.00000000000000e+00 0.00000000000000e+00 0.00000000000000e+00 0.00000000000000e+00 0.00000000000000e+00 
5.07989655244874e-03 3.34147943499543e+02 3.28980465315953e+02 1.53433341098263e+22 1.93757580062315e+20 1.16414840527262e+19 1.59917788496180e+18 8.62013681924534e+14 1.63115998530388e+20 1.09238813206796e+16 4.12662266820214e+09 5.82657948324021e+15 1.21865364322495e+18 5.05301885027390e+15 0.00000000000000e+00 0.00000000000000e+00 0.00000000000000e+00 0.00000000000000e+00 0.00000000000000e+00 0.00000000000000e+00 0.00000000000000e+00 
5.52507743143961e-03 3.34259155733369e+02 3.29040282773435e+02 1.53205856392323e+22 2.09434198840362e+20 1.18627922420932e+19 1.56967961195538e+18 9.23776296711587e+14 1.76839585109392e+20 1.12361125413347e+16 4.47454509944858e+09 5.43464517840723e+15 1.23062125434533e+18 5.23654024428071e+15 0.00000000000000e+00 0.00000000000000e+00 0.00000000000000e+00 0.00000000000000e+00 0.00000000000000e+00 0.00000000000000e+00 0.00000000000000e+00 
5.97025831043049e-03 3.34370219218518e+02 3.29100514032582e+02 1.52981039815782e+22 2.24899592523602e+20 1.20773411083703e+19 1.54135629299534e+18 9.84450930785301e+14 1.90476939860220e+20 1.15430586484235e+16 4.82072814911165e+09 5.09511920971688e+15 1.23800644115533e+18 5.39579556364598e+15 0.00000000000000e+00 0.00000000000000e+00 0.00000000000000e+00 0.00000000000000e+00 0.00000000000000e+00 0.00000000000000e+00 0.00000000000000e+00 
6.41543918942136e-03 3.34480455395283e+02 3.29160678894010e+02 1.52758835978427e+22 2.40156929446085e+20 1.22864109930282e+19 1.51414085117229e+18 1.04407373573975e+15 2.04028400771517e+20 1.18449643258363e+16 5.16516803759042e+09 4.80091683641707e+15 1.24146594044798e+18 5.53525625441454e+15 0.00000000000000e+00 0.00000000000000e+00 0.00000000000000e+00 0.00000000000000e+00 0.00000000000000e+00 0.00000000000000e+00 0.00000000000000e+00 
6.97295051717554e-03 3.34616820094213e+02 3.29220408739291e+02 1.52484165118924e+22 2.58976128522245e+20 1.25418131171247e+19 1.48151994157771e+18 1.11731032956193e+15 2.20878628336149e+20 1.22162778014848e+16 5.59405287488314e+09 4.48245875262271e+15 1.24124181152489e+18 5.68752707970712e+15 0.00000000000000e+00 0.00000000000000e+00 0.00000000000000e+00 0.00000000000000e+00 0.00000000000000e+00 0.00000000000000e+00 0.00000000000000e+00 
7.53046184492972e-03 3.34751264522518e+02 3.29294313369703e+02 1.52213430897338e+22 2.77479958895990e+20 1.27907337545916e+19 1.45042895258613e+18 1.18900007243287e+15 2.37595149768915e+20 1.25804474803099e+16 6.02018805720101e+09 4.20853621116742e+15 1.23670008470540e+18 5.81899165201322e+15 0.00000000000000e+00 0.00000000000000e+00 0.00000000000000e+00 0.00000000000000e+00 0.00000000000000e+00 0.00000000000000e+00 0.00000000000000e+00 
8.08797317268390e-03 3.34883827855140e+02 3.29367196022087e+02 1.51946559221324e+22 2.95674002744672e+20 1.30337107689949e+19 1.42076306923295e+18 1.25919290893199e+15 2.54178420862746e+20 1.29378384458564e+16 6.44356696578966e+09 3.97024415126429e+15 1.22861707781551e+18 5.93355346900286e+15 0.00000000000000e+00 0.00000000000000e+00 0.00000000000000e+00 0.00000000000000e+00 0.00000000000000e+00 0.00000000000000e+00 0.00000000000000e+00 
8.64548450043808e-03 3.35014580547132e+02 3.29439077106269e+02 1.51683479497053e+22 3.13563812689253e+20 1.32711177060747e+19 1.39242710753744e+18 1.32794006415411e+15 2.70628869888598e+20 1.32887857293691e+16 6.86418265982815e+09 3.75955519533001e+15 1.21766844027983e+18 6.03426947440362e+15 0.00000000000000e+00 0.00000000000000e+00 0.00000000000000e+00 0.00000000000000e+00 0.00000000000000e+00 0.00000000000000e+00 0.00000000000000e+00 
9.68052857899832e-03 3.35252744649709e+02 3.29509994080357e+02 1.51204900269153e+22 3.45987817641567e+20 1.36979232022130e+19 1.34306654878422e+18 1.45187623599346e+15 3.00819099925250e+20 1.39242640010727e+16 7.63773135006257e+09 3.43207899827796e+15 1.19156456908889e+18 6.19143693432409e+15 0.00000000000000e+00 0.00000000000000e+00 0.00000000000000e+00 0.00000000000000e+00 0.00000000000000e+00 0.00000000000000e+00 0.00000000000000e+00 
1.07155726575586e-02 3.35485258623604e+02 3.29639213485790e+02 1.50738763589928e+22 3.77414774111687e+20 1.41077448087939e+19 1.29751591096082e+18 1.57123637341298e+15 3.30555904069518e+20 1.45402799647723e+16 8.40171132559244e+09 3.16478297318943e+15 1.16060020955622e+18 6.31892371499874e+15 0.00000000000000e+00 0.00000000000000e+00 0.00000000000000e+00 0.00000000000000e+00 0.00000000000000e+00 0.00000000000000e+00 0.00000000000000e+00 
1.17506167361188e-02 3.35712416694005e+02 3.29765423658997e+02 1.50284686918058e+22 4.07877265709960e+20 1.45015497093132e+19 1.25536481752883e+18 1.68625918477779e+15 3.59842425858007e+20 1.51383145524200e+16 9.15610588412669e+09 2.94350191449671e+15 1.12713396454685e+18 6.42349363231363e+15 0.00000000000000e+00 0.00000000000000e+00 0.00000000000000e+00 0.00000000000000e+00 0.00000000000000e+00 0.00000000000000e+00 0.00000000000000e+00 
1.27856608146790e-02 3.35934455866613e+02 3.29888780379335e+02 1.49842315478558e+22 4.37406183650148e+20 1.48801465144035e+19 1.21625805996767e+18 1.79717013353724e+15 3.88682011518630e+20 1.57196540462673e+16 9.90090516131859e+09 2.75551602804108e+15 1.09280434731151e+18 6.51014008301960e+15 0.00000000000000e+00 0.00000000000000e+00 0.00000000000000e+00 0.00000000000000e+00 0.00000000000000e+00 0.00000000000000e+00 0.00000000000000e+00 
1.38207048932393e-02 3.36151577412635e+02 3.30009408673637e+02 1.49411315972539e+22 4.66030905937847e+20 1.52442981542376e+19 1.17988847214392e+18 1.90417279211997e+15 4.17078247978496e+20 1.62853924440453e+16 1.06361116429335e+10 2.59541808712707e+15 1.05874413581277e+18 6.58249166646275e+15 0.00000000000000e+00 0.00000000000000e+00 0.00000000000000e+00 0.00000000000000e+00 0.00000000000000e+00 0.00000000000000e+00 0.00000000000000e+00 
1.50251144447100e-02 3.36398279211083e+02 3.30127414432413e+02 1.48923688262243e+22 4.98238524472764e+20 1.56508134189283e+19 1.14065807100422e+18 2.02401227358417e+15 4.49567956320000e+20 1.69253546216489e+16 1.14795581287343e+10 2.43575936345171e+15 1.02044313084999e+18 6.65247607718850e+15 0.00000000000000e+00 0.00000000000000e+00 0.00000000000000e+00 0.00000000000000e+00 0.00000000000000e+00 0.00000000000000e+00 0.00000000000000e+00 
1.62295239961807e-02 3.36638832944362e+02 3.30261555986040e+02 1.48450554202694e+22 5.29302504121102e+20 1.60398031180033e+19 1.10440418880931e+18 2.13909435034195e+15 4.81468791264440e+20 1.75468270061418e+16 1.23100572145029e+10 2.29874954976901e+15 9.84329065217598e+17 6.71034554616698e+15 0.00000000000000e+00 0.00000000000000e+00 0.00000000000000e+00 0.00000000000000e+00 0.00000000000000e+00 0.00000000000000e+00 0.00000000000000e+00 
1.74339335476514e-02 3.36873472924947e+02 3.30392414924950e+02 1.47991459868192e+22 5.59263680922532e+20 1.64122241584346e+19 1.07081387965596e+18 2.24967707931541e+15 5.12787323173826e+20 1.81509585516738e+16 1.31276506868607e+10 2.18019622528482e+15 9.50818667334324e+17 6.75847296358494e+15 0.00000000000000e+00 0.00000000000000e+00 0.00000000000000e+00 0.00000000000000e+00 0.00000000000000e+00 0.00000000000000e+00 0.00000000000000e+00 
1.86383430991221e-02 3.37102409829010e+02 3.30520114228565e+02 1.47545971565246e+22 5.88161181269501e+20 1.67689667376911e+19 1.03961530948042e+18 2.35599545682560e+15 5.43530349562025e+20 1.87387489849172e+16 1.39323912319743e+10 2.07664966841294e+15 9.20061305429897e+17 6.79870623584243e+15 0.00000000000000e+00 0.00000000000000e+00 0.00000000000000e+00 0.00000000000000e+00 0.00000000000000e+00 0.00000000000000e+00 0.00000000000000e+00 
1.98427526505928e-02 3.37325835166683e+02 3.30644764340634e+02 1.47113673364924e+22 6.16032554738706e+20 1.71108706663918e+19 1.01057189931159e+18 2.45827001666044e+15 5.73704823046954e+20 1.93110742272762e+16 1.47243403577540e+10 1.98518977459452e+15 8.92031873846278e+17 6.83253563245501e+15 0.00000000000000e+00 0.00000000000000e+00 0.00000000000000e+00 0.00000000000000e+00 0.00000000000000e+00 0.00000000000000e+00 0.00000000000000e+00 
2.23598881658666e-02 3.37775742260144e+02 3.30766465564189e+02 1.46251067503147e+22 6.71123624206231e+20 1.77808977860097e+19 9.55958411285930e+17 2.65983224350373e+15 6.34962949752229e+20 2.04605635128232e+16 1.63384754790534e+10 1.82507831419979e+15 8.41539440767301e+17 6.88728770272042e+15 0.00000000000000e+00 0.00000000000000e+00 0.00000000000000e+00 0.00000000000000e+00 0.00000000000000e+00 0.00000000000000e+00 0.00000000000000e+00 
2.48770236811404e-02 3.38203776688441e+02 3.31011688750341e+02 1.45440893728605e+22 7.22198670071955e+20 1.83959963018207e+19 9.08328089090339e+17 2.84632054144219e+15 6.93833999697719e+20 2.15516908599017e+16 1.78977677978746e+10 1.69616649192600e+15 8.00614085005687e+17 6.92653399090969e+15 0.00000000000000e+00 0.00000000000000e+00 0.00000000000000e+00 0.00000000000000e+00 0.00000000000000e+00 0.00000000000000e+00 0.00000000000000e+00 
2.73941591964142e-02 3.38611191498243e+02 3.31245183543487e+02 1.44679924420030e+22 7.69545912862654e+20 1.89617557755726e+19 8.66498104894632e+17 3.01918173330311e+15 7.50384127124002e+20 2.25891484970911e+16 1.94030361929467e+10 1.59108148340754e+15 7.67289697261644e+17 6.95480185481657e+15 0.00000000000000e+00 0.00000000000000e+00 0.00000000000000e+00 0.00000000000000e+00 0.00000000000000e+00 0.00000000000000e+00 0.00000000000000e+00 
2.99112947116880e-02 3.38999109903748e+02 3.31467605350368e+02 1.43965157823361e+22 8.13431090389770e+20 1.94830550182105e+19 8.29508015324195e+17 3.17969485314514e+15 8.04679826524639e+20 2.35768883281549e+16 2.08551775191712e+10 1.50266423345658e+15 7.39744205172542e+17 6.97570166869244e+15 0.00000000000000e+00 0.00000000000000e+00 0.00000000000000e+00 0.00000000000000e+00 0.00000000000000e+00 0.00000000000000e+00 0.00000000000000e+00 
3.24284302269617e-02 3.39368517361660e+02 3.31679542104245e+02 1.43293786728877e+22 8.54100291095590e+20 1.99641062453206e+19 7.96632696280631e+17 3.32898330670301e+15 8.56787570549072e+20 2.45179838265234e+16 2.22551576301762e+10 1.42767674098802e+15 7.16580991933852e+17 6.99123565067781e+15 0.00000000000000e+00 0.00000000000000e+00 0.00000000000000e+00 0.00000000000000e+00 0.00000000000000e+00 0.00000000000000e+00 0.00000000000000e+00 
3.53698259590100e-02 3.39777961185647e+02 3.31881509351068e+02 1.42560737907791e+22 8.97853187604400e+20 2.04801338759993e+19 7.62611114265871e+17 3.49047805446033e+15 9.14994537665555e+20 2.55623778559028e+16 2.38263843537965e+10 1.35384190563249e+15 6.93800262765688e+17 7.00477637040438e+15 0.00000000000000e+00 0.00000000000000e+00 0.00000000000000e+00 0.00000000000000e+00 0.00000000000000e+00 0.00000000000000e+00 0.00000000000000e+00 
3.83112216910583e-02 3.40164733521846e+02 3.32105529672977e+02 1.41879430050368e+22 9.37863443221798e+20 2.09513850491522e+19 7.32568509843587e+17 3.63932706584224e+15 9.70409701871328e+20 2.65507896277612e+16 2.53295017590038e+10 1.29080189143091e+15 6.74541676382466e+17 7.01530606887105e+15 0.00000000000000e+00 0.00000000000000e+00 0.00000000000000e+00 0.00000000000000e+00 0.00000000000000e+00 0.00000000000000e+00 0.00000000000000e+00 
4.12526174231066e-02 3.40530035509944e+02 3.32317303831776e+02 1.41246211710764e+22 9.74441331923391e+20 2.13821993560606e+19 7.05962297110014e+17 3.77674548897030e+15 1.02313760786780e+21 2.74861945553533e+16 2.67663139212419e+10 1.23654603645705e+15 6.58004397886070e+17 7.02337777147525e+15 0.00000000000000e+00 0.00000000000000e+00 0.00000000000000e+00 0.00000000000000e+00 0.00000000000000e+00 0.00000000000000e+00 0.00000000000000e+00 
4.41940131551549e-02 3.40875049793205e+02 3.32517462980377e+02 1.40657694773412e+22 1.00787137611458e+21 2.17764932691847e+19 6.82233727302076e+17 3.90377316188744e+15 1.07328176943938e+21 2.83718580234597e+16 2.81386915643836e+10 1.18962411625601e+15 6.43635404688381e+17 7.03033300508284e+15 0.00000000000000e+00 0.00000000000000e+00 0.00000000000000e+00 0.00000000000000e+00 0.00000000000000e+00 0.00000000000000e+00 0.00000000000000e+00 
4.71354088872032e-02 3.41200832432704e+02 3.32706631551251e+02 1.40110730763197e+22 1.03841492871982e+21 2.21376830745760e+19 6.61005779790838e+17 4.02133537008857e+15 1.12094435147824e+21 2.92101978335022e+16 2.94485597626443e+10 1.14841596557995e+15 6.31015544820338e+17 7.03643954762647e+15 0.00000000000000e+00 0.00000000000000e+00 0.00000000000000e+00 0.00000000000000e+00 0.00000000000000e+00 0.00000000000000e+00 0.00000000000000e+00 
5.32162449390965e-02 3.41817629728081e+02 3.32885367414676e+02 1.39099672319303e+22 1.09338898291983e+21 2.27919614731200e+19 6.23591229946224e+17 4.23769235924793e+15 1.21203748814433e+21 3.08039875000094e+16 3.19666892966969e+10 1.07768191360221e+15 6.09256688779509e+17 7.04887899665446e+15 0.00000000000000e+00 0.00000000000000e+00 0.00000000000000e+00 0.00000000000000e+00 0.00000000000000e+00 0.00000000000000e+00 0.00000000000000e+00 
5.92970809909897e-02 3.42364757575142e+02 3.33224061199907e+02 1.38230768105008e+22 1.13889982266574e+21 2.33401854281561e+19 5.93199281869414e+17 4.42306606699750e+15 1.29381146635540e+21 3.22253604111538e+16 3.42436970913317e+10 1.02219148160057e+15 5.91838592515315e+17 7.06184597896307e+15 0.00000000000000e+00 0.00000000000000e+00 0.00000000000000e+00 0.00000000000000e+00 0.00000000000000e+00 0.00000000000000e+00 0.00000000000000e+00 
6.53779170428830e-02 3.42849709334987e+02 3.33524822829280e+02 1.37483875171693e+22 1.17653590395486e+21 2.38007448688047e+19 5.68153973706447e+17 4.58248326566835e+15 1.36708806117552e+21 3.34919936772360e+16 3.62973876308254e+10 9.76813874296216e+14 5.77577873437862e+17 7.07622139255340e+15 0.00000000000000e+00 0.00000000000000e+00 0.00000000000000e+00 0.00000000000000e+00 0.00000000000000e+00 0.00000000000000e+00 0.00000000000000e+00 
7.14587530947762e-02 3.43279108718049e+02 3.33791659949153e+02 1.36841832306028e+22 1.20761350789831e+21 2.41882315382862e+19 5.47418513939152e+17 4.71991141407018e+15 1.43264190741357e+21 3.46188251856039e+16 3.81453096506673e+10 9.39717976611657e+14 5.65779766227951e+17 7.09177515889827e+15 0.00000000000000e+00 0.00000000000000e+00 0.00000000000000e+00 0.00000000000000e+00 0.00000000000000e+00 0.00000000000000e+00 0.00000000000000e+00 
7.75395891466695e-02 3.43659008603963e+02 3.34028128853220e+02 1.36289934955603e+22 1.23323027033128e+21 2.45148396518225e+19 5.30031021354893e+17 4.83854623488475e+15 1.49119765619788e+21 3.56204588272303e+16 3.98044969127964e+10 9.09060565329282e+14 5.55945199693259e+17 7.10875393208043e+15 0.00000000000000e+00 0.00000000000000e+00 0.00000000000000e+00 0.00000000000000e+00 0.00000000000000e+00 0.00000000000000e+00 0.00000000000000e+00 
8.93159954562265e-02 3.44273025542289e+02 3.34237493446438e+02 1.35433633610753e+22 1.27045878893939e+21 2.50085399454809e+19 5.03717813726272e+17 5.02435363895588e+15 1.58710885077381e+21 3.72490091050853e+16 4.25395503007148e+10 8.62618572875601e+14 5.41012124471453e+17 7.14504088199512e+15 0.00000000000000e+00 0.00000000000000e+00 0.00000000000000e+00 0.00000000000000e+00 0.00000000000000e+00 0.00000000000000e+00 0.00000000000000e+00 
1.01092401765784e-01 3.44754991384576e+02 3.34576185816386e+02 1.34794781292166e+22 1.29577813127201e+21 2.53656206281325e+19 4.84439976112764e+17 5.16540166109585e+15 1.66359671652906e+21 3.85360915925105e+16 4.47362161975761e+10 8.28533142938936e+14 5.29898516251075e+17 7.18281325972909e+15 0.00000000000000e+00 0.00000000000000e+00 0.00000000000000e+00 0.00000000000000e+00 0.00000000000000e+00 0.00000000000000e+00 0.00000000000000e+00 
1.12868808075341e-01 3.45132703138003e+02 3.34842300612665e+02 1.34316851323157e+22 1.31294709824885e+21 2.56253859687322e+19 4.70121186138194e+17 5.27304379308473e+15 1.72437765546124e+21 3.95503256983080e+16 4.64915912304537e+10 8.03124119419100e+14 5.21536339537528e+17 7.21951258806451e+15 0.00000000000000e+00 0.00000000000000e+00 0.00000000000000e+00 0.00000000000000e+00 0.00000000000000e+00 0.00000000000000e+00 0.00000000000000e+00 
1.24645214384898e-01 3.45428125366991e+02 3.35051011425365e+02 1.33958975649409e+22 1.32449409406919e+21 2.58150108856702e+19 4.59365198965911e+17 5.35531591907851e+15 1.77251899132818e+21 4.03472476699898e+16 4.78880621568303e+10 7.83900061962650e+14 5.15210977886102e+17 7.25388951642234e+15 0.00000000000000e+00 0.00000000000000e+00 0.00000000000000e+00 0.00000000000000e+00 0.00000000000000e+00 0.00000000000000e+00 0.00000000000000e+00 
1.36421620694455e-01 3.45658685188598e+02 3.35214347928420e+02 1.33691068087640e+22 1.33215471128246e+21 2.59536991383832e+19 4.51217921296505e+17 5.41826765772156e+15 1.81053191965073e+21 4.09716619536365e+16 4.89945327044367e+10 7.69191238185656e+14 5.10356926713325e+17 7.28527641729306e+15 0.00000000000000e+00 0.00000000000000e+00 0.00000000000000e+00 0.00000000000000e+00 0.00000000000000e+00 0.00000000000000e+00 0.00000000000000e+00 
1.53707069616323e-01 3.45907053871479e+02 3.35341879954418e+02 1.33416661439845e+22 1.33871664001497e+21 2.60920104943453e+19 4.42644830883918e+17 5.48482806113193e+15 1.85204469914241e+21 4.16472403850551e+16 5.02066602430902e+10 7.53480626566805e+14 5.05124287904045e+17 7.32559372467758e+15 0.00000000000000e+00 0.00000000000000e+00 0.00000000000000e+00 0.00000000000000e+00 0.00000000000000e+00 0.00000000000000e+00 0.00000000000000e+00 
1.70992518538191e-01 3.46078694697202e+02 3.35479317003164e+02 1.33236757486333e+22 1.34208891452794e+21 2.61801745164157e+19 4.36838152730068e+17 5.53019494314347e+15 1.88112653219977e+21 4.21160120708286e+16 5.10581451627502e+10 7.42675071889910e+14 5.01473470203835e+17 7.35812880191785e+15 0.00000000000000e+00 0.00000000000000e+00 0.00000000000000e+00 0.00000000000000e+00 0.00000000000000e+00 0.00000000000000e+00 0.00000000000000e+00 
1.88277967460059e-01 3.46197474860868e+02 3.35574328010503e+02 1.33117697773223e+22 1.34377117761227e+21 2.62370369241658e+19 4.32896168464938e+17 5.56123573454982e+15 1.90147517878842e+21 4.24413371664686e+16 5.16550525369768e+10 7.35284961450752e+14 4.98964630203051e+17 7.38327163584143e+15 0.00000000000000e+00 0.00000000000000e+00 0.00000000000000e+00 0.00000000000000e+00 0.00000000000000e+00 0.00000000000000e+00 0.00000000000000e+00 
2.05563416381928e-01 3.46279533734407e+02 3.35640092986138e+02 1.33038774987097e+22 1.34453364589997e+21 2.62738473043267e+19 4.30201614896178e+17 5.58242024571872e+15 1.91567143584261e+21 4.26666563038671e+16 5.20720124172159e+10 7.30183555960016e+14 4.97235268342275e+17 7.40239504770776e+15 0.00000000000000e+00 0.00000000000000e+00 0.00000000000000e+00 0.00000000000000e+00 0.00000000000000e+00 0.00000000000000e+00 0.00000000000000e+00 
2.22848865303796e-01 3.46336005623486e+02 3.35685533035444e+02 1.32986653863932e+22 1.34479459052566e+21 2.62976143599661e+19 4.28352242555741e+17 5.59687875049802e+15 1.92553337553864e+21 4.28221109601601e+16 5.23619108155947e+10 7.26621347168571e+14 4.96014011457648e+17 7.41680622347634e+15 0.00000000000000e+00 0.00000000000000e+00 0.00000000000000e+00 0.00000000000000e+00 0.00000000000000e+00 0.00000000000000e+00 0.00000000000000e+00 
2.53129773867672e-01 3.46394007192942e+02 3.35716806991504e+02 1.32936360849128e+22 1.34467128930719e+21 2.63197041984016e+19 4.26474322206794e+17 5.61159388855504e+15 1.93580172275832e+21 4.29822658575003e+16 5.26639315955975e+10 7.22986212788411e+14 4.94746822317930e+17 7.43345730125356e+15 0.00000000000000e+00 0.00000000000000e+00 0.00000000000000e+00 0.00000000000000e+00 0.00000000000000e+00 0.00000000000000e+00 0.00000000000000e+00 
2.83410682431547e-01 3.46424071464650e+02 3.35748929389623e+02 1.32911618651933e+22 1.34444754606994e+21 2.63302525980854e+19 4.25490217945919e+17 5.61923562690912e+15 1.94118046108851e+21 4.30655516629896e+16 5.28222174499385e+10 7.21029345109422e+14 4.94058133594354e+17 7.44295556749888e+15 0.00000000000000e+00 0.00000000000000e+00 0.00000000000000e+00 0.00000000000000e+00 0.00000000000000e+00 0.00000000000000e+00 0.00000000000000e+00 
3.13691590995423e-01 3.46440518191170e+02 3.35765580078478e+02 1.32898231265068e+22 1.34430743574471e+21 2.63359235223941e+19 4.24949737649456e+17 5.62342969570134e+15 1.94412897975014e+21 4.31111469399413e+16 5.29090134556750e+10 7.19955114716240e+14 4.93674713726975e+17 7.44825087355465e+15 0.00000000000000e+00 0.00000000000000e+00 0.00000000000000e+00 0.00000000000000e+00 0.00000000000000e+00 0.00000000000000e+00 0.00000000000000e+00 
3.43972499559299e-01 3.46449534670948e+02 3.35774689183084e+02 1.32891010749265e+22 1.34421643165042e+21 2.63389587872064e+19 4.24648931405296e+17 5.62573148128704e+15 1.94575024506756e+21 4.31361791022019e+16 5.29567452926070e+10 7.19338224732491e+14 4.93454432221714e+17 7.45124516715032e+15 0.00000000000000e+00 0.00000000000000e+00 0.00000000000000e+00 0.00000000000000e+00 0.00000000000000e+00 0.00000000000000e+00 0.00000000000000e+00 
3.74253408123175e-01 3.46454183719190e+02 3.35779683052462e+02 1.32887523271528e+22 1.34414134647270e+21 2.63403974666829e+19 4.24478981924100e+17 5.62694992230090e+15 1.94659577350434e+21 4.31491794481634e+16 5.29816467129245e+10 7.18967100170990e+14 4.93314283010694e+17 7.45303835367002e+15 0.00000000000000e+00 0.00000000000000e+00 0.00000000000000e+00 0.00000000000000e+00 0.00000000000000e+00 0.00000000000000e+00 0.00000000000000e+00 
4.37043200708262e-01 3.46458348474781e+02 3.35782257858236e+02 1.32884612951798e+22 1.34404771883722e+21 2.63414924033194e+19 4.24346228538685e+17 5.62801250833523e+15 1.94736345358854e+21 4.31607843349941e+16 5.30042319069412e+10 7.18699774488523e+14 4.93213103152944e+17 7.45464122934020e+15 0.00000000000000e+00 0.00000000000000e+00 0.00000000000000e+00 0.00000000000000e+00 0.00000000000000e+00 0.00000000000000e+00 0.00000000000000e+00 
4.99832993293349e-01 3.46458817218784e+02 3.35784564302299e+02 1.32884444984126e+22 1.34401716257927e+21 2.63414327068530e+19 4.24360228200899e+17 5.62805481886724e+15 1.94745814073214e+21 4.31620084925699e+16 5.30069943690568e+10 7.18764713597799e+14 4.93249361505446e+17 7.45472294219760e+15 0.00000000000000e+00 0.00000000000000e+00 0.00000000000000e+00 0.00000000000000e+00 0.00000000000000e+00 0.00000000000000e+00 0.00000000000000e+00 
5.62622785878436e-01 3.46458632535962e+02 3.35784823761239e+02 1.32884633222206e+22 1.34401437608917e+21 2.63413665483309e+19 4.24355978542536e+17 5.62800528856890e+15 1.94742622395596e+21 4.31615435560462e+16 5.30060645551512e+10 7.18749539059400e+14 4.93243869585941e+17 7.45476970050965e+15 0.00000000000000e+00 0.00000000000000e+00 0.00000000000000e+00 0.00000000000000e+00 0.00000000000000e+00 0.00000000000000e+00 0.00000000000000e+00 
6.25412578463522e-01 3.46458552561576e+02 3.35784721450027e+02 1.32884686405801e+22 1.34401683435284e+21 2.63413821099879e+19 4.24345226046178e+17 5.62803139255773e+15 1.94741074069681e+21 4.31613684928600e+16 5.30056168648418e+10 7.18700436439978e+14 4.93217363516024e+17 7.45481670025257e+15 0.00000000000000e+00 0.00000000000000e+00 0.00000000000000e+00 0.00000000000000e+00 0.00000000000000e+00 0.00000000000000e+00 0.00000000000000e+00 
1.02150776115513e+00 3.46458604113014e+02 3.35784677172764e+02 1.32884637387922e+22 1.34401735011675e+21 2.63414130598291e+19 4.24340789220525e+17 5.62807194384418e+15 1.94741949942686e+21 4.31615198490719e+16 5.30058773300955e+10 7.18675581403168e+14 4.93203970824224e+17 7.45483798069687e+15 0.00000000000000e+00 0.00000000000000e+00 0.00000000000000e+00 0.00000000000000e+00 0.00000000000000e+00 0.00000000000000e+00 0.00000000000000e+00 
1.41760294384673e+00 3.46458622083188e+02 3.35784705734327e+02 1.32884623719428e+22 1.34401699396873e+21 2.63414082257012e+19 4.24343283373083e+17 5.62804672064896e+15 1.94742290062797e+21 4.31615621243441e+16 5.30059836275508e+10 7.18708124150721e+14 4.93220488948447e+17 7.45484384662948e+15 0.00000000000000e+00 0.00000000000000e+00 0.00000000000000e+00 0.00000000000000e+00 0.00000000000000e+00 0.00000000000000e+00 0.00000000000000e+00 
1.81369812653833e+00 3.46458622631134e+02 3.35784715684230e+02 1.32884623794770e+22 1.34401698855902e+21 2.63414158111507e+19 4.24341130237278e+17 5.62806761701571e+15 1.94742292386579e+21 4.31615695170125e+16 5.30059820504076e+10 7.18682295136638e+14 4.93207647459516e+17 7.45484747348966e+15 0.00000000000000e+00 0.00000000000000e+00 0.00000000000000e+00 0.00000000000000e+00 0.00000000000000e+00 0.00000000000000e+00 0.00000000000000e+00 
3.87740374513330e+00 3.46458622313077e+02 3.35784715989391e+02 1.32884623807871e+22 1.34401699737767e+21 2.63414158823050e+19 4.24341334625624e+17 5.62806735065611e+15 1.94742290112417e+21 4.31615671711378e+16 5.30059781756073e+10 7.18683222752301e+14 4.93208003760124e+17 7.45484906725112e+15 0.00000000000000e+00 0.00000000000000e+00 0.00000000000000e+00 0.00000000000000e+00 0.00000000000000e+00 0.00000000000000e+00 0.00000000000000e+00 
5.94110936372827e+00 3.46458623054950e+02 3.35784715812668e+02 1.32884623273557e+22 1.34401694322186e+21 2.63414134489625e+19 4.24341831358982e+17 5.62805482674319e+15 1.94742309825522e+21 4.31615675830926e+16 5.30059830325908e+10 7.18697866449044e+14 4.93215331257323e+17 7.45484990066080e+15 0.00000000000000e+00 0.00000000000000e+00 0.00000000000000e+00 0.00000000000000e+00 0.00000000000000e+00 0.00000000000000e+00 0.00000000000000e+00 
8.00481498232323e+00 3.46458622668522e+02 3.35784716222291e+02 1.32884623484660e+22 1.34401697723677e+21 2.63414145340506e+19 4.24341707557168e+17 5.62806161546101e+15 1.94742299764112e+21 4.31615668860766e+16 5.30059806069723e+10 7.18689913017439e+14 4.93211374358778e+17 7.45484928071644e+15 0.00000000000000e+00 0.00000000000000e+00 0.00000000000000e+00 0.00000000000000e+00 0.00000000000000e+00 0.00000000000000e+00 0.00000000000000e+00 
2.52855495572239e+01 3.46458622603262e+02 3.35784716008898e+02 1.32884623449883e+22 1.34401698560910e+21 2.63414144608284e+19 4.24341800935437e+17 5.62806219637286e+15 1.94742298536954e+21 4.31615663682954e+16 5.30059802991926e+10 7.18689235912732e+14 4.93211044581964e+17 7.45484894675029e+15 0.00000000000000e+00 0.00000000000000e+00 0.00000000000000e+00 0.00000000000000e+00 0.00000000000000e+00 0.00000000000000e+00 0.00000000000000e+00 
4.25662841321245e+01 3.46458623012977e+02 3.35784715972770e+02 1.32884623310299e+22 1.34401694524751e+21 2.63414136933745e+19 4.24341762401495e+17 5.62805579353716e+15 1.94742308505224e+21 4.31615677367841e+16 5.30059828189011e+10 7.18696631594033e+14 4.93214705984908e+17 7.45485014041942e+15 0.00000000000000e+00 0.00000000000000e+00 0.00000000000000e+00 0.00000000000000e+00 0.00000000000000e+00 0.00000000000000e+00 0.00000000000000e+00 
5.98470187070251e+01 3.46458622771842e+02 3.35784716199153e+02 1.32884623368021e+22 1.34401697036041e+21 2.63414140788134e+19 4.24341825315976e+17 5.62805955207520e+15 1.94742302749226e+21 4.31615667899395e+16 5.30059813706067e+10 7.18692294024184e+14 4.93212564498830e+17 7.45484934567007e+15 0.00000000000000e+00 0.00000000000000e+00 0.00000000000000e+00 0.00000000000000e+00 0.00000000000000e+00 0.00000000000000e+00 0.00000000000000e+00 
1.59847018707025e+02 3.46458622785460e+02 3.35784716065897e+02 1.32884623321302e+22 1.34401696848056e+21 2.63414140081153e+19 4.24341836251397e+17 5.62805921053516e+15 1.94742303216288e+21 4.31615668025075e+16 5.30059814883911e+10 7.18692687920046e+14 4.93212760806150e+17 7.45484938500609e+15 0.00000000000000e+00 0.00000000000000e+00 0.00000000000000e+00 0.00000000000000e+00 0.00000000000000e+00 0.00000000000000e+00 0.00000000000000e+00 
2.59847018707025e+02 3.46458622936549e+02 3.35784716073390e+02 1.32884623290546e+22 1.34401695216882e+21 2.63414137962776e+19 4.24341780268429e+17 5.62805689000788e+15 1.94742306782455e+21 4.31615674651007e+16 5.30059824036110e+10 7.18695363457167e+14 4.93214079639745e+17 7.45484990013208e+15 0.00000000000000e+00 0.00000000000000e+00 0.00000000000000e+00 0.00000000000000e+00 0.00000000000000e+00 0.00000000000000e+00 0.00000000000000e+00 
3.59847018707025e+02 3.46458622855832e+02 3.35784716156891e+02 1.32884623292739e+22 1.34401696076620e+21 2.63414138942168e+19 4.24341815205865e+17 5.62805809500127e+15 1.94742304925771e+21 4.31615671016550e+16 5.30059819354211e+10 7.18693973354326e+14 4.93213395229575e+17 7.45484962457710e+15 0.00000000000000e+00 0.00000000000000e+00 0.00000000000000e+00 0.00000000000000e+00 0.00000000000000e+00 0.00000000000000e+00 0.00000000000000e+00 
4.59847018707025e+02 3.46458622943481e+02 3.35784716112271e+02 1.32884623283362e+22 1.34401695132254e+21 2.63414137813258e+19 4.24341778822737e+17 5.62805676820093e+15 1.94742306962606e+21 4.31615674929303e+16 5.30059824500654e+10 7.18695503339147e+14 4.93214148763223e+17 7.45484992318545e+15 0.00000000000000e+00 0.00000000000000e+00 0.00000000000000e+00 0.00000000000000e+00 0.00000000000000e+00 0.00000000000000e+00 0.00000000000000e+00 
5.59847018707025e+02 3.46458622871637e+02 3.35784716160718e+02 1.32884623288912e+22 1.34401695905200e+21 2.63414138712795e+19 4.24341809588920e+17 5.62805785039014e+15 1.94742305300266e+21 4.31615671691526e+16 5.30059820297309e+10 7.18694255372572e+14 4.93213534286463e+17 7.45484967904792e+15 0.00000000000000e+00 0.00000000000000e+00 0.00000000000000e+00 0.00000000000000e+00 0.00000000000000e+00 0.00000000000000e+00 0.00000000000000e+00 
6.59847018707025e+02 3.46458622936538e+02 3.35784716121005e+02 1.32884623283342e+22 1.34401695204857e+21 2.63414137898750e+19 4.24341781653697e+17 5.62805687133854e+15 1.94742306803194e+21 4.31615674623152e+16 5.30059824097402e+10 7.18695384395886e+14 4.93214090180887e+17 7.45484989943618e+15 0.00000000000000e+00 0.00000000000000e+00 0.00000000000000e+00 0.00000000000000e+00 0.00000000000000e+00 0.00000000000000e+00 0.00000000000000e+00 
7.59847018707025e+02 3.46458622879968e+02 3.35784716156880e+02 1.32884623287888e+22 1.34401695815772e+21 2.63414138602591e+19 4.24341806276886e+17 5.62805772396297e+15 1.94742305494444e+21 4.31615672058579e+16 5.30059820788294e+10 7.18694401172806e+14 4.93213606116631e+17 7.45484970755015e+15 0.00000000000000e+00 0.00000000000000e+00 0.00000000000000e+00 0.00000000000000e+00 0.00000000000000e+00 0.00000000000000e+00 0.00000000000000e+00 
8.59847018707025e+02 3.46458622929921e+02 3.35784716125610e+02 1.32884623283919e+22 1.34401695275753e+21 2.63414137983391e+19 4.24341784388123e+17 5.62805697116858e+15 1.94742306649740e+21 4.31615674328355e+16 5.30059823709284e+10 7.18695269265006e+14 4.93214033478164e+17 7.45484987688101e+15 0.00000000000000e+00 0.00000000000000e+00 0.00000000000000e+00 0.00000000000000e+00 0.00000000000000e+00 0.00000000000000e+00 0.00000000000000e+00 
9.59847018707025e+02 3.46458622886030e+02 3.35784716153222e+02 1.32884623287360e+22 1.34401695750703e+21 2.63414138525403e+19 4.24341803746508e+17 5.62805763251104e+15 1.94742305634958e+21 4.31615672329385e+16 5.30059821143396e+10 7.18694506634726e+14 4.93213658053705e+17 7.45484972815671e+15 0.00000000000000e+00 0.00000000000000e+00 0.00000000000000e+00 0.00000000000000e+00 0.00000000000000e+00 0.00000000000000e+00 0.00000000000000e+00 
1.00000000000000e+03 3.46458622903166e+02 3.35784716128961e+02 1.32884623283857e+22 1.34401695558877e+21 2.63414138302921e+19 4.24341795995541e+17 5.62805736800896e+15 1.94742306037143e+21 4.31615673128085e+16 5.30059822167620e+10 7.18694811621187e+14 4.93213808175220e+17 7.45484978739747e+15 0.00000000000000e+00 0.00000000000000e+00 0.00000000000000e+00 0.00000000000000e+00 0.00000000000000e+00 0.00000000000000e+00 0.00000000000000e+00 
