Time(s)              GasTemp(K)           NearWallTemp(K)      [O2(X)](m^-3)        [O2(a1Dg)](m^-3)     [O2(b1Sg+)](m^-3)    [O2(A3Su+_C3Du_c1Su-)](m^-3) [O2(+,X)](m^-3)      [O(3P)](m^-3)        [O(1D)](m^-3)        [O(+,gnd)](m^-3)     [O(-,gnd)](m^-3)     [O3(X)](m^-3)        [O3(exc)](m^-3)      [CO2(X)](m^-3)       [CO2(e1)](m^-3)      [CO2(+,X)](m^-3)     [CO(X)](m^-3)        [CO(a3P)](m^-3)      [CO(+,X)](m^-3)      [C(X)](m^-3)        
0.00000000000000e+00 3.72733684051000e+02 3.45462657822950e+02 1.46531600750718e+22 1.46531600750718e-03 1.46531600750718e-03 1.46531600750718e-03 0.00000000000000e+00 0.00000000000000e+00 0.00000000000000e+00 0.00000000000000e+00 0.00000000000000e+00 0.00000000000000e+00 0.00000000000000e+00 0.00000000000000e+00 0.00000000000000e+00 0.00000000000000e+00 0.00000000000000e+00 0.00000000000000e+00 0.00000000000000e+00 0.00000000000000e+00 
1.78336380935530e-16 3.72733684050988e+02 3.50890281152591e+02 1.46531600750718e+22 1.16114598237670e+07 2.74872615432032e+06 3.83343506909743e+06 3.83184482038390e+02 1.06293804774543e+07 1.77528778569343e+06 1.27139818390642e-02 4.89803013497177e+05 1.08016877636903e-06 8.72264461984744e-11 0.00000000000000e+00 0.00000000000000e+00 0.00000000000000e+00 0.00000000000000e+00 0.00000000000000e+00 0.00000000000000e+00 0.00000000000000e+00 
3.56672761871061e-16 3.72733684050976e+02 3.50890281152584e+02 1.46531600750718e+22 2.32229196460747e+07 5.49745230731353e+06 7.66687013672577e+06 7.66368964076772e+02 2.12587609550907e+07 3.55057557120484e+06 2.54279636776034e-02 9.79606026993097e+05 3.40914027309467e-06 2.75296969438023e-10 0.00000000000000e+00 0.00000000000000e+00 0.00000000000000e+00 0.00000000000000e+00 0.00000000000000e+00 0.00000000000000e+00 0.00000000000000e+00 
5.35009142806591e-16 3.72733684050964e+02 3.50890281152577e+02 1.46531600750717e+22 3.48343794683887e+07 8.24617846044786e+06 1.15003052043503e+07 1.14955344611515e+03 3.18881414329129e+07 5.32586335653039e+06 3.81419455156067e-02 1.46940904048774e+06 7.01324130843398e-06 5.66337528965636e-10 0.00000000000000e+00 0.00000000000000e+00 0.00000000000000e+00 0.00000000000000e+00 0.00000000000000e+00 0.00000000000000e+00 0.00000000000000e+00 
1.31309861351673e-15 3.72733684050910e+02 3.50890281152570e+02 1.46531600750716e+22 8.54956891794703e+07 2.02389915178541e+07 2.82257509441089e+07 2.82140418823233e+03 7.82645957881072e+07 1.30715220136924e+07 9.36136072484021e-02 3.60644112289582e+06 3.66607335412976e-05 2.96044985926174e-09 0.00000000000000e+00 0.00000000000000e+00 0.00000000000000e+00 0.00000000000000e+00 0.00000000000000e+00 0.00000000000000e+00 0.00000000000000e+00 
2.09118808422686e-15 3.72733684050857e+02 3.50890281152539e+02 1.46531600750715e+22 1.36156998890668e+08 3.22318045778979e+07 4.49511966837958e+07 4.49325493034934e+03 1.24641050146775e+08 2.08171806673808e+07 1.49085268971181e-01 5.74347320527993e+06 9.01394840074830e-05 7.27899845349277e-09 0.00000000000000e+00 0.00000000000000e+00 0.00000000000000e+00 0.00000000000000e+00 0.00000000000000e+00 0.00000000000000e+00 0.00000000000000e+00 
2.86927755493700e-15 3.72733684050804e+02 3.50890281152507e+02 1.46531600750714e+22 1.86818308601983e+08 4.42246176406209e+07 6.16766424234097e+07 6.16510567246619e+03 1.71017504508970e+08 2.85628393175408e+07 2.04556930683784e-01 7.88050528763971e+06 1.67825859011619e-04 1.35523758726318e-08 0.00000000000000e+00 0.00000000000000e+00 0.00000000000000e+00 0.00000000000000e+00 0.00000000000000e+00 0.00000000000000e+00 0.00000000000000e+00 
3.64736702564714e-15 3.72733684050751e+02 3.50890281152476e+02 1.46531600750713e+22 2.37479618313416e+08 5.62174307060378e+07 7.84020881629502e+07 7.83695641458287e+03 2.17393958874712e+08 3.63084979641530e+07 2.60028592386157e-01 1.00175373699750e+07 2.69852685693541e-04 2.17913082548564e-08 0.00000000000000e+00 0.00000000000000e+00 0.00000000000000e+00 0.00000000000000e+00 0.00000000000000e+00 0.00000000000000e+00 0.00000000000000e+00 
5.95661073253147e-15 3.72733684050594e+02 3.50890281152445e+02 1.46531600750710e+22 3.87834191968571e+08 9.18101602750876e+07 1.28040506073017e+08 1.27987390249535e+04 3.55031774883492e+08 5.92963600833581e+07 4.24659512700221e-01 1.63599029631330e+07 7.16143091180042e-04 5.78304226094756e-08 0.00000000000000e+00 0.00000000000000e+00 0.00000000000000e+00 0.00000000000000e+00 0.00000000000000e+00 0.00000000000000e+00 0.00000000000000e+00 
8.26585443941581e-15 3.72733684050436e+02 3.50890281152352e+02 1.46531600750707e+22 5.38188765624769e+08 1.27402889867890e+08 1.77678923982438e+08 1.77605216353227e+04 4.92669590923549e+08 8.22842221712813e+07 5.89290432924076e-01 2.27022685560751e+07 1.37705017408748e-03 1.11200393482191e-07 0.00000000000000e+00 0.00000000000000e+00 0.00000000000000e+00 0.00000000000000e+00 0.00000000000000e+00 0.00000000000000e+00 0.00000000000000e+00 
1.05750981463001e-14 3.72733684050279e+02 3.50890281152260e+02 1.46531600750704e+22 6.88543339282009e+08 1.62995619484446e+08 2.27317341891212e+08 2.27223042456905e+04 6.30307406994884e+08 1.05272084227922e+08 7.53921353057721e-01 2.90446341488015e+07 2.25258060819743e-03 1.81901759802611e-07 0.00000000000000e+00 0.00000000000000e+00 0.00000000000000e+00 0.00000000000000e+00 0.00000000000000e+00 0.00000000000000e+00 0.00000000000000e+00 
1.28843418531845e-14 3.72733684050122e+02 3.50890281152167e+02 1.46531600750700e+22 8.38897912940292e+08 1.98588349124756e+08 2.76955759799338e+08 2.76840868560567e+04 7.67945223097497e+08 1.28259946253280e+08 9.18552273101156e-01 3.53869997413120e+07 3.34273287773808e-03 2.69934399172675e-07 0.00000000000000e+00 0.00000000000000e+00 0.00000000000000e+00 0.00000000000000e+00 0.00000000000000e+00 0.00000000000000e+00 0.00000000000000e+00 
3.59767789220278e-14 3.72733684048547e+02 3.50890281152075e+02 1.46531600750668e+22 2.34244364958047e+09 5.54515646834274e+08 7.73339938845029e+08 7.73019129596377e+04 2.14432338584390e+09 3.58138564786335e+08 2.56486146857400e+00 9.88106556545482e+07 2.60483276351660e-02 2.10347040428214e-06 0.00000000000000e+00 0.00000000000000e+00 0.00000000000000e+00 0.00000000000000e+00 0.00000000000000e+00 0.00000000000000e+00 0.00000000000000e+00 
5.90692159908711e-14 3.72733684046973e+02 3.50890281151148e+02 1.46531600750637e+22 3.84598938632491e+09 9.10442946919111e+08 1.26972411782604e+09 1.26919739063071e+05 3.52070155171806e+09 5.88017180191161e+08 4.21117065502591e+00 1.62234311546204e+08 7.02159141174227e-02 5.67011822962591e-06 0.00000000000000e+00 0.00000000000000e+00 0.00000000000000e+00 0.00000000000000e+00 0.00000000000000e+00 0.00000000000000e+00 0.00000000000000e+00 
8.21616530597145e-14 3.72733684045399e+02 3.50890281150223e+02 1.46531600750605e+22 5.34953512317363e+09 1.26637024937926e+09 1.76610829674236e+09 1.76537565166356e+05 4.89707972072000e+09 8.17895792467759e+08 5.85747983245690e+00 2.25657967416280e+08 1.35845473743375e-01 1.09698763789861e-05 0.00000000000000e+00 0.00000000000000e+00 0.00000000000000e+00 0.00000000000000e+00 0.00000000000000e+00 0.00000000000000e+00 0.00000000000000e+00 
1.05254090128558e-13 3.72733684043824e+02 3.50890281149296e+02 1.46531600750573e+22 6.85308086012661e+09 1.62229755421473e+09 2.26249247559399e+09 2.26155391269493e+05 6.27345789284969e+09 1.04777440161613e+09 7.50378900086696e+00 2.89081623264775e+08 2.22937003511601e-01 1.80027446144489e-05 0.00000000000000e+00 0.00000000000000e+00 0.00000000000000e+00 0.00000000000000e+00 0.00000000000000e+00 0.00000000000000e+00 0.00000000000000e+00 
3.36178460816991e-13 3.72733684028081e+02 3.50890281148370e+02 1.46531600750254e+22 2.18885382353911e+10 5.18157073321177e+09 7.22633426055268e+09 7.22333652292726e+05 2.00372397861736e+10 3.34656032104738e+09 2.39668801888167e+01 9.23318180562808e+08 2.27426071956502e+00 1.83652488207250e-04 0.00000000000000e+00 0.00000000000000e+00 0.00000000000000e+00 0.00000000000000e+00 0.00000000000000e+00 0.00000000000000e+00 0.00000000000000e+00 
5.67102831505425e-13 3.72733684012338e+02 3.50890281139110e+02 1.46531600749935e+22 3.69239956210822e+10 8.74084414974036e+09 1.21901760390429e+10 1.21851191330116e+06 3.38010219922739e+10 5.64534592765599e+09 4.04299704746740e+01 1.55755473570281e+09 6.47178153965378e+00 5.22613252756243e-04 0.00000000000000e+00 0.00000000000000e+00 0.00000000000000e+00 0.00000000000000e+00 0.00000000000000e+00 0.00000000000000e+00 0.00000000000000e+00 
7.98027202193858e-13 3.72733683996594e+02 3.50890281129849e+02 1.46531600749616e+22 5.19594530172000e+10 1.23001178038005e+10 1.71540178110646e+10 1.71469017429480e+06 4.75648045111505e+10 7.94413122144200e+09 5.68930598584389e+01 2.19179128868477e+09 1.28154994683416e+01 1.03488504288710e-03 0.00000000000000e+00 0.00000000000000e+00 0.00000000000000e+00 0.00000000000000e+00 0.00000000000000e+00 0.00000000000000e+00 0.00000000000000e+00 
1.02895157288229e-12 3.72733683980851e+02 3.50890281120589e+02 1.46531600749296e+22 6.69949104237444e+10 1.58593916953920e+10 2.21178595766178e+10 2.21086843527364e+06 6.13285873428034e+10 1.02429162024054e+10 7.33561483401115e+01 2.82602783950870e+09 2.13054145009714e+01 1.72046786268253e-03 0.00000000000000e+00 0.00000000000000e+00 0.00000000000000e+00 0.00000000000000e+00 0.00000000000000e+00 0.00000000000000e+00 0.00000000000000e+00 
3.33819527976663e-12 3.72733683823419e+02 3.50890281111329e+02 1.46531600746106e+22 2.17349485062655e+11 5.14521436755276e+10 7.17562768763830e+10 7.17265104424824e+06 1.98966432862010e+11 3.32307488068145e+10 2.37986983541779e+02 9.16839322905613e+09 2.24245403100571e+02 1.81084041081443e-02 0.00000000000000e+00 0.00000000000000e+00 0.00000000000000e+00 0.00000000000000e+00 0.00000000000000e+00 0.00000000000000e+00 0.00000000000000e+00 
5.64743898665096e-12 3.72733683665986e+02 3.50890281018725e+02 1.46531600742915e+22 3.67704060744232e+11 8.70449194087742e+10 1.21394693529299e+11 1.21344336517432e+07 3.36604309658795e+11 5.62185501290160e+10 4.02617728534278e+02 1.55107584028001e+10 6.41805094421147e+02 5.18274477941328e-02 0.00000000000000e+00 0.00000000000000e+00 0.00000000000000e+00 0.00000000000000e+00 0.00000000000000e+00 0.00000000000000e+00 0.00000000000000e+00 
7.95668269353529e-12 3.72733683508554e+02 3.50890280926120e+02 1.46531600739724e+22 5.18058637468473e+11 1.22637718895101e+11 1.71033109535366e+11 1.70962162577584e+07 4.74242217733115e+11 7.92063201690508e+10 5.67248383317659e+02 2.18531233607408e+10 1.27398448207957e+03 1.02877602662324e-01 0.00000000000000e+00 0.00000000000000e+00 0.00000000000000e+00 0.00000000000000e+00 0.00000000000000e+00 0.00000000000000e+00 0.00000000000000e+00 
1.02659264004196e-11 3.72733683351121e+02 3.50890280833516e+02 1.46531600736533e+22 6.68413215235378e+11 1.58230542134475e+11 2.20671524894584e+11 2.20579988622939e+07 6.11880157084930e+11 1.02194058926961e+11 7.31878947891979e+02 2.81954881028779e+10 2.12078355939463e+03 1.71258872631958e-01 0.00000000000000e+00 0.00000000000000e+00 0.00000000000000e+00 0.00000000000000e+00 0.00000000000000e+00 0.00000000000000e+00 0.00000000000000e+00 
3.33583634692630e-11 3.72733681776796e+02 3.50890280740912e+02 1.46531600704626e+22 2.17195905025056e+12 5.14160080934082e+11 7.17055642910067e+11 7.16758248262600e+07 1.98826127084985e+12 3.32069726004615e+11 2.37817963215691e+03 9.16191236550625e+10 2.23928548466209e+04 1.80828432098457e+00 0.00000000000000e+00 0.00000000000000e+00 0.00000000000000e+00 0.00000000000000e+00 0.00000000000000e+00 0.00000000000000e+00 0.00000000000000e+00 
5.64508005381063e-11 3.72733680202472e+02 3.50890279814870e+02 1.46531600672718e+22 3.67550498953096e+12 8.70091995001342e+11 1.21343969624065e+12 1.21293650642241e+08 3.36464551231557e+12 5.61942264918421e+11 4.02447129557917e+03 1.55042737626907e+11 6.41268874680134e+04 5.17842575685283e+00 0.00000000000000e+00 0.00000000000000e+00 0.00000000000000e+00 0.00000000000000e+00 0.00000000000000e+00 0.00000000000000e+00 0.00000000000000e+00 
7.95432376069496e-11 3.72733678628148e+02 3.50890278888829e+02 1.46531600640811e+22 5.17905103307559e+12 1.22602628430525e+12 1.70982368488635e+12 1.70911476310223e+08 4.74103288144148e+12 7.91811675708982e+11 5.67075393821178e+03 2.18466330018411e+11 1.27322875045427e+05 1.02816869222209e+01 0.00000000000000e+00 0.00000000000000e+00 0.00000000000000e+00 0.00000000000000e+00 0.00000000000000e+00 0.00000000000000e+00 0.00000000000000e+00 
1.02635674675793e-10 3.72733677053825e+02 3.50890277962788e+02 1.46531600608903e+22 6.68259718088346e+12 1.58196294881332e+12 2.20620760884716e+12 2.20529301830196e+08 6.11742337818506e+12 1.02167795841882e+12 7.31702756011026e+03 2.81889900829577e+11 2.11980810898615e+05 1.71180717362636e+01 0.00000000000000e+00 0.00000000000000e+00 0.00000000000000e+00 0.00000000000000e+00 0.00000000000000e+00 0.00000000000000e+00 0.00000000000000e+00 
3.33560045364226e-10 3.72733661310626e+02 3.50890277036748e+02 1.46531600289826e+22 2.17180643930725e+13 5.14146021837347e+12 7.17004329078973e+12 7.16707548884810e+08 1.98815003492046e+13 3.32016875646314e+12 2.37792676588094e+04 9.16124422022873e+11 2.23896490754852e+06 1.80805138465604e+02 0.00000000000000e+00 0.00000000000000e+00 0.00000000000000e+00 0.00000000000000e+00 0.00000000000000e+00 0.00000000000000e+00 0.00000000000000e+00 
5.64484416052660e-10 3.72733645567485e+02 3.50890267776360e+02 1.46531599970747e+22 3.67535420304251e+13 8.70119497125130e+12 1.21338725042535e+13 1.21288578112404e+09 3.36458900334054e+13 5.61834679501388e+12 4.02406057475320e+04 1.55035678518315e+12 6.41213620026109e+06 5.17809046756123e+02 0.00000000000000e+00 0.00000000000000e+00 0.00000000000000e+00 0.00000000000000e+00 0.00000000000000e+00 0.00000000000000e+00 0.00000000000000e+00 
7.95408786741093e-10 3.72733629824402e+02 3.50890258516008e+02 1.46531599651665e+22 5.17890300919730e+13 1.22611671764465e+13 1.70976952492462e+13 1.70906399853590e+09 4.74105923901897e+13 7.91621211466348e+12 5.67010418792905e+04 2.18458699031111e+12 1.27314883108872e+07 1.02813353764594e+03 0.00000000000000e+00 0.00000000000000e+00 0.00000000000000e+00 0.00000000000000e+00 0.00000000000000e+00 0.00000000000000e+00 0.00000000000000e+00 
1.02633315742953e-09 3.72733614081377e+02 3.50890249255689e+02 1.46531599332581e+22 6.68245285767019e+13 1.58213768014945e+13 2.20615115257762e+13 2.20524220110782e+09 6.11756073770421e+13 1.02137647579216e+13 7.31605761096053e+04 2.81881503740752e+12 2.11970145591767e+07 1.71178252889292e+03 0.00000000000000e+00 0.00000000000000e+00 0.00000000000000e+00 0.00000000000000e+00 0.00000000000000e+00 0.00000000000000e+00 0.00000000000000e+00 
3.33557686431386e-09 3.72733456654303e+02 3.50890239995405e+02 1.46531596141604e+22 2.17180086332314e+14 5.14365194076808e+13 7.16993185285955e+13 7.16702340608419e+09 1.98842936529657e+14 3.31721093565857e+13 2.37706333913477e+05 9.16097681690711e+12 2.23889437562929e+08 1.80825362308135e+04 0.00000000000000e+00 0.00000000000000e+00 0.00000000000000e+00 0.00000000000000e+00 0.00000000000000e+00 0.00000000000000e+00 0.00000000000000e+00 
5.64482057119819e-09 3.72733299233007e+02 3.50890147394448e+02 1.46531592950384e+22 3.67536685248229e+14 8.70753669372379e+13 1.21336478694522e+14 1.21288031127133e+10 3.36541480153034e+14 5.60992348457075e+13 4.02161964979178e+05 1.55029227941062e+13 6.41191642807669e+08 5.17902099037790e+04 0.00000000000000e+00 0.00000000000000e+00 0.00000000000000e+00 0.00000000000000e+00 0.00000000000000e+00 0.00000000000000e+00 0.00000000000000e+00 
7.95406427808253e-09 3.72733141817483e+02 3.50890054796916e+02 1.46531589758921e+22 5.17894324358598e+14 1.22737888472944e+14 1.70972992031401e+14 1.70905813090000e+10 4.74271197758163e+14 7.89951817089072e+13 5.66527522252387e+05 2.18446529697176e+13 1.27309725212347e+09 1.02838535141866e+05 0.00000000000000e+00 0.00000000000000e+00 0.00000000000000e+00 0.00000000000000e+00 0.00000000000000e+00 0.00000000000000e+00 0.00000000000000e+00 
1.02633079849669e-08 3.72732984407724e+02 3.50889962202805e+02 1.46531586567216e+22 6.68253002653104e+14 1.58424051674463e+14 2.20608858547446e+14 2.20523579823815e+10 6.12032046992331e+14 1.01859992293259e+14 7.30803061153268e+05 2.81861673444857e+13 2.11959958522781e+09 1.71231415562736e+05 0.00000000000000e+00 0.00000000000000e+00 0.00000000000000e+00 0.00000000000000e+00 0.00000000000000e+00 0.00000000000000e+00 0.00000000000000e+00 
2.67753752421532e-08 3.72731859028940e+02 3.50889869612113e+02 1.46531563738140e+22 1.74341121250811e+15 4.14281238589607e+14 5.75507408597521e+14 5.75311101191928e+10 1.59798369721366e+15 2.64449475347011e+14 1.90282431499073e+06 7.35243836764588e+13 1.44250935449737e+10 1.16602451514505e+06 0.00000000000000e+00 0.00000000000000e+00 0.00000000000000e+00 0.00000000000000e+00 0.00000000000000e+00 0.00000000000000e+00 0.00000000000000e+00 
4.32874424993395e-08 3.72730733942268e+02 3.50889207648826e+02 1.46531540896806e+22 2.81862213603748e+15 6.71333800196486e+14 9.30372891070689e+14 9.30097791549963e+10 2.58550952779193e+15 4.25464537954779e+14 3.07026609341027e+06 1.18851566732750e+14 3.76998181885394e+10 3.04923507449284e+06 0.00000000000000e+00 0.00000000000000e+00 0.00000000000000e+00 0.00000000000000e+00 0.00000000000000e+00 0.00000000000000e+00 0.00000000000000e+00 
5.97995097565258e-08 3.72729609145387e+02 3.50888545858707e+02 1.46531518043334e+22 3.89388540885131e+15 9.29570073153564e+14 1.28520530897644e+15 1.28488360490066e+11 3.57459426446107e+15 5.84920452318528e+14 4.23314855119698e+06 1.64167716776907e+14 7.19413259658624e+10 5.82227046767757e+06 0.00000000000000e+00 0.00000000000000e+00 0.00000000000000e+00 0.00000000000000e+00 0.00000000000000e+00 0.00000000000000e+00 0.00000000000000e+00 
7.63115770137121e-08 3.72728484635997e+02 3.50887884240387e+02 1.46531495177843e+22 4.96920067038036e+15 1.18897851694554e+15 1.64000466532247e+15 1.63966849528878e+11 4.56522279379351e+15 7.42832329804609e+14 5.39149173773766e+06 2.09472834066632e+14 1.17147170538729e+11 9.48652313113418e+06 0.00000000000000e+00 0.00000000000000e+00 0.00000000000000e+00 0.00000000000000e+00 0.00000000000000e+00 0.00000000000000e+00 0.00000000000000e+00 
9.28236442708985e-08 3.72727360411824e+02 3.50887222792513e+02 1.46531472300450e+22 6.04456756380566e+15 1.44954771162180e+15 1.99477096311480e+15 1.99445241679916e+11 5.55738016023866e+15 8.99215123905136e+14 6.54531559889254e+06 2.54766918853926e+14 1.73314906683732e+11 1.40433708760964e+07 0.00000000000000e+00 0.00000000000000e+00 0.00000000000000e+00 0.00000000000000e+00 0.00000000000000e+00 0.00000000000000e+00 0.00000000000000e+00 
2.48128383598923e-07 3.72716800033523e+02 3.50886561513747e+02 1.46531256565379e+22 1.61614248684272e+16 3.95507393671286e+15 5.32991876787729e+15 5.33132718417924e+11 1.49612532059184e+16 2.29795825941072e+15 1.71801514781066e+07 6.80241950731797e+14 1.23756444762160e+12 1.00831122576678e+08 0.00000000000000e+00 0.00000000000000e+00 0.00000000000000e+00 0.00000000000000e+00 0.00000000000000e+00 0.00000000000000e+00 0.00000000000000e+00 
4.03433122926948e-07 3.72706262916506e+02 3.50880349869721e+02 1.46531039879501e+22 2.62825405589688e+16 6.55339251658476e+15 8.66214484686191e+15 8.66807407934462e+11 2.44874182641019e+16 3.57438571143905e+15 2.74330293687161e+07 1.10474120634812e+15 3.26929546993660e+12 2.67774277279681e+08 0.00000000000000e+00 0.00000000000000e+00 0.00000000000000e+00 0.00000000000000e+00 0.00000000000000e+00 0.00000000000000e+00 0.00000000000000e+00 
5.58737862254973e-07 3.72695747434241e+02 3.50874152025992e+02 1.46530822327040e+22 3.64076593057981e+16 9.23633787587486e+15 1.19914516972382e+16 1.20046551452038e+12 3.41251815435633e+16 4.73918958161092e+15 3.73194033236588e+07 1.52826483417143e+15 6.26647356630222e+12 5.15857121470963e+08 0.00000000000000e+00 0.00000000000000e+00 0.00000000000000e+00 0.00000000000000e+00 0.00000000000000e+00 0.00000000000000e+00 0.00000000000000e+00 
7.14042601582999e-07 3.72685252102165e+02 3.50867967025178e+02 1.46530603984855e+22 4.65365479834479e+16 1.19964584229153e+16 1.53178418151184e+16 1.53410325533280e+12 4.38647841963005e+16 5.80212704119231e+15 4.68540869842144e+07 1.95081295258522e+15 1.02270632761400e+13 8.45977727354856e+08 0.00000000000000e+00 0.00000000000000e+00 0.00000000000000e+00 0.00000000000000e+00 0.00000000000000e+00 0.00000000000000e+00 0.00000000000000e+00 
8.69347340911024e-07 3.72674775564567e+02 3.50861793993466e+02 1.46530384923126e+22 5.66689936184286e+16 1.48269505494255e+16 1.86413176951325e+16 1.86771686114502e+12 5.36973158923444e+16 6.77210675634768e+15 5.60512815829603e+07 2.37238565472529e+15 1.51490283996946e+13 1.25895569064867e+09 0.00000000000000e+00 0.00000000000000e+00 0.00000000000000e+00 0.00000000000000e+00 0.00000000000000e+00 0.00000000000000e+00 0.00000000000000e+00 
1.02465208023905e-06 3.72664316583639e+02 3.50855632132886e+02 1.46530165205919e+22 6.68048016777576e+16 1.77216035843053e+16 2.19618818298771e+16 2.20130257727691e+12 6.36146427387036e+16 7.65726096931808e+15 6.49245991614722e+07 2.79298301240510e+15 2.10303324184431e+13 1.75553852650816e+09 0.00000000000000e+00 0.00000000000000e+00 0.00000000000000e+00 0.00000000000000e+00 0.00000000000000e+00 0.00000000000000e+00 0.00000000000000e+00 
1.53307123793636e-06 3.72630186629676e+02 3.50849480714872e+02 1.46529442025219e+22 1.00007692207917e+17 2.75797305795813e+16 3.28120324872272e+16 3.29311691856374e+12 9.65864365765329e+16 1.00491801492759e+16 9.18644927007814e+07 4.16306498760702e+15 4.69697491662616e+13 3.97408848553285e+09 0.00000000000000e+00 0.00000000000000e+00 0.00000000000000e+00 0.00000000000000e+00 0.00000000000000e+00 0.00000000000000e+00 0.00000000000000e+00 
2.04149039563367e-06 3.72596200529833e+02 3.50829408095793e+02 1.46528714111468e+22 1.33239646203096e+17 3.79033330580462e+16 4.36310918107605e+16 4.38446226341047e+12 1.30176043605482e+17 1.18228868604228e+16 1.15888311008676e+08 5.52269571430095e+15 8.30970877534177e+13 7.11533084227067e+09 0.00000000000000e+00 0.00000000000000e+00 0.00000000000000e+00 0.00000000000000e+00 0.00000000000000e+00 0.00000000000000e+00 0.00000000000000e+00 
2.54990955333098e-06 3.72562334059145e+02 3.50809421314420e+02 1.46527982716657e+22 1.66496841959330e+17 4.85710815705568e+16 5.44191468399337e+16 5.47521012911029e+12 1.64224545054005e+17 1.31372446435766e+16 1.37361226626326e+08 6.87187536712653e+15 1.29340773493512e+14 1.11937840435324e+10 0.00000000000000e+00 0.00000000000000e+00 0.00000000000000e+00 0.00000000000000e+00 0.00000000000000e+00 0.00000000000000e+00 0.00000000000000e+00 
3.05832871102829e-06 3.72528569153760e+02 3.50789506111436e+02 1.46527248773315e+22 1.99776421414179e+17 5.94926288970037e+16 6.51762844072285e+16 6.56523370961831e+12 1.98613592865535e+17 1.41105475179431e+16 1.56602100177634e+08 8.21060398652149e+15 1.85629157132654e+14 1.62201815673911e+10 0.00000000000000e+00 0.00000000000000e+00 0.00000000000000e+00 0.00000000000000e+00 0.00000000000000e+00 0.00000000000000e+00 0.00000000000000e+00 
3.56674786872559e-06 3.72494892236657e+02 3.50769651853486e+02 1.46526512981328e+22 2.33076228312858e+17 7.06001902521436e+16 7.59025911336825e+16 7.65440789899014e+12 2.33254384239294e+17 1.48315453470844e+16 1.73889831639056e+08 9.53888193315243e+15 2.51890517199418e+14 2.22025058153109e+10 0.00000000000000e+00 0.00000000000000e+00 0.00000000000000e+00 0.00000000000000e+00 0.00000000000000e+00 0.00000000000000e+00 0.00000000000000e+00 
4.07516702642290e-06 3.72461293198126e+02 3.50749850547699e+02 1.46525775860790e+22 2.66394648786283e+17 8.18434167761142e+16 8.65981534245666e+16 8.74260931355811e+12 2.68080948625977e+17 1.53661567738110e+16 1.89468285002465e+08 1.08567101335938e+16 3.28053065130229e+14 2.91466380207142e+10 0.00000000000000e+00 0.00000000000000e+00 0.00000000000000e+00 0.00000000000000e+00 0.00000000000000e+00 0.00000000000000e+00 0.00000000000000e+00 
4.84767366248097e-06 3.72410374542090e+02 3.50730096241531e+02 1.46524654155766e+22 3.17052604233436e+17 9.91051104605242e+16 1.02790644428756e+17 1.03939191698147e+13 3.21246514723676e+17 1.59280862211917e+16 2.10339475118665e+08 1.28390587933124e+16 4.62566601686796e+14 4.15481557206526e+10 0.00000000000000e+00 0.00000000000000e+00 0.00000000000000e+00 0.00000000000000e+00 0.00000000000000e+00 0.00000000000000e+00 0.00000000000000e+00 
5.62018029853903e-06 3.72359600984473e+02 3.50700161296805e+02 1.46523531158731e+22 3.67747916554390e+17 1.16508375593530e+17 1.18912657141703e+17 1.20422839342486e+13 3.74615989459300e+17 1.62843986839123e+16 2.28383357972834e+08 1.47972960288935e+16 6.19520473608602e+14 5.61899261344234e+10 0.00000000000000e+00 0.00000000000000e+00 0.00000000000000e+00 0.00000000000000e+00 0.00000000000000e+00 0.00000000000000e+00 0.00000000000000e+00 
6.39268693459710e-06 3.72308961049021e+02 3.50670314418817e+02 1.46522407450375e+22 4.18478677624996e+17 1.33997208637927e+17 1.34964491693617e+17 1.36872942286912e+13 4.28115902457133e+17 1.65083938772303e+16 2.44115240134855e+08 1.67314359426270e+16 7.98662142477760e+14 7.30779393408153e+10 0.00000000000000e+00 0.00000000000000e+00 0.00000000000000e+00 0.00000000000000e+00 0.00000000000000e+00 0.00000000000000e+00 0.00000000000000e+00 
7.16519357065516e-06 3.72258446820221e+02 3.50640548839838e+02 1.46521283426814e+22 4.69243536840016e+17 1.51533503183403e+17 1.50946446984486e+17 1.53285503542766e+13 4.81696221350526e+17 1.66499373492959e+16 2.57957676199921e+08 1.86414975640684e+16 9.99738872411957e+14 9.22158611681008e+10 0.00000000000000e+00 0.00000000000000e+00 0.00000000000000e+00 0.00000000000000e+00 0.00000000000000e+00 0.00000000000000e+00 0.00000000000000e+00 
7.93770020671322e-06 3.72208053054569e+02 3.50610859887171e+02 1.46520159345625e+22 5.20041562249614e+17 1.69092584942138e+17 1.66858820681101e+17 1.69656624237490e+13 5.35324504992993e+17 1.67413071770558e+16 2.70256739058564e+08 2.05275049641424e+16 1.22249778577650e+15 1.13605767892250e+11 0.00000000000000e+00 0.00000000000000e+00 0.00000000000000e+00 0.00000000000000e+00 0.00000000000000e+00 0.00000000000000e+00 0.00000000000000e+00 
8.71020684277129e-06 3.72157776603192e+02 3.50581244459951e+02 1.46519035355763e+22 5.70872150335005e+17 1.86660310626090e+17 1.82701909213910e+17 1.85982504776551e+13 5.88982104516783e+17 1.68009928086061e+16 2.81294716499194e+08 2.23894872167804e+16 1.46668591883637e+15 1.37248603861081e+11 0.00000000000000e+00 0.00000000000000e+00 0.00000000000000e+00 0.00000000000000e+00 0.00000000000000e+00 0.00000000000000e+00 0.00000000000000e+00 
1.00492883516631e-05 3.72070898588074e+02 3.50551700689176e+02 1.46517087466083e+22 6.59059062746752e+17 2.17110232478652e+17 2.10001425151114e+17 2.14164148498800e+13 6.82032601957836e+17 1.68592555240099e+16 2.98103550464916e+08 2.55602766790277e+16 1.93998942753680e+15 1.83569944823261e+11 0.00000000000000e+00 0.00000000000000e+00 0.00000000000000e+00 0.00000000000000e+00 0.00000000000000e+00 0.00000000000000e+00 0.00000000000000e+00 
1.13883698605549e-05 3.71984360066849e+02 3.50500655262380e+02 1.46515140408044e+22 7.47340883824829e+17 2.47534514813831e+17 2.37095170806552e+17 2.42180248126925e+13 7.75102579962903e+17 1.68896651615164e+16 3.12715153538214e+08 2.86591894872205e+16 2.47560503808794e+15 2.36660210097131e+11 0.00000000000000e+00 0.00000000000000e+00 0.00000000000000e+00 0.00000000000000e+00 0.00000000000000e+00 0.00000000000000e+00 0.00000000000000e+00 
1.27274513694467e-05 3.71898157674025e+02 3.50449817356623e+02 1.46513194281976e+22 8.35716525400253e+17 2.77924926196028e+17 2.63984663543486e+17 2.70013184771528e+13 8.68180636733459e+17 1.69028638781995e+16 3.25763415763232e+08 3.16864761980865e+16 3.07221634157645e+15 2.96516201277317e+11 0.00000000000000e+00 0.00000000000000e+00 0.00000000000000e+00 0.00000000000000e+00 0.00000000000000e+00 0.00000000000000e+00 0.00000000000000e+00 
1.40665328783385e-05 3.71812288774713e+02 3.50399184904084e+02 1.46511249150442e+22 9.24185020755010e+17 3.08276864770729e+17 2.90671409534401e+17 2.97646275423277e+13 9.61260142978652e+17 1.69047498966131e+16 3.37703995099012e+08 3.46424268707416e+16 3.72850881099988e+15 3.63134382101962e+11 0.00000000000000e+00 0.00000000000000e+00 0.00000000000000e+00 0.00000000000000e+00 0.00000000000000e+00 0.00000000000000e+00 0.00000000000000e+00 
1.54056143872303e-05 3.71726750075102e+02 3.50348756267469e+02 1.46509305110503e+22 1.01274530671743e+18 3.38582350020787e+17 3.17156903807045e+17 3.25063778307317e+13 1.05433006464088e+18 1.69056540229601e+16 3.48867092822020e+08 3.75273689955812e+16 4.44317059240288e+15 4.36510746109142e+11 0.00000000000000e+00 0.00000000000000e+00 0.00000000000000e+00 0.00000000000000e+00 0.00000000000000e+00 0.00000000000000e+00 0.00000000000000e+00 
1.67446958961221e-05 3.71641538828436e+02 3.50298529423903e+02 1.46507362231081e+22 1.10139641242449e+18 3.68836096023201e+17 3.43442630364289e+17 3.52250894576988e+13 1.14738291563320e+18 1.69123871887080e+16 3.59482882751831e+08 4.03416671603265e+16 5.21489322376746e+15 5.16640497275202e+11 0.00000000000000e+00 0.00000000000000e+00 0.00000000000000e+00 0.00000000000000e+00 0.00000000000000e+00 0.00000000000000e+00 0.00000000000000e+00 
1.92723000193706e-05 3.71481586225723e+02 3.50248502673119e+02 1.46503697986510e+22 1.26897632229313e+18 4.25814979872119e+17 3.92519429345830e+17 4.02893396260586e+13 1.32299613922647e+18 1.69223626278295e+16 3.78493721382262e+08 4.54628044020283e+16 6.82247825555969e+15 6.86277291243694e+11 0.00000000000000e+00 0.00000000000000e+00 0.00000000000000e+00 0.00000000000000e+00 0.00000000000000e+00 0.00000000000000e+00 0.00000000000000e+00 
2.17999041426191e-05 3.71322786446356e+02 3.50154617031568e+02 1.46500037840067e+22 1.43687222880312e+18 4.82626719289421e+17 4.40899512280954e+17 4.52582684293789e+13 1.49856566402031e+18 1.69296271046398e+16 3.96754602224128e+08 5.03367446734890e+16 8.62000571766944e+15 8.79924142388964e+11 0.00000000000000e+00 0.00000000000000e+00 0.00000000000000e+00 0.00000000000000e+00 0.00000000000000e+00 0.00000000000000e+00 0.00000000000000e+00 
2.43275082658676e-05 3.71165128236078e+02 3.50061435280161e+02 1.46496381883386e+22 1.60507893009502e+18 5.39270826692219e+17 4.88592550968539e+17 5.01245760635153e+13 1.67408760011013e+18 1.69343090951903e+16 4.14614793757370e+08 5.49669095021297e+16 1.05988300691273e+16 1.09754693588828e+12 0.00000000000000e+00 0.00000000000000e+00 0.00000000000000e+00 0.00000000000000e+00 0.00000000000000e+00 0.00000000000000e+00 0.00000000000000e+00 
2.68551123891160e-05 3.71008600119490e+02 3.49968950247202e+02 1.46492730221058e+22 1.77359127808413e+18 5.95745083948620e+17 5.35608077147536e+17 5.48821500569106e+13 1.84955603643767e+18 1.69389066630554e+16 4.32225666504790e+08 5.93571264769161e+16 1.27504007695024e+16 1.33911044890986e+12 0.00000000000000e+00 0.00000000000000e+00 0.00000000000000e+00 0.00000000000000e+00 0.00000000000000e+00 0.00000000000000e+00 0.00000000000000e+00 
2.93827165123645e-05 3.70853190981987e+02 3.49877154642349e+02 1.46489082940267e+22 1.94240426561724e+18 6.52048493617440e+17 5.81955488151162e+17 5.95259933321382e+13 2.02496689365695e+18 1.69444170062283e+16 4.49666966775162e+08 6.35115885403828e+16 1.50662767357255e+16 1.60457822783121e+12 0.00000000000000e+00 0.00000000000000e+00 0.00000000000000e+00 0.00000000000000e+00 0.00000000000000e+00 0.00000000000000e+00 0.00000000000000e+00 
3.53251757108314e-05 3.70492167233160e+02 3.49786041397787e+02 1.46480525728253e+22 2.34044462232688e+18 7.83747716883646e+17 6.88339942444740e+17 6.99775705234612e+13 2.43712369681200e+18 1.69581250212205e+16 4.90259743732866e+08 7.23772902399235e+16 2.11112981111183e+16 2.32264477001636e+12 0.00000000000000e+00 0.00000000000000e+00 0.00000000000000e+00 0.00000000000000e+00 0.00000000000000e+00 0.00000000000000e+00 0.00000000000000e+00 
4.12676349092983e-05 3.70137131483042e+02 3.49574481080694e+02 1.46471993933701e+22 2.74005882101804e+18 9.14504282702734e+17 7.91200002651230e+17 7.97509001738160e+13 2.84892248240311e+18 1.69728154873409e+16 5.30599526967719e+08 8.00305465333026e+16 2.79141092550060e+16 3.17212453405229e+12 0.00000000000000e+00 0.00000000000000e+00 0.00000000000000e+00 0.00000000000000e+00 0.00000000000000e+00 0.00000000000000e+00 0.00000000000000e+00 
4.72100941077652e-05 3.69787949357783e+02 3.49366567138752e+02 1.46463488237536e+22 3.14118830687366e+18 1.04431988503166e+18 8.90649735712022e+17 8.88391229735046e+13 3.26034268352549e+18 1.69876182325935e+16 5.70853393210859e+08 8.65429369167184e+16 3.53744688027326e+16 4.15249242817220e+12 0.00000000000000e+00 0.00000000000000e+00 0.00000000000000e+00 0.00000000000000e+00 0.00000000000000e+00 0.00000000000000e+00 0.00000000000000e+00 
5.31525533062321e-05 3.69444490152164e+02 3.49162214285291e+02 1.46455009167100e+22 3.54377736823353e+18 1.17319710052398e+18 9.86799356099363e+17 9.72574541550406e+13 3.67137070743125e+18 1.70027908225695e+16 6.11100405364239e+08 9.19918473405102e+16 4.33978078110872e+16 5.26320229891505e+12 0.00000000000000e+00 0.00000000000000e+00 0.00000000000000e+00 0.00000000000000e+00 0.00000000000000e+00 0.00000000000000e+00 0.00000000000000e+00 
5.90950125046990e-05 3.69106626802397e+02 3.48961339672375e+02 1.46446557099393e+22 3.94777292166190e+18 1.30113999400983e+18 1.07975545094586e+18 1.05037586152703e+14 4.08199995514006e+18 1.70185690146813e+16 6.51416562090071e+08 9.64583552629524e+16 5.18956885857653e+16 6.50369037830539e+12 0.00000000000000e+00 0.00000000000000e+00 0.00000000000000e+00 0.00000000000000e+00 0.00000000000000e+00 0.00000000000000e+00 0.00000000000000e+00 
7.31181946624026e-05 3.68330814276312e+02 3.48763862861503e+02 1.46426719516220e+22 4.90642685254189e+18 1.59939575378661e+18 1.28703526596922e+18 1.21147991504180e+14 5.04945409753532e+18 1.70576100161232e+16 7.47215018163249e+08 1.03583057076468e+17 7.33880891579053e+16 9.94212634409907e+12 0.00000000000000e+00 0.00000000000000e+00 0.00000000000000e+00 0.00000000000000e+00 0.00000000000000e+00 0.00000000000000e+00 0.00000000000000e+00 
8.71413768201063e-05 3.67583934836733e+02 3.48310880678634e+02 1.46407033850426e+22 5.87201830489342e+18 1.89257283036853e+18 1.47837986280972e+18 1.34626402062069e+14 6.01478789003659e+18 1.70989323699921e+16 8.44416958633670e+08 1.06769341363710e+17 9.61567894768947e+16 1.40921816568783e+13 0.00000000000000e+00 0.00000000000000e+00 0.00000000000000e+00 0.00000000000000e+00 0.00000000000000e+00 0.00000000000000e+00 0.00000000000000e+00 
1.01164558977810e-04 3.66864529818691e+02 3.47875412838207e+02 1.46387497926811e+22 6.84398323942069e+18 2.18077887440996e+18 1.65498326034343e+18 1.46170598411196e+14 6.97817879211944e+18 1.71421300927255e+16 9.43295778052482e+08 1.07021677742519e+17 1.19460751293217e+17 1.89457561536063e+13 0.00000000000000e+00 0.00000000000000e+00 0.00000000000000e+00 0.00000000000000e+00 0.00000000000000e+00 0.00000000000000e+00 0.00000000000000e+00 
1.15187741135514e-04 3.66171237002890e+02 3.47456541810900e+02 1.46368107373219e+22 7.82180945476799e+18 2.46412963042081e+18 1.81794598201107e+18 1.56400019039802e+14 7.93985272719011e+18 1.71870385231278e+16 1.04378791216480e+09 1.05211759398685e+17 1.42755851778166e+17 2.44945250069553e+13 0.00000000000000e+00 0.00000000000000e+00 0.00000000000000e+00 0.00000000000000e+00 0.00000000000000e+00 0.00000000000000e+00 0.00000000000000e+00 
1.29210923293217e-04 3.65502781300899e+02 3.47053412827953e+02 1.46348856346239e+22 8.80502800761999e+18 2.74274240324662e+18 1.96828479823259e+18 1.65814238255964e+14 8.90005342124557e+18 1.72334603836220e+16 1.14587469319384e+09 1.02064695846777e+17 1.65665026512653e+17 3.07300019055205e+13 0.00000000000000e+00 0.00000000000000e+00 0.00000000000000e+00 0.00000000000000e+00 0.00000000000000e+00 0.00000000000000e+00 0.00000000000000e+00 
1.48492020678365e-04 3.64622052701995e+02 3.46665227770979e+02 1.46322603046979e+22 1.01649088531985e+19 3.11829000314137e+18 2.15610458647018e+18 1.78100515701757e+14 1.02182909431375e+19 1.72993814070882e+16 1.28849864522432e+09 9.65897569612000e+16 1.96092116824959e+17 4.04087969945309e+13 0.00000000000000e+00 0.00000000000000e+00 0.00000000000000e+00 0.00000000000000e+00 0.00000000000000e+00 0.00000000000000e+00 0.00000000000000e+00 
1.67773118063513e-04 3.63783136328641e+02 3.46154526615770e+02 1.46296583740722e+22 1.15331288036727e+19 3.48536057303013e+18 2.32406897922823e+18 1.90126194803819e+14 1.15346702427418e+19 1.73673389485752e+16 1.43287485450696e+09 9.06630183433413e+16 2.25016797341095e+17 5.13467035906923e+13 0.00000000000000e+00 0.00000000000000e+00 0.00000000000000e+00 0.00000000000000e+00 0.00000000000000e+00 0.00000000000000e+00 0.00000000000000e+00 
1.87054215448662e-04 3.62983389202586e+02 3.45668871798447e+02 1.46270781899569e+22 1.29087450283071e+19 3.84419047302637e+18 2.47418404153477e+18 2.02160531307392e+14 1.28495471913018e+19 1.74369683413009e+16 1.57840495876093e+09 8.48485300914709e+16 2.52367856531038e+17 6.35204081063888e+13 0.00000000000000e+00 0.00000000000000e+00 0.00000000000000e+00 0.00000000000000e+00 0.00000000000000e+00 0.00000000000000e+00 0.00000000000000e+00 
2.06335312833810e-04 3.62220381950971e+02 3.45206622770161e+02 1.46245182574771e+22 1.42908978508743e+19 4.19499123631156e+18 2.60825593737333e+18 2.14313450275157e+14 1.41631643859947e+19 1.75079444617529e+16 1.72468153444572e+09 7.94289621809142e+16 2.78194833425330e+17 7.69060252654526e+13 0.00000000000000e+00 0.00000000000000e+00 0.00000000000000e+00 0.00000000000000e+00 0.00000000000000e+00 0.00000000000000e+00 0.00000000000000e+00 
2.25616410218958e-04 3.61491878534549e+02 3.44766276170853e+02 1.46219772378523e+22 1.56788055115354e+19 4.53795769031884e+18 2.72791124953109e+18 2.26624864246917e+14 1.54756877519183e+19 1.75799891387272e+16 1.87133512368500e+09 7.45249549928554e+16 3.02601716903206e+17 9.14790646319153e+13 0.00000000000000e+00 0.00000000000000e+00 0.00000000000000e+00 0.00000000000000e+00 0.00000000000000e+00 0.00000000000000e+00 0.00000000000000e+00 
2.44897507604106e-04 3.60795820403737e+02 3.44346452331248e+02 1.46194539340011e+22 1.70717593275613e+19 4.87327294048151e+18 2.83461302488332e+18 2.39093151255647e+14 1.67872294885034e+19 1.76528685622757e+16 2.01808952923380e+09 7.01579720498446e+16 3.25717131329122e+17 1.07214434496317e+14 0.00000000000000e+00 0.00000000000000e+00 0.00000000000000e+00 0.00000000000000e+00 0.00000000000000e+00 0.00000000000000e+00 0.00000000000000e+00 
2.70584600530145e-04 3.59915653342633e+02 3.43945884575914e+02 1.46161179877949e+22 1.89342509238337e+19 5.30840691469953e+18 2.95889501871329e+18 2.55890330202876e+14 1.85331137684712e+19 1.77509173703978e+16 2.21347598571481e+09 6.51027246512475e+16 3.54733275869074e+17 1.29939145360848e+14 0.00000000000000e+00 0.00000000000000e+00 0.00000000000000e+00 0.00000000000000e+00 0.00000000000000e+00 0.00000000000000e+00 0.00000000000000e+00 
2.96271693456184e-04 3.59085637777194e+02 3.43440149787612e+02 1.46128094181546e+22 2.08032172759939e+19 5.73066385342652e+18 3.06525506308733e+18 2.72806286523451e+14 2.02774748230000e+19 1.78497032559750e+16 2.40862668369760e+09 6.07624816749079e+16 3.81981656161024e+17 1.54619075106592e+14 0.00000000000000e+00 0.00000000000000e+00 0.00000000000000e+00 0.00000000000000e+00 0.00000000000000e+00 0.00000000000000e+00 0.00000000000000e+00 
3.21958786382224e-04 3.58302099498236e+02 3.42964036626864e+02 1.46095262816183e+22 2.26774881662983e+19 6.14043282434356e+18 3.15607643456055e+18 2.89787543146556e+14 2.20204050450591e+19 1.79489129921344e+16 2.60372843402785e+09 5.70223836895305e+16 4.07697521582384e+17 1.81190563888572e+14 0.00000000000000e+00 0.00000000000000e+00 0.00000000000000e+00 0.00000000000000e+00 0.00000000000000e+00 0.00000000000000e+00 0.00000000000000e+00 
3.47645879308263e-04 3.57561721116803e+02 3.42515303507252e+02 1.46062668890588e+22 2.45560428833003e+19 6.53809241120258e+18 3.23343014636143e+18 3.06788610855599e+14 2.37619660326097e+19 1.80483051463659e+16 2.79850686306608e+09 5.37734492829529e+16 4.32070336829190e+17 2.09588686371648e+14 0.00000000000000e+00 0.00000000000000e+00 0.00000000000000e+00 0.00000000000000e+00 0.00000000000000e+00 0.00000000000000e+00 0.00000000000000e+00 
3.73332972234302e-04 3.56861501595129e+02 3.42091932692109e+02 1.46030297762348e+22 2.64379906542049e+19 6.92401024821706e+18 3.29911495530536e+18 3.23759422955906e+14 2.55021884072371e+19 1.81476896371122e+16 2.99289578327637e+09 5.09024050944724e+16 4.55253563846302e+17 2.39747458945582e+14 0.00000000000000e+00 0.00000000000000e+00 0.00000000000000e+00 0.00000000000000e+00 0.00000000000000e+00 0.00000000000000e+00 0.00000000000000e+00 
3.99020065160341e-04 3.56198721580585e+02 3.41692104130701e+02 1.45998136413526e+22 2.83225578659001e+19 7.29854749016666e+18 3.35469131092472e+18 3.40666726105356e+14 2.72411005326824e+19 1.82469198272846e+16 3.18708745648057e+09 4.83269393755272e+16 4.77367858330340e+17 2.71600030385248e+14 0.00000000000000e+00 0.00000000000000e+00 0.00000000000000e+00 0.00000000000000e+00 0.00000000000000e+00 0.00000000000000e+00 0.00000000000000e+00 
4.38896251497095e-04 3.55238398841158e+02 3.41314173108857e+02 1.45948598061297e+22 3.12518220216120e+19 7.85825963140130e+18 3.42396575801845e+18 3.66797305177557e+14 2.99380807990954e+19 1.84003968718574e+16 3.48832213658447e+09 4.48591913978400e+16 5.09798781038190e+17 3.24244225888472e+14 0.00000000000000e+00 0.00000000000000e+00 0.00000000000000e+00 0.00000000000000e+00 0.00000000000000e+00 0.00000000000000e+00 0.00000000000000e+00 
4.78772437833849e-04 3.54354198034091e+02 3.40767476227670e+02 1.45899497648051e+22 3.41837094252884e+19 8.39269992750163e+18 3.47633273172967e+18 3.92758805520690e+14 3.26321532116654e+19 1.85529960206795e+16 3.78905012495627e+09 4.19014438196035e+16 5.40200510509074e+17 3.80553047897643e+14 0.00000000000000e+00 0.00000000000000e+00 0.00000000000000e+00 0.00000000000000e+00 0.00000000000000e+00 0.00000000000000e+00 0.00000000000000e+00 
5.18648624170603e-04 3.53538924174476e+02 3.40265058661358e+02 1.45850801810699e+22 3.71165084570454e+19 8.90311606093226e+18 3.51523172848197e+18 4.18532692479960e+14 3.53234082690685e+19 1.87045349238457e+16 4.08928336837689e+09 3.93356010736880e+16 5.68823074218128e+17 4.40270971645498e+14 0.00000000000000e+00 0.00000000000000e+00 0.00000000000000e+00 0.00000000000000e+00 0.00000000000000e+00 0.00000000000000e+00 0.00000000000000e+00 
5.58524810507357e-04 3.52786345413468e+02 3.39802611713970e+02 1.45802482104293e+22 4.00488671827933e+19 9.39070641617566e+18 3.54337219975170e+18 4.44115406233435e+14 3.80119229943194e+19 1.88549327723621e+16 4.38915670131254e+09 3.70855833928578e+16 5.95858837907804e+17 5.03142433962372e+14 0.00000000000000e+00 0.00000000000000e+00 0.00000000000000e+00 0.00000000000000e+00 0.00000000000000e+00 0.00000000000000e+00 0.00000000000000e+00 
5.98400996844111e-04 3.52090998003225e+02 3.39376415207237e+02 1.45754513978401e+22 4.29797048936939e+19 9.85661938161656e+18 3.56291179255766e+18 4.69506940223554e+14 4.06977556268548e+19 1.90041741485507e+16 4.68865007170061e+09 3.50919180145593e+16 6.21461616557175e+17 5.68913228504666e+14 0.00000000000000e+00 0.00000000000000e+00 0.00000000000000e+00 0.00000000000000e+00 0.00000000000000e+00 0.00000000000000e+00 0.00000000000000e+00 
6.70798593676593e-04 3.50959902690193e+02 3.38983218390538e+02 1.45668257364323e+22 4.82943435184114e+19 1.06506001294073e+19 3.58153985847981e+18 5.15131237974467e+14 4.55673319975447e+19 1.92721381896188e+16 5.23151076258934e+09 3.19961270995850e+16 6.64664990616974e+17 6.94921065272165e+14 0.00000000000000e+00 0.00000000000000e+00 0.00000000000000e+00 0.00000000000000e+00 0.00000000000000e+00 0.00000000000000e+00 0.00000000000000e+00 
7.43196190509076e-04 3.49977038867196e+02 3.38344831637492e+02 1.45582980080265e+22 5.35972565935450e+19 1.13828786595730e+19 3.58514224991412e+18 5.60183524872925e+14 5.04284800277444e+19 1.95366904754338e+16 5.77344365958675e+09 2.94400959478554e+16 7.04172445257088e+17 8.28187018710668e+14 0.00000000000000e+00 0.00000000000000e+00 0.00000000000000e+00 0.00000000000000e+00 0.00000000000000e+00 0.00000000000000e+00 0.00000000000000e+00 
8.15593787341558e-04 3.49121908700117e+02 3.37791328360393e+02 1.45498591812864e+22 5.88857591945917e+19 1.20591429461190e+19 3.57899483193841e+18 6.04697413768120e+14 5.52813785659353e+19 1.97981994680330e+16 6.31447169600666e+09 2.72915073311228e+16 7.40471358415955e+17 9.67291846765898e+14 0.00000000000000e+00 0.00000000000000e+00 0.00000000000000e+00 0.00000000000000e+00 0.00000000000000e+00 0.00000000000000e+00 0.00000000000000e+00 
8.87991384174041e-04 3.48377755566594e+02 3.37310685206439e+02 1.45415019027684e+22 6.41581399124750e+19 1.26845690230347e+19 3.56641755972839e+18 6.48702566513174e+14 6.01261457105424e+19 2.00569754722879e+16 6.85472178713226e+09 2.54556395654803e+16 7.73934406971122e+17 1.11088571106809e+15 0.00000000000000e+00 0.00000000000000e+00 0.00000000000000e+00 0.00000000000000e+00 0.00000000000000e+00 0.00000000000000e+00 0.00000000000000e+00 
9.60388981006523e-04 3.47730513024576e+02 3.36893120837248e+02 1.45332199857624e+22 6.94132657851206e+19 1.32638612126360e+19 3.54957974638695e+18 6.92226992341256e+14 6.49628601892988e+19 2.03132836473061e+16 7.39428169165749e+09 2.38646663788936e+16 8.04856477754225e+17 1.25769856839315e+15 0.00000000000000e+00 0.00000000000000e+00 0.00000000000000e+00 0.00000000000000e+00 0.00000000000000e+00 0.00000000000000e+00 0.00000000000000e+00 
1.06644435646257e-03 3.46933162013145e+02 3.36530466029102e+02 1.45212131013294e+22 7.70788580448465e+19 1.40378560425611e+19 3.52006016713410e+18 7.55173447990028e+14 7.20337393974884e+19 2.06847084479903e+16 8.18358158808794e+09 2.18832778177695e+16 8.46050916832249e+17 1.47616191399183e+15 0.00000000000000e+00 0.00000000000000e+00 0.00000000000000e+00 0.00000000000000e+00 0.00000000000000e+00 0.00000000000000e+00 0.00000000000000e+00 
1.17249973191862e-03 3.46286420937772e+02 3.36084379494440e+02 1.45093422708665e+22 8.47041546915656e+19 1.47338837239843e+19 3.48757239982678e+18 8.17225181492223e+14 7.90875765099929e+19 2.10519600935434e+16 8.97172274966082e+09 2.02231350628254e+16 8.82937905494205e+17 1.69566609898898e+15 0.00000000000000e+00 0.00000000000000e+00 0.00000000000000e+00 0.00000000000000e+00 0.00000000000000e+00 0.00000000000000e+00 0.00000000000000e+00 
1.27855510737467e-03 3.45764366061226e+02 3.35723095021489e+02 1.44975955238209e+22 9.22882681131235e+19 1.53623489226386e+19 3.45378070501235e+18 8.78453957268560e+14 8.61244655044104e+19 2.14154841374458e+16 9.75884366149380e+09 1.88241945287444e+16 9.16035007783067e+17 1.91329857076876e+15 0.00000000000000e+00 0.00000000000000e+00 0.00000000000000e+00 0.00000000000000e+00 0.00000000000000e+00 0.00000000000000e+00 0.00000000000000e+00 
1.38461048283072e-03 3.45346068278764e+02 3.35431809215270e+02 1.44859629427602e+22 9.98307778069389e+19 1.59321842702602e+19 3.41948915146904e+18 9.38903900973222e+14 9.31444301664661e+19 2.17754988785894e+16 1.05449556083038e+10 1.76160107232540e+16 9.45760938182701e+17 2.12661876222216e+15 0.00000000000000e+00 0.00000000000000e+00 0.00000000000000e+00 0.00000000000000e+00 0.00000000000000e+00 0.00000000000000e+00 0.00000000000000e+00 
1.49066585828676e-03 3.45014278929361e+02 3.35198629587364e+02 1.44744360942732e+22 1.07331486441189e+20 1.64510924274763e+19 3.38513429907170e+18 9.98620576323080e+14 1.00147474392223e+20 2.21321575158792e+16 1.13301581728503e+10 1.65589028422613e+16 9.72457213192633e+17 2.33363881458570e+15 0.00000000000000e+00 0.00000000000000e+00 0.00000000000000e+00 0.00000000000000e+00 0.00000000000000e+00 0.00000000000000e+00 0.00000000000000e+00 
1.62768414406798e-03 3.44691005688827e+02 3.35013798719762e+02 1.44596889662424e+22 1.16960030630187e+20 1.70566565580178e+19 3.34108136935439e+18 1.07475488166335e+15 1.09170010088752e+20 2.25881578885996e+16 1.23432907539880e+10 1.53832882100526e+16 1.00292715536503e+18 2.58934002139412e+15 0.00000000000000e+00 0.00000000000000e+00 0.00000000000000e+00 0.00000000000000e+00 0.00000000000000e+00 0.00000000000000e+00 0.00000000000000e+00 
1.76470242984921e-03 3.44462891436288e+02 3.34833799025703e+02 1.44450928679953e+22 1.26518684130678e+20 1.76004703196775e+19 3.29774627109256e+18 1.14980974822711e+15 1.18164291259379e+20 2.30389846777493e+16 1.33549248593273e+10 1.43766662127980e+16 1.02937252688119e+18 2.82952860702708e+15 0.00000000000000e+00 0.00000000000000e+00 0.00000000000000e+00 0.00000000000000e+00 0.00000000000000e+00 0.00000000000000e+00 0.00000000000000e+00 
1.90172071563043e-03 3.44309769858107e+02 3.34706809712044e+02 1.44306366362914e+22 1.36007628482500e+20 1.80926949047883e+19 3.25529216852193e+18 1.22384491958044e+15 1.27130292066260e+20 2.34848066875289e+16 1.43650343982707e+10 1.35024608004948e+16 1.05225373880837e+18 3.05273144653030e+15 0.00000000000000e+00 0.00000000000000e+00 0.00000000000000e+00 0.00000000000000e+00 0.00000000000000e+00 0.00000000000000e+00 0.00000000000000e+00 
2.03873900141165e-03 3.44215876372945e+02 3.34621545713385e+02 1.44163110182876e+22 1.45427160073698e+20 1.85416795201862e+19 3.21377313761952e+18 1.29691181957572e+15 1.36067984075108e+20 2.39257516667931e+16 1.53735751144213e+10 1.27363254469788e+16 1.07195771665433e+18 3.25832129445305e+15 0.00000000000000e+00 0.00000000000000e+00 0.00000000000000e+00 0.00000000000000e+00 0.00000000000000e+00 0.00000000000000e+00 0.00000000000000e+00 
2.17575728719287e-03 3.44168736613044e+02 3.34569207169927e+02 1.44021082458939e+22 1.54777640229123e+20 1.89543342428592e+19 3.17320743475155e+18 1.36905428832045e+15 1.44977342668183e+20 2.43619414295029e+16 1.63804880066402e+10 1.20605269054320e+16 1.08881743501025e+18 3.44632521942920e+15 0.00000000000000e+00 0.00000000000000e+00 0.00000000000000e+00 0.00000000000000e+00 0.00000000000000e+00 0.00000000000000e+00 0.00000000000000e+00 
2.41548455281723e-03 3.44171411063894e+02 3.34542844593239e+02 1.43775360768855e+22 1.70972404673584e+20 1.96049631970620e+19 3.10453612069347e+18 1.49315464199909e+15 1.60496939354856e+20 2.51140523011416e+16 1.81380966476359e+10 1.10497537920884e+16 1.11229803365403e+18 3.73493347036264e+15 0.00000000000000e+00 0.00000000000000e+00 0.00000000000000e+00 0.00000000000000e+00 0.00000000000000e+00 0.00000000000000e+00 0.00000000000000e+00 
2.65521181844159e-03 3.44247942564330e+02 3.34544012757965e+02 1.43532918447716e+22 1.86959424034963e+20 2.01857386308861e+19 3.03876425989518e+18 1.61470412965663e+15 1.75929645346152e+20 2.58526723791181e+16 1.98901578313237e+10 1.02093058124740e+16 1.12924703080716e+18 3.97630130058770e+15 0.00000000000000e+00 0.00000000000000e+00 0.00000000000000e+00 0.00000000000000e+00 0.00000000000000e+00 0.00000000000000e+00 0.00000000000000e+00 
2.89493908406596e-03 3.44371510025792e+02 3.34586200663992e+02 1.43293537527753e+22 2.02741283945102e+20 2.07144155515929e+19 2.97579026939826e+18 1.73384070343687e+15 1.91275417127883e+20 2.65784490814646e+16 2.16363088024499e+10 9.49784993111553e+15 1.14072439846203e+18 4.17691188632432e+15 0.00000000000000e+00 0.00000000000000e+00 0.00000000000000e+00 0.00000000000000e+00 0.00000000000000e+00 0.00000000000000e+00 0.00000000000000e+00 
3.13466634969032e-03 3.44525278950457e+02 3.34654525175595e+02 1.43057055257772e+22 2.18320706572895e+20 2.12034057904240e+19 2.91547976283699e+18 1.85067687424907e+15 2.06534256453999e+20 2.72920052607867e+16 2.33762786351158e+10 8.88812074739384e+15 1.14758173115103e+18 4.34372883859725e+15 0.00000000000000e+00 0.00000000000000e+00 0.00000000000000e+00 0.00000000000000e+00 0.00000000000000e+00 0.00000000000000e+00 0.00000000000000e+00 
3.37439361531468e-03 3.44698308685948e+02 3.34739650235279e+02 1.42823345443365e+22 2.33700468533485e+20 2.16616123050216e+19 2.85769392443196e+18 1.96530695221801e+15 2.21706201160982e+20 2.79939355764333e+16 2.51098455479640e+10 8.36013920426823e+15 1.15052556680711e+18 4.48312327899868e+15 0.00000000000000e+00 0.00000000000000e+00 0.00000000000000e+00 0.00000000000000e+00 0.00000000000000e+00 0.00000000000000e+00 0.00000000000000e+00 
3.74856846140027e-03 3.44991100653088e+02 3.34835509471087e+02 1.42463877158047e+22 2.57313317735964e+20 2.23295284229867e+19 2.77222576387655e+18 2.14000120775900e+15 2.45213620010728e+20 2.90676258033101e+16 2.78024660709317e+10 7.66543514020536e+15 1.14865599562495e+18 4.65786675061003e+15 0.00000000000000e+00 0.00000000000000e+00 0.00000000000000e+00 0.00000000000000e+00 0.00000000000000e+00 0.00000000000000e+00 0.00000000000000e+00 
4.12274330748585e-03 3.45295343251579e+02 3.34997836581102e+02 1.42110615661632e+22 2.80457032211986e+20 2.29555237125475e+19 2.69208548683414e+18 2.30979303009614e+15 2.68509822422248e+20 3.01162853529468e+16 3.04784301663897e+10 7.08682071034977e+15 1.14056911456350e+18 4.79416876154547e+15 0.00000000000000e+00 0.00000000000000e+00 0.00000000000000e+00 0.00000000000000e+00 0.00000000000000e+00 0.00000000000000e+00 0.00000000000000e+00 
4.49691815357144e-03 3.45601985925215e+02 3.35166635036913e+02 1.41763329427172e+22 3.03141964432943e+20 2.35503975056044e+19 2.61681449653081e+18 2.47492629687626e+15 2.91595235972759e+20 3.11416484798515e+16 3.31373212368010e+10 6.59996685181727e+15 1.12775861493696e+18 4.90284028352895e+15 0.00000000000000e+00 0.00000000000000e+00 0.00000000000000e+00 0.00000000000000e+00 0.00000000000000e+00 0.00000000000000e+00 0.00000000000000e+00 
4.87109299965702e-03 3.45907331202792e+02 3.35336876100997e+02 1.41421839050512e+22 3.25378223209205e+20 2.41203643613663e+19 2.54599605490457e+18 2.63560583553254e+15 3.14470382628204e+20 3.21452675108427e+16 3.57788648479570e+10 6.18520917233256e+15 1.11140525505059e+18 4.99089110400420e+15 0.00000000000000e+00 0.00000000000000e+00 0.00000000000000e+00 0.00000000000000e+00 0.00000000000000e+00 0.00000000000000e+00 0.00000000000000e+00 
5.24526784574261e-03 3.46209730958986e+02 3.35506501705836e+02 1.41085993807438e+22 3.47175626317049e+20 2.46693343739781e+19 2.47925598221435e+18 2.79201685384672e+15 3.37135841201671e+20 3.31285210197274e+16 3.84028571720145e+10 5.82636833456187e+15 1.09246201214612e+18 5.06303690593083e+15 0.00000000000000e+00 0.00000000000000e+00 0.00000000000000e+00 0.00000000000000e+00 0.00000000000000e+00 0.00000000000000e+00 0.00000000000000e+00 
5.88668838288213e-03 3.46719040788952e+02 3.35674591420902e+02 1.40523039998865e+22 3.83547424660863e+20 2.55685507953882e+19 2.37339776826782e+18 3.05069306921757e+15 3.75503626234501e+20 3.47701371802033e+16 4.28596815738199e+10 5.31319832131087e+15 1.05603899019093e+18 5.15865096333926e+15 0.00000000000000e+00 0.00000000000000e+00 0.00000000000000e+00 0.00000000000000e+00 0.00000000000000e+00 0.00000000000000e+00 0.00000000000000e+00 
6.52810892002166e-03 3.47215026245687e+02 3.35957914470745e+02 1.39975686198678e+22 4.18703416080052e+20 2.64229935726037e+19 2.27709224731350e+18 3.29812919293433e+15 4.13260646302408e+20 3.63607338638758e+16 4.72637283718659e+10 4.89568012861695e+15 1.01724012903870e+18 5.22906684990235e+15 0.00000000000000e+00 0.00000000000000e+00 0.00000000000000e+00 0.00000000000000e+00 0.00000000000000e+00 0.00000000000000e+00 0.00000000000000e+00 
7.16952945716119e-03 3.47697841612761e+02 3.36234088684769e+02 1.39443402891026e+22 4.52687413433687e+20 2.72378119150409e+19 2.18913631813525e+18 3.53501970614045e+15 4.50410953959237e+20 3.79047200446793e+16 5.16145078093437e+10 4.55236444374048e+15 9.78174823313592e+17 5.28100059790445e+15 0.00000000000000e+00 0.00000000000000e+00 0.00000000000000e+00 0.00000000000000e+00 0.00000000000000e+00 0.00000000000000e+00 0.00000000000000e+00 
7.81094999430072e-03 3.48168410659723e+02 3.36503177820371e+02 1.38925711532638e+22 4.85541008408025e+20 2.80160482813206e+19 2.10851381380297e+18 3.76200677447294e+15 4.86959018569164e+20 3.94058443378108e+16 5.59116428797802e+10 4.26151813007707e+15 9.40178574237945e+17 5.31896258501228e+15 0.00000000000000e+00 0.00000000000000e+00 0.00000000000000e+00 0.00000000000000e+00 0.00000000000000e+00 0.00000000000000e+00 0.00000000000000e+00 
8.45237053144025e-03 3.48627448250163e+02 3.36765677459472e+02 1.38422163502098e+22 5.17303810571220e+20 2.87601612468286e+19 2.03437044563231e+18 3.97968149934124e+15 5.22909679752528e+20 4.08671639804379e+16 6.01548662164838e+10 4.01352429884988e+15 9.04068960657664e+17 5.34615079864705e+15 0.00000000000000e+00 0.00000000000000e+00 0.00000000000000e+00 0.00000000000000e+00 0.00000000000000e+00 0.00000000000000e+00 0.00000000000000e+00 
9.18599530962577e-03 3.49138915362755e+02 3.37021968687810e+02 1.37863023721759e+22 5.52343672299895e+20 2.95723168018923e+19 1.95657645081611e+18 4.21791276876527e+15 5.63302504413854e+20 4.24932164926650e+16 6.49416726536115e+10 3.77106551614846e+15 8.65656094300382e+17 5.36727305637559e+15 0.00000000000000e+00 0.00000000000000e+00 0.00000000000000e+00 0.00000000000000e+00 0.00000000000000e+00 0.00000000000000e+00 0.00000000000000e+00 
9.91962008781129e-03 3.49636507308896e+02 3.37307792926160e+02 1.37321221884803e+22 5.86060065215634e+20 3.03458160392627e+19 1.88537486358703e+18 4.44539604099495e+15 6.02928684382867e+20 4.40740696781355e+16 6.96574236100574e+10 3.56309254871647e+15 8.30635857422703e+17 5.38032291246126e+15 0.00000000000000e+00 0.00000000000000e+00 0.00000000000000e+00 0.00000000000000e+00 0.00000000000000e+00 0.00000000000000e+00 0.00000000000000e+00 
1.06532448659968e-02 3.50120833527445e+02 3.37586126257124e+02 1.36796182323129e+22 6.18504493177250e+20 3.10832283013146e+19 1.81999198166161e+18 4.66280307965917e+15 6.41796694842784e+20 4.56125957648030e+16 7.43019854819959e+10 3.38283994522166e+15 7.99027100598713e+17 5.38711282175245e+15 0.00000000000000e+00 0.00000000000000e+00 0.00000000000000e+00 0.00000000000000e+00 0.00000000000000e+00 0.00000000000000e+00 0.00000000000000e+00 
1.13868696441823e-02 3.50592469818521e+02 3.37857288049469e+02 1.36287356741991e+22 6.49726058049996e+20 3.17868125207633e+19 1.75976765042160e+18 4.87074290170575e+15 6.79915304186101e+20 4.71112421332683e+16 7.88753108093226e+10 3.22524898847549e+15 7.70658671035734e+17 5.38901664508397e+15 0.00000000000000e+00 0.00000000000000e+00 0.00000000000000e+00 0.00000000000000e+00 0.00000000000000e+00 0.00000000000000e+00 0.00000000000000e+00 
1.21204944223679e-02 3.51051917889447e+02 3.38121580731001e+02 1.35794220115100e+22 6.79771669909915e+20 3.24586360502986e+19 1.70413568179134e+18 5.06977476601805e+15 7.17293495738988e+20 4.85721086825337e+16 8.33774195984925e+10 3.08616264596552e+15 7.45262917943995e+17 5.38714814822582e+15 0.00000000000000e+00 0.00000000000000e+00 0.00000000000000e+00 0.00000000000000e+00 0.00000000000000e+00 0.00000000000000e+00 0.00000000000000e+00 
1.36189132206496e-02 3.51954232582534e+02 3.38379266819920e+02 1.34833679914565e+22 7.37668718724334e+20 3.37398757680283e+19 1.60282994180921e+18 5.45069168204016e+15 7.91376001957132e+20 5.14459346326943e+16 9.23520562363859e+10 2.84737143291691e+15 7.01332305467170e+17 5.37490303072253e+15 0.00000000000000e+00 0.00000000000000e+00 0.00000000000000e+00 0.00000000000000e+00 0.00000000000000e+00 0.00000000000000e+00 0.00000000000000e+00 
1.51173320189313e-02 3.52810769893245e+02 3.38885979700095e+02 1.33932457252204e+22 7.91203157381249e+20 3.49108432011641e+19 1.51535384597192e+18 5.80051339293342e+15 8.62487432800390e+20 5.41822761030135e+16 1.01031365390763e+11 2.65410374784595e+15 6.66018116262510e+17 5.35539731808687e+15 0.00000000000000e+00 0.00000000000000e+00 0.00000000000000e+00 0.00000000000000e+00 0.00000000000000e+00 0.00000000000000e+00 0.00000000000000e+00 
1.66157508172130e-02 3.53624347160342e+02 3.39367769375945e+02 1.33086775815785e+22 8.40705785617367e+20 3.59836268206279e+19 1.43919706248448e+18 6.12261441260447e+15 9.30708829365499e+20 5.67911995652354e+16 1.09417559128424e+11 2.49478927402364e+15 6.37137498621943e+17 5.33160040894816e+15 0.00000000000000e+00 0.00000000000000e+00 0.00000000000000e+00 0.00000000000000e+00 0.00000000000000e+00 0.00000000000000e+00 0.00000000000000e+00 
1.81141696154948e-02 3.54397438488926e+02 3.39826100228845e+02 1.32293136414556e+22 8.86479571382443e+20 3.69683558287783e+19 1.37243809805473e+18 6.41974903259536e+15 9.96122575717940e+20 5.92806719988700e+16 1.17513609486049e+11 2.36232295722667e+15 6.13054081573669e+17 5.30534845686911e+15 0.00000000000000e+00 0.00000000000000e+00 0.00000000000000e+00 0.00000000000000e+00 0.00000000000000e+00 0.00000000000000e+00 0.00000000000000e+00 
1.96125884137765e-02 3.55132293492358e+02 3.40262258831821e+02 1.31548280640548e+22 9.28803338359448e+20 3.78738419318188e+19 1.31347068831641e+18 6.69437919677794e+15 1.05881181501564e+21 6.16577869346827e+16 1.25323096082192e+11 2.24883557449072e+15 5.92591559187662e+17 5.27829341305558e+15 0.00000000000000e+00 0.00000000000000e+00 0.00000000000000e+00 0.00000000000000e+00 0.00000000000000e+00 0.00000000000000e+00 0.00000000000000e+00 
2.20036192834558e-02 3.56230505272611e+02 3.40677418554469e+02 1.30453358335674e+22 9.89816644882415e+20 3.91727700007723e+19 1.23270653779188e+18 7.09122902074275e+15 1.15341032791367e+21 6.52314099797130e+16 1.37201818786294e+11 2.09886997460536e+15 5.65564548805408e+17 5.23524506360813e+15 0.00000000000000e+00 0.00000000000000e+00 0.00000000000000e+00 0.00000000000000e+00 0.00000000000000e+00 0.00000000000000e+00 0.00000000000000e+00 
2.43946501531350e-02 3.57243646338653e+02 3.41298896701823e+02 1.29463615076923e+22 1.04364078868812e+21 4.03150829474323e+19 1.16504703280758e+18 7.44372054077968e+15 1.24162397353399e+21 6.85526719698964e+16 1.48381243540772e+11 1.97788634134386e+15 5.43441112885820e+17 5.19413422902169e+15 0.00000000000000e+00 0.00000000000000e+00 0.00000000000000e+00 0.00000000000000e+00 0.00000000000000e+00 0.00000000000000e+00 0.00000000000000e+00 
2.67856810228143e-02 3.58178250145016e+02 3.41873333768085e+02 1.28568790737541e+22 1.09111603912739e+21 4.13220497368498e+19 1.10778908314908e+18 7.75782482003037e+15 1.32379098418048e+21 7.16385412051553e+16 1.58883697394247e+11 1.87854739152656e+15 5.24920643338915e+17 5.15591037250893e+15 0.00000000000000e+00 0.00000000000000e+00 0.00000000000000e+00 0.00000000000000e+00 0.00000000000000e+00 0.00000000000000e+00 0.00000000000000e+00 
2.91767118924935e-02 3.59040222992336e+02 3.42404174894202e+02 1.27759694756009e+22 1.13297995955385e+21 4.22113295024758e+19 1.05890194240708e+18 8.03841833282626e+15 1.40024545523003e+21 7.45041547824227e+16 1.68733660943731e+11 1.79540803273949e+15 5.09207313998148e+17 5.12106674721706e+15 0.00000000000000e+00 0.00000000000000e+00 0.00000000000000e+00 0.00000000000000e+00 0.00000000000000e+00 0.00000000000000e+00 0.00000000000000e+00 
3.15677427621728e-02 3.59834970190348e+02 3.42894554537285e+02 1.27028054822718e+22 1.16988349772173e+21 4.29979847465522e+19 1.01682747374119e+18 8.28964647340672e+15 1.47131472168118e+21 7.71634004000924e+16 1.77957217109913e+11 1.72486333968398e+15 4.95702315392448e+17 5.08978276454884e+15 0.00000000000000e+00 0.00000000000000e+00 0.00000000000000e+00 0.00000000000000e+00 0.00000000000000e+00 0.00000000000000e+00 0.00000000000000e+00 
3.50970847243899e-02 3.60895578310427e+02 3.43347360500590e+02 1.26074265650708e+22 1.21647225747121e+21 4.39979299941133e+19 9.64771889692372e+17 8.61387174525122e+15 1.56704553633272e+21 8.07381969229873e+16 1.90484427322034e+11 1.63934292314578e+15 4.78936563118850e+17 5.04993011765861e+15 0.00000000000000e+00 0.00000000000000e+00 0.00000000000000e+00 0.00000000000000e+00 0.00000000000000e+00 0.00000000000000e+00 0.00000000000000e+00 
3.86264266866070e-02 3.61835218816676e+02 3.43952640008829e+02 1.25251898459730e+22 1.25509696428430e+21 4.48367537145143e+19 9.21935226179394e+17 8.89125101632320e+15 1.65271591050311e+21 8.39310496597053e+16 2.01795751846953e+11 1.56895536309005e+15 4.64968847797989e+17 5.01732863017514e+15 0.00000000000000e+00 0.00000000000000e+00 0.00000000000000e+00 0.00000000000000e+00 0.00000000000000e+00 0.00000000000000e+00 0.00000000000000e+00 
4.21557686488240e-02 3.62666873446191e+02 3.44489836243993e+02 1.24542603932357e+22 1.28710323414363e+21 4.55415856297318e+19 8.86738344460388e+17 9.12925007255905e+15 1.72925499125410e+21 8.67757053241309e+16 2.11982139642010e+11 1.51180617663392e+15 4.53246090100593e+17 4.99056059184540e+15 0.00000000000000e+00 0.00000000000000e+00 0.00000000000000e+00 0.00000000000000e+00 0.00000000000000e+00 0.00000000000000e+00 0.00000000000000e+00 
4.56851106110411e-02 3.63402522178325e+02 3.44966039265593e+02 1.23930722339381e+22 1.31360256067500e+21 4.61351822482506e+19 8.57276351568801e+17 9.33386072450673e+15 1.79753127191459e+21 8.93078824599436e+16 2.21133272363983e+11 1.46399137280532e+15 4.43341409014054e+17 4.96925082245229e+15 0.00000000000000e+00 0.00000000000000e+00 0.00000000000000e+00 0.00000000000000e+00 0.00000000000000e+00 0.00000000000000e+00 0.00000000000000e+00 
4.92144525732582e-02 3.64052641742486e+02 3.45387849102491e+02 1.23402807229943e+22 1.33551956686130e+21 4.66360701342568e+19 8.32487905983458e+17 9.51012442240825e+15 1.85835095598181e+21 9.15574631270607e+16 2.29336231532578e+11 1.42371747963106e+15 4.34879681683312e+17 4.95255312788125e+15 0.00000000000000e+00 0.00000000000000e+00 0.00000000000000e+00 0.00000000000000e+00 0.00000000000000e+00 0.00000000000000e+00 0.00000000000000e+00 
5.39981437454889e-02 3.64813896428807e+02 3.45761068682982e+02 1.22801217603448e+22 1.35924315235101e+21 4.71931051602668e+19 8.04889090279172e+17 9.71106312545664e+15 1.93018874440215e+21 9.42057208337421e+16 2.39087489555468e+11 1.37877081275507e+15 4.25258996813045e+17 4.93599831095171e+15 0.00000000000000e+00 0.00000000000000e+00 0.00000000000000e+00 0.00000000000000e+00 0.00000000000000e+00 0.00000000000000e+00 0.00000000000000e+00 
5.87818349177196e-02 3.65456249149144e+02 3.46198623762572e+02 1.22308430593667e+22 1.37752330026621e+21 4.76377061577185e+19 7.82698945391040e+17 9.87615024357987e+15 1.99136228294659e+21 9.64518512349707e+16 2.47444373469446e+11 1.34242934516138e+15 4.17338700151496e+17 4.92493005417143e+15 0.00000000000000e+00 0.00000000000000e+00 0.00000000000000e+00 0.00000000000000e+00 0.00000000000000e+00 0.00000000000000e+00 0.00000000000000e+00 
6.35655260899503e-02 3.65997715482135e+02 3.46568283447881e+02 1.21904470153870e+22 1.39159172639554e+21 4.79934975398359e+19 7.64732570490285e+17 1.00121200678790e+16 2.04335939684975e+21 9.83531872783023e+16 2.54586124698387e+11 1.31280636109010e+15 4.10788344039678e+17 4.91799410819675e+15 0.00000000000000e+00 0.00000000000000e+00 0.00000000000000e+00 0.00000000000000e+00 0.00000000000000e+00 0.00000000000000e+00 0.00000000000000e+00 
6.83492172621810e-02 3.66453645193906e+02 3.46880201601605e+02 1.21573205922085e+22 1.40239408897673e+21 4.82788006491384e+19 7.50103109311069e+17 1.01242681341555e+16 2.08748069580619e+21 9.99597093014647e+16 2.60673791787887e+11 1.28851650461097e+15 4.05348318171354e+17 4.91415600210716e+15 0.00000000000000e+00 0.00000000000000e+00 0.00000000000000e+00 0.00000000000000e+00 0.00000000000000e+00 0.00000000000000e+00 0.00000000000000e+00 
7.31329084344117e-02 3.66837152869316e+02 3.47143068486083e+02 1.21301496419074e+22 1.41066440334792e+21 4.85079945269037e+19 7.38129455025211e+17 1.02168887201272e+16 2.12485963444936e+21 1.01314897035556e+17 2.65850972862456e+11 1.26847527525749e+15 4.00807328967641e+17 4.91260429360296e+15 0.00000000000000e+00 0.00000000000000e+00 0.00000000000000e+00 0.00000000000000e+00 0.00000000000000e+00 0.00000000000000e+00 0.00000000000000e+00 
8.29501797512326e-02 3.67440669735278e+02 3.47364337317973e+02 1.20889555667978e+22 1.42183380172117e+21 4.88455320901260e+19 7.19805790363769e+17 1.03593334021258e+16 2.18428966826758e+21 1.03454898148521e+17 2.74119461904311e+11 1.23731100321709e+15 3.93638160074684e+17 4.91448087591329e+15 0.00000000000000e+00 0.00000000000000e+00 0.00000000000000e+00 0.00000000000000e+00 0.00000000000000e+00 0.00000000000000e+00 0.00000000000000e+00 
9.27674510680535e-02 3.67861301368533e+02 3.47712829427469e+02 1.20614800118615e+22 1.42815603677807e+21 4.90627304413336e+19 7.07578153351015e+17 1.04561335091090e+16 2.22619955348978e+21 1.04950596714023e+17 2.79977274364243e+11 1.21638592379928e+15 3.88681859904856e+17 4.91902427621343e+15 0.00000000000000e+00 0.00000000000000e+00 0.00000000000000e+00 0.00000000000000e+00 0.00000000000000e+00 0.00000000000000e+00 0.00000000000000e+00 
1.02584722384874e-01 3.68155032194339e+02 3.47955922628453e+02 1.20429752835674e+22 1.43176585254076e+21 4.92048943171788e+19 6.99134636835184e+17 1.05226153012963e+16 2.25573129876786e+21 1.05997729676813e+17 2.84118464797833e+11 1.20152988423147e+15 3.85167841959468e+17 4.92431652972757e+15 0.00000000000000e+00 0.00000000000000e+00 0.00000000000000e+00 0.00000000000000e+00 0.00000000000000e+00 0.00000000000000e+00 0.00000000000000e+00 
1.12401993701695e-01 3.68359867077816e+02 3.48125775954492e+02 1.20304805832087e+22 1.43379587685544e+21 4.92984204570325e+19 6.93347372061665e+17 1.05683238373505e+16 2.27649175588647e+21 1.06728985105884e+17 2.87036149899848e+11 1.19136981802072e+15 3.82697773998078e+17 4.92928645687265e+15 0.00000000000000e+00 0.00000000000000e+00 0.00000000000000e+00 0.00000000000000e+00 0.00000000000000e+00 0.00000000000000e+00 0.00000000000000e+00 
1.22219265018516e-01 3.68502193601167e+02 3.48244271269879e+02 1.20220733145870e+22 1.43488112376340e+21 4.93599611680201e+19 6.89274014292315e+17 1.05998236140744e+16 2.29102562830894e+21 1.07238098211897e+17 2.89082059519627e+11 1.18402622452180e+15 3.80917021050094e+17 4.93388163136973e+15 0.00000000000000e+00 0.00000000000000e+00 0.00000000000000e+00 0.00000000000000e+00 0.00000000000000e+00 0.00000000000000e+00 0.00000000000000e+00 
1.39656555347105e-01 3.68651720534393e+02 3.48326627948843e+02 1.20136559828261e+22 1.43552456826282e+21 4.94190855484295e+19 6.85153993274033e+17 1.06324971561324e+16 2.30646849675881e+21 1.07772887325720e+17 2.91257802289064e+11 1.17642145077508e+15 3.79012609836970e+17 4.93990239256612e+15 0.00000000000000e+00 0.00000000000000e+00 0.00000000000000e+00 0.00000000000000e+00 0.00000000000000e+00 0.00000000000000e+00 0.00000000000000e+00 
1.57093845675694e-01 3.68729592778853e+02 3.48413168162470e+02 1.20094479822322e+22 1.43565154898168e+21 4.94475756008419e+19 6.83014127737976e+17 1.06493370856866e+16 2.31458052686650e+21 1.08051961963035e+17 2.92403300483455e+11 1.17245337547746e+15 3.78008786983384e+17 4.94367712795781e+15 0.00000000000000e+00 0.00000000000000e+00 0.00000000000000e+00 0.00000000000000e+00 0.00000000000000e+00 0.00000000000000e+00 0.00000000000000e+00 
1.74531136004283e-01 3.68772243149118e+02 3.48458244447424e+02 1.20071628705467e+22 1.43569712417285e+21 4.94629798486818e+19 6.81836585466715e+17 1.06585290704459e+16 2.31903264128102e+21 1.08204734998566e+17 2.93031553613120e+11 1.17024870227895e+15 3.77451695032665e+17 4.94585032981762e+15 0.00000000000000e+00 0.00000000000000e+00 0.00000000000000e+00 0.00000000000000e+00 0.00000000000000e+00 0.00000000000000e+00 0.00000000000000e+00 
1.91968426332872e-01 3.68795694032698e+02 3.48482934922891e+02 1.20059199935249e+22 1.43570563859404e+21 4.94713441558946e+19 6.81178292626285e+17 1.06635919649842e+16 2.32148679828235e+21 1.08288696878130e+17 2.93377349004564e+11 1.16902019870590e+15 3.77137912083941e+17 4.94713291352376e+15 0.00000000000000e+00 0.00000000000000e+00 0.00000000000000e+00 0.00000000000000e+00 0.00000000000000e+00 0.00000000000000e+00 0.00000000000000e+00 
2.09405716661460e-01 3.68807883267535e+02 3.48496511340473e+02 1.20053023830847e+22 1.43567600383178e+21 4.94753631295799e+19 6.80833648783749e+17 1.06662338966084e+16 2.32277440223147e+21 1.08332340344140e+17 2.93558566686404e+11 1.16836118351617e+15 3.76966819740666e+17 4.94792606683312e+15 0.00000000000000e+00 0.00000000000000e+00 0.00000000000000e+00 0.00000000000000e+00 0.00000000000000e+00 0.00000000000000e+00 0.00000000000000e+00 
2.42447378207019e-01 3.68818155534450e+02 3.48503567916134e+02 1.20048086400524e+22 1.43561914575741e+21 4.94784169514304e+19 6.80543120201138e+17 1.06684523005474e+16 2.32387048343775e+21 1.08369166385077e+17 2.93712856252431e+11 1.16779760813749e+15 3.76817177602880e+17 4.94869973229653e+15 0.00000000000000e+00 0.00000000000000e+00 0.00000000000000e+00 0.00000000000000e+00 0.00000000000000e+00 0.00000000000000e+00 0.00000000000000e+00 
2.75489039752577e-01 3.68819913228409e+02 3.48509514512881e+02 1.20047428463550e+22 1.43558682198448e+21 4.94787584061900e+19 6.80484523813155e+17 1.06688554208755e+16 2.32406625100101e+21 1.08375445242471e+17 2.93739808646384e+11 1.16767495410539e+15 3.76781955759932e+17 4.94894206715527e+15 0.00000000000000e+00 0.00000000000000e+00 0.00000000000000e+00 0.00000000000000e+00 0.00000000000000e+00 0.00000000000000e+00 0.00000000000000e+00 
3.08530701298135e-01 3.68819760114920e+02 3.48510531804469e+02 1.20047578382875e+22 1.43557867326028e+21 4.94785977004950e+19 6.80493155636618e+17 1.06688108703325e+16 2.32405286024114e+21 1.08374925090579e+17 2.93738230662471e+11 1.16768986871810e+15 3.76785112680465e+17 4.94894359138189e+15 0.00000000000000e+00 0.00000000000000e+00 0.00000000000000e+00 0.00000000000000e+00 0.00000000000000e+00 0.00000000000000e+00 0.00000000000000e+00 
3.41572362843693e-01 3.68819611735347e+02 3.48510443078083e+02 1.20047649227376e+22 1.43557964676635e+21 4.94785374633826e+19 6.80499854721368e+17 1.06687647228879e+16 2.32403683979934e+21 1.08374409320898e+17 2.93736192693504e+11 1.16770324757205e+15 3.76789280054883e+17 4.94892115750961e+15 0.00000000000000e+00 0.00000000000000e+00 0.00000000000000e+00 0.00000000000000e+00 0.00000000000000e+00 0.00000000000000e+00 0.00000000000000e+00 
6.71988978299276e-01 3.68819719639234e+02 3.48510357185883e+02 1.20047579375074e+22 1.43558123426768e+21 4.94785835930368e+19 6.80498376130180e+17 1.06687804701214e+16 2.32404754588519e+21 1.08374798579759e+17 2.93737798474127e+11 1.16770151315722e+15 3.76789283988269e+17 4.94891605017496e+15 0.00000000000000e+00 0.00000000000000e+00 0.00000000000000e+00 0.00000000000000e+00 0.00000000000000e+00 0.00000000000000e+00 0.00000000000000e+00 
1.00240559375486e+00 3.68819750363520e+02 3.48510419676016e+02 1.20047563646339e+22 1.43558118152964e+21 4.94785936212848e+19 6.80497541927676e+17 1.06687871539178e+16 2.32405077991586e+21 1.08374909221631e+17 2.93738258695240e+11 1.16769991736322e+15 3.76788859091832e+17 4.94891778249621e+15 0.00000000000000e+00 0.00000000000000e+00 0.00000000000000e+00 0.00000000000000e+00 0.00000000000000e+00 0.00000000000000e+00 0.00000000000000e+00 
1.33282220921044e+00 3.68819751949076e+02 3.48510437463784e+02 1.20047563004156e+22 1.43558115707893e+21 4.94785940957977e+19 6.80497484996300e+17 1.06687875716884e+16 2.32405095648332e+21 1.08374914581022e+17 2.93738281394510e+11 1.16769981267697e+15 3.76788833812069e+17 4.94891803107195e+15 0.00000000000000e+00 0.00000000000000e+00 0.00000000000000e+00 0.00000000000000e+00 0.00000000000000e+00 0.00000000000000e+00 0.00000000000000e+00 
4.63698836376627e+00 3.68819751682403e+02 3.48510438381450e+02 1.20047563150794e+22 1.43558115579914e+21 4.94785940986730e+19 6.80497473875903e+17 1.06687875953185e+16 2.32405092975808e+21 1.08374913540138e+17 2.93738276214923e+11 1.16769978571729e+15 3.76788823566356e+17 4.94891809511353e+15 0.00000000000000e+00 0.00000000000000e+00 0.00000000000000e+00 0.00000000000000e+00 0.00000000000000e+00 0.00000000000000e+00 0.00000000000000e+00 
7.94115451832209e+00 3.68819751656987e+02 3.48510438227021e+02 1.20047563161391e+22 1.43558115612610e+21 4.94785940930133e+19 6.80497474794646e+17 1.06687875894561e+16 2.32405092698974e+21 1.08374913446280e+17 2.93738275810440e+11 1.16769978773295e+15 3.76788824182717e+17 4.94891809234414e+15 0.00000000000000e+00 0.00000000000000e+00 0.00000000000000e+00 0.00000000000000e+00 0.00000000000000e+00 0.00000000000000e+00 0.00000000000000e+00 
1.12453206728779e+01 3.68819751656963e+02 3.48510438212309e+02 1.20047563161405e+22 1.43558115613052e+21 4.94785940927915e+19 6.80497474713131e+17 1.06687875895210e+16 2.32405092697882e+21 1.08374913448039e+17 2.93738275820911e+11 1.16769978746648e+15 3.76788824072726e+17 4.94891809230260e+15 0.00000000000000e+00 0.00000000000000e+00 0.00000000000000e+00 0.00000000000000e+00 0.00000000000000e+00 0.00000000000000e+00 0.00000000000000e+00 
4.42869822184362e+01 3.68819751656987e+02 3.48510438212295e+02 1.20047563161381e+22 1.43558115613058e+21 4.94785940927005e+19 6.80497474732105e+17 1.06687875894326e+16 2.32405092698097e+21 1.08374913448181e+17 2.93738275822539e+11 1.16769978751264e+15 3.76788824089257e+17 4.94891809223423e+15 0.00000000000000e+00 0.00000000000000e+00 0.00000000000000e+00 0.00000000000000e+00 0.00000000000000e+00 0.00000000000000e+00 0.00000000000000e+00 
7.73286437639944e+01 3.68819751656992e+02 3.48510438212309e+02 1.20047563161393e+22 1.43558115613072e+21 4.94785940927075e+19 6.80497474732006e+17 1.06687875894338e+16 2.32405092698121e+21 1.08374913448183e+17 2.93738275822546e+11 1.16769978751251e+15 3.76788824089212e+17 4.94891809223544e+15 0.00000000000000e+00 0.00000000000000e+00 0.00000000000000e+00 0.00000000000000e+00 0.00000000000000e+00 0.00000000000000e+00 0.00000000000000e+00 
1.10370305309553e+02 3.68819751656993e+02 3.48510438212312e+02 1.20047563161395e+22 1.43558115613076e+21 4.94785940927086e+19 6.80497474732221e+17 1.06687875894334e+16 2.32405092698127e+21 1.08374913448182e+17 2.93738275822543e+11 1.16769978751311e+15 3.76788824089438e+17 4.94891809223520e+15 0.00000000000000e+00 0.00000000000000e+00 0.00000000000000e+00 0.00000000000000e+00 0.00000000000000e+00 0.00000000000000e+00 0.00000000000000e+00 
2.10370305309553e+02 3.68819751657002e+02 3.48510438212313e+02 1.20047563161420e+22 1.43558115613107e+21 4.94785940927224e+19 6.80497474732242e+17 1.06687875894357e+16 2.32405092698173e+21 1.08374913448183e+17 2.93738275822546e+11 1.16769978751311e+15 3.76788824089441e+17 4.94891809223671e+15 0.00000000000000e+00 0.00000000000000e+00 0.00000000000000e+00 0.00000000000000e+00 0.00000000000000e+00 0.00000000000000e+00 0.00000000000000e+00 
3.10370305309553e+02 3.68819751657020e+02 3.48510438212318e+02 1.20047563161466e+22 1.43558115613164e+21 4.94785940927477e+19 6.80497474732294e+17 1.06687875894398e+16 2.32405092698257e+21 1.08374913448184e+17 2.93738275822547e+11 1.16769978751313e+15 3.76788824089462e+17 4.94891809223945e+15 0.00000000000000e+00 0.00000000000000e+00 0.00000000000000e+00 0.00000000000000e+00 0.00000000000000e+00 0.00000000000000e+00 0.00000000000000e+00 
4.10370305309553e+02 3.68819751657032e+02 3.48510438212328e+02 1.20047563161498e+22 1.43558115613204e+21 4.94785940927656e+19 6.80497474732331e+17 1.06687875894427e+16 2.32405092698317e+21 1.08374913448185e+17 2.93738275822547e+11 1.16769978751315e+15 3.76788824089477e+17 4.94891809224140e+15 0.00000000000000e+00 0.00000000000000e+00 0.00000000000000e+00 0.00000000000000e+00 0.00000000000000e+00 0.00000000000000e+00 0.00000000000000e+00 
5.10370305309553e+02 3.68819751657039e+02 3.48510438212336e+02 1.20047563161515e+22 1.43558115613225e+21 4.94785940927750e+19 6.80497474732350e+17 1.06687875894442e+16 2.32405092698348e+21 1.08374913448185e+17 2.93738275822547e+11 1.16769978751316e+15 3.76788824089484e+17 4.94891809224242e+15 0.00000000000000e+00 0.00000000000000e+00 0.00000000000000e+00 0.00000000000000e+00 0.00000000000000e+00 0.00000000000000e+00 0.00000000000000e+00 
6.10370305309553e+02 3.68819751657050e+02 3.48510438212339e+02 1.20047563161546e+22 1.43558115613263e+21 4.94785940927922e+19 6.80497474732382e+17 1.06687875894470e+16 2.32405092698405e+21 1.08374913448186e+17 2.93738275822550e+11 1.16769978751318e+15 3.76788824089494e+17 4.94891809224429e+15 0.00000000000000e+00 0.00000000000000e+00 0.00000000000000e+00 0.00000000000000e+00 0.00000000000000e+00 0.00000000000000e+00 0.00000000000000e+00 
7.10370305309553e+02 3.68819751657038e+02 3.48510438212346e+02 1.20047563161513e+22 1.43558115613223e+21 4.94785940927740e+19 6.80497474732350e+17 1.06687875894441e+16 2.32405092698345e+21 1.08374913448185e+17 2.93738275822545e+11 1.16769978751317e+15 3.76788824089486e+17 4.94891809224232e+15 0.00000000000000e+00 0.00000000000000e+00 0.00000000000000e+00 0.00000000000000e+00 0.00000000000000e+00 0.00000000000000e+00 0.00000000000000e+00 
8.10370305309553e+02 3.68819751657045e+02 3.48510438212339e+02 1.20047563161531e+22 1.43558115613245e+21 4.94785940927838e+19 6.80497474732363e+17 1.06687875894456e+16 2.32405092698378e+21 1.08374913448186e+17 2.93738275822550e+11 1.16769978751316e+15 3.76788824089486e+17 4.94891809224338e+15 0.00000000000000e+00 0.00000000000000e+00 0.00000000000000e+00 0.00000000000000e+00 0.00000000000000e+00 0.00000000000000e+00 0.00000000000000e+00 
9.10370305309553e+02 3.68819751657051e+02 3.48510438212343e+02 1.20047563161546e+22 1.43558115613264e+21 4.94785940927925e+19 6.80497474732383e+17 1.06687875894471e+16 2.32405092698406e+21 1.08374913448186e+17 2.93738275822549e+11 1.16769978751318e+15 3.76788824089496e+17 4.94891809224433e+15 0.00000000000000e+00 0.00000000000000e+00 0.00000000000000e+00 0.00000000000000e+00 0.00000000000000e+00 0.00000000000000e+00 0.00000000000000e+00 
9.37259213716687e+02 3.68819751657053e+02 3.48510438212346e+02 1.20047563161552e+22 1.43558115613271e+21 4.94785940927957e+19 6.80497474732389e+17 1.06687875894476e+16 2.32405092698417e+21 1.08374913448186e+17 2.93738275822549e+11 1.16769978751318e+15 3.76788824089498e+17 4.94891809224466e+15 0.00000000000000e+00 0.00000000000000e+00 0.00000000000000e+00 0.00000000000000e+00 0.00000000000000e+00 0.00000000000000e+00 0.00000000000000e+00 
9.64148122123821e+02 3.68819751657050e+02 3.48510438212348e+02 1.20047563161544e+22 1.43558115613261e+21 4.94785940927910e+19 6.80497474732380e+17 1.06687875894468e+16 2.32405092698402e+21 1.08374913448186e+17 2.93738275822549e+11 1.16769978751318e+15 3.76788824089495e+17 4.94891809224417e+15 0.00000000000000e+00 0.00000000000000e+00 0.00000000000000e+00 0.00000000000000e+00 0.00000000000000e+00 0.00000000000000e+00 0.00000000000000e+00 
9.91037030530955e+02 3.68819751657047e+02 3.48510438212346e+02 1.20047563161537e+22 1.43558115613253e+21 4.94785940927873e+19 6.80497474732373e+17 1.06687875894462e+16 2.32405092698389e+21 1.08374913448186e+17 2.93738275822549e+11 1.16769978751317e+15 3.76788824089492e+17 4.94891809224376e+15 0.00000000000000e+00 0.00000000000000e+00 0.00000000000000e+00 0.00000000000000e+00 0.00000000000000e+00 0.00000000000000e+00 0.00000000000000e+00 
1.00000000000000e+03 3.68819751657046e+02 3.48510438212344e+02 1.20047563161535e+22 1.43558115613251e+21 4.94785940927864e+19 6.80497474732371e+17 1.06687875894461e+16 2.32405092698386e+21 1.08374913448186e+17 2.93738275822549e+11 1.16769978751317e+15 3.76788824089491e+17 4.94891809224366e+15 0.00000000000000e+00 0.00000000000000e+00 0.00000000000000e+00 0.00000000000000e+00 0.00000000000000e+00 0.00000000000000e+00 0.00000000000000e+00 
