Time(s)              GasTemp(K)           NearWallTemp(K)      [O2(X)](m^-3)        [O2(a1Dg)](m^-3)     [O2(b1Sg+)](m^-3)    [O2(A3Su+_C3Du_c1Su-)](m^-3) [O2(+,X)](m^-3)      [O(3P)](m^-3)        [O(1D)](m^-3)        [O(+,gnd)](m^-3)     [O(-,gnd)](m^-3)     [O3(X)](m^-3)        [O3(exc)](m^-3)      [CO2(X)](m^-3)       [CO2(e1)](m^-3)      [CO2(+,X)](m^-3)     [CO(X)](m^-3)        [CO(a3P)](m^-3)      [CO(+,X)](m^-3)      [C(X)](m^-3)        
0.00000000000000e+00 4.03704764800000e+02 3.59399644160000e+02 4.75576996977986e+22 4.75576996977986e-03 4.75576996977986e-03 4.75576996977986e-03 0.00000000000000e+00 0.00000000000000e+00 0.00000000000000e+00 0.00000000000000e+00 0.00000000000000e+00 0.00000000000000e+00 0.00000000000000e+00 0.00000000000000e+00 0.00000000000000e+00 0.00000000000000e+00 0.00000000000000e+00 0.00000000000000e+00 0.00000000000000e+00 0.00000000000000e+00 
7.86910987685387e-17 4.03704764799997e+02 3.69596656654029e+02 4.75576996977986e+22 8.75396441603169e+06 2.07693281037982e+06 2.62567890385447e+06 6.27108372716293e+01 6.33430833126738e+06 7.85595056663828e+05 6.75636045472852e-04 3.41996590264897e+05 1.08016877636792e-06 2.10785183175355e-10 0.00000000000000e+00 0.00000000000000e+00 0.00000000000000e+00 0.00000000000000e+00 0.00000000000000e+00 0.00000000000000e+00 0.00000000000000e+00 
1.57382197537077e-16 4.03704764799994e+02 3.69596656654028e+02 4.75576996977986e+22 1.75079288273121e+07 4.15386561609066e+06 5.25135780295081e+06 1.25421674543258e+02 1.26686166626479e+07 1.57119011321449e+06 1.35127209090435e-03 6.83993180528545e+05 3.40914027308981e-06 6.65262940996020e-10 0.00000000000000e+00 0.00000000000000e+00 0.00000000000000e+00 0.00000000000000e+00 0.00000000000000e+00 0.00000000000000e+00 0.00000000000000e+00 
2.36073296305616e-16 4.03704764799991e+02 3.69596656654026e+02 4.75576996977985e+22 2.62618932385970e+07 6.23079842189011e+06 7.87703670204474e+06 1.88132511814887e+02 1.90029249941440e+07 2.35678516964960e+06 2.02690813629362e-03 1.02598977079092e+06 7.01324130842111e-06 1.36857071432823e-09 0.00000000000000e+00 0.00000000000000e+00 0.00000000000000e+00 0.00000000000000e+00 0.00000000000000e+00 0.00000000000000e+00 0.00000000000000e+00 
5.79406019951073e-16 4.03704764799979e+02 3.69596656654024e+02 4.75576996977985e+22 6.44558248402666e+07 1.52925475686050e+07 1.93329891788790e+07 4.61742651964095e+02 4.66397907387539e+07 5.78437093894153e+06 4.97473790675560e-03 2.51813593025067e+06 3.66607335420123e-05 7.15401111793335e-09 0.00000000000000e+00 0.00000000000000e+00 0.00000000000000e+00 0.00000000000000e+00 0.00000000000000e+00 0.00000000000000e+00 0.00000000000000e+00 
9.22738743596530e-16 4.03704764799967e+02 3.69596656654016e+02 4.75576996977984e+22 1.02649756442022e+08 2.43542967169761e+07 3.07889416556683e+07 7.35352792113297e+02 7.42766564855233e+07 9.21195670607387e+06 7.92256767642840e-03 4.01028208968657e+06 9.01394840096792e-05 1.75899063789896e-08 0.00000000000000e+00 0.00000000000000e+00 0.00000000000000e+00 0.00000000000000e+00 0.00000000000000e+00 0.00000000000000e+00 0.00000000000000e+00 
1.26607146724199e-15 4.03704764799955e+02 3.69596656654009e+02 4.75576996977983e+22 1.40843688043863e+08 3.34160458670294e+07 4.22448941324118e+07 1.00896293226249e+03 1.01913522234486e+08 1.26395424710125e+07 1.08703974452995e-02 5.50242824909825e+06 1.67825859015928e-04 3.27497009838036e-08 0.00000000000000e+00 0.00000000000000e+00 0.00000000000000e+00 0.00000000000000e+00 0.00000000000000e+00 0.00000000000000e+00 0.00000000000000e+00 
1.60940419088744e-15 4.03704764799942e+02 3.69596656654001e+02 4.75576996977982e+22 1.79037619645792e+08 4.24777950187743e+07 5.37008466091093e+07 1.28257307241168e+03 1.29550387985655e+08 1.60671282337454e+07 1.38182272133646e-02 6.99457440848556e+06 2.69852685700461e-04 5.26593149497616e-08 0.00000000000000e+00 0.00000000000000e+00 0.00000000000000e+00 0.00000000000000e+00 0.00000000000000e+00 0.00000000000000e+00 0.00000000000000e+00 
2.62836018702519e-15 4.03704764799906e+02 3.69596656653994e+02 4.75576996977980e+22 2.92391031487262e+08 6.93716009428063e+07 8.77002607737817e+07 2.09460371705537e+03 2.11572135802364e+08 2.62396484166895e+07 2.25669092039389e-02 1.14230228826904e+07 7.16143091381553e-04 1.39748857804370e-07 0.00000000000000e+00 0.00000000000000e+00 0.00000000000000e+00 0.00000000000000e+00 0.00000000000000e+00 0.00000000000000e+00 0.00000000000000e+00 
3.64731618316293e-15 4.03704764799869e+02 3.69596656653971e+02 4.75576996977978e+22 4.05744443329501e+08 9.62654068817531e+07 1.21699674938048e+08 2.90663436169900e+03 2.93593883638520e+08 3.64121685801850e+07 3.13155911874060e-02 1.58514713566805e+07 1.37705017462711e-03 2.68718907405042e-07 0.00000000000000e+00 0.00000000000000e+00 0.00000000000000e+00 0.00000000000000e+00 0.00000000000000e+00 0.00000000000000e+00 0.00000000000000e+00 
4.66627217930068e-15 4.03704764799833e+02 3.69596656653948e+02 4.75576996977976e+22 5.19097855172510e+08 1.23159212835615e+08 1.55699089101910e+08 3.71866500634258e+03 3.75615631494125e+08 4.65846887242312e+07 4.00642731637658e-02 2.02799198304557e+07 2.25258060921526e-03 4.39570766090893e-07 0.00000000000000e+00 0.00000000000000e+00 0.00000000000000e+00 0.00000000000000e+00 0.00000000000000e+00 0.00000000000000e+00 0.00000000000000e+00 
5.68522817543842e-15 4.03704764799796e+02 3.69596656653926e+02 4.75576996977973e+22 6.32451267016287e+08 1.50053018804392e+08 1.89698503265365e+08 4.53069565098610e+03 4.57637379369177e+08 5.67572088488283e+07 4.88129551330182e-02 2.47083683040163e+07 3.34273287937060e-03 6.52304138083978e-07 0.00000000000000e+00 0.00000000000000e+00 0.00000000000000e+00 0.00000000000000e+00 0.00000000000000e+00 0.00000000000000e+00 0.00000000000000e+00 
1.58747881368159e-14 4.03704764799432e+02 3.69596656653903e+02 4.75576996977951e+22 1.76598538549637e+09 4.18991079312483e+08 5.29692644877612e+08 1.26510020974184e+04 1.27785485918935e+09 1.58482409025108e+08 1.36299774434644e-01 6.89928530278086e+07 2.60483276491618e-02 5.08309594289830e-06 0.00000000000000e+00 0.00000000000000e+00 0.00000000000000e+00 0.00000000000000e+00 0.00000000000000e+00 0.00000000000000e+00 0.00000000000000e+00 
2.60643480981933e-14 4.03704764799067e+02 3.69596656653677e+02 4.75576996977929e+22 2.89951950405338e+09 6.87929141312070e+08 8.69686786449298e+08 2.07713085438452e+04 2.09807234095432e+09 2.60207607256492e+08 2.23786593025543e-01 1.13277337730123e+08 7.02159141533549e-02 1.37020016596426e-05 0.00000000000000e+00 0.00000000000000e+00 0.00000000000000e+00 0.00000000000000e+00 0.00000000000000e+00 0.00000000000000e+00 0.00000000000000e+00 
3.62539080595708e-14 4.03704764798702e+02 3.69596656653451e+02 4.75576996977907e+22 4.03305362268731e+09 9.56867204803150e+08 1.20968092798042e+09 2.88916149902666e+04 2.91828982466409e+09 3.61932803542982e+08 3.11273410905717e-01 1.57561822410960e+08 1.35845473807410e-01 2.65090176730792e-05 0.00000000000000e+00 0.00000000000000e+00 0.00000000000000e+00 0.00000000000000e+00 0.00000000000000e+00 0.00000000000000e+00 0.00000000000000e+00 
4.64434680209482e-14 4.03704764798337e+02 3.69596656653226e+02 4.75576996977884e+22 5.16658774139817e+09 1.22580526978572e+09 1.54967506947099e+09 3.70119214366825e+04 3.73850731031867e+09 4.63657997884577e+08 3.98760228075165e-01 2.01846307070320e+08 2.22937003606336e-01 4.35041434087172e-05 0.00000000000000e+00 0.00000000000000e+00 0.00000000000000e+00 0.00000000000000e+00 0.00000000000000e+00 0.00000000000000e+00 0.00000000000000e+00 
1.48339067634723e-13 4.03704764794689e+02 3.69596656653000e+02 4.75576996977662e+22 1.65019289327376e+10 3.91518600164361e+09 4.94961648214580e+09 1.18214985900543e+05 1.19406822738285e+10 1.48090983433136e+09 1.27362836067974e+00 6.44691152482645e+08 2.27426071881847e+00 4.43801451357074e-04 0.00000000000000e+00 0.00000000000000e+00 0.00000000000000e+00 0.00000000000000e+00 0.00000000000000e+00 0.00000000000000e+00 0.00000000000000e+00 
2.50234667248497e-13 4.03704764791041e+02 3.69596656650741e+02 4.75576996977439e+22 2.78372701317694e+10 6.60456688265083e+09 8.34955789076455e+09 1.99418050363861e+05 2.01428574318184e+10 2.49816147628876e+09 2.14849642221177e+00 1.08753599574721e+09 6.47178153424905e+00 1.26290976185666e-03 0.00000000000000e+00 0.00000000000000e+00 0.00000000000000e+00 0.00000000000000e+00 0.00000000000000e+00 0.00000000000000e+00 0.00000000000000e+00 
3.52130266862272e-13 4.03704764787393e+02 3.69596656648482e+02 4.75576996977217e+22 3.91726113384936e+10 9.29394791280736e+09 1.17494992953272e+10 2.80621114826636e+05 2.83450327842884e+10 3.51541292375682e+09 3.02336441267125e+00 1.53038083686401e+09 1.28154994510546e+01 2.50082908650075e-03 0.00000000000000e+00 0.00000000000000e+00 0.00000000000000e+00 0.00000000000000e+00 0.00000000000000e+00 0.00000000000000e+00 0.00000000000000e+00 
4.54025866476046e-13 4.03704764783745e+02 3.69596656646223e+02 4.75576996976994e+22 5.05079525529102e+10 1.19833290921132e+10 1.51494406958338e+10 3.61824179288868e+05 3.65472083312384e+10 4.53266417673558e+09 3.89823233205819e+00 1.97322567583304e+09 2.13054144610097e+01 4.15755943559018e-03 0.00000000000000e+00 0.00000000000000e+00 0.00000000000000e+00 0.00000000000000e+00 0.00000000000000e+00 0.00000000000000e+00 0.00000000000000e+00 
1.47298186261379e-12 4.03704764747265e+02 3.69596656643964e+02 4.75576996974769e+22 1.63861365120158e+11 3.88771490883715e+10 4.91488544778164e+10 1.17385482388131e+06 1.18568974497127e+11 1.47051660096246e+10 1.26469076169401e+01 6.40167394739644e+09 2.24245400949114e+02 4.37594728500146e-02 0.00000000000000e+00 0.00000000000000e+00 0.00000000000000e+00 0.00000000000000e+00 0.00000000000000e+00 0.00000000000000e+00 0.00000000000000e+00 
2.49193785875154e-12 4.03704764710784e+02 3.69596656621376e+02 4.75576996972543e+22 2.77214778456645e+11 6.57709839995255e+10 8.31482678541924e+10 1.98588546841945e+06 2.00590760110975e+11 2.48776483936253e+10 2.13955757945749e+01 1.08301220041835e+10 6.41805085002275e+02 1.25242500017464e-01 0.00000000000000e+00 0.00000000000000e+00 0.00000000000000e+00 0.00000000000000e+00 0.00000000000000e+00 0.00000000000000e+00 0.00000000000000e+00 
3.51089385488928e-12 4.03704764674304e+02 3.69596656598789e+02 4.75576996970318e+22 3.90568192562371e+11 9.26648338255480e+10 1.17147680824962e+11 2.79791611290328e+06 2.82612565172749e+11 3.50501113287731e+10 3.01442368649682e+01 1.52585698461944e+10 1.27398445683024e+03 2.48606650394986e-01 0.00000000000000e+00 0.00000000000000e+00 0.00000000000000e+00 0.00000000000000e+00 0.00000000000000e+00 0.00000000000000e+00 0.00000000000000e+00 
4.52984985102703e-12 4.03704764637824e+02 3.69596656576201e+02 4.75576996968092e+22 5.03921607437334e+11 1.19558698566410e+11 1.51147093390125e+11 3.60994675733280e+06 3.64634389682410e+11 4.52225548151052e+10 3.88928908281261e+01 1.96870174734289e+10 2.12078350618328e+03 4.13851933888376e-01 0.00000000000000e+00 0.00000000000000e+00 0.00000000000000e+00 0.00000000000000e+00 0.00000000000000e+00 0.00000000000000e+00 0.00000000000000e+00 
1.47194098124045e-11 4.03704764273020e+02 3.69596656553613e+02 4.75576996945836e+22 1.63745579849470e+12 3.88498166280939e+11 4.91141196733398e+11 1.17302531986407e+07 1.18485370439941e+12 1.46945920007001e+11 1.26379039563908e+02 6.39714819330825e+10 2.23928525553963e+04 4.36977067433878e+00 0.00000000000000e+00 0.00000000000000e+00 0.00000000000000e+00 0.00000000000000e+00 0.00000000000000e+00 0.00000000000000e+00 0.00000000000000e+00 
2.49089697737819e-11 4.03704763908217e+02 3.69596656327733e+02 4.75576996923580e+22 2.77099006647481e+12 6.57439125446957e+11 8.31135259516023e+11 1.98505596345170e+07 2.00507496386276e+12 2.48667340359757e+11 2.13864477582947e+02 1.08255924915119e+11 6.41268776489619e+04 1.25138140427703e+01 0.00000000000000e+00 0.00000000000000e+00 0.00000000000000e+00 0.00000000000000e+00 0.00000000000000e+00 0.00000000000000e+00 0.00000000000000e+00 
3.50985297351594e-11 4.03704763543414e+02 3.69596656101854e+02 4.75576996901324e+22 3.90452441137679e+12 9.26381576037290e+11 1.17112928173801e+12 2.79708660649610e+07 2.82529816803699e+12 3.50386815908836e+11 3.01349204890930e+02 1.52540346419547e+11 1.27322849001613e+05 2.48459914968694e+01 0.00000000000000e+00 0.00000000000000e+00 0.00000000000000e+00 0.00000000000000e+00 0.00000000000000e+00 0.00000000000000e+00 0.00000000000000e+00 
4.52880896965368e-11 4.03704763178611e+02 3.69596655875974e+02 4.75576996879068e+22 5.03805883319976e+12 1.19532551802348e+12 1.51112326339935e+12 3.60911724899722e+07 3.64552331688496e+12 4.52104346691381e+11 3.88833221493812e+02 1.96824746446377e+11 2.11980756364608e+05 4.13663129421165e+01 0.00000000000000e+00 0.00000000000000e+00 0.00000000000000e+00 0.00000000000000e+00 0.00000000000000e+00 0.00000000000000e+00 0.00000000000000e+00 
1.47183689310311e-10 4.03704759530586e+02 3.69596655650095e+02 4.75576996656508e+22 1.63734072817609e+13 3.88484695436107e+12 4.91106084917946e+12 1.17294236441054e+08 1.18478817489827e+13 1.46917270579469e+12 1.26363430089713e+03 6.39667565450017e+11 2.23896260236928e+06 4.36921030467849e+02 0.00000000000000e+00 0.00000000000000e+00 0.00000000000000e+00 0.00000000000000e+00 0.00000000000000e+00 0.00000000000000e+00 0.00000000000000e+00 
2.49079288924086e-10 4.03704755882571e+02 3.69596653391305e+02 4.75576996433946e+22 2.77087634214014e+13 6.57451749777423e+12 8.31099437890125e+12 1.98497299848150e+08 2.00504346060257e+13 2.48604663067184e+12 2.13836431659463e+03 1.08250823670417e+12 6.41212634128995e+06 1.25130146110498e+03 0.00000000000000e+00 0.00000000000000e+00 0.00000000000000e+00 0.00000000000000e+00 0.00000000000000e+00 0.00000000000000e+00 0.00000000000000e+00 
3.50974888537860e-10 4.03704752234566e+02 3.69596651132522e+02 4.75576996211383e+22 3.90441272512694e+13 9.26433712109947e+12 1.17109238525693e+13 2.79700362710675e+08 2.82531818525632e+13 3.50272615677271e+12 3.01302327427236e+03 1.52534676021756e+12 1.27314621879323e+07 2.48451705919142e+03 0.00000000000000e+00 0.00000000000000e+00 0.00000000000000e+00 0.00000000000000e+00 0.00000000000000e+00 0.00000000000000e+00 0.00000000000000e+00 
4.52870488151635e-10 4.03704748586572e+02 3.69596648873744e+02 4.75576995988818e+22 5.03794987704730e+13 1.19543057958918e+13 1.51108492701883e+13 3.60903425028018e+08 3.64561234514717e+13 4.51921132121960e+12 3.88761117988522e+03 1.96818313599932e+12 2.11969598936651e+07 4.13657772519064e+03 0.00000000000000e+00 0.00000000000000e+00 0.00000000000000e+00 0.00000000000000e+00 0.00000000000000e+00 0.00000000000000e+00 0.00000000000000e+00 
1.47182648428938e-09 4.03704712107184e+02 3.69596646614973e+02 4.75576993763084e+22 1.63733636553608e+14 3.88621800949919e+13 4.91098803654133e+13 1.17293401799503e+09 1.18496215405227e+14 1.46733864900646e+13 1.26295845258901e+04 6.39642877188158e+12 2.23887131137151e+08 4.36972408710559e+04 0.00000000000000e+00 0.00000000000000e+00 0.00000000000000e+00 0.00000000000000e+00 0.00000000000000e+00 0.00000000000000e+00 0.00000000000000e+00 
2.49078248042713e-09 4.03704675628808e+02 3.69596624027609e+02 4.75576991537195e+22 2.77088542252261e+14 6.57849270766929e+13 8.31085058611969e+13 1.98496455574480e+09 2.00555700227353e+14 2.48081678610036e+13 2.13644594653708e+04 1.08244596450337e+13 6.41181780705930e+08 1.25153700889787e+05 0.00000000000000e+00 0.00000000000000e+00 0.00000000000000e+00 0.00000000000000e+00 0.00000000000000e+00 0.00000000000000e+00 0.00000000000000e+00 
3.50973847656487e-09 4.03704639151442e+02 3.69596601440873e+02 4.75576989311152e+22 3.90444215017816e+14 9.27225196797867e+13 1.17106725762099e+14 2.79699503769319e+09 2.82634542600414e+14 3.49235907504360e+13 3.00922416748908e+04 1.52522757641744e+13 1.27307112415133e+09 2.48515378706412e+05 0.00000000000000e+00 0.00000000000000e+00 0.00000000000000e+00 0.00000000000000e+00 0.00000000000000e+00 0.00000000000000e+00 0.00000000000000e+00 
4.52869447270262e-09 4.03704602675085e+02 3.69596578854763e+02 4.75576987084956e+22 5.03800653963048e+14 1.19674929612036e+14 1.51104540072897e+14 3.60902546322841e+09 3.64732705600363e+14 4.50196920813222e+13 3.88129370951689e+04 1.96798771384344e+13 2.11954491395925e+09 4.13792124771218e+05 0.00000000000000e+00 0.00000000000000e+00 0.00000000000000e+00 0.00000000000000e+00 0.00000000000000e+00 0.00000000000000e+00 0.00000000000000e+00 
1.17553360549330e-08 4.03704344006195e+02 3.69596556269279e+02 4.75576971291927e+22 1.30776930768002e+15 3.11249621741908e+14 3.92212262697672e+14 9.36810746277700e+09 9.47540691756212e+14 1.16072009456290e+14 1.00459021477504e+05 5.10751582376702e+13 1.42796844870582e+10 2.78960008410594e+06 0.00000000000000e+00 0.00000000000000e+00 0.00000000000000e+00 0.00000000000000e+00 0.00000000000000e+00 0.00000000000000e+00 0.00000000000000e+00 
1.89819776371634e-08 4.03704085387349e+02 3.69596396106333e+02 4.75576955491274e+22 2.11177614195011e+15 5.03558207354979e+14 6.33299586358461e+14 1.51271863757133e+10 1.53130560365962e+15 1.86167353780491e+14 1.61751054062792e+05 8.24596415311780e+13 3.72291043622315e+10 7.27767859313839e+06 0.00000000000000e+00 0.00000000000000e+00 0.00000000000000e+00 0.00000000000000e+00 0.00000000000000e+00 0.00000000000000e+00 0.00000000000000e+00 
2.62086192193938e-08 4.03703826817950e+02 3.69596235974432e+02 4.75576939683099e+22 2.91582084645345e+15 6.96590791766449e+14 8.74366512762572e+14 2.08862619835307e+10 2.11601452781030e+15 2.55318638167607e+14 2.22691138117812e+05 1.13833330279877e+14 7.09641427666610e+10 1.38814713967275e+07 0.00000000000000e+00 0.00000000000000e+00 0.00000000000000e+00 0.00000000000000e+00 0.00000000000000e+00 0.00000000000000e+00 0.00000000000000e+00 
3.34352608016242e-08 4.03703568297409e+02 3.69596075873207e+02 4.75576923867501e+22 3.71990311533513e+15 8.90337623253160e+14 1.11541304361629e+15 2.66453340679660e+10 2.70165473728611e+15 3.23538589154442e+14 2.83281362797499e+05 1.45196227740876e+14 1.15481140933522e+11 2.26043721851980e+07 0.00000000000000e+00 0.00000000000000e+00 0.00000000000000e+00 0.00000000000000e+00 0.00000000000000e+00 0.00000000000000e+00 0.00000000000000e+00 
4.06619023838546e-08 4.03703309825145e+02 3.69595915802292e+02 4.75576908044582e+22 4.52402264711206e+15 1.08478909007247e+15 1.35643918062495e+15 3.24044024109884e+10 3.28821368785235e+15 3.90839750591538e+14 3.43523803392441e+05 1.76548337167642e+14 1.70776442944941e+11 3.34497258006541e+07 0.00000000000000e+00 0.00000000000000e+00 0.00000000000000e+00 0.00000000000000e+00 0.00000000000000e+00 0.00000000000000e+00 0.00000000000000e+00 
1.02373102113147e-07 4.03701104512714e+02 3.69595755761329e+02 4.75576772641738e+22 1.13921989440117e+16 2.77266201689410e+15 3.41382792344776e+15 8.15832202903788e+10 8.33276608090066e+15 9.29859871727502e+14 8.44085114018439e+05 4.43837676616894e+14 1.08144679336138e+12 2.12972526282969e+08 0.00000000000000e+00 0.00000000000000e+00 0.00000000000000e+00 0.00000000000000e+00 0.00000000000000e+00 0.00000000000000e+00 0.00000000000000e+00 
1.64084301842439e-07 4.03698902346966e+02 3.69594390277475e+02 4.75576636768751e+22 1.82628983700030e+16 4.50573088414938e+15 5.46973070445847e+15 1.30761614179354e+11 1.34362396669492e+16 1.40995500275926e+15 1.32067973475210e+06 7.10342593009881e+14 2.77554722757647e+12 5.49419509719652e+08 0.00000000000000e+00 0.00000000000000e+00 0.00000000000000e+00 0.00000000000000e+00 0.00000000000000e+00 0.00000000000000e+00 0.00000000000000e+00 
2.25795501571731e-07 4.03696703029852e+02 3.69593026746294e+02 4.75576500476518e+22 2.51359660364983e+16 6.27906225627581e+15 7.52414858404438e+15 1.79939449458980e+11 1.85921958425175e+16 1.83756351623047e+15 1.77449359964218e+06 9.76065095073593e+14 5.25081142367313e+12 1.04450647002410e+09 0.00000000000000e+00 0.00000000000000e+00 0.00000000000000e+00 0.00000000000000e+00 0.00000000000000e+00 0.00000000000000e+00 0.00000000000000e+00 
2.87506701301023e-07 4.03694506295965e+02 3.69591664983243e+02 4.75576363810360e+22 3.20112639403323e+16 8.08826343084540e+15 9.57708262219885e+15 2.29116592122508e+11 2.37949017107725e+16 2.21841808242637e+15 2.20665387721886e+06 1.24100718327257e+15 8.50497802914694e+12 1.69976175714415e+09 0.00000000000000e+00 0.00000000000000e+00 0.00000000000000e+00 0.00000000000000e+00 0.00000000000000e+00 0.00000000000000e+00 0.00000000000000e+00 
3.49217901030315e-07 4.03692311908724e+02 3.69590304823989e+02 4.75576226810675e+22 3.88886689896378e+16 9.92941921359879e+15 1.16285338783407e+16 2.78292908794537e+11 2.90392475671884e+16 2.55762818340221e+15 2.61823194997360e+06 1.50517085017770e+15 1.25357910471358e+13 2.51654764346417e+09 0.00000000000000e+00 0.00000000000000e+00 0.00000000000000e+00 0.00000000000000e+00 0.00000000000000e+00 0.00000000000000e+00 0.00000000000000e+00 
4.10929100759607e-07 4.03690119657240e+02 3.69588946122045e+02 4.75576089513469e+22 4.57680713862990e+16 1.17990401117128e+16 1.36785034110952e+16 3.27468266755529e+11 3.43206792870409e+16 2.85974772523444e+15 3.01024594023003e+06 1.76855808060537e+15 1.73410003030804e+13 3.49607752319296e+09 0.00000000000000e+00 0.00000000000000e+00 0.00000000000000e+00 0.00000000000000e+00 0.00000000000000e+00 0.00000000000000e+00 0.00000000000000e+00 
5.78968106211548e-07 4.03684159559166e+02 3.69587588746837e+02 4.75575714392959e+22 6.45099897481446e+16 1.70103944778874e+16 1.92530486328905e+16 4.61366383883948e+11 4.88587700846046e+16 3.52558799512893e+15 3.98610164757178e+06 2.48183911923131e+15 3.43329333033252e+13 6.99655975813400e+09 0.00000000000000e+00 0.00000000000000e+00 0.00000000000000e+00 0.00000000000000e+00 0.00000000000000e+00 0.00000000000000e+00 0.00000000000000e+00 
7.47007111663490e-07 4.03678210885026e+02 3.69583898458012e+02 4.75575337819610e+22 8.32644160170039e+16 2.23598316845519e+16 2.48166365269484e+16 5.95253772988998e+11 6.35765987423147e+16 4.01164978061351e+15 4.84169885155858e+06 3.18941745975022e+15 5.70050404565949e+13 1.17291063455416e+10 0.00000000000000e+00 0.00000000000000e+00 0.00000000000000e+00 0.00000000000000e+00 0.00000000000000e+00 0.00000000000000e+00 0.00000000000000e+00 
9.15046117115431e-07 4.03672271401576e+02 3.69580215274706e+02 4.75574960174529e+22 1.02030180765489e+17 2.78104387189840e+16 3.03692883857687e+16 7.29127825776811e+11 7.84259901090565e+16 4.36610416113021e+15 5.59251573535402e+06 3.89133246479660e+15 8.53125239647195e+13 1.77065181831191e+10 0.00000000000000e+00 0.00000000000000e+00 0.00000000000000e+00 0.00000000000000e+00 0.00000000000000e+00 0.00000000000000e+00 0.00000000000000e+00 
1.08308512256737e-06 4.03666339465192e+02 3.69576537814156e+02 4.75574581738092e+22 1.20806419612837e+17 3.33350703431836e+16 3.59110254631538e+16 8.62985967749394e+11 9.33715169022682e+16 4.62437447128109e+15 6.25203798128341e+06 4.58762321132422e+15 1.19210889561789e+14 2.49381612579626e+10 0.00000000000000e+00 0.00000000000000e+00 0.00000000000000e+00 0.00000000000000e+00 0.00000000000000e+00 0.00000000000000e+00 0.00000000000000e+00 
1.25112412801931e-06 4.03660413858240e+02 3.69572865058671e+02 4.75574202717895e+22 1.39592488580163e+17 3.89136383834694e+16 4.14418689736625e+16 9.96825657763066e+11 1.08386961983007e+17 4.81267400712106e+15 6.83202620265144e+06 5.27832851293929e+15 1.58655945562139e+14 3.34309316950089e+10 0.00000000000000e+00 0.00000000000000e+00 0.00000000000000e+00 0.00000000000000e+00 0.00000000000000e+00 0.00000000000000e+00 0.00000000000000e+00 
1.41916313347126e-06 4.03654493691036e+02 3.69569196254321e+02 4.75573823265508e+22 1.58387913372689e+17 4.45314875182100e+16 4.69618400921985e+16 1.13064438764295e+12 1.23453198610189e+17 4.95012575988632e+15 7.34272848251851e+06 5.96348693200593e+15 2.03603801774481e+14 4.31898530152779e+10 0.00000000000000e+00 0.00000000000000e+00 0.00000000000000e+00 0.00000000000000e+00 0.00000000000000e+00 0.00000000000000e+00 0.00000000000000e+00 
1.67550974748921e-06 4.03645471422966e+02 3.69565530850224e+02 4.75573243813333e+22 1.87077937091742e+17 5.31539162209380e+16 5.53617618989432e+16 1.33474136596190e+12 1.46504359132446e+17 5.09235673818174e+15 8.00828184423652e+06 6.99811016146275e+15 2.82674384520665e+14 6.05244112866350e+10 0.00000000000000e+00 0.00000000000000e+00 0.00000000000000e+00 0.00000000000000e+00 0.00000000000000e+00 0.00000000000000e+00 0.00000000000000e+00 
1.93185636150716e-06 4.03636458833951e+02 3.69559944877829e+02 4.75572663862008e+22 2.15788109731969e+17 6.18188760749896e+16 6.37365054324473e+16 1.53877516759959e+12 1.69609922982006e+17 5.18003229350058e+15 8.55977265995157e+06 8.02004875178898e+15 3.74296331599864e+14 8.08223957093433e+10 0.00000000000000e+00 0.00000000000000e+00 0.00000000000000e+00 0.00000000000000e+00 0.00000000000000e+00 0.00000000000000e+00 0.00000000000000e+00 
2.18820297552511e-06 4.03627454969773e+02 3.69554364973028e+02 4.75572083573023e+22 2.44517888209714e+17 7.05108538813638e+16 7.20861453306512e+16 1.74273731902651e+12 1.92749643653964e+17 5.23338655305862e+15 9.01875327696963e+06 9.02943642256688e+15 4.78317821120235e+14 1.04088911536470e+11 0.00000000000000e+00 0.00000000000000e+00 0.00000000000000e+00 0.00000000000000e+00 0.00000000000000e+00 0.00000000000000e+00 0.00000000000000e+00 
2.44454958954306e-06 4.03618459178362e+02 3.69548790544878e+02 4.75571503056235e+22 2.73266885916073e+17 7.92193409991738e+16 8.04107560138721e+16 1.94661951528410e+12 2.15909806189249e+17 5.26612238237532e+15 9.40276043901671e+06 1.00264056539627e+16 5.94588615455708e+14 1.30327161710417e+11 0.00000000000000e+00 0.00000000000000e+00 0.00000000000000e+00 0.00000000000000e+00 0.00000000000000e+00 0.00000000000000e+00 0.00000000000000e+00 
2.70089620356101e-06 4.03609471042831e+02 3.69543221189513e+02 4.75570922381317e+22 3.02034838079947e+17 8.79377241680433e+16 8.87104116850293e+16 2.15041361756814e+12 2.39081779594367e+17 5.28685895415067e+15 9.72604903651818e+06 1.10110877050369e+16 7.22960047213606e+14 1.59539054036934e+11 0.00000000000000e+00 0.00000000000000e+00 0.00000000000000e+00 0.00000000000000e+00 0.00000000000000e+00 0.00000000000000e+00 0.00000000000000e+00 
2.95724281757896e-06 4.03600490333943e+02 3.69537656648671e+02 4.75570341585871e+22 3.30821577179761e+17 9.66624981193882e+16 9.69851863298540e+16 2.35411165100222e+12 2.62260989224339e+17 5.30015935420285e+15 1.00001583170298e+07 1.19836126237336e+16 8.63285005504668e+14 1.91725589797132e+11 0.00000000000000e+00 0.00000000000000e+00 0.00000000000000e+00 0.00000000000000e+00 0.00000000000000e+00 0.00000000000000e+00 0.00000000000000e+00 
3.41548061498297e-06 4.03584454694148e+02 3.69532096780265e+02 4.75569303150784e+22 3.82326321860504e+17 1.12267413160114e+17 1.11715175360818e+17 2.71797253253723e+12 3.03704157889224e+17 5.31471757371062e+15 1.03963447462273e+07 1.36921851907434e+16 1.14345098137808e+15 2.56674112532047e+11 0.00000000000000e+00 0.00000000000000e+00 0.00000000000000e+00 0.00000000000000e+00 0.00000000000000e+00 0.00000000000000e+00 0.00000000000000e+00 
3.87371841238697e-06 4.03568441873370e+02 3.69522169459161e+02 4.75568264472332e+22 4.33890193769842e+17 1.27880227973113e+17 1.26366314535259e+17 3.08145819471076e+12 3.45154110375173e+17 5.32175413270561e+15 1.07045325260421e+07 1.53630480601785e+16 1.46052974263994e+15 3.31129782998125e+11 0.00000000000000e+00 0.00000000000000e+00 0.00000000000000e+00 0.00000000000000e+00 0.00000000000000e+00 0.00000000000000e+00 0.00000000000000e+00 
4.33195620979097e-06 4.03552451646464e+02 3.69512256502215e+02 4.75567225579846e+22 4.85512801035960e+17 1.43498863342267e+17 1.40939021285909e+17 3.44452686651179e+12 3.86608136403427e+17 5.32391865088467e+15 1.09518523136204e+07 1.69969154262036e+16 1.81371728350986e+15 4.15091974576251e+11 0.00000000000000e+00 0.00000000000000e+00 0.00000000000000e+00 0.00000000000000e+00 0.00000000000000e+00 0.00000000000000e+00 0.00000000000000e+00 
4.79019400719498e-06 4.03536483835297e+02 3.69502357769086e+02 4.75566186494529e+22 5.37193777851369e+17 1.59122010926071e+17 1.55433710848701e+17 3.80713833224614e+12 4.28064532965435e+17 5.32285559862564e+15 1.11571246771393e+07 1.85944895093899e+16 2.20222468484242e+15 5.08560033702164e+11 0.00000000000000e+00 0.00000000000000e+00 0.00000000000000e+00 0.00000000000000e+00 0.00000000000000e+00 0.00000000000000e+00 0.00000000000000e+00 
5.24843180459898e-06 4.03520538206466e+02 3.69492473148550e+02 4.75565147246947e+22 5.88932731528734e+17 1.74747438129356e+17 1.69850796272674e+17 4.16925389675214e+12 4.69520391980394e+17 5.32141655015800e+15 1.13337771914567e+07 2.01564606784381e+16 2.62527786254912e+15 6.11532938177543e+11 0.00000000000000e+00 0.00000000000000e+00 0.00000000000000e+00 0.00000000000000e+00 0.00000000000000e+00 0.00000000000000e+00 0.00000000000000e+00 
5.70666960200298e-06 4.03504614553876e+02 3.69482602495182e+02 4.75564107862919e+22 6.40729285204402e+17 1.90373356202878e+17 1.84190688432340e+17 4.53083635312041e+12 5.10973385760869e+17 5.32187468859755e+15 1.14911358731318e+07 2.16835076361807e+16 3.08211732622471e+15 7.24008925453293e+11 0.00000000000000e+00 0.00000000000000e+00 0.00000000000000e+00 0.00000000000000e+00 0.00000000000000e+00 0.00000000000000e+00 0.00000000000000e+00 
6.51941065899172e-06 4.03476425948682e+02 3.69472745680473e+02 4.75562264040407e+22 7.32737634767473e+17 2.18092310269266e+17 2.09435640237019e+17 5.17072756945326e+12 5.84492598930500e+17 5.32291302752762e+15 1.17388921675650e+07 2.43080581458717e+16 3.97319765358559e+15 9.46867267435159e+11 0.00000000000000e+00 0.00000000000000e+00 0.00000000000000e+00 0.00000000000000e+00 0.00000000000000e+00 0.00000000000000e+00 0.00000000000000e+00 
7.33215171598046e-06 4.03448305885652e+02 3.69455297379078e+02 4.75560419805991e+22 8.24924545338321e+17 2.45817092781220e+17 2.34441309770978e+17 5.80864197698573e+12 6.58008468247843e+17 5.32380795975423e+15 1.19657562113861e+07 2.68284714810767e+16 4.96417980021813e+15 1.19960328171878e+12 0.00000000000000e+00 0.00000000000000e+00 0.00000000000000e+00 0.00000000000000e+00 0.00000000000000e+00 0.00000000000000e+00 0.00000000000000e+00 
8.14489277296920e-06 4.03420253835645e+02 3.69437892237573e+02 4.75558575195878e+22 9.17288273446475e+17 2.73547827697985e+17 2.59209940629401e+17 6.44440387502906e+12 7.31521217201942e+17 5.32407448681480e+15 1.21824973956192e+07 2.92482792917868e+16 6.05114386991013e+15 1.48220707208024e+12 0.00000000000000e+00 0.00000000000000e+00 0.00000000000000e+00 0.00000000000000e+00 0.00000000000000e+00 0.00000000000000e+00 0.00000000000000e+00 
8.95763382995794e-06 4.03392269229027e+02 3.69420529923319e+02 4.75556730252467e+22 1.00982707146378e+18 3.01283886446545e+17 2.83743754629196e+17 7.07785111102379e+12 8.05030097038935e+17 5.32421771749316e+15 1.23936241495377e+07 3.15709020485494e+16 7.23030739284583e+15 1.79466864390130e+12 0.00000000000000e+00 0.00000000000000e+00 0.00000000000000e+00 0.00000000000000e+00 0.00000000000000e+00 0.00000000000000e+00 0.00000000000000e+00 
9.77037488694669e-06 4.03364351509767e+02 3.69403210078677e+02 4.75554885015172e+22 1.10253921489629e+18 3.29024786796585e+17 3.08044952569841e+17 7.70883413759556e+12 8.78534559051401e+17 5.32455926890449e+15 1.26014505977199e+07 3.37996549822377e+16 8.49801746111809e+15 2.13697764145541e+12 0.00000000000000e+00 0.00000000000000e+00 0.00000000000000e+00 0.00000000000000e+00 0.00000000000000e+00 0.00000000000000e+00 0.00000000000000e+00 
1.16390512315921e-05 4.03300413155814e+02 3.69385932354494e+02 4.75550641462951e+22 1.31635382194298e+18 3.92824998716590e+17 3.63048421389906e+17 9.14955912381651e+12 1.04752075445740e+18 5.32551415258745e+15 1.30733135423062e+07 3.85851116006045e+16 1.17299106981632e+16 3.03717149843520e+12 0.00000000000000e+00 0.00000000000000e+00 0.00000000000000e+00 0.00000000000000e+00 0.00000000000000e+00 0.00000000000000e+00 0.00000000000000e+00 
1.35077275762375e-05 4.03236819198041e+02 3.69346364895662e+02 4.75546396936937e+22 1.53105560949966e+18 4.56647554524609e+17 4.16859744274854e+17 1.05751044310917e+13 1.21648107663100e+18 5.32666894335265e+15 1.35442566570896e+07 4.29282138634188e+16 1.53709995521753e+16 4.09496250423240e+12 0.00000000000000e+00 0.00000000000000e+00 0.00000000000000e+00 0.00000000000000e+00 0.00000000000000e+00 0.00000000000000e+00 0.00000000000000e+00 
1.53764039208829e-05 4.03173563358908e+02 3.69307014325086e+02 4.75542151803459e+22 1.74662475260463e+18 5.20490104237228e+17 4.69504491668332e+17 1.19842817652111e+13 1.38541387171292e+18 5.32773661505764e+15 1.40159244396583e+07 4.68636672090013e+16 1.93836778763588e+16 5.31021344381618e+12 0.00000000000000e+00 0.00000000000000e+00 0.00000000000000e+00 0.00000000000000e+00 0.00000000000000e+00 0.00000000000000e+00 0.00000000000000e+00 
1.72450802655283e-05 4.03110639482873e+02 3.69267876700161e+02 4.75537906396108e+22 1.96304191015184e+18 5.84350157530194e+17 5.21007664901842e+17 1.33761704663291e+13 1.55431747941269e+18 5.32878517489184e+15 1.44876072659365e+07 5.04236207375621e+16 2.37334081370753e+16 6.68278251684821e+12 0.00000000000000e+00 0.00000000000000e+00 0.00000000000000e+00 0.00000000000000e+00 0.00000000000000e+00 0.00000000000000e+00 0.00000000000000e+00 
1.91137566101737e-05 4.03048041545459e+02 3.69228948155404e+02 4.75533661016908e+22 2.18028820481598e+18 6.48225325454936e+17 5.71393722589361e+17 1.47500784787842e+13 1.72319051708516e+18 5.32990366561508e+15 1.49592409156205e+07 5.36378973120643e+16 2.83884180402440e+16 8.21252367165735e+12 0.00000000000000e+00 0.00000000000000e+00 0.00000000000000e+00 0.00000000000000e+00 0.00000000000000e+00 0.00000000000000e+00 0.00000000000000e+00 
2.40814833805033e-05 4.02883171285957e+02 3.69190224908028e+02 4.75522377031514e+22 2.76171589004565e+18 8.18089954150358e+17 7.00085874187752e+17 1.83125459196958e+13 2.17197133309208e+18 5.33305610804624e+15 1.62153008403789e+07 6.06976142225987e+16 4.20427006462368e+16 1.30423589155117e+13 0.00000000000000e+00 0.00000000000000e+00 0.00000000000000e+00 0.00000000000000e+00 0.00000000000000e+00 0.00000000000000e+00 0.00000000000000e+00 
2.90492101508330e-05 4.02720456955464e+02 3.69088253179399e+02 4.75511099351882e+22 3.34854308972257e+18 9.88007834611678e+17 8.21482237451830e+17 2.17408351100126e+13 2.62051724491926e+18 5.33645986144470e+15 1.74748678628418e+07 6.59568634116582e+16 5.71826368130230e+16 1.89789478745886e+13 0.00000000000000e+00 0.00000000000000e+00 0.00000000000000e+00 0.00000000000000e+00 0.00000000000000e+00 0.00000000000000e+00 0.00000000000000e+00 
3.40169369211626e-05 4.02559797525872e+02 3.68987639705335e+02 4.75499831284098e+22 3.94045633914645e+18 1.15794421547322e+18 9.35992721835852e+17 2.50360045401885e+13 3.06882319025595e+18 5.34002588904265e+15 1.87379750846869e+07 6.97926603026407e+16 7.34227394508211e+16 2.60192059224823e+13 0.00000000000000e+00 0.00000000000000e+00 0.00000000000000e+00 0.00000000000000e+00 0.00000000000000e+00 0.00000000000000e+00 0.00000000000000e+00 
3.89846636914923e-05 4.02401097801393e+02 3.68888321088337e+02 4.75488575212960e+22 4.53716161211108e+18 1.32786784828103e+18 1.04400327204981e+18 2.82034296769982e+13 3.51689050824114e+18 5.34376652509415e+15 2.00042880652779e+07 7.25064681646792e+16 9.04626368137475e+16 3.41598989337423e+13 0.00000000000000e+00 0.00000000000000e+00 0.00000000000000e+00 0.00000000000000e+00 0.00000000000000e+00 0.00000000000000e+00 0.00000000000000e+00 
4.39523904618220e-05 4.02244267951342e+02 3.68790237603592e+02 4.75477332833595e+22 5.13838240205545e+18 1.49775028819709e+18 1.14587781718741e+18 3.12507694951741e+13 3.96472446407580e+18 5.34767702552838e+15 2.12735249269746e+07 7.43396688267506e+16 1.08067786080077e+17 4.33976633327196e+13 0.00000000000000e+00 0.00000000000000e+00 0.00000000000000e+00 0.00000000000000e+00 0.00000000000000e+00 0.00000000000000e+00 0.00000000000000e+00 
5.17354001139158e-05 4.02002120834049e+02 3.68693332905036e+02 4.75459749276657e+22 6.08879195331970e+18 1.76376381446968e+18 1.29395492714116e+18 3.58048966434574e+13 4.66590280851632e+18 5.35409240675685e+15 2.32674414471826e+07 7.58764319942922e+16 1.36377909475376e+17 6.00680294259180e+13 0.00000000000000e+00 0.00000000000000e+00 0.00000000000000e+00 0.00000000000000e+00 0.00000000000000e+00 0.00000000000000e+00 0.00000000000000e+00 
5.95184097660096e-05 4.01764052725524e+02 3.68543756112408e+02 4.75442204947881e+22 7.04871961631601e+18 2.02952044616786e+18 1.42903713227375e+18 4.01184615189354e+13 5.36655976384966e+18 5.36081512099203e+15 2.52664282666062e+07 7.62891557978200e+16 1.65107810923253e+17 7.94087665914608e+13 0.00000000000000e+00 0.00000000000000e+00 0.00000000000000e+00 0.00000000000000e+00 0.00000000000000e+00 0.00000000000000e+00 0.00000000000000e+00 
6.73014194181034e-05 4.01529784397215e+02 3.68396752512812e+02 4.75424701082723e+22 8.01731216034616e+18 2.29493672043033e+18 1.55225235123915e+18 4.42218377711430e+13 6.06672852718536e+18 5.36780050779699e+15 2.72691365892564e+07 7.59770978279616e+16 1.93903500831701e+17 1.01405341573201e+14 0.00000000000000e+00 0.00000000000000e+00 0.00000000000000e+00 0.00000000000000e+00 0.00000000000000e+00 0.00000000000000e+00 0.00000000000000e+00 
7.50844290701972e-05 4.01299061336024e+02 3.68252147121407e+02 4.75407237740218e+22 8.99379370037726e+18 2.55993747637954e+18 1.66462718204603e+18 4.81419788086026e+13 6.76644142751133e+18 5.37500885791776e+15 2.92745904104625e+07 7.52038857609073e+16 2.22545367128564e+17 1.26042568924557e+14 0.00000000000000e+00 0.00000000000000e+00 0.00000000000000e+00 0.00000000000000e+00 0.00000000000000e+00 0.00000000000000e+00 0.00000000000000e+00 
8.28674387222910e-05 4.01071650875064e+02 3.68109780479559e+02 4.75389814369069e+22 9.97745587951178e+18 2.82445385559981e+18 1.76709868961020e+18 5.19005078556526e+13 7.46572568754111e+18 5.38240585067808e+15 3.12815161399060e+07 7.41426038119236e+16 2.50896840329543e+17 1.53304635020206e+14 0.00000000000000e+00 0.00000000000000e+00 0.00000000000000e+00 0.00000000000000e+00 0.00000000000000e+00 0.00000000000000e+00 0.00000000000000e+00 
9.39025177699676e-05 4.00754489392774e+02 3.67969506851957e+02 4.75365177272527e+22 1.13832062542682e+19 3.19854869900430e+18 1.89704949761136e+18 5.69924736862867e+13 8.45652233984351e+18 5.39315256009116e+15 3.41301368996812e+07 7.23702864973842e+16 2.90447717039600e+17 1.96424695539918e+14 0.00000000000000e+00 0.00000000000000e+00 0.00000000000000e+00 0.00000000000000e+00 0.00000000000000e+00 0.00000000000000e+00 0.00000000000000e+00 
1.04937596817644e-04 4.00443014770105e+02 3.67773953412410e+02 4.75340615288244e+22 1.28004438422476e+19 3.57138829979239e+18 2.01099710426032e+18 6.18471800422576e+13 9.44658287665084e+18 5.40414049026132e+15 3.69796137080950e+07 7.04862817716123e+16 3.29116081072819e+17 2.44739373268746e+14 0.00000000000000e+00 0.00000000000000e+00 0.00000000000000e+00 0.00000000000000e+00 0.00000000000000e+00 0.00000000000000e+00 0.00000000000000e+00 
1.15972675865321e-04 4.00136742230099e+02 3.67581998672168e+02 4.75316124900503e+22 1.42277033368714e+19 3.94283216401539e+18 2.11088162095129e+18 6.64984222371582e+13 1.04359599198026e+19 5.41530837715441e+15 3.98286306699197e+07 6.86021234151814e+16 3.66858770376938e+17 2.98197440821426e+14 0.00000000000000e+00 0.00000000000000e+00 0.00000000000000e+00 0.00000000000000e+00 0.00000000000000e+00 0.00000000000000e+00 0.00000000000000e+00 
1.27007754912998e-04 3.99835246351242e+02 3.67393339216054e+02 4.75291702611834e+22 1.56637031335143e+19 4.31275819002992e+18 2.19840010629984e+18 7.09718726825287e+13 1.14246965348701e+19 5.42660531219682e+15 4.26769162464375e+07 6.67650199698769e+16 4.03683343352718e+17 3.56745207136918e+14 0.00000000000000e+00 0.00000000000000e+00 0.00000000000000e+00 0.00000000000000e+00 0.00000000000000e+00 0.00000000000000e+00 0.00000000000000e+00 
1.38042833960674e-04 3.99538152095380e+02 3.67207708792163e+02 4.75267345176716e+22 1.71073175030331e+19 4.68106019670338e+18 2.27504337270246e+18 7.52875654078220e+13 1.24128284642494e+19 5.43799517942128e+15 4.55239453542420e+07 6.49938295318702e+16 4.39615421331471e+17 4.20326630814300e+14 0.00000000000000e+00 0.00000000000000e+00 0.00000000000000e+00 0.00000000000000e+00 0.00000000000000e+00 0.00000000000000e+00 0.00000000000000e+00 
1.58345581011537e-04 3.99001998456946e+02 3.67024872688821e+02 4.75222691152714e+22 1.97801048156202e+19 5.35414948017525e+18 2.39178358346359e+18 8.28751758996175e+13 1.42293661326577e+19 5.45905762237980e+15 5.07594029301970e+07 6.19451627928025e+16 5.03500806280138e+17 5.50257474298687e+14 0.00000000000000e+00 0.00000000000000e+00 0.00000000000000e+00 0.00000000000000e+00 0.00000000000000e+00 0.00000000000000e+00 0.00000000000000e+00 
1.78648328062399e-04 3.98477901863231e+02 3.66695128022486e+02 4.75178230099672e+22 2.24702172719104e+19 6.02097881174267e+18 2.48292123121103e+18 9.00814716852939e+13 1.60441605606201e+19 5.48016039747254e+15 5.59894428928306e+07 5.91791755569566e+16 5.64683678270765e+17 6.96645862584852e+14 0.00000000000000e+00 0.00000000000000e+00 0.00000000000000e+00 0.00000000000000e+00 0.00000000000000e+00 0.00000000000000e+00 0.00000000000000e+00 
1.98951075113262e-04 3.97964453492173e+02 3.66373062995798e+02 4.75133948202070e+22 2.51735180215392e+19 6.68119604404617e+18 2.55394950445103e+18 9.69722287327563e+13 1.78573611331402e+19 5.50120722424198e+15 6.12134313986758e+07 5.66634676728663e+16 6.23377008678594e+17 8.59087734556933e+14 0.00000000000000e+00 0.00000000000000e+00 0.00000000000000e+00 0.00000000000000e+00 0.00000000000000e+00 0.00000000000000e+00 0.00000000000000e+00 
2.19253822164124e-04 3.97460548329161e+02 3.66057795516642e+02 4.75089834180490e+22 2.78868096878721e+19 7.33455104897797e+18 2.60912007529941e+18 1.03596029074716e+14 1.96690922237499e+19 5.52213682892918e+15 6.64315060257857e+07 5.43577647970659e+16 6.79769028822874e+17 1.03715652618355e+15 0.00000000000000e+00 0.00000000000000e+00 0.00000000000000e+00 0.00000000000000e+00 0.00000000000000e+00 0.00000000000000e+00 0.00000000000000e+00 
2.39556569214986e-04 3.96965306556837e+02 3.65748632842050e+02 4.75045878662121e+22 3.06075910437232e+19 7.98087094792797e+18 2.65176522591275e+18 1.09992739090737e+14 2.14794651974367e+19 5.54291480369194e+15 7.16438321788989e+07 5.22367105178833e+16 7.34017570421351e+17 1.23040571172710e+15 0.00000000000000e+00 0.00000000000000e+00 0.00000000000000e+00 0.00000000000000e+00 0.00000000000000e+00 0.00000000000000e+00 0.00000000000000e+00 
2.78855736787099e-04 3.96028909975920e+02 3.65445022571631e+02 4.74961218950180e+22 3.58887805149810e+19 9.21159199128522e+18 2.70753049557816e+18 1.21840333119018e+14 2.49802154662770e+19 5.58262412781654e+15 8.17160510228498e+07 4.85895703605745e+16 8.33410234480733e+17 1.64583712337095e+15 0.00000000000000e+00 0.00000000000000e+00 0.00000000000000e+00 0.00000000000000e+00 0.00000000000000e+00 0.00000000000000e+00 0.00000000000000e+00 
3.18154904359212e-04 3.95118520667327e+02 3.64871604639177e+02 4.74877078080690e+22 4.11804416594123e+19 1.04151437424538e+19 2.73988109022085e+18 1.33138493904352e+14 2.84768475483740e+19 5.62170988945062e+15 9.17659937172041e+07 4.54426317382878e+16 9.26109904738877e+17 2.11286433183035e+15 0.00000000000000e+00 0.00000000000000e+00 0.00000000000000e+00 0.00000000000000e+00 0.00000000000000e+00 0.00000000000000e+00 0.00000000000000e+00 
3.57454071931325e-04 3.94231479749989e+02 3.64314923710407e+02 4.74793420783318e+22 4.64758597523696e+19 1.15915306482187e+19 2.75783789202135e+18 1.44016620764441e+14 3.19698586692450e+19 5.66026416737930e+15 1.01793869906836e+08 4.26985005794599e+16 1.01279782896541e+18 2.62779792592134e+15 0.00000000000000e+00 0.00000000000000e+00 0.00000000000000e+00 0.00000000000000e+00 0.00000000000000e+00 0.00000000000000e+00 0.00000000000000e+00 
3.96753239503438e-04 3.93366055296919e+02 3.63773292037545e+02 4.74710220181423e+22 5.17711417358841e+19 1.27410666973944e+19 2.76667099263734e+18 1.54567712623767e+14 3.54596629608487e+19 5.69836557554733e+15 1.11800830236093e+08 4.02975144783380e+16 1.09402401930837e+18 3.18680876579498e+15 0.00000000000000e+00 0.00000000000000e+00 0.00000000000000e+00 0.00000000000000e+00 0.00000000000000e+00 0.00000000000000e+00 0.00000000000000e+00 
4.36052407075551e-04 3.92521023876663e+02 3.63245597015597e+02 4.74627455209726e+22 5.70639144548013e+19 1.38642181784589e+19 2.76961178731484e+18 1.64850588117483e+14 3.89465760122730e+19 5.73610490965000e+15 1.21785681707469e+08 3.81623712640574e+16 1.17023422657770e+18 3.78598037893158e+15 0.00000000000000e+00 0.00000000000000e+00 0.00000000000000e+00 0.00000000000000e+00 0.00000000000000e+00 0.00000000000000e+00 0.00000000000000e+00 
4.99077269944368e-04 3.91206192686469e+02 3.62731042289576e+02 4.74495590800955e+22 6.55433535657941e+19 1.56117452728129e+19 2.76677475163210e+18 1.80882585174550e+14 4.45331929121888e+19 5.79586414292250e+15 1.37755956122178e+08 3.51876332220424e+16 1.28282922361796e+18 4.82079323349418e+15 0.00000000000000e+00 0.00000000000000e+00 0.00000000000000e+00 0.00000000000000e+00 0.00000000000000e+00 0.00000000000000e+00 0.00000000000000e+00 
5.62102132813185e-04 3.89938398580402e+02 3.61931810581094e+02 4.74364740704632e+22 7.40085460768026e+19 1.72952497253649e+19 2.75955091492805e+18 1.96475070714317e+14 5.01139243853835e+19 5.85504561672455e+15 1.53675609743227e+08 3.26581605336780e+16 1.38464443386399e+18 5.93246421597124e+15 0.00000000000000e+00 0.00000000000000e+00 0.00000000000000e+00 0.00000000000000e+00 0.00000000000000e+00 0.00000000000000e+00 0.00000000000000e+00 
6.25126995682002e-04 3.88715386586088e+02 3.61162784364069e+02 4.74234853748131e+22 8.24577185782671e+19 1.89173179232228e+19 2.75047969471308e+18 2.11725692172442e+14 5.56894621294956e+19 5.91378110138370e+15 1.69547067633354e+08 3.04908010673074e+16 1.47666940479351e+18 7.10506671961092e+15 0.00000000000000e+00 0.00000000000000e+00 0.00000000000000e+00 0.00000000000000e+00 0.00000000000000e+00 0.00000000000000e+00 0.00000000000000e+00 
6.88151858550819e-04 3.87535362294118e+02 3.60422431985558e+02 4.74105886436340e+22 9.08902860102758e+19 2.04805584215124e+19 2.74047585514716e+18 2.26697530830497e+14 6.12603162476190e+19 5.97212854000120e+15 1.85372533927650e+08 2.86114426113192e+16 1.55971486699919e+18 8.32331312967308e+15 0.00000000000000e+00 0.00000000000000e+00 0.00000000000000e+00 0.00000000000000e+00 0.00000000000000e+00 0.00000000000000e+00 0.00000000000000e+00 
7.51176721419636e-04 3.86396713525112e+02 3.59709515092449e+02 4.73977800149636e+22 9.93060175356706e+19 2.19875065294397e+19 2.72995190012054e+18 2.41433692711460e+14 6.68268564550006e+19 6.03012067573271e+15 2.01154118763577e+08 2.69579077660791e+16 1.63445596682037e+18 9.57282905118582e+15 0.00000000000000e+00 0.00000000000000e+00 0.00000000000000e+00 0.00000000000000e+00 0.00000000000000e+00 0.00000000000000e+00 0.00000000000000e+00 
8.67649660583417e-04 3.84396297125121e+02 3.59022917646082e+02 4.73743293627360e+22 1.14813955868891e+20 2.46323458883002e+19 2.70997357512410e+18 2.68146453719501e+14 7.71035324371344e+19 6.13644909583576e+15 2.30211089718178e+08 2.43837020393667e+16 1.75258868254883e+18 1.19215101678045e+16 0.00000000000000e+00 0.00000000000000e+00 0.00000000000000e+00 0.00000000000000e+00 0.00000000000000e+00 0.00000000000000e+00 0.00000000000000e+00 
9.84122599747198e-04 3.82523103038210e+02 3.57819845019138e+02 4.73511474383700e+22 1.30263526881870e+20 2.71077336864584e+19 2.69009914596488e+18 2.94313827895926e+14 8.73674564678689e+19 6.24181442827010e+15 2.59137389486978e+08 2.22768490587619e+16 1.84748446532162e+18 1.42607574222698e+16 0.00000000000000e+00 0.00000000000000e+00 0.00000000000000e+00 0.00000000000000e+00 0.00000000000000e+00 0.00000000000000e+00 0.00000000000000e+00 
1.10059553891098e-03 3.80768939782843e+02 3.56696969304775e+02 4.73282161701038e+22 1.45654842875386e+20 2.94272313546169e+19 2.67052222889211e+18 3.20034716571558e+14 9.76191420272075e+19 6.34628501741386e+15 2.87943826954967e+08 2.05317938492593e+16 1.92186721149430e+18 1.65335534703618e+16 0.00000000000000e+00 0.00000000000000e+00 0.00000000000000e+00 0.00000000000000e+00 0.00000000000000e+00 0.00000000000000e+00 0.00000000000000e+00 
1.21706847807476e-03 3.79126256987066e+02 3.55648703306050e+02 4.73055195014684e+22 1.60988158825507e+20 3.16033150485267e+19 2.65117223580804e+18 3.45366443449240e+14 1.07858569101904e+20 6.44987554763642e+15 3.16638331605667e+08 1.90494992531610e+16 1.97808132262894e+18 1.86990872996370e+16 0.00000000000000e+00 0.00000000000000e+00 0.00000000000000e+00 0.00000000000000e+00 0.00000000000000e+00 0.00000000000000e+00 0.00000000000000e+00 
1.33354141723854e-03 3.77588010300280e+02 3.54669935271288e+02 4.72830428547803e+22 1.76263674622877e+20 3.36474597247249e+19 2.63202820981352e+18 3.70351440611788e+14 1.18085416361285e+20 6.55260516067070e+15 3.45229016474373e+08 1.77784705949024e+16 2.01822645423936e+18 2.07311392552777e+16 0.00000000000000e+00 0.00000000000000e+00 0.00000000000000e+00 0.00000000000000e+00 0.00000000000000e+00 0.00000000000000e+00 0.00000000000000e+00 
1.47116965366864e-03 3.75896042673150e+02 3.53755936499636e+02 4.72567492079995e+22 1.94239431347465e+20 3.59071279307086e+19 2.60972005828264e+18 3.99471970802970e+14 1.30152873439816e+20 6.67292194563786e+15 3.78887409195326e+08 1.64966518341924e+16 2.04758387759151e+18 2.29424444948878e+16 0.00000000000000e+00 0.00000000000000e+00 0.00000000000000e+00 0.00000000000000e+00 0.00000000000000e+00 0.00000000000000e+00 0.00000000000000e+00 
1.60879789009874e-03 3.74330635336852e+02 3.52753459708561e+02 4.72307241181768e+22 2.12134966537252e+20 3.80131795450393e+19 2.58777477209741e+18 4.28196684922091e+14 1.42201024411601e+20 6.79211453620284e+15 4.12418540768629e+08 1.53970527588137e+16 2.06014115562918e+18 2.49413647319971e+16 0.00000000000000e+00 0.00000000000000e+00 0.00000000000000e+00 0.00000000000000e+00 0.00000000000000e+00 0.00000000000000e+00 0.00000000000000e+00 
1.74642612652883e-03 3.72882488786827e+02 3.51828655986855e+02 4.72049495277505e+22 2.29950572915486e+20 3.99800005934092e+19 2.56618621286108e+18 4.56559076234848e+14 1.54228709300462e+20 6.91021053874218e+15 4.45830301228671e+08 1.44431821943078e+16 2.05854715927340e+18 2.67344541049357e+16 0.00000000000000e+00 0.00000000000000e+00 0.00000000000000e+00 0.00000000000000e+00 0.00000000000000e+00 0.00000000000000e+00 0.00000000000000e+00 
1.88405436295893e-03 3.71543046189161e+02 3.50975442409998e+02 4.71794092263671e+22 2.47686553203451e+20 4.18205212004128e+19 2.54494037541796e+18 4.84585624617012e+14 1.66234733421489e+20 7.02723200351976e+15 4.79129379052554e+08 1.36097250761798e+16 2.04518754789996e+18 2.83370365896577e+16 0.00000000000000e+00 0.00000000000000e+00 0.00000000000000e+00 0.00000000000000e+00 0.00000000000000e+00 0.00000000000000e+00 0.00000000000000e+00 
2.02168259938903e-03 3.70304414845391e+02 3.50188267889774e+02 4.71540886470733e+22 2.65343209364546e+20 4.35463630630667e+19 2.52403134316480e+18 5.12297730479147e+14 1.78217933690977e+20 7.14320121071913e+15 5.12321591756826e+08 1.28747219649494e+16 2.02220394959658e+18 2.97686165458945e+16 0.00000000000000e+00 0.00000000000000e+00 0.00000000000000e+00 0.00000000000000e+00 0.00000000000000e+00 0.00000000000000e+00 0.00000000000000e+00 
2.31175646936126e-03 3.67992839606196e+02 3.49462053234349e+02 4.71013861443983e+22 3.02299063084647e+20 4.68521313696665e+19 2.48105697079001e+18 5.69749904551694e+14 2.03395051503156e+20 7.38428241987159e+15 5.81952997528676e+08 1.15758278137348e+16 1.95016782922839e+18 3.23164494850425e+16 0.00000000000000e+00 0.00000000000000e+00 0.00000000000000e+00 0.00000000000000e+00 0.00000000000000e+00 0.00000000000000e+00 0.00000000000000e+00 
2.60183033933349e-03 3.66037019273223e+02 3.48111201716735e+02 4.70494997437986e+22 3.38906792190907e+20 4.97764437002363e+19 2.43953345981963e+18 6.26023581038411e+14 2.28457323233800e+20 7.62098544065898e+15 6.51173393796569e+08 1.05297004967275e+16 1.85818212320544e+18 3.43656529149836e+16 0.00000000000000e+00 0.00000000000000e+00 0.00000000000000e+00 0.00000000000000e+00 0.00000000000000e+00 0.00000000000000e+00 0.00000000000000e+00 
2.89190420930572e-03 3.64385163584326e+02 3.46972789701442e+02 4.69983461352755e+22 3.75169391887052e+20 5.23861304687731e+19 2.39941427636314e+18 6.81229828291432e+14 2.53398240867426e+20 7.85349359154694e+15 7.20016587052142e+08 9.67917117271958e+15 1.75732129217779e+18 3.60506366399585e+16 0.00000000000000e+00 0.00000000000000e+00 0.00000000000000e+00 0.00000000000000e+00 0.00000000000000e+00 0.00000000000000e+00 0.00000000000000e+00 
3.18197807927795e-03 3.62993823083522e+02 3.46014568103416e+02 4.69478610667296e+22 4.11089907975570e+20 5.47331435342948e+19 2.36064768434578e+18 7.35451609590928e+14 2.78213477504030e+20 8.08198305253907e+15 7.88510892327548e+08 8.96252143940540e+15 1.65516091801896e+18 3.74626935126005e+16 0.00000000000000e+00 0.00000000000000e+00 0.00000000000000e+00 0.00000000000000e+00 0.00000000000000e+00 0.00000000000000e+00 0.00000000000000e+00 
3.47205194925018e-03 3.61826195123486e+02 3.45209795660272e+02 4.68979943552865e+22 4.46671417128353e+20 5.68584332106358e+19 2.32318051095119e+18 7.88759310164117e+14 3.02900580416610e+20 8.30662591247884e+15 8.56681759855872e+08 8.35330700859364e+15 1.55661058682554e+18 3.86578975736799e+16 0.00000000000000e+00 0.00000000000000e+00 0.00000000000000e+00 0.00000000000000e+00 0.00000000000000e+00 0.00000000000000e+00 0.00000000000000e+00 
3.77792006942878e-03 3.60802792096155e+02 3.44536065018091e+02 4.68460384638452e+22 4.83826520939755e+20 5.88952855886573e+19 2.28502169388499e+18 8.44044441304666e+14 3.28792002349033e+20 8.53951557117824e+15 9.28238213101621e+08 7.80429430127309e+15 1.45986771962253e+18 3.97246841279292e+16 0.00000000000000e+00 0.00000000000000e+00 0.00000000000000e+00 0.00000000000000e+00 0.00000000000000e+00 0.00000000000000e+00 0.00000000000000e+00 
4.08378818960738e-03 3.59961686499546e+02 3.43946781258573e+02 4.67946881467665e+22 5.20611766920740e+20 6.07532435755435e+19 2.24818551926187e+18 8.98437930111199e+14 3.54539848501223e+20 8.76849417613094e+15 9.99480516420518e+08 7.33017712970227e+15 1.37236283391505e+18 4.06258265366785e+16 0.00000000000000e+00 0.00000000000000e+00 0.00000000000000e+00 0.00000000000000e+00 0.00000000000000e+00 0.00000000000000e+00 0.00000000000000e+00 
4.38965630978598e-03 3.59276085263415e+02 3.43463315174585e+02 4.67439132390419e+22 5.57030776755597e+20 6.24574397871237e+19 2.21261068753512e+18 9.51990383871192e+14 3.80144973237860e+20 8.99373412073209e+15 1.07042638539766e+09 6.91606948568929e+15 1.29477155358683e+18 4.13871220870287e+16 0.00000000000000e+00 0.00000000000000e+00 0.00000000000000e+00 0.00000000000000e+00 0.00000000000000e+00 0.00000000000000e+00 0.00000000000000e+00 
4.69552442996458e-03 3.58723248400116e+02 3.43069786720573e+02 4.66936892815826e+22 5.93087150923976e+20 6.40282819560840e+19 2.17823807154621e+18 1.00474521155273e+15 4.05608755502135e+20 9.21539742190651e+15 1.14109039488089e+09 6.55177202373258e+15 1.22695716110681e+18 4.20289598218270e+16 0.00000000000000e+00 0.00000000000000e+00 0.00000000000000e+00 0.00000000000000e+00 0.00000000000000e+00 0.00000000000000e+00 0.00000000000000e+00 
5.00139255014318e-03 3.58283816880609e+02 3.42752810298599e+02 4.66439960071964e+22 6.28784459783707e+20 6.54825987791894e+19 2.14501114371059e+18 1.05673973862440e+15 4.30932838009335e+20 9.43363546488383e+15 1.21148414593517e+09 6.22893934393736e+15 1.16830781938500e+18 4.25680883823416e+16 0.00000000000000e+00 0.00000000000000e+00 0.00000000000000e+00 0.00000000000000e+00 0.00000000000000e+00 0.00000000000000e+00 0.00000000000000e+00 
5.57726051350072e-03 3.57710443120781e+02 3.42501058308083e+02 4.65518209327277e+22 6.95030870166177e+20 6.79501602891238e+19 2.08537655583338e+18 1.15267663046768e+15 4.78238163044481e+20 9.83572119723602e+15 1.34331695253554e+09 5.71004215747593e+15 1.07954948648001e+18 4.33511647714875e+16 0.00000000000000e+00 0.00000000000000e+00 0.00000000000000e+00 0.00000000000000e+00 0.00000000000000e+00 0.00000000000000e+00 0.00000000000000e+00 
6.15312847685826e-03 3.57393323471231e+02 3.42172766769098e+02 4.64613733647149e+22 7.60040136844486e+20 7.01285467069955e+19 2.02928307838580e+18 1.24621838176971e+15 5.25065019329900e+20 1.02270029337268e+16 1.47425945550188e+09 5.28044006361794e+15 1.01400785803237e+18 4.38967064438450e+16 0.00000000000000e+00 0.00000000000000e+00 0.00000000000000e+00 0.00000000000000e+00 0.00000000000000e+00 0.00000000000000e+00 0.00000000000000e+00 
6.72899644021580e-03 3.57265277346756e+02 3.41991156322881e+02 4.63725777481448e+22 8.23834978978077e+20 7.20749568018722e+19 1.97643464987353e+18 1.33751670924842e+15 5.71422883258316e+20 1.06082179671978e+16 1.60432618870393e+09 4.91930239799396e+15 9.65760823209109e+17 4.42633872345975e+16 0.00000000000000e+00 0.00000000000000e+00 0.00000000000000e+00 0.00000000000000e+00 0.00000000000000e+00 0.00000000000000e+00 0.00000000000000e+00 
7.30486440357334e-03 3.57277680907368e+02 3.41917585073977e+02 4.62853730217269e+22 8.86437598857429e+20 7.38319042157176e+19 1.92656584581577e+18 1.42669198262019e+15 6.17319477893620e+20 1.09800213843387e+16 1.73352088969370e+09 4.61196230299086e+15 9.29935766546272e+17 4.44945800834689e+16 0.00000000000000e+00 0.00000000000000e+00 0.00000000000000e+00 0.00000000000000e+00 0.00000000000000e+00 0.00000000000000e+00 0.00000000000000e+00 
7.88073236693089e-03 3.57394582711252e+02 3.41924204223318e+02 4.61997070898444e+22 9.47869673529535e+20 7.54323541288975e+19 1.87943869156958e+18 1.51384453407523e+15 6.62760798320900e+20 1.13429935924955e+16 1.86183881168035e+09 4.34676714716938e+15 9.02965996064822e+17 4.46231484529979e+16 0.00000000000000e+00 0.00000000000000e+00 0.00000000000000e+00 0.00000000000000e+00 0.00000000000000e+00 0.00000000000000e+00 0.00000000000000e+00 
8.66639989754549e-03 3.57676155416376e+02 3.41990486626934e+02 4.60852324733756e+22 1.02983276940193e+21 7.74088045228585e+19 1.81918320237585e+18 1.62963887889370e+15 7.24031040708391e+20 1.18248900438170e+16 2.03547498866708e+09 4.03901829413951e+15 8.76247481969918e+17 4.46760822942446e+16 0.00000000000000e+00 0.00000000000000e+00 0.00000000000000e+00 0.00000000000000e+00 0.00000000000000e+00 0.00000000000000e+00 0.00000000000000e+00 
9.45206742816009e-03 3.58052065308682e+02 3.42150678389154e+02 4.59734359792268e+22 1.10970863367633e+21 7.91935580962919e+19 1.76315729557822e+18 1.74202313825210e+15 7.84471788190938e+20 1.22924530657644e+16 2.20742282525649e+09 3.77866930373392e+15 8.57167579388993e+17 4.46309681190528e+16 0.00000000000000e+00 0.00000000000000e+00 0.00000000000000e+00 0.00000000000000e+00 0.00000000000000e+00 0.00000000000000e+00 0.00000000000000e+00 
1.02377349587747e-02 3.58488343666867e+02 3.42364886847402e+02 4.58642300939231e+22 1.18754801193729e+21 8.08239850832002e+19 1.71094644768363e+18 1.85116538721889e+15 8.44090414199103e+20 1.27466870440788e+16 2.37764516609466e+09 3.55590417135465e+15 8.43114287269242e+17 4.45196083345868e+16 0.00000000000000e+00 0.00000000000000e+00 0.00000000000000e+00 0.00000000000000e+00 0.00000000000000e+00 0.00000000000000e+00 0.00000000000000e+00 
1.10234024893893e-02 3.58963123353977e+02 3.42613792760832e+02 4.57575387501374e+22 1.26340004355956e+21 8.23265353849556e+19 1.66218721979453e+18 1.95720827965113e+15 9.02893098692820e+20 1.31884801648551e+16 2.54611140782024e+09 3.36357356357979e+15 8.32569556249111e+17 4.43630511584650e+16 0.00000000000000e+00 0.00000000000000e+00 0.00000000000000e+00 0.00000000000000e+00 0.00000000000000e+00 0.00000000000000e+00 0.00000000000000e+00 
1.18090700200039e-02 3.59461862763246e+02 3.42884959996702e+02 4.56532939214822e+22 1.33731232178801e+21 8.37205952142999e+19 1.61656011077593e+18 2.06027893666305e+15 9.60885452055458e+20 1.36186181311666e+16 2.71279603936929e+09 3.19555495496920e+15 8.24561277569331e+17 4.41759259665298e+16 0.00000000000000e+00 0.00000000000000e+00 0.00000000000000e+00 0.00000000000000e+00 0.00000000000000e+00 0.00000000000000e+00 0.00000000000000e+00 
1.31057704959986e-02 3.60313865839144e+02 3.43170113042042e+02 4.54864334953930e+22 1.45517900671979e+21 8.58202239207177e+19 1.54737409526803e+18 2.22419939000792e+15 1.05484021876334e+21 1.43048732064815e+16 2.98395335024476e+09 2.95985655258370e+15 8.15262541269067e+17 4.38252708975036e+16 0.00000000000000e+00 0.00000000000000e+00 0.00000000000000e+00 0.00000000000000e+00 0.00000000000000e+00 0.00000000000000e+00 0.00000000000000e+00 
1.44024709719933e-02 3.61176124916403e+02 3.43657919068954e+02 4.53258136008563e+22 1.56808596173377e+21 8.77124268479773e+19 1.48488465286509e+18 2.38082560803100e+15 1.14662540787880e+21 1.49639313723678e+16 3.25012159975427e+09 2.76528259200325e+15 8.09134214550655e+17 4.34486736666575e+16 0.00000000000000e+00 0.00000000000000e+00 0.00000000000000e+00 0.00000000000000e+00 0.00000000000000e+00 0.00000000000000e+00 0.00000000000000e+00 
1.56991714479879e-02 3.62033972194501e+02 3.44152429635394e+02 4.51712017584778e+22 1.67622351691016e+21 8.94301952350970e+19 1.42820598006241e+18 2.53059138575359e+15 1.23626411573708e+21 1.55980371658368e+16 3.51124883540158e+09 2.60121772377512e+15 8.05158956845161e+17 4.30631153504417e+16 0.00000000000000e+00 0.00000000000000e+00 0.00000000000000e+00 0.00000000000000e+00 0.00000000000000e+00 0.00000000000000e+00 0.00000000000000e+00 
1.69958719239826e-02 3.62881171519927e+02 3.44645222158407e+02 4.50223839355988e+22 1.77977307391591e+21 9.09959732147091e+19 1.37659949447897e+18 2.67389101736688e+15 1.32377984006453e+21 1.62090767395678e+16 3.76730895728326e+09 2.46105121947794e+15 8.02780541978916e+17 4.26771870356317e+16 0.00000000000000e+00 0.00000000000000e+00 0.00000000000000e+00 0.00000000000000e+00 0.00000000000000e+00 0.00000000000000e+00 0.00000000000000e+00 
1.82925723999773e-02 3.63714620727307e+02 3.45132683919740e+02 4.48791583313033e+22 1.87890813077239e+21 9.24271144747506e+19 1.32944553011925e+18 2.81108107287621e+15 1.40919690605102e+21 1.67986446143118e+16 4.01828902809200e+09 2.34020647382609e+15 8.01598874290979e+17 4.22959245601557e+16 0.00000000000000e+00 0.00000000000000e+00 0.00000000000000e+00 0.00000000000000e+00 0.00000000000000e+00 0.00000000000000e+00 0.00000000000000e+00 
2.03123688540449e-02 3.64981245793064e+02 3.45612990627232e+02 4.46667544315351e+22 2.02491979430779e+21 9.44211146929467e+19 1.26365277271328e+18 3.01336599117240e+15 1.53812603706428e+21 1.76773711742316e+16 4.39909827000421e+09 2.18149564062842e+15 8.01442690482625e+17 4.17194312493630e+16 0.00000000000000e+00 0.00000000000000e+00 0.00000000000000e+00 0.00000000000000e+00 0.00000000000000e+00 0.00000000000000e+00 0.00000000000000e+00 
2.23321653081126e-02 3.66205649572781e+02 3.46344357934836e+02 4.44667625526332e+22 2.16122173512668e+21 9.61680997222610e+19 1.20581503204344e+18 3.20273815747922e+15 1.66212447784317e+21 1.85114167693141e+16 4.76758208301354e+09 2.05118057190082e+15 8.02678895523607e+17 4.11693440758352e+16 0.00000000000000e+00 0.00000000000000e+00 0.00000000000000e+00 0.00000000000000e+00 0.00000000000000e+00 0.00000000000000e+00 0.00000000000000e+00 
2.43519617621802e-02 3.67386691478746e+02 3.47052970200514e+02 4.42785306043427e+22 2.28838109220129e+21 9.77027153223471e+19 1.15463967741623e+18 3.38020306434203e+15 1.78129679874336e+21 1.93042923405793e+16 5.12379328765485e+09 1.94161960405776e+15 8.04845997514345e+17 4.06498443333592e+16 0.00000000000000e+00 0.00000000000000e+00 0.00000000000000e+00 0.00000000000000e+00 0.00000000000000e+00 0.00000000000000e+00 0.00000000000000e+00 
2.63717582162479e-02 3.68524603964564e+02 3.47737990546608e+02 4.41014424140594e+22 2.40693326718921e+21 9.90524597084819e+19 1.10911609415749e+18 3.54666073276669e+15 1.89575245627825e+21 2.00587733477500e+16 5.46782129069060e+09 1.84835062533996e+15 8.07646539350394e+17 4.01617480132861e+16 0.00000000000000e+00 0.00000000000000e+00 0.00000000000000e+00 0.00000000000000e+00 0.00000000000000e+00 0.00000000000000e+00 0.00000000000000e+00 
2.83915546703155e-02 3.69619799253767e+02 3.48399384317827e+02 4.39349116873497e+22 2.51738563594075e+21 1.00240504032766e+20 1.06842688635013e+18 3.70290624164754e+15 2.00560518434579e+21 2.07772230211367e+16 5.79978359450915e+09 1.76825952368151e+15 8.10879178479161e+17 3.97047026151813e+16 0.00000000000000e+00 0.00000000000000e+00 0.00000000000000e+00 0.00000000000000e+00 0.00000000000000e+00 0.00000000000000e+00 0.00000000000000e+00 
3.16376653888401e-02 3.71291457399773e+02 3.49037230347300e+02 4.36880033664346e+22 2.67912142007282e+21 1.01859542746505e+20 1.01150159381695e+18 3.93437685268934e+15 2.17280939868010e+21 2.18614392237412e+16 6.30838821596840e+09 1.66054636128919e+15 8.16613890958668e+17 3.90343142033057e+16 0.00000000000000e+00 0.00000000000000e+00 0.00000000000000e+00 0.00000000000000e+00 0.00000000000000e+00 0.00000000000000e+00 0.00000000000000e+00 
3.48837761073646e-02 3.72856170588591e+02 3.50013218610988e+02 4.34647399437019e+22 2.82304399890806e+21 1.03179902536415e+20 9.63202319524447e+17 4.14394250463564e+15 2.32892928693885e+21 2.28647654533586e+16 6.78691280790325e+09 1.57281375548912e+15 8.22656818441294e+17 3.84393230729056e+16 0.00000000000000e+00 0.00000000000000e+00 0.00000000000000e+00 0.00000000000000e+00 0.00000000000000e+00 0.00000000000000e+00 0.00000000000000e+00 
3.81298868258892e-02 3.74317177343592e+02 3.50929386515185e+02 4.32630834718532e+22 2.95088337987880e+21 1.04254852011463e+20 9.21852385029818e+17 4.33385953473912e+15 2.47447820991507e+21 2.37933431202869e+16 7.23620183906328e+09 1.50031846312867e+15 8.28790171321512e+17 3.79139014488876e+16 0.00000000000000e+00 0.00000000000000e+00 0.00000000000000e+00 0.00000000000000e+00 0.00000000000000e+00 0.00000000000000e+00 0.00000000000000e+00 
4.13759975444137e-02 3.75678284246795e+02 3.51787101976989e+02 4.30811481298886e+22 3.06422417662201e+21 1.05126515946874e+20 8.86233798467366e+17 4.50608807782689e+15 2.60997724107048e+21 2.46522806914054e+16 7.65721182235535e+09 1.43924648413292e+15 8.34860172492706e+17 3.74526635102045e+16 0.00000000000000e+00 0.00000000000000e+00 0.00000000000000e+00 0.00000000000000e+00 0.00000000000000e+00 0.00000000000000e+00 0.00000000000000e+00 
4.46221082629383e-02 3.76943587507668e+02 3.52588127672565e+02 4.29171862161892e+22 3.16451849461945e+21 1.05830601507188e+20 8.55277293660466e+17 4.66237658080222e+15 2.73594864935896e+21 2.54465593688262e+16 8.05099092996940e+09 1.38705212124839e+15 8.40753267797775e+17 3.70496864544988e+16 0.00000000000000e+00 0.00000000000000e+00 0.00000000000000e+00 0.00000000000000e+00 0.00000000000000e+00 0.00000000000000e+00 0.00000000000000e+00 
4.95980291321559e-02 3.78707225465541e+02 3.53334455287523e+02 4.26971314164378e+22 3.29589179546585e+21 1.06647158441708e+20 8.15319378822643e+17 4.87440387137796e+15 2.91173271900620e+21 2.65478184398783e+16 8.60428358252692e+09 1.32086369060173e+15 8.49360342645563e+17 3.65329388318596e+16 0.00000000000000e+00 0.00000000000000e+00 0.00000000000000e+00 0.00000000000000e+00 0.00000000000000e+00 0.00000000000000e+00 0.00000000000000e+00 
5.45739500013735e-02 3.80272642626600e+02 3.54377407557071e+02 4.25102657986403e+22 3.40398803567565e+21 1.07217643106019e+20 7.82594186860856e+17 5.05732459324579e+15 3.06817185635213e+21 2.75209597159846e+16 9.10039285006357e+09 1.26742982356476e+15 8.57376201257522e+17 3.61215086866264e+16 0.00000000000000e+00 0.00000000000000e+00 0.00000000000000e+00 0.00000000000000e+00 0.00000000000000e+00 0.00000000000000e+00 0.00000000000000e+00 
5.95498708705911e-02 3.81656966215667e+02 3.55305739564966e+02 4.23519178481030e+22 3.49253735399022e+21 1.07602850218814e+20 7.55569819308049e+17 5.21515403159048e+15 3.20703036832971e+21 2.83789816684501e+16 9.54365019486809e+09 1.22371689648902e+15 8.64785263973876e+17 3.57980964324658e+16 0.00000000000000e+00 0.00000000000000e+00 0.00000000000000e+00 0.00000000000000e+00 0.00000000000000e+00 0.00000000000000e+00 0.00000000000000e+00 
6.45257917398086e-02 3.82877069644837e+02 3.56128699356449e+02 4.22180163136487e+22 3.56472678788809e+21 1.07849138862591e+20 7.33085177267957e+17 5.35128921514993e+15 3.32998630359323e+21 2.91338573432616e+16 9.93839806261891e+09 1.18753216488096e+15 8.71590895189563e+17 3.55480777435299e+16 0.00000000000000e+00 0.00000000000000e+00 0.00000000000000e+00 0.00000000000000e+00 0.00000000000000e+00 0.00000000000000e+00 0.00000000000000e+00 
6.95017126090262e-02 3.83949174605868e+02 3.56855593260251e+02 4.21050163733592e+22 3.62327736798813e+21 1.07992362579315e+20 7.14262327510857e+17 5.46867696928433e+15 3.43861728456502e+21 2.97965722273575e+16 1.02888949249645e+10 1.15724414426629e+15 8.77803372063726e+17 3.53590796779207e+16 0.00000000000000e+00 0.00000000000000e+00 0.00000000000000e+00 0.00000000000000e+00 0.00000000000000e+00 0.00000000000000e+00 0.00000000000000e+00 
7.84147528203117e-02 3.85546329263332e+02 3.57495513065916e+02 4.19457103493189e+22 3.70089014279325e+21 1.08070020929597e+20 6.87704659281861e+17 5.63971415463975e+15 3.60187170584196e+21 3.07836561240391e+16 1.08186367686525e+10 1.11430907040500e+15 8.87550697107400e+17 3.51416081035940e+16 0.00000000000000e+00 0.00000000000000e+00 0.00000000000000e+00 0.00000000000000e+00 0.00000000000000e+00 0.00000000000000e+00 0.00000000000000e+00 
8.73277930315973e-02 3.86797293823725e+02 3.58450885624855e+02 4.18292609016676e+22 3.75266635449866e+21 1.08011774653250e+20 6.67998264269756e+17 5.77068459717767e+15 3.73134891474109e+21 3.15577457963051e+16 1.12412713791549e+10 1.08229749623407e+15 8.95712920259256e+17 3.50341512391963e+16 0.00000000000000e+00 0.00000000000000e+00 0.00000000000000e+00 0.00000000000000e+00 0.00000000000000e+00 0.00000000000000e+00 0.00000000000000e+00 
9.62408332428828e-02 3.87771951778552e+02 3.59200882060977e+02 4.17444167846824e+22 3.78654682191282e+21 1.07885115879315e+20 6.53230560160823e+17 5.87095162554614e+15 3.83353812930553e+21 3.21620841028081e+16 1.15763360764931e+10 1.05794674199079e+15 9.02467942299808e+17 3.49981327487061e+16 0.00000000000000e+00 0.00000000000000e+00 0.00000000000000e+00 0.00000000000000e+00 0.00000000000000e+00 0.00000000000000e+00 0.00000000000000e+00 
1.05153873454168e-01 3.88527700831286e+02 3.59786249793277e+02 4.16828798386107e+22 3.80809581760800e+21 1.07729651253351e+20 6.42100802104690e+17 5.94759153323647e+15 3.91382992907006e+21 3.26318432548250e+16 1.18404877985123e+10 1.03934442554238e+15 9.08020590788092e+17 3.50072581044556e+16 0.00000000000000e+00 0.00000000000000e+00 0.00000000000000e+00 0.00000000000000e+00 0.00000000000000e+00 0.00000000000000e+00 0.00000000000000e+00 
1.14066913665454e-01 3.89110978588045e+02 3.60240755252183e+02 4.16384960396779e+22 3.82123015539692e+21 1.07568648585915e+20 6.33677779230753e+17 6.00605400074395e+15 3.97665351396629e+21 3.29955076877744e+16 1.20476780924665e+10 1.02506731558621e+15 9.12558560038960e+17 3.50434423119297e+16 0.00000000000000e+00 0.00000000000000e+00 0.00000000000000e+00 0.00000000000000e+00 0.00000000000000e+00 0.00000000000000e+00 0.00000000000000e+00 
1.29265218678540e-01 3.89805759425935e+02 3.60591897258091e+02 4.15905891717272e+22 3.83122408506420e+21 1.07312296888877e+20 6.23775785029047e+17 6.07487246883425e+15 4.05299359807916e+21 3.34309474363895e+16 1.22999632220824e+10 1.00790521026333e+15 9.18379142803468e+17 3.51375000835073e+16 0.00000000000000e+00 0.00000000000000e+00 0.00000000000000e+00 0.00000000000000e+00 0.00000000000000e+00 0.00000000000000e+00 0.00000000000000e+00 
1.44463523691627e-01 3.90245044259812e+02 3.61010565360819e+02 4.15637771827898e+22 3.83353522854930e+21 1.07105398103633e+20 6.17561624513313e+17 6.11804330071318e+15 4.10240890348025e+21 3.37081685564415e+16 1.24635270771924e+10 9.96859495606860e+14 9.22368283209702e+17 3.52346516241807e+16 0.00000000000000e+00 0.00000000000000e+00 0.00000000000000e+00 0.00000000000000e+00 0.00000000000000e+00 0.00000000000000e+00 0.00000000000000e+00 
1.59661828704714e-01 3.90523614063665e+02 3.61275492574850e+02 4.15486261267005e+22 3.83286246856590e+21 1.06950222684224e+20 6.13639950786098e+17 6.14527784461070e+15 4.13436613632844e+21 3.38849487077900e+16 1.25693893074952e+10 9.89750141555723e+14 9.25075934298059e+17 3.53167807560515e+16 0.00000000000000e+00 0.00000000000000e+00 0.00000000000000e+00 0.00000000000000e+00 0.00000000000000e+00 0.00000000000000e+00 0.00000000000000e+00 
1.74860133717800e-01 3.90699590090429e+02 3.61443579387431e+02 4.15401714801275e+22 3.83114450012300e+21 1.06837727241535e+20 6.11160364964821e+17 6.16237929485646e+15 4.15493552877419e+21 3.39972378413603e+16 1.26375428444006e+10 9.85165942797185e+14 9.26893080755643e+17 3.53815451775216e+16 0.00000000000000e+00 0.00000000000000e+00 0.00000000000000e+00 0.00000000000000e+00 0.00000000000000e+00 0.00000000000000e+00 0.00000000000000e+00 
1.90058438730887e-01 3.90809450959852e+02 3.61549793614931e+02 4.15356535578000e+22 3.82918448936988e+21 1.06757643731295e+20 6.09600562020395e+17 6.17300948465202e+15 4.16805083125944e+21 3.40678277207464e+16 1.26809869237869e+10 9.82217549749072e+14 9.28097260263017e+17 3.54311654360616e+16 0.00000000000000e+00 0.00000000000000e+00 0.00000000000000e+00 0.00000000000000e+00 0.00000000000000e+00 0.00000000000000e+00 0.00000000000000e+00 
2.16255265259080e-01 3.90904092893194e+02 3.61616112969964e+02 4.15329007734033e+22 3.82616043858933e+21 1.06673899435724e+20 6.08212271580937e+17 6.18218394340456e+15 4.17977112544195e+21 3.41294765507054e+16 1.27197711880078e+10 9.79489145955977e+14 9.29227888409903e+17 3.54885626999645e+16 0.00000000000000e+00 0.00000000000000e+00 0.00000000000000e+00 0.00000000000000e+00 0.00000000000000e+00 0.00000000000000e+00 0.00000000000000e+00 
2.42452091787273e-01 3.90945506347384e+02 3.61673247427552e+02 4.15321453049294e+22 3.82430897592534e+21 1.06631404230408e+20 6.07589589312256e+17 6.18624513047676e+15 4.18506949869959e+21 3.41567887201749e+16 1.27372868562638e+10 9.78226304022959e+14 9.29760569257963e+17 3.55194242083419e+16 0.00000000000000e+00 0.00000000000000e+00 0.00000000000000e+00 0.00000000000000e+00 0.00000000000000e+00 0.00000000000000e+00 0.00000000000000e+00 
2.68648918315466e-01 3.90966533766434e+02 3.61698248235004e+02 4.15317542609290e+22 3.82337916829632e+21 1.06609847118408e+20 6.07285887026584e+17 6.18829040790651e+15 4.18775402588629e+21 3.41706036574194e+16 1.27461616147926e+10 9.77617412460012e+14 9.30038793537635e+17 3.55346699745390e+16 0.00000000000000e+00 0.00000000000000e+00 0.00000000000000e+00 0.00000000000000e+00 0.00000000000000e+00 0.00000000000000e+00 0.00000000000000e+00 
2.94845744843659e-01 3.90977196349776e+02 3.61710942947885e+02 4.15315713370763e+22 3.82289050913429e+21 1.06598660709602e+20 6.07139114065039e+17 6.18929615671095e+15 4.18911938424126e+21 3.41775904784093e+16 1.27506732736178e+10 9.77324682415673e+14 9.30186198803316e+17 3.55423770013630e+16 0.00000000000000e+00 0.00000000000000e+00 0.00000000000000e+00 0.00000000000000e+00 0.00000000000000e+00 0.00000000000000e+00 0.00000000000000e+00 
3.21042571371852e-01 3.90981509710778e+02 3.61717380275046e+02 4.15315875210269e+22 3.82258703853888e+21 1.06592937941425e+20 6.07079476031687e+17 6.18969533902005e+15 4.18970529940215e+21 3.41804735168001e+16 1.27526042268123e+10 9.77198666573153e+14 9.30255142320037e+17 3.55465629543934e+16 0.00000000000000e+00 0.00000000000000e+00 0.00000000000000e+00 0.00000000000000e+00 0.00000000000000e+00 0.00000000000000e+00 0.00000000000000e+00 
3.89518720714387e-01 3.90984788009944e+02 3.61719983865229e+02 4.15317035275239e+22 3.82223509259079e+21 1.06587225024857e+20 6.07040196875439e+17 6.18999258052019e+15 4.19018846226736e+21 3.41827095674657e+16 1.27541916406820e+10 9.77111876278946e+14 9.30323512661713e+17 3.55507511301488e+16 0.00000000000000e+00 0.00000000000000e+00 0.00000000000000e+00 0.00000000000000e+00 0.00000000000000e+00 0.00000000000000e+00 0.00000000000000e+00 
4.57994870056921e-01 3.90983418725508e+02 3.61721962075070e+02 4.15317913729246e+22 3.82222227809156e+21 1.06587813097202e+20 6.07056217602778e+17 6.18986412238320e+15 4.19003723441360e+21 3.41818607093371e+16 1.27536884790255e+10 9.77138664664642e+14 9.30309963595204e+17 3.55506094192517e+16 0.00000000000000e+00 0.00000000000000e+00 0.00000000000000e+00 0.00000000000000e+00 0.00000000000000e+00 0.00000000000000e+00 0.00000000000000e+00 
5.26471019399456e-01 3.90982757971303e+02 3.61721134987073e+02 4.15317964739736e+22 3.82225955918685e+21 1.06588600584855e+20 6.07059922362192e+17 6.18981118108518e+15 4.18995093044872e+21 3.41814414394829e+16 1.27534037858366e+10 9.77143450049335e+14 9.30296275981887e+17 3.55502306383848e+16 0.00000000000000e+00 0.00000000000000e+00 0.00000000000000e+00 0.00000000000000e+00 0.00000000000000e+00 0.00000000000000e+00 0.00000000000000e+00 
5.94947168741991e-01 3.90982839334203e+02 3.61720736090389e+02 4.15317836177965e+22 3.82226944870870e+21 1.06588615393174e+20 6.07056367210693e+17 6.18982502416909e+15 4.18995684990868e+21 3.41814981073439e+16 1.27534224070568e+10 9.77136382085410e+14 9.30293326643022e+17 3.55502675808896e+16 0.00000000000000e+00 0.00000000000000e+00 0.00000000000000e+00 0.00000000000000e+00 0.00000000000000e+00 0.00000000000000e+00 0.00000000000000e+00 
1.20351253841259e+00 3.90983031366074e+02 3.61720785286015e+02 4.15317788664170e+22 3.82226196758322e+21 1.06588491002865e+20 6.07052875979376e+17 6.18984464468698e+15 4.18998156135311e+21 3.41816234715316e+16 1.27535058418036e+10 9.77128445711904e+14 9.30296266529133e+17 3.55503843061287e+16 0.00000000000000e+00 0.00000000000000e+00 0.00000000000000e+00 0.00000000000000e+00 0.00000000000000e+00 0.00000000000000e+00 0.00000000000000e+00 
1.81207790808319e+00 3.90983037534296e+02 3.61720901221529e+02 4.15317797797473e+22 3.82226083959403e+21 1.06588468650339e+20 6.07054231466622e+17 6.18984146773479e+15 4.18998202977890e+21 3.41816227472772e+16 1.27535093985721e+10 9.77131876215373e+14 9.30297242170802e+17 3.55503545336547e+16 0.00000000000000e+00 0.00000000000000e+00 0.00000000000000e+00 0.00000000000000e+00 0.00000000000000e+00 0.00000000000000e+00 0.00000000000000e+00 
2.42064327775380e+00 3.90983035391142e+02 3.61720904950746e+02 4.15317797886194e+22 3.82226066068753e+21 1.06588470239794e+20 6.07053027421317e+17 6.18984419754640e+15 4.18998237108198e+21 3.41816259670248e+16 1.27535085666829e+10 9.77128826254038e+14 9.30296531574384e+17 3.55503932212383e+16 0.00000000000000e+00 0.00000000000000e+00 0.00000000000000e+00 0.00000000000000e+00 0.00000000000000e+00 0.00000000000000e+00 0.00000000000000e+00 
8.50629697445981e+00 3.90983035679875e+02 3.61720903646820e+02 4.15317798036407e+22 3.82226063579125e+21 1.06588468807118e+20 6.07053116064163e+17 6.18984425330852e+15 4.18998239346220e+21 3.41816258676361e+16 1.27535085761117e+10 9.77128968611439e+14 9.30296559213890e+17 3.55503908327288e+16 0.00000000000000e+00 0.00000000000000e+00 0.00000000000000e+00 0.00000000000000e+00 0.00000000000000e+00 0.00000000000000e+00 0.00000000000000e+00 
1.45919506711658e+01 3.90983035990676e+02 3.61720903821378e+02 4.15317797684754e+22 3.82226065646347e+21 1.06588466877777e+20 6.07053307140614e+17 6.18984373603393e+15 4.18998242525216e+21 3.41816255002279e+16 1.27535086687955e+10 9.77129720006794e+14 9.30296788248796e+17 3.55503866840381e+16 0.00000000000000e+00 0.00000000000000e+00 0.00000000000000e+00 0.00000000000000e+00 0.00000000000000e+00 0.00000000000000e+00 0.00000000000000e+00 
2.06776043678718e+01 3.90983035921019e+02 3.61720904009143e+02 4.15317797757019e+22 3.82226065345807e+21 1.06588467321230e+20 6.07053273519641e+17 6.18984385753863e+15 4.18998241617045e+21 3.41816255509747e+16 1.27535086431834e+10 9.77129524557074e+14 9.30296728518732e+17 3.55503871938760e+16 0.00000000000000e+00 0.00000000000000e+00 0.00000000000000e+00 0.00000000000000e+00 0.00000000000000e+00 0.00000000000000e+00 0.00000000000000e+00 
8.15341413349320e+01 3.90983035954238e+02 3.61720903967093e+02 4.15317797721071e+22 3.82226065535489e+21 1.06588467104672e+20 6.07053292282931e+17 6.18984380522240e+15 4.18998241989781e+21 3.41816255172863e+16 1.27535086536564e+10 9.77129600829854e+14 9.30296751901155e+17 3.55503868312539e+16 0.00000000000000e+00 0.00000000000000e+00 0.00000000000000e+00 0.00000000000000e+00 0.00000000000000e+00 0.00000000000000e+00 0.00000000000000e+00 
1.42390678301992e+02 3.90983035965851e+02 3.61720903987157e+02 4.15317797714616e+22 3.82226065513130e+21 1.06588467021695e+20 6.07053294864096e+17 6.18984378009232e+15 4.18998242176057e+21 3.41816255185335e+16 1.27535086587394e+10 9.77129638357258e+14 9.30296763014270e+17 3.55503868453926e+16 0.00000000000000e+00 0.00000000000000e+00 0.00000000000000e+00 0.00000000000000e+00 0.00000000000000e+00 0.00000000000000e+00 0.00000000000000e+00 
2.03247215269052e+02 3.90983035967332e+02 3.61720903994161e+02 4.15317797711485e+22 3.82226065542329e+21 1.06588467013323e+20 6.07053296508445e+17 6.18984378016037e+15 4.18998242180530e+21 3.41816255143646e+16 1.27535086588767e+10 9.77129638534190e+14 9.30296763178136e+17 3.55503868049047e+16 0.00000000000000e+00 0.00000000000000e+00 0.00000000000000e+00 0.00000000000000e+00 0.00000000000000e+00 0.00000000000000e+00 0.00000000000000e+00 
3.03247215269052e+02 3.90983035968534e+02 3.61720903995058e+02 4.15317797711125e+22 3.82226065535487e+21 1.06588467004321e+20 6.07053296597518e+17 6.18984377700236e+15 4.18998242202424e+21 3.41816255150826e+16 1.27535086594742e+10 9.77129643115574e+14 9.30296764517547e+17 3.55503868114671e+16 0.00000000000000e+00 0.00000000000000e+00 0.00000000000000e+00 0.00000000000000e+00 0.00000000000000e+00 0.00000000000000e+00 0.00000000000000e+00 
4.03247215269052e+02 3.90983035968357e+02 3.61720903995782e+02 4.15317797711261e+22 3.82226065535616e+21 1.06588467005630e+20 6.07053296549379e+17 6.18984377737531e+15 4.18998242199689e+21 3.41816255150908e+16 1.27535086593992e+10 9.77129642563773e+14 9.30296764353444e+17 3.55503868114063e+16 0.00000000000000e+00 0.00000000000000e+00 0.00000000000000e+00 0.00000000000000e+00 0.00000000000000e+00 0.00000000000000e+00 0.00000000000000e+00 
5.03247215269052e+02 3.90983035968563e+02 3.61720903995676e+02 4.15317797711179e+22 3.82226065534312e+21 1.06588467004046e+20 6.07053296561656e+17 6.18984377681954e+15 4.18998242203517e+21 3.41816255152257e+16 1.27535086595042e+10 9.77129643376693e+14 9.30296764590697e+17 3.55503868125380e+16 0.00000000000000e+00 0.00000000000000e+00 0.00000000000000e+00 0.00000000000000e+00 0.00000000000000e+00 0.00000000000000e+00 0.00000000000000e+00 
6.03247215269052e+02 3.90983035968475e+02 3.61720903995800e+02 4.15317797711157e+22 3.82226065534769e+21 1.06588467004641e+20 6.07053296556713e+17 6.18984377703257e+15 4.18998242202015e+21 3.41816255151754e+16 1.27535086594643e+10 9.77129643065248e+14 9.30296764499707e+17 3.55503868121229e+16 0.00000000000000e+00 0.00000000000000e+00 0.00000000000000e+00 0.00000000000000e+00 0.00000000000000e+00 0.00000000000000e+00 0.00000000000000e+00 
7.03247215269052e+02 3.90983035968524e+02 3.61720903995747e+02 4.15317797711138e+22 3.82226065534384e+21 1.06588467004260e+20 6.07053296556844e+17 6.18984377689160e+15 4.18998242202970e+21 3.41816255152175e+16 1.27535086594909e+10 9.77129643270590e+14 9.30296764559383e+17 3.55503868124362e+16 0.00000000000000e+00 0.00000000000000e+00 0.00000000000000e+00 0.00000000000000e+00 0.00000000000000e+00 0.00000000000000e+00 0.00000000000000e+00 
8.03247215269052e+02 3.90983035968491e+02 3.61720903995776e+02 4.15317797711093e+22 3.82226065534553e+21 1.06588467004433e+20 6.07053296557482e+17 6.18984377696178e+15 4.18998242202451e+21 3.41816255151947e+16 1.27535086594777e+10 9.77129643167299e+14 9.30296764529334e+17 3.55503868122671e+16 0.00000000000000e+00 0.00000000000000e+00 0.00000000000000e+00 0.00000000000000e+00 0.00000000000000e+00 0.00000000000000e+00 0.00000000000000e+00 
9.03247215269052e+02 3.90983035968490e+02 3.61720903995756e+02 4.15317797711004e+22 3.82226065534366e+21 1.06588467004309e+20 6.07053296556585e+17 6.18984377692018e+15 4.18998242202659e+21 3.41816255152099e+16 1.27535086594855e+10 9.77129643226182e+14 9.30296764546231e+17 3.55503868123568e+16 0.00000000000000e+00 0.00000000000000e+00 0.00000000000000e+00 0.00000000000000e+00 0.00000000000000e+00 0.00000000000000e+00 0.00000000000000e+00 
1.00000000000000e+03 3.90983035968480e+02 3.61720903995756e+02 4.15317797710965e+22 3.82226065534380e+21 1.06588467004332e+20 6.07053296556904e+17 6.18984377693252e+15 4.18998242202545e+21 3.41816255152059e+16 1.27535086594835e+10 9.77129643207451e+14 9.30296764540745e+17 3.55503868123207e+16 0.00000000000000e+00 0.00000000000000e+00 0.00000000000000e+00 0.00000000000000e+00 0.00000000000000e+00 0.00000000000000e+00 0.00000000000000e+00 
