Time(s)              GasTemp(K)           NearWallTemp(K)      [O2(X)](m^-3)        [O2(a1Dg)](m^-3)     [O2(b1Sg+)](m^-3)    [O2(A3Su+_C3Du_c1Su-)](m^-3) [O2(+,X)](m^-3)      [O(3P)](m^-3)        [O(1D)](m^-3)        [O(+,gnd)](m^-3)     [O(-,gnd)](m^-3)     [O3(X)](m^-3)        [O3(exc)](m^-3)      [CO2(X)](m^-3)       [CO2(e1)](m^-3)      [CO2(+,X)](m^-3)     [CO(X)](m^-3)        [CO(a3P)](m^-3)      [CO(+,X)](m^-3)      [C(X)](m^-3)        
0.00000000000000e+00 4.33589907600000e+02 3.48097958420000e+02 2.14424736953870e+20 2.14424736953870e-05 2.14424736953870e-05 2.14424736953870e-05 0.00000000000000e+00 0.00000000000000e+00 0.00000000000000e+00 0.00000000000000e+00 0.00000000000000e+00 0.00000000000000e+00 0.00000000000000e+00 2.14424736953870e+20 2.14424736953870e-05 0.00000000000000e+00 0.00000000000000e+00 0.00000000000000e+00 0.00000000000000e+00 0.00000000000000e+00 
2.02034783088838e-14 4.33589907468358e+02 3.62787779883095e+02 2.14424736953855e+20 5.56677710495158e+06 1.28599872017268e+06 2.17156898531471e+06 4.16088504022668e+03 9.04777029134280e+06 3.24832762130290e+06 1.11225975671169e+00 2.95466780564319e+05 1.08016877635486e-06 1.40323778673485e-12 2.14424736953866e+20 3.42753162856609e+06 1.62944020062712e+03 6.42229117597754e+05 2.53034428715952e+05 2.27921620206352e-12 4.33960024601712e-11 
4.04069566177676e-14 4.33589907336716e+02 3.62787779798576e+02 2.14424736953840e+20 1.11335542098943e+07 2.57199744064471e+06 4.34313796930225e+06 8.32177008081730e+03 1.80955405875564e+07 6.49665523780756e+06 2.22451950899512e+00 5.90933561122231e+05 3.40914027303674e-06 4.42878424030339e-12 2.14424736953862e+20 6.85506325652617e+06 3.25888039675634e+03 1.28445823526291e+06 5.06068857357003e+05 7.19347558832278e-12 1.36962910722283e-10 
6.06104349266514e-14 4.33589907205074e+02 3.62787779714057e+02 2.14424736953826e+20 1.67003313148498e+07 3.85799616144431e+06 6.51470695195651e+06 1.24826551217795e+04 2.71433108887434e+07 9.74498284941283e+06 3.33677925675693e+00 8.86400341673603e+05 7.01324130828671e-06 9.11084030180850e-12 2.14424736953857e+20 1.02825948838893e+07 4.88832058829282e+03 1.92668735299690e+06 7.59103285921573e+05 1.47983291863244e-11 2.81758410122259e-10 
1.48759099066783e-13 4.33589906630715e+02 3.62787779629538e+02 2.14424736953761e+20 4.09884245762341e+07 9.46886512487502e+06 1.59893578852484e+07 3.06367794995693e+04 6.66191305669227e+07 2.39175789833086e+07 8.18961738916354e+00 2.17553489582083e+06 3.66607335482770e-05 4.76256376821406e-11 2.14424736953838e+20 2.52370660645074e+07 1.19976397347833e+04 4.72876123105954e+06 1.86310362198002e+06 7.73561854619074e-11 1.47285250091322e-09 
2.36907763206915e-13 4.33589906056356e+02 3.62787779260779e+02 2.14424736953696e+20 6.52765178378581e+07 1.50797340944277e+07 2.54640087936224e+07 4.87909038843042e+04 1.06094950338052e+08 3.80901750256382e+07 1.30424554370643e+01 3.46466944984580e+06 9.01394840290202e-05 1.17099414013572e-10 2.14424736953819e+20 4.01915372339698e+07 1.91069587954389e+04 7.53083511040848e+06 2.96710395660909e+06 1.90199319146672e-10 3.62137228728813e-09 
3.25056427347046e-13 4.33589905481996e+02 3.62787778892020e+02 2.14424736953631e+20 8.95646110997254e+07 2.06906030701990e+07 3.49386596766851e+07 6.69450282760941e+04 1.45570770203600e+08 5.22627709749557e+07 1.78952933991246e+01 4.75380400374661e+06 1.67825859053947e-04 2.18021103653732e-10 2.14424736953801e+20 5.51460083921006e+07 2.62162777689040e+04 1.03329089910640e+07 4.07110428978623e+06 3.54121882172566e-10 6.74243836324426e-09 
4.13205091487178e-13 4.33589904907637e+02 3.62787778523261e+02 2.14424736953566e+20 1.13852704361837e+08 2.63014720522230e+07 4.44133105342976e+07 8.50991526749775e+04 1.85046590164084e+08 6.64353668307506e+07 2.27481312748734e+01 6.04293855752256e+06 2.69852685761578e-04 3.50563261374455e-10 2.14424736953782e+20 7.01004795388374e+07 3.33255966547002e+04 1.31349828730334e+07 5.17510462150345e+06 5.69404145194757e-10 1.08413870868220e-08 
6.74816071033961e-13 4.33589903203031e+02 3.62787778154502e+02 2.14424736953373e+20 1.85935837234399e+08 4.29536238240496e+07 7.25325418655646e+07 1.38977658002547e+05 3.02204440238713e+08 1.08497338751979e+08 3.71505687682676e+01 9.86888143034833e+06 7.16143093161966e-04 9.30335228568642e-10 2.14424736953726e+20 1.14482931360928e+08 5.44249048541939e+04 2.14510850041084e+07 8.45159905575523e+06 1.51110161242053e-09 2.87711959014324e-08 
9.36427050580744e-13 4.33589901498425e+02 3.62787777060084e+02 2.14424736953181e+20 2.58018970109118e+08 5.96057756510085e+07 1.00651772972430e+08 1.92856163392664e+05 4.19362291150422e+08 1.50559309848592e+08 5.15530055006292e+01 1.36948243020732e+07 1.37705017939492e-03 1.78891385492948e-09 2.14424736953670e+20 1.58865383082556e+08 7.55242122806862e+04 2.97671871467675e+07 1.17280934771346e+07 2.90565207723712e-09 5.53232739023235e-08 
1.19803803012753e-12 4.33589899793820e+02 3.62787775965667e+02 2.14424736952988e+20 3.30102102985995e+08 7.62579275331014e+07 1.28771003854886e+08 2.46734668845328e+05 5.36520142899236e+08 1.92621280120565e+08 6.59554414719345e+01 1.75207671726972e+07 2.25258061820786e-03 2.92630781536204e-09 2.14424736953614e+20 2.03247834703717e+08 9.66235189341533e+04 3.80832893010109e+07 1.50045878856411e+07 4.75306957078023e-09 9.04978892205094e-08 
1.45964900967431e-12 4.33589898089214e+02 3.62787774871249e+02 2.14424736952795e+20 4.02185235865029e+08 9.29100794703280e+07 1.56890234512935e+08 3.00613174360540e+05 6.53677995485150e+08 2.34683249567903e+08 8.03578766821889e+01 2.13467100422203e+07 3.34273289379369e-03 4.34251514594831e-09 2.14424736953558e+20 2.47630286224413e+08 1.17722824814601e+05 4.63993914668386e+07 1.82810822812748e+07 7.05335084222006e-09 1.34294980970330e-07 
4.07575880514214e-12 4.33589881043159e+02 3.62787773776832e+02 2.14424736950869e+20 1.12301656477404e+09 2.59431601874913e+08 4.38082528751169e+08 8.39398232952752e+05 1.82525656738425e+09 6.55302898686876e+08 2.24382186927406e+02 5.96061386769013e+07 2.60483277727556e-02 3.38391582542875e-08 2.14424736952998e+20 6.91454795905815e+08 3.28715841103474e+05 1.29560413762244e+08 5.10460255296186e+07 5.49633804472823e-08 1.04649692805203e-06 
6.69186860060997e-12 4.33589863997107e+02 3.62787762832659e+02 2.14424736948943e+20 1.84384789389881e+09 4.25953129792813e+08 7.19274800548889e+08 1.37818329779968e+06 2.99683522299253e+09 1.07592246534313e+09 3.68406421068261e+02 9.78655672014919e+07 7.02159144705424e-02 9.12168951237901e-08 2.14424736952438e+20 1.13527929554074e+09 5.39708780091134e+05 2.12721437216068e+08 8.38109674906986e+07 1.48159323300910e-07 2.82093882424970e-06 
9.30797839607781e-12 4.33589846951056e+02 3.62787751888487e+02 2.14424736947016e+20 2.56467922323935e+09 5.92474663224025e+08 1.00046704990612e+09 1.91696836890132e+06 4.16841396230991e+09 1.49654194953677e+09 5.12430579104860e+02 1.36124995615992e+08 1.35845474372402e-01 1.76475706576778e-07 2.14424736951878e+20 1.57910378512919e+09 7.50701641777709e+05 2.95882461828308e+08 1.16575908164516e+08 2.86641090217364e-07 5.45761993333485e-06 
1.19240881915456e-11 4.33589829905007e+02 3.62787740944318e+02 2.14424736945090e+20 3.28551055279565e+09 7.58996202168544e+08 1.28165927682286e+09 2.45575344625767e+06 5.33999278533634e+09 1.91716135126780e+09 6.56454661037253e+02 1.74384423920403e+08 2.22937004441701e-01 2.89615593910076e-07 2.14424736951318e+20 2.02292826467117e+09 9.61694426163273e+05 3.79043487598965e+08 1.49340847551071e+08 4.70408622517192e-07 8.95654014548380e-06 
3.80851861462240e-11 4.33589659444632e+02 3.62787730000149e+02 2.14424736925826e+20 1.04938238602255e+10 2.42421189484525e+09 4.09358031176448e+09 7.84360456382927e+06 1.70557856195930e+10 6.12335083314134e+09 2.09669129464449e+03 5.56978700909542e+08 2.27426071214959e+00 2.95447559931810e-06 2.14424736945718e+20 6.46117250753527e+09 3.07161801848620e+06 1.21065380901843e+09 4.76990170617210e+08 4.79878222952750e-06 9.13688992607863e-05 
6.42462841009023e-11 4.33589488984461e+02 3.62787620558554e+02 2.14424736906563e+20 1.77021371892313e+10 4.08942813885133e+09 6.90549910266051e+09 1.32314563068690e+07 2.87715868247364e+10 1.03295320687747e+10 3.53692031787764e+03 9.39572966889660e+08 6.47178148618338e+00 8.40744924528696e-06 2.14424736940119e+20 1.08994157457528e+10 5.18153388078063e+06 2.04226424627951e+09 8.04639364957169e+08 1.36556727646578e-05 2.60005184581681e-04 
9.04073820555806e-11 4.33589318524492e+02 3.62787511117117e+02 2.14424736887299e+20 2.49104505398133e+10 5.75464493418554e+09 9.71741564951356e+09 1.86193086753747e+07 4.04873964007497e+10 1.45357050581845e+10 4.97714173077575e+03 1.32216722186075e+09 1.28154992974873e+01 1.66485414987267e-05 2.14424736934519e+20 1.53376579793242e+10 7.29144201310745e+06 2.87387479938216e+09 1.13228843057100e+09 2.70410302597189e-05 5.14865406564018e-04 
1.16568480010259e-10 4.33589148064727e+02 3.62787401675838e+02 2.14424736868036e+20 3.21187639119712e+10 7.41986228084660e+09 1.25293299523263e+10 2.40071616693439e+07 5.22032143476154e+10 1.87418698013881e+10 6.41735553337975e+03 1.70476146582283e+09 2.13054141061927e+01 2.76777575495452e-05 2.14424736928919e+20 1.97758992082498e+10 9.40134241553045e+06 3.70548546832634e+09 1.45993736745874e+09 4.49548023605845e-05 8.55949575779751e-04 
3.78179459557042e-10 4.33587443478249e+02 3.62787292234719e+02 2.14424736675401e+20 1.04201898820215e+11 2.40720660699633e+10 4.06483495592231e+10 7.78857260086829e+07 1.69361854206822e+11 6.08030636984062e+10 2.08190750080574e+04 5.53070329994730e+09 2.24245381866456e+02 2.91318603739181e-04 2.14424736872923e+20 6.41582562421299e+10 3.04999213181380e+07 1.20215985290355e+10 4.73641965641998e+09 4.73136384010468e-04 9.00911216042535e-03 
6.39790439103825e-10 4.33585738912090e+02 3.62786197832250e+02 2.14424736482766e+20 1.76285035886009e+11 4.07243249902799e+10 6.87671447651999e+10 1.31764352891698e+08 2.86521331131271e+11 1.02863432994760e+11 3.52200335000961e+04 9.35664403316947e+09 6.41805001467642e+02 8.33777755555415e-04 2.14424736816927e+20 1.08540512811881e+11 5.15977273032566e+07 2.03377231738451e+10 8.01288907283077e+09 1.35409962030618e-03 2.57846814511579e-02 
9.01401418650609e-10 4.33584034366250e+02 3.62785103445647e+02 2.14424736290132e+20 2.48368175109314e+11 5.73766390405560e+10 9.68857155728541e+10 1.85643042316150e+08 4.03681645104245e+11 1.44922977707119e+11 4.96202310485824e+04 1.31825836654893e+10 1.27398423290717e+03 1.65506016568983e-03 2.14424736760931e+20 1.52922668917878e+11 7.26947604317990e+07 2.86538594027116e+10 1.12893456167393e+10 2.68779453396059e-03 5.11826674638356e-02 
1.16301239819739e-09 4.33582329840729e+02 3.62784009074912e+02 2.14424736097497e+20 3.20451316490088e+11 7.40290082194925e+10 1.25004061984906e+11 2.39521794279692e+08 5.20842796108237e+11 1.86981697852943e+11 6.40196676944527e+04 1.70085221969067e+10 2.12078303429198e+03 2.75517102142567e-03 2.14424736704936e+20 1.97304724560513e+11 9.37910207675563e+07 3.69700072155897e+10 1.45657892881962e+10 4.47416878760754e-03 8.52030806887846e-02 
3.36056350776326e-09 4.33568012505494e+02 3.62782914720042e+02 2.14424734479361e+20 9.25954991751700e+11 2.13912287519342e+11 3.61191342333917e+11 6.92109668153284e+08 1.50503796459949e+12 5.40245430570249e+11 1.84945939444180e+05 4.91466385277437e+10 1.77072668408186e+04 2.30052164133178e-02 2.14424736234571e+20 5.70113228861384e+11 2.70970628532619e+08 1.06826706387027e+11 4.20876443949908e+10 3.73447677655597e-02 7.11397405154856e-01 
5.55811461732912e-09 4.33553696603801e+02 3.62773722686537e+02 2.14424732861237e+20 1.53145881921890e+12 3.53799455902026e+11 5.97362790862790e+11 1.14470195330475e+09 2.48929218339287e+12 8.93450992461947e+11 3.05818548149743e+05 8.12846771775435e+10 4.84375399224229e+04 6.29331786681813e-02 2.14424735764214e+20 9.42914644606526e+11 4.48095749419026e+08 1.76684222910141e+11 6.96085912395197e+10 1.02122258261112e-01 1.94600761227189e+00 
7.75566572689499e-09 4.33539382135497e+02 3.62764531772418e+02 2.14424731243123e+20 2.13696279886663e+12 4.93690512596331e+11 8.33518409186490e+11 1.59729864834286e+09 3.47360544209474e+12 1.24659839389266e+12 4.26637518102828e+05 1.13422638146279e+11 9.43115774021262e+04 1.22542138180092e-01 2.14424735293865e+20 1.31570897202925e+12 6.25166421247457e+08 2.46542556757899e+11 9.71286298517795e+10 1.98775624908074e-01 3.78903993063864e+00 
9.95321683646085e-09 4.33525069100425e+02 3.62755341977538e+02 2.14424729625021e+20 2.74246693066987e+12 6.33585456831470e+11 1.06965819891914e+12 2.04989975187789e+09 4.45797773031743e+12 1.59968764522102e+12 5.47402873574740e+05 1.45560521433925e+11 1.55329354412167e+05 2.01835174207005e-01 2.14424734823522e+20 1.68849621136276e+12 8.02182681785730e+08 3.16401707903283e+11 1.24647760261754e+11 3.27273904949197e-01 6.24050058594765e+00 
1.21507679460267e-08 4.33510757498432e+02 3.62746153301753e+02 2.14424728006930e+20 3.34797121460358e+12 7.73484287837064e+11 1.30578216167403e+12 2.50250526252157e+09 5.44240903767904e+12 1.95271875679993e+12 6.68114638816982e+05 1.77698327040453e+11 2.31490846093443e+05 3.00815364935377e-01 2.14424734353187e+20 2.06127636284014e+12 9.79144568749853e+08 3.86261676319282e+11 1.52165982499417e+11 4.87586187278444e-01 9.30039580111797e+00 
3.41262790416854e-08 4.33367720263735e+02 3.62736965744915e+02 2.14424711826643e+20 9.40302241561769e+12 2.17268620096615e+12 3.66615166004356e+12 7.02880245573925e+09 1.52899658826756e+13 5.47983446125001e+12 1.87229014973739e+06 4.99072110638402e+11 1.82600460115875e+06 2.37408794273926e+00 2.14424729650232e+20 5.78868809677611e+12 2.74578114169425e+09 1.08490630442269e+12 4.27298261991120e+11 3.83372881640567e+00 7.33646169646562e+01 
5.61017901373440e-08 4.33224826166573e+02 3.62645151686537e+02 2.14424695647487e+20 1.54580888021896e+13 3.57227594484191e+12 6.02494023325369e+12 1.15555388404907e+10 2.51434132385318e+13 9.00114756189061e+12 3.07113322477803e+06 8.20438126095167e+11 4.93486247908258e+06 6.41946192079400e+00 2.14424724947999e+20 9.51539130131188e+12 4.50702154266778e+09 1.78363262988609e+12 7.02339757212109e+11 1.03275875116908e+01 1.98279134416459e+02 
7.80773012330027e-08 4.33082075052296e+02 3.62553449362359e+02 2.14424679469461e+20 2.15131703493639e+13 4.97225275123686e+12 8.38214949073642e+12 1.60827130435883e+10 3.50027407562511e+13 1.25166683787311e+13 4.26466794121540e+06 1.14179637338381e+12 9.55803962081736e+06 1.24400155132752e+01 2.14424720246490e+20 1.32413862091764e+13 6.26290289921303e+09 2.48244062571562e+12 9.77290498118171e+11 1.99388714569303e+01 3.84050161782708e+02 
1.00052812328661e-07 4.32939466766429e+02 3.62461858626575e+02 2.14424663292564e+20 2.75682670322279e+13 6.37261585329976e+12 1.07377810394518e+13 2.06103237014831e+10 4.48679381079169e+13 1.60264072107124e+13 5.45291826430318e+06 1.46314685247724e+12 1.56955111667323e+07 2.04388270277448e+01 2.14424715545703e+20 1.69666730528664e+13 8.01346196263072e+09 3.18133026492683e+12 1.25215051465484e+12 3.26376862913093e+01 6.30683906804068e+02 
1.22028323424320e-07 4.32797001154677e+02 3.62370379333570e+02 2.14424647116795e+20 3.36233788259121e+13 7.77336448554755e+12 1.30918364839029e+13 2.51383694601500e+10 5.47389949865640e+13 1.95303743358360e+13 6.63590804811920e+06 1.78448956334817e+12 2.33472522565774e+07 3.04189748679685e+01 2.14424710845638e+20 2.06912520646477e+13 9.75873511393076e+09 3.88030152054460e+12 1.52691983675749e+12 4.83945266130447e+01 9.38186571366902e+02 
2.62234902094938e-07 4.31891401150431e+02 3.62279011337920e+02 2.14424543939823e+20 7.22561226316816e+13 1.67193468013599e+13 2.80740108847477e+13 5.40380379384288e+10 1.17854880162667e+14 4.17509230124033e+13 1.40612379607805e+07 3.83451437418373e+12 1.07815278939800e+08 1.40942824588599e+02 2.14424680875606e+20 4.44378944522133e+13 2.07716958139205e+10 8.34174748834498e+12 3.27785008562432e+12 2.19033933019183e+02 4.33354198465621e+03 
4.02441480765557e-07 4.30991562727288e+02 3.61698682557055e+02 2.14424440808537e+20 1.10889474124997e+14 2.56807943923518e+13 4.29925070529381e+13 8.29550232151382e+10 1.81206215113351e+14 6.37395880380982e+13 2.12794510335739e+07 5.88422296305047e+12 2.53915747291679e+08 3.33043939838780e+02 2.14424650934892e+20 6.81557932747528e+13 3.15799433844766e+10 1.28065076453864e+13 5.02509750287877e+12 5.05782824894432e+02 1.02084850846117e+04 
5.42648059436175e-07 4.30097446301340e+02 3.61122840821190e+02 2.14424337722734e+20 1.49523426964787e+14 3.46575122285986e+13 5.78477349102843e+13 1.11888998642684e+11 2.44790380703476e+14 8.54989810584258e+13 2.82964408344145e+07 7.93361532239452e+12 4.61642199194185e+08 6.07522042574607e+02 2.14424621023425e+20 9.18450082149061e+13 4.21919720489139e+10 1.72745750119853e+13 6.76866983460923e+12 9.01965946795417e+02 1.85646102351623e+04 
6.82854638106793e-07 4.29209012567140e+02 3.60551448895183e+02 2.14424234682211e+20 1.88157974876642e+14 4.36493074138235e+13 7.26401005383537e+13 1.40839650877650e+11 3.08604790344559e+14 1.07031681190817e+14 3.51179339551371e+07 9.98269144439737e+12 7.30988175567918e+08 9.65176964714457e+02 2.14424591141138e+20 1.15505598592438e+14 5.26157809730310e+10 2.17459426233625e+13 8.50857481061345e+12 1.40140968136989e+03 2.94035024420543e+04 
8.23061216777412e-07 4.28326222496252e+02 3.59984469847880e+02 2.14424131686766e+20 2.26793111652052e+14 5.26559891604386e+13 8.73700062190227e+13 1.69806679080496e+11 3.72646889560897e+14 1.28340235458429e+14 4.17494947975642e+07 1.20314513209798e+13 1.06194721636184e+09 1.40680863058737e+03 2.14424561287964e+20 1.39137623367213e+14 6.28589126099976e+10 2.62206035296207e+13 1.02448201444128e+13 1.99839594110710e+03 4.27267373586969e+04 
9.63267795448030e-07 4.27449037335887e+02 3.59421867050245e+02 2.14424028736201e+20 2.65428831147710e+14 6.16773687665531e+13 1.02037850472004e+14 1.98789794219684e+11 4.36914155589751e+14 1.49427159189875e+14 4.81965299291265e+07 1.40798949438057e+13 1.45451286054331e+09 1.93321704007253e+03 2.14424531463836e+20 1.62741141141964e+14 7.29284850313092e+10 3.06985507957239e+13 1.19774135332655e+13 2.68762411007795e+03 5.85358812913993e+04 
1.38626864833298e-06 4.24836159557534e+02 3.58863604173543e+02 2.14423718406062e+20 3.81995606660496e+14 8.89818986030447e+13 1.45918402041666e+14 2.86326069480951e+11 6.32146721389318e+14 2.11728079212166e+14 6.65814960094032e+07 2.02580979084067e+13 3.01212162892194e+09 4.04320151903995e+03 2.14424441660296e+20 2.33780399027083e+14 1.02323090128924e+11 4.42282851298534e+13 1.71825666774222e+13 5.27756286984721e+03 1.21311104564788e+05 
1.80926950121793e-06 4.22272908345008e+02 3.57205269107237e+02 2.14423408477291e+20 4.98567467779973e+14 1.16413509681903e+14 1.89248271875101e+14 3.73999214152114e+11 8.29339558712009e+14 2.72100645519831e+14 8.34701248686047e+07 2.64334219434953e+13 5.13024882162051e+09 6.95409358279977e+03 2.14424352118778e+20 3.04562289422567e+14 1.30363053205521e+11 5.77876803990424e+13 2.23547589940956e+13 8.54691369192855e+03 2.06769893295261e+05 
2.23227035410287e-06 4.19758264040218e+02 3.55585137429781e+02 2.14423098944670e+20 6.15144256128705e+14 1.43967350006915e+14 2.32037806555473e+14 4.61802901672228e+11 1.02842837829382e+15 3.30608946217327e+14 9.89873074830409e+07 3.26058667800008e+13 7.80871684550700e+09 1.06878638057941e+04 2.14424262837568e+20 3.75088364493765e+14 1.57189013148689e+11 7.13765485938825e+13 2.74941991897696e+13 1.24015287847850e+04 3.14953725525883e+05 
2.65527120698782e-06 4.17291228644988e+02 3.54002259946035e+02 2.14422789803102e+20 7.31725818230793e+14 1.71638724047860e+14 2.74297068435641e+14 5.49731449686655e+11 1.22935123898740e+15 3.87314722756011e+14 1.13247529650140e+08 3.87754321301343e+13 1.10473480223014e+10 1.52664767271610e+04 2.14424173815002e+20 4.45360148959899e+14 1.82921457008926e+11 8.49947029100808e+13 3.26010946473182e+13 1.67645790581721e+04 4.45903317983094e+05 
3.07827205987277e-06 4.14870825382722e+02 3.52455710966511e+02 2.14422481047608e+20 8.48312005330588e+14 1.99423086829828e+14 3.16035845549516e+14 6.37779720539162e+11 1.43204844781380e+15 4.42277469860036e+14 1.26355783587379e+08 4.49421176883012e+13 1.48459645871358e+10 2.07118858128192e+04 2.14424085049455e+20 5.15379140878862e+14 2.07664546387585e+11 9.86419577390766e+13 3.76756514347394e+13 2.15726526220464e+04 5.99658630891336e+05 
3.50127291275772e-06 4.12496098288096e+02 3.50944587796981e+02 2.14422172673322e+20 9.64902673227734e+14 2.27316038560908e+14 3.57263660640170e+14 7.25943044553203e+11 1.63646246973615e+15 4.95554525732411e+14 1.38408354397861e+08 5.11059231319243e+13 1.92043886872543e+10 2.70460284952420e+04 2.14423996539345e+20 5.85146812370919e+14 2.31508817069903e+11 1.12318128659354e+14 4.27180743134115e+13 2.67732475177898e+04 7.76258872557181e+05 
4.37592857097651e-06 4.07726648036791e+02 3.49468010247716e+02 2.14421536224294e+20 1.20599544115637e+15 2.85317633754809e+14 4.40931044014059e+14 9.08588769809976e+11 2.06434616796044e+15 6.00606768916765e+14 1.60354205552859e+08 6.38419322040136e+13 2.99912198867071e+10 4.30563412216845e+04 2.14423814327017e+20 7.28617293614052e+14 2.78294345496005e+11 1.40687815095448e+14 5.30434485212490e+13 3.85887251046636e+04 1.21404273413582e+06 
5.25058422919530e-06 4.03140508119375e+02 3.46520732249526e+02 2.14420901344340e+20 1.44710559429377e+15 3.43729575713309e+14 5.22531747519558e+14 1.09167534618024e+12 2.49887122163865e+15 6.99148176499023e+14 1.78842851518060e+08 7.65656225458113e+13 4.31691995099005e+10 6.31534962378090e+04 2.14423633187029e+20 8.71031865351880e+14 3.22144333155985e+11 1.69178747341484e+14 6.32340824312635e+13 5.16054701524878e+04 1.74999474557731e+06 
6.12523988741409e-06 3.98730027088453e+02 3.43710212863116e+02 2.14420267994721e+20 1.68823202568289e+15 4.02518306599966e+14 6.02140137136726e+14 1.27517502599544e+12 2.93960730137432e+15 7.91607393377762e+14 1.94445273556631e+08 8.92769907017362e+13 5.87367514971709e+10 8.75301754871656e+04 2.14423453106723e+20 1.01240256679081e+15 3.63501863657562e+11 1.97789342301223e+14 7.32917340825786e+13 6.56148796506325e+04 2.38443148704481e+06 
6.99989554563289e-06 3.94487888980624e+02 3.41029530003469e+02 2.14419636138424e+20 1.92937369555771e+15 4.61652400412545e+14 6.79826635460908e+14 1.45906422821718e+12 3.38615481072788e+15 8.78382355472445e+14 2.07638124608697e+08 1.01976032986784e+14 7.66922980531298e+10 1.16378163453783e+05 2.14423274073935e+20 1.15274103852407e+15 4.02717270224722e+11 2.26518037652236e+14 8.32181385561424e+13 8.04588519809831e+04 3.11765632151983e+06 
7.87455120385168e-06 3.90407098975441e+02 3.38472119590489e+02 2.14419005740058e+20 2.17052962650843e+15 5.21102406524573e+14 7.55657988924648e+14 1.64332249171908e+12 3.83814235664855e+15 9.59842818693226e+14 2.18820349838320e+08 1.14662745509368e+14 9.70342596099500e+10 1.49888133298141e+05 2.14423096076947e+20 1.29205854547321e+15 4.40073888900449e+11 2.55363291546219e+14 9.30150082822837e+13 9.60156035655220e+04 3.94995957323430e+06 
8.74920686207047e-06 3.86480970121386e+02 3.36031758519343e+02 2.14418376765763e+20 2.41169889926566e+15 5.80840713565882e+14 8.29697502728186e+14 1.82793179843370e+12 4.29522457171920e+15 1.03633253616781e+15 2.28326049886088e+08 1.27337124191023e+14 1.19761054795640e+11 1.88249438569756e+05 2.14422919104449e+20 1.43036599747707e+15 4.75803105885873e+11 2.84323582330092e+14 1.02684033331915e+14 1.12193577260939e+05 4.88161869880299e+06 
1.07511920066975e-05 3.78042701774044e+02 3.33702548535628e+02 2.14416942304334e+20 2.96375297494788e+15 7.18522978248271e+14 9.92739776062962e+14 2.25171890248307e+12 5.35891214722305e+15 1.19438700974227e+15 2.45218862002875e+08 1.56300857066895e+14 1.80747886952802e+11 2.95321007990879e+05 2.14422517832781e+20 1.74319031670651e+15 5.52451122946416e+11 3.51035265844478e+14 1.24343047455277e+14 1.51190736618609e+05 7.38945092434183e+06 
1.27531771513246e-05 3.70310447994106e+02 3.28760031636974e+02 2.14415514772588e+20 3.51586308948293e+15 8.57302397725182e+14 1.14736794776265e+15 2.67710526769210e+12 6.44420745471627e+15 1.33145602022976e+15 2.57241622901788e+08 1.85199896907659e+14 2.54201516259497e+11 4.31003868982952e+05 2.14422121747264e+20 2.05089863161479e+15 6.23232941462741e+11 4.18324170417673e+14 1.45360560023185e+14 1.92495565604097e+05 1.04221022524685e+07 
1.47551622959517e-05 3.63219998153368e+02 3.24309661020162e+02 2.14414093839778e+20 4.06802103932929e+15 9.96936744471747e+14 1.29417336880421e+15 3.10396578690885e+12 7.54819223367853e+15 1.45043974045926e+15 2.66037978883775e+08 2.14034186705304e+14 3.40102868326978e+11 5.97453588749198e+05 2.14421730731797e+20 2.35360402664103e+15 6.89270340285182e+11 4.86173195984277e+14 1.65755566014605e+14 2.35724784205037e+05 1.39821696281830e+07 
1.67571474405787e-05 3.56713418030932e+02 3.20297224255984e+02 2.14412679203086e+20 4.62021963875538e+15 1.13721570920698e+15 1.43368620318601e+15 3.53219657529963e+12 8.66837191039777e+15 1.55381520561714e+15 2.72726855697494e+08 2.42803667011289e+14 4.38432814921155e+11 7.96753315019711e+05 2.14421344677316e+20 2.65141291311213e+15 7.51374952376885e+11 5.54565749081013e+14 1.85546498041246e+14 2.80575406666355e+05 1.80719282648292e+07 
1.87591325852058e-05 3.50738405827184e+02 3.16674850460344e+02 2.14411270583921e+20 5.17245257648662e+15 1.27795632911666e+15 1.56638386043006e+15 3.96170899371808e+12 9.80260678950543e+15 1.64370509986575e+15 2.78071859044648e+08 2.71508276578586e+14 5.49172172990467e+11 1.03090275927522e+06 2.14420963480866e+20 2.94442585047147e+15 8.10159408497433e+11 6.23485727314101e+14 2.04751243390084e+14 3.26811613192665e+05 2.26933425076961e+07 
2.07611177298328e-05 3.45247742518849e+02 3.13400265007926e+02 2.14409867724990e+20 5.72471430485956e+15 1.41899946714181e+15 1.69269757370579e+15 4.39242682672515e+12 1.09490604997208e+16 1.72192929201477e+15 2.82566109908389e+08 3.00147952843624e+14 6.72301703988356e+11 1.30180913824435e+06 2.14420587044892e+20 3.23273820491546e+15 8.66079934114451e+11 6.92917505097826e+14 2.23387159767749e+14 3.74264584715977e+05 2.78480760956035e+07 
2.40400401044586e-05 3.37190895566061e+02 3.10436140080195e+02 2.14407581895992e+20 6.62927776903440e+15 1.65030159809320e+15 1.88680097382962e+15 5.10030315178495e+12 1.28490912814220e+16 1.82887257444464e+15 2.88864280204312e+08 3.46914598635370e+14 9.00681942234884e+11 1.82959462402716e+06 2.14419980546445e+20 3.69502877528338e+15 9.52359822929511e+11 8.07701370519026e+14 2.52724881518479e+14 4.54279953371468e+05 3.74462302979405e+07 
2.73189624790844e-05 3.30155982797481e+02 3.06167118846591e+02 2.14405309928435e+20 7.53388733068798e+15 1.88154162323546e+15 2.06633642830514e+15 5.81098318048025e+12 1.47720242788796e+16 1.91428700710749e+15 2.94396883405300e+08 3.93506608608214e+14 1.16216200609270e+12 2.46810285944141e+06 2.14419386186503e+20 4.14532795395073e+15 1.03291695154888e+12 9.23753588190712e+14 2.80652858396610e+14 5.36781416420610e+05 4.84830296299825e+07 
3.05978848537102e-05 3.24003817052337e+02 3.02520369317992e+02 2.14403050967522e+20 8.43852811498626e+15 2.11231491621179e+15 2.23261429675744e+15 6.52424693169342e+12 1.67133853869138e+16 1.98258230802974e+15 2.99593437778288e+08 4.39923699918484e+14 1.45665638820207e+12 3.22384714220132e+06 2.14418803606659e+20 4.58398666409473e+15 1.10848129538899e+12 1.04101320134059e+15 3.07238802434787e+14 6.21408883137142e+05 6.09609992316830e+07 
3.38768072283360e-05 3.18615730709802e+02 2.99394994126652e+02 2.14400804239784e+20 9.34318783068492e+15 2.34229616914321e+15 2.38677999574229e+15 7.23989550599854e+12 1.86696143794966e+16 2.03725736859834e+15 3.04797466648552e+08 4.86165591231601e+14 1.78407917018571e+12 4.10250775633979e+06 2.14418232469267e+20 5.01133555863432e+15 1.17961491965987e+12 1.15942217451445e+15 3.32547179123659e+14 7.07862521872891e+05 7.48808850147135e+07 
3.71557296029618e-05 3.13890291155575e+02 2.96708060395194e+02 2.14398569039741e+20 1.02478562924477e+16 2.57122443644087e+15 2.52984286437225e+15 7.95774784085094e+12 2.06378726268120e+16 2.08109238418640e+15 3.10152166410318e+08 5.32232004390700e+14 2.14434402294723e+12 5.10893777522957e+06 2.14417672454322e+20 5.42768808316043e+15 1.24675663602669e+12 1.27892525366052e+15 3.56639363075359e+14 7.95916013563145e+05 9.02417643322687e+07 
4.04346519775876e-05 3.09740748078424e+02 2.94391177788830e+02 2.14396344721670e+20 1.11525250145897e+16 2.79889034798789e+15 2.66269766734414e+15 8.67763820210672e+12 2.26158907169407e+16 2.11630108810017e+15 3.15588195447128e+08 5.78122665327777e+14 2.53736420832468e+12 6.24718423921751e+06 2.14417123257230e+20 5.83334266978109e+15 1.31024323074052e+12 1.39946983422644e+15 3.79573784669413e+14 8.85400424686867e+05 1.07041149450778e+08 
4.75816848150158e-05 3.02342214329220e+02 2.92387829483731e+02 2.14391531264177e+20 1.31243902774208e+16 3.28999938857446e+15 2.92068154440254e+15 1.02531059756855e+13 2.69528829256631e+16 2.17119353642617e+15 3.27795998684947e+08 6.77539726905268e+14 3.50711417073698e+12 9.20017840635144e+06 2.14415962270902e+20 6.68183874777952e+15 1.43723556487548e+12 1.66559012491974e+15 4.25816710480917e+14 1.08467794123099e+06 1.48622808621529e+08 
5.47287176524439e-05 2.97110134166730e+02 2.88889982943021e+02 2.14386760904383e+20 1.50961699523888e+16 3.77326061319937e+15 3.14112970219794e+15 1.18360888125862e+13 3.13146553020885e+16 2.20593645725435e+15 3.40115100849017e+08 7.76117829077765e+14 4.63116253520895e+12 1.28143178344136e+07 2.14414848277067e+20 7.48382971571189e+15 1.55009127575868e+12 1.93594392966238e+15 4.67352868522742e+14 1.28878747359953e+06 1.96955908110388e+08 
6.18757504898721e-05 2.93499756146037e+02 2.84894877915682e+02 2.14382029473396e+20 1.70678251113455e+16 4.24793426923665e+15 3.32924719095570e+15 1.34252848367380e+13 3.56933830707697e+16 2.22789522660554e+15 3.52676620660945e+08 8.73854443295886e+14 5.90859124402023e+12 1.70778391324466e+07 2.14413778764517e+20 8.24177780055109e+15 1.65012210919678e+12 2.21010031705553e+15 5.04660859934048e+14 1.49658827414290e+06 2.51951509908077e+08 
6.90227833273003e-05 2.90764357656809e+02 2.83511572513412e+02 2.14377333402153e+20 1.90393269905902e+16 4.71353047276189e+15 3.48935496068852e+15 1.50194858799246e+13 4.00842193490965e+16 2.24150064010806e+15 3.65658499417503e+08 9.70747178817948e+14 7.33847348543485e+12 2.19890004860347e+07 2.14412751497421e+20 8.95787464405286e+15 1.73871339059685e+12 2.48767202029435e+15 5.38170756320831e+14 1.70762752840538e+06 3.13498736195284e+08 
7.61698161647285e-05 2.88464590697228e+02 2.82493381406914e+02 2.14372669029556e+20 2.10106545430733e+16 5.16981735564636e+15 3.62557680552590e+15 1.66175902813238e+13 4.44836907616583e+16 2.24985221460398e+15 3.78958445878707e+08 1.06679378686468e+15 8.91987388046813e+12 2.75562219199802e+07 2.14411764232129e+20 9.63432395050435e+15 1.81736478094695e+12 2.76831092221868e+15 5.68269120067191e+14 1.92170804847915e+06 3.81468567475452e+08 
8.33168490021567e-05 2.86536793089064e+02 2.81657776521713e+02 2.14368032907835e+20 2.29817924128858e+16 5.61675152882541e+15 3.74160773348634e+15 1.82186229376285e+13 4.88892609324394e+16 2.25515072579498e+15 3.92394382899436e+08 1.16199218261899e+15 1.06518486691136e+13 3.37724789977867e+07 2.14410814736925e+20 1.02733216616101e+16 1.88733110131087e+12 3.05170425734176e+15 5.95303236949761e+14 2.13826141153152e+06 4.55717032065517e+08 
9.30448258961440e-05 2.84469505590511e+02 2.80971996496293e+02 2.14361762752999e+20 2.56644244981316e+16 6.21015627820821e+15 3.87254537604213e+15 2.04009604008796e+13 5.48928065932959e+16 2.25968503708701e+15 4.10828824809835e+08 1.29020227957848e+15 1.32495169069705e+13 4.32587527284082e+07 2.14409579265142e+20 1.10866235218033e+16 1.97028707456350e+12 3.44136100621715e+15 6.27733343973558e+14 2.43621936842639e+06 5.66585546291376e+08 
1.02772802790131e-04 2.83002412769491e+02 2.80251735011900e+02 2.14355533416343e+20 2.83466626519976e+16 6.78662745842643e+15 3.97793893908324e+15 2.25851242157903e+13 6.09025419084516e+16 2.26243985657017e+15 4.29415205896392e+08 1.41683291807279e+15 1.61219583520439e+13 5.39002772870326e+07 2.14408404908343e+20 1.18392709358102e+16 2.04083718299136e+12 3.83497896567284e+15 6.55754097272923e+14 2.73725497419406e+06 6.88375933249182e+08 
1.12500779684119e-04 2.81952344120946e+02 2.79750241011404e+02 2.14349340075387e+20 3.10284899690049e+16 7.34650072727204e+15 4.06262335012395e+15 2.47693364327589e+13 6.69172176056219e+16 2.26407622669973e+15 4.48140460207126e+08 1.54188014701025e+15 1.92667227313312e+13 6.56691858068919e+07 2.14407287149005e+20 1.25357204439419e+16 2.10065030722703e+12 4.23201888381253e+15 6.79964063289794e+14 3.04093331358725e+06 8.20645548830653e+08 
1.22228756578106e-04 2.81148419528145e+02 2.79396283142350e+02 2.14343178721348e+20 3.37098923620993e+16 7.89013583882722e+15 4.13055096395797e+15 2.69519996411041e+13 7.29358388216990e+16 2.26507585552716e+15 4.66929309361185e+08 1.66534051074994e+15 2.26813345047481e+13 7.85387168510656e+07 2.14406221807901e+20 1.31800984954338e+16 2.15125723700263e+12 4.63201411879375e+15 7.00881131161944e+14 3.34677094232886e+06 9.62939311326017e+08 
1.31956733472093e-04 2.80513548330002e+02 2.79128133066963e+02 2.14337045913443e+20 3.63908584007658e+16 8.41793261369665e+15 4.18502669059179e+15 2.91316892571361e+13 7.89575898582498e+16 2.26580697633183e+15 4.85717511381666e+08 1.78721104535936e+15 2.63632938465333e+13 9.24832808583601e+07 2.14405204980088e+20 1.37762644216375e+16 2.19401661781026e+12 5.03456099891631e+15 7.18953226198342e+14 3.65431125094857e+06 1.11479667389888e+09 
1.41684710366081e-04 2.80027866594822e+02 2.78918121896985e+02 2.14330938777637e+20 3.90713789021310e+16 8.93031757878189e+15 4.22872776185924e+15 3.13071397228200e+13 8.49819064354283e+16 2.26644352089696e+15 5.04488347796255e+08 1.90748927703877e+15 3.03100776201423e+13 1.07475417143333e+08 2.14404233036205e+20 1.43278082898856e+16 2.23005881946316e+12 5.43931071595164e+15 7.34567320768620e+14 3.96319792159861e+06 1.27575693447780e+09 
1.61528802512318e-04 2.79380143399955e+02 2.78758510405526e+02 2.14318551630275e+20 4.45379593918657e+16 9.92952152619855e+15 4.29226983944056e+15 3.57272320216869e+13 9.72775151523684e+16 2.26747577361653e+15 5.42676401451230e+08 2.14790063504399e+15 3.91715349382012e+13 1.41207605422712e+08 2.14402376167421e+20 1.53277858291901e+16 2.28632770199063e+12 6.27063366326840e+15 7.60078993429006e+14 4.59657594448190e+06 1.63043977160994e+09 
1.81372894658556e-04 2.79028629017157e+02 2.78547068269420e+02 2.14306246620409e+20 5.00026000198964e+16 1.08698876577686e+16 4.33258818754063e+15 4.01167718617718e+13 1.09579746050110e+17 2.26840610702939e+15 5.80629726327062e+08 2.38166768230004e+15 4.91024787524478e+13 1.78994992936107e+08 2.14400667069351e+20 1.61807149993021e+16 2.32479122073606e+12 7.10784231105562e+15 7.79000394882040e+14 5.23270761413758e+06 2.01737974353709e+09 
2.01216986804793e-04 2.78830691752443e+02 2.78433003283866e+02 2.14294012794485e+20 5.54652571172922e+16 1.17548112950326e+16 4.35834361351688e+15 4.44688582326019e+13 1.21886688962830e+17 2.26928009184086e+15 6.18283547252754e+08 2.60878707710613e+15 6.00807195578179e+13 2.20651376820244e+08 2.14399083856299e+20 1.69083072429454e+16 2.35019073430122e+12 7.94936857142892e+15 7.93069126396680e+14 5.87024896476876e+06 2.43305212114560e+09 
2.21061078951031e-04 2.78713377141930e+02 2.78368985691961e+02 2.14281842543230e+20 6.09258960203493e+16 1.25875363555199e+16 4.37473547880275e+15 4.87778667391262e+13 1.34196926491566e+17 2.27011123028426e+15 6.55616861614318e+08 2.82926357661502e+15 7.20837494482185e+13 2.66012407574984e+08 2.14397608027927e+20 1.75289387535328e+16 2.36590033491696e+12 8.79408467437194e+15 8.03533733745910e+14 6.50830568528199e+06 2.87421054685127e+09 
2.40905171097268e-04 2.78641450716588e+02 2.78331115760744e+02 2.14269730118430e+20 6.63844876977736e+16 1.33711502924725e+16 4.38507344784764e+15 5.30391193582204e+13 1.46509354311607e+17 2.27091694498506e+15 6.92660920397555e+08 3.04310957835795e+15 8.50887876673388e+13 3.14939152527290e+08 2.14396223837264e+20 1.80582663860917e+16 2.37448830605263e+12 9.64116372193667e+15 8.11308664509962e+14 7.14627805130704e+06 3.33792979400182e+09 
2.77284632992284e-04 2.78590199444512e+02 2.78307924204790e+02 2.14247661249441e+20 7.63861300918381e+16 1.46895480642137e+16 4.39428599827106e+15 6.07149450929633e+13 1.69084283690383e+17 2.27238926699218e+15 7.59716618216186e+08 3.41800235821248e+15 1.11456069573747e+14 4.13427466481569e+08 2.14393882732645e+20 1.88328536343641e+16 2.37696452024587e+12 1.11983946821393e+16 8.20591697478422e+14 8.31413836630787e+06 4.23818754646896e+09 
3.13664094887300e-04 2.78578056638199e+02 2.78291412084460e+02 2.14225749900685e+20 8.63806709925707e+16 1.58690366148543e+16 4.39798838994957e+15 6.81979043553984e+13 1.91659570581066e+17 2.27386460586153e+15 8.25835580739531e+08 3.77086338393275e+15 1.40970161981818e+14 5.22632304995529e+08 2.14391738692774e+20 1.94110042889440e+16 2.36911329520186e+12 1.27589094043387e+16 8.25973088069141e+14 9.47841822954786e+06 5.19148019070776e+09 
3.50043556782317e-04 2.78576037561522e+02 2.78287502396571e+02 2.14203979465064e+20 9.63679958202825e+16 1.69245169400462e+16 4.39963285207532e+15 7.54735351134290e+13 2.14232328336273e+17 2.27533240352465e+15 8.91159720871625e+08 4.10194302050536e+15 1.73486215618596e+14 6.41844459217847e+08 2.14389740908554e+20 1.98433700682884e+16 2.35552683642491e+12 1.43211413875956e+16 8.29172136217633e+14 1.06384584835615e+07 6.18649639971730e+09 
3.86423018677333e-04 2.78577408404083e+02 2.78286853456021e+02 2.14182336910933e+20 1.06348007921288e+17 1.78692468320622e+16 4.40021824008251e+15 8.25318226917647e+13 2.36800510795768e+17 2.27679036323421e+15 9.55779625320962e+08 4.41156287983208e+15 2.08858287702253e+14 7.70418729982600e+08 2.14387852512569e+20 2.01667438732401e+16 2.33871489024267e+12 1.58842737833630e+16 8.31077703367763e+14 1.17941880514288e+07 7.21440842346386e+09 
4.22802480572349e-04 2.78580810906532e+02 2.78287296280666e+02 2.14160810954766e+20 1.16320623414859e+17 1.87150489064674e+16 4.40014522393912e+15 8.93661339269724e+13 2.59362503269796e+17 2.27824390666877e+15 1.01979546608191e+09 4.70010779624662e+15 2.46940055107750e+14 9.07754392179058e+08 2.14386046260968e+20 2.04083328346710e+16 2.32030495094982e+12 1.74478434944601e+16 8.32187986660179e+14 1.29458381283551e+07 8.26828308684538e+09 
4.88075615156787e-04 2.78587324143519e+02 2.78288393478356e+02 2.14122450106404e+20 1.34195032767419e+17 2.00165088127018e+16 4.39933287853082e+15 1.01058392515340e+14 2.99824315307876e+17 2.28084592145496e+15 1.13350959768646e+09 5.16646784123786e+15 3.21598301467611e+14 1.17439303842933e+09 2.14382953307612e+20 2.06947704968062e+16 2.28656799833685e+12 2.02535362934275e+16 8.33042676434049e+14 1.50032408520539e+07 1.02084454748553e+10 
5.53348749741225e-04 2.78591275776141e+02 2.78290493806648e+02 2.14084382611469e+20 1.52045051852109e+17 2.10852845263257e+16 4.39845217868928e+15 1.12014936459185e+14 3.40255337889941e+17 2.28344091129626e+15 1.24617787116282e+09 5.56937103352553e+15 4.03675894731623e+14 1.46446699324013e+09 2.14379978294065e+20 2.08643115656348e+16 2.25508678587522e+12 2.30587116627964e+16 8.33369280985685e+14 1.70513569066612e+07 1.21916870141902e+10 
6.18621884325663e-04 2.78593120788927e+02 2.78291769168284e+02 2.14046567424428e+20 1.69870413408165e+17 2.19646629114005e+16 4.39767794654646e+15 1.22250593960566e+14 3.80650361243993e+17 2.28602794913492e+15 1.35810206667824e+09 5.91215614650624e+15 4.92354022442178e+14 1.77530363636733e+09 2.14377071506070e+20 2.09666699978598e+16 2.22707788126019e+12 2.58629897441284e+16 8.33546758730951e+14 1.90929943281900e+07 1.42026093954988e+10 
6.83895018910101e-04 2.78594514471660e+02 2.78292365974193e+02 2.14008971423442e+20 1.87670926463084e+17 2.26894548231454e+16 4.39689566768570e+15 1.31796224067136e+14 4.21005229602205e+17 2.28860822774050e+15 1.46954045618215e+09 6.19851709234956e+15 5.86838542015748e+14 2.10452985700122e+09 2.14374206356223e+20 2.10284472409788e+16 2.20280692177498e+12 2.86662956300259e+16 8.33635716612460e+14 2.11308582962632e+07 1.62318051182580e+10 
7.49168153494539e-04 2.78595915682208e+02 2.78292817407513e+02 2.13971567350183e+20 2.05446460543158e+17 2.32879288631912e+16 4.39606566826962e+15 1.40693668833702e+14 4.61316525673965e+17 2.29118265298392e+15 1.58079962192758e+09 6.43239031520755e+15 6.86367317241970e+14 2.45003057306759e+09 2.14371367532260e+20 2.10649577966549e+16 2.18244850880641e+12 3.14686063872944e+16 8.33656680978427e+14 2.31673539416007e+07 1.82732098331710e+10 
8.62491854377585e-04 2.78597594068787e+02 2.78293271283963e+02 2.13907021707503e+20 2.36247865747074e+17 2.40902375089678e+16 4.39462670070131e+15 1.54752117733674e+14 5.31191862540709e+17 2.29563892066767e+15 1.77427726631465e+09 6.72593759121539e+15 8.69056819478120e+14 3.08319950979351e+09 2.14366476363458e+20 2.10933640663260e+16 2.15623131119935e+12 3.63314118401551e+16 8.33636412245731e+14 2.67056180471214e+07 2.18357201750807e+10 
9.75815555260630e-04 2.78598529183365e+02 2.78293816289205e+02 2.13842893591894e+20 2.66973590391298e+17 2.46733936229387e+16 4.39321679832404e+15 1.67284026938528e+14 6.00917352137507e+17 2.30007979812491e+15 1.96863807876266e+09 6.89520146974302e+15 1.06132196899313e+15 3.75135603959047e+09 2.14361605732310e+20 2.11042483941633e+16 2.14031206194962e+12 4.11911936451022e+16 8.33613769195542e+14 3.02541981039274e+07 2.54095637161537e+10 
1.08913925614368e-03 2.78599163154226e+02 2.78294121839042e+02 2.13779113008108e+20 2.97623725454869e+17 2.51041845517321e+16 4.39183387740218e+15 1.78573176655893e+14 6.70486827865780e+17 2.30450688627700e+15 2.16415846898034e+09 6.96143950288787e+15 1.26008764564496e+15 4.44748242727631e+09 2.14356743693903e+20 2.11093609271394e+16 2.13273111737989e+12 4.60481328483726e+16 8.33604437958053e+14 3.38187378965929e+07 2.89884060850758e+10 
1.20246295702672e-03 2.78599836753911e+02 2.78294330363969e+02 2.13715629524589e+20 3.28198558646920e+17 2.54276493625913e+16 4.39045547767233e+15 1.88888957210226e+14 7.39897964856494e+17 2.30892139009027e+15 2.36118641696501e+09 6.94480076747764e+15 1.46273290545166e+15 5.16591380242541e+09 2.14351887384314e+20 2.11113203442207e+16 2.13186473401431e+12 5.09024897692649e+16 8.33594970791624e+14 3.74025271421483e+07 3.25700019961932e+10 
1.31578665790977e-03 2.78600499474158e+02 2.78294551659331e+02 2.13652405277468e+20 3.58698487904719e+17 2.56750133309609e+16 4.38907713028492e+15 1.98469603652107e+14 8.09151205681679e+17 2.31332407801684e+15 2.56039362434717e+09 6.86365324396816e+15 1.66708272120825e+15 5.90204254003389e+09 2.14347035558057e+20 2.11111009027476e+16 2.13649312529850e+12 5.57545418051539e+16 8.33580417498129e+14 4.10068673501452e+07 3.61533931398513e+10 
1.51233105757268e-03 2.78601494843321e+02 2.78294769451932e+02 2.13543286510692e+20 4.11420178044567e+17 2.59818187677603e+16 4.38670041118190e+15 2.13890432649267e+14 9.28895831483107e+17 2.32093411853881e+15 2.90971471835953e+09 6.61517626814512e+15 2.02082702457035e+15 7.21044184081955e+09 2.14338627411822e+20 2.11086944294743e+16 2.15354807542588e+12 6.41650964552883e+16 8.33555196978744e+14 4.73060777557140e+07 4.23710500973006e+10 
1.70887545723559e-03 2.78602393008326e+02 2.78295097555908e+02 2.13434747581168e+20 4.63920318207060e+17 2.62015121001398e+16 4.38433948495036e+15 2.28472739233876e+14 1.04819286124889e+18 2.32851435107857e+15 3.26345709886271e+09 6.28849388838640e+15 2.36802093989306e+15 8.54587957491905e+09 2.14330224257748e+20 2.11060666314317e+16 2.17721273028891e+12 7.25708705205595e+16 8.33533112467346e+14 5.36579930296017e+07 4.85911394030324e+10 
1.90541985689850e-03 2.78603279283925e+02 2.78295394342624e+02 2.13326713827859e+20 5.16201199195728e+17 2.63760060557580e+16 4.38199062196062e+15 2.42730777475875e+14 1.16706608166066e+18 2.33606741003227e+15 3.62044187693786e+09 5.93267830006500e+15 2.70472165316120e+15 9.89760733373073e+09 2.14321824398615e+20 2.11037798194735e+16 2.20332571760314e+12 8.09730022558842e+16 8.33514980070618e+14 6.00493040091090e+07 5.48140278862208e+10 
2.10196425656141e-03 2.78604149913359e+02 2.78295687306709e+02 2.13219139061668e+20 5.68264850307286e+17 2.65247187972279e+16 4.37965137000286e+15 2.56943784146692e+14 1.28553964655339e+18 2.34359526652405e+15 3.97939018457783e+09 5.57853639107203e+15 3.02921147443909e+15 1.12584557390911e+10 2.14313427315797e+20 2.11014754352475e+16 2.22917375595761e+12 8.93723732404835e+16 8.33499116040033e+14 6.64666591935593e+07 6.10405836737890e+10 
2.29850865622433e-03 2.78604990236401e+02 2.78295975239369e+02 2.13111992824908e+20 6.20112984708960e+17 2.66577725202881e+16 4.37732156155130e+15 2.71239394147929e+14 1.40363491339629e+18 2.35109945308653e+15 4.33912597267652e+09 5.24327511043940e+15 3.34117524282045e+15 1.26235330956637e+10 2.14305032524167e+20 2.10990095094680e+16 2.25311906114903e+12 9.77696146398898e+16 8.33485090543076e+14 7.28987635601113e+07 6.72714338929373e+10 
2.53211712571966e-03 2.78605959617450e+02 2.78296253416063e+02 2.12985170054356e+20 6.81460215482288e+17 2.68040792107299e+16 4.37456443337969e+15 2.88388142898873e+14 1.54353220733504e+18 2.35998958401433e+15 4.76648767055526e+09 4.87975540079013e+15 3.69637449199951e+15 1.42469625750653e+10 2.14295056903838e+20 2.10960278700081e+16 2.27802844430361e+12 1.07748198004878e+17 8.33471365339966e+14 8.05517039230013e+07 7.46833260574871e+10 
2.76572559521500e-03 2.78606907942876e+02 2.78296574587503e+02 2.12858898607359e+20 7.42507070659175e+17 2.69439483843905e+16 4.37181956620724e+15 3.05702933727906e+14 1.68294302429740e+18 2.36884944039575e+15 5.19247953809847e+09 4.55833591946624e+15 4.03593726927961e+15 1.58675975747382e+10 2.14285083182514e+20 2.10930904840324e+16 2.29864475355101e+12 1.17724839130241e+17 8.33460906815188e+14 8.82035902272834e+07 8.21021562655614e+10 
2.99933406471034e-03 2.78607839179291e+02 2.78296888989053e+02 2.12733163495909e+20 8.03255343406934e+17 2.70805678276575e+16 4.36908642991470e+15 3.23129340408511e+14 1.82188502661635e+18 2.37768009249329e+15 5.61641120132544e+09 4.27660414967354e+15 4.36157695994924e+15 1.74829254381570e+10 2.14275111095438e+20 2.10901948725149e+16 2.31519097693331e+12 1.27699805269131e+17 8.33453475258591e+14 9.58489683022880e+07 8.95281970612695e+10 
3.23294253420567e-03 2.78608754460219e+02 2.78297197898703e+02 2.12607955308194e+20 8.63706664465594e+17 2.72151460257844e+16 4.36636484827048e+15 3.40600730527450e+14 1.96037171966245e+18 2.38648231740043e+15 6.03794673530131e+09 4.02940313087590e+15 4.67498687931317e+15 1.90914333352010e+10 2.14265140529508e+20 2.10873032962163e+16 2.32817189414837e+12 1.37673246945853e+17 8.33448883514845e+14 1.03485356284934e+08 9.69616147357984e+10 
3.46655100370101e-03 2.78609655990898e+02 2.78297501681000e+02 2.12483267131193e+20 9.23862586827110e+17 2.73481948617426e+16 4.36365469005745e+15 3.58058523055505e+14 2.09841390332347e+18 2.39525672329419e+15 6.45692499944772e+09 3.81137929043951e+15 4.97765528040462e+15 2.06921987965319e+10 2.14255171395995e+20 2.10844059858236e+16 2.33812400727311e+12 1.47645262184480e+17 8.33447067288578e+14 1.11111610206912e+08 1.04402492402966e+11 
4.20475822074281e-03 2.78612434933347e+02 2.78297801046036e+02 2.12092613009232e+20 1.11203153372018e+18 2.77613390108330e+16 4.35516414416963e+15 4.12747272165330e+14 2.53179106745619e+18 2.42280585651467e+15 7.76364206318090e+09 3.26884173738405e+15 5.87516663304167e+15 2.56957281982411e+10 2.14223677455114e+20 2.10752934029138e+16 2.35449597480597e+12 1.79148263836822e+17 8.33458920344829e+14 1.35139781450286e+08 1.27965074353758e+11 
4.76678133419538e-03 2.78614497154139e+02 2.78298724601798e+02 2.11798544773912e+20 1.25335225465120e+18 2.80712065970297e+16 4.34877323555995e+15 4.53464300709000e+14 2.85895425912129e+18 2.44360469247815e+15 8.74098789929317e+09 2.95559602447392e+15 6.51261836797414e+15 2.94445715075525e+10 2.14199707905956e+20 2.10683875558846e+16 2.35665079265194e+12 2.03124672689655e+17 8.33484910008346e+14 1.53362609988593e+08 1.45954718296460e+11 
5.32880444764795e-03 2.78616522448951e+02 2.78299410584805e+02 2.11507313815403e+20 1.39301892939131e+18 2.83770598398398e+16 4.34244426031021e+15 4.93253961445019e+14 3.18378872639634e+18 2.46425637571706e+15 9.70359770151326e+09 2.70137549109541e+15 7.11907072630127e+15 3.31420740187479e+10 2.14175744464278e+20 2.10615231951787e+16 2.35286542630487e+12 2.27094924535030e+17 8.33524838113504e+14 1.71523538969752e+08 1.63988192426293e+11 
5.89082756110053e-03 2.78618516152835e+02 2.78300084736325e+02 2.11218874320067e+20 1.53105112234251e+18 2.86788399254371e+16 4.33617619518955e+15 5.32092534174340e+14 3.50634666214426e+18 2.48476395317284e+15 1.06520055189162e+10 2.49162735937078e+15 7.69969196310005e+15 3.67897904054402e+10 2.14151786655037e+20 2.10546913701283e+16 2.34481202124704e+12 2.51059502141102e+17 8.33578257659854e+14 1.89621933917411e+08 1.82065517525116e+11 
6.45285067455310e-03 2.78620482473691e+02 2.78300748772315e+02 2.10933185162123e+20 1.66746800726621e+18 2.89768019266170e+16 4.32996810420442e+15 5.69971777328465e+14 3.82667102229114e+18 2.50512995734027e+15 1.15865446735943e+10 2.31526377985029e+15 8.25845193648294e+15 4.03887625732819e+10 2.14127834112122e+20 2.10478889053660e+16 2.33383442578869e+12 2.75018773834274e+17 8.33644782650144e+14 2.07660404161879e+08 2.00186638112778e+11 
7.01487378800567e-03 2.78622424601156e+02 2.78301404045928e+02 2.10650208645067e+20 1.80228843438956e+18 2.92711847625748e+16 4.32381913466960e+15 6.06895475187251e+14 4.14479837187347e+18 2.52535655884084e+15 1.25075076167682e+10 2.16390758817789e+15 8.79845444829448e+15 4.39398171195452e+10 2.14103886540099e+20 2.10411176317787e+16 2.32093667206737e+12 2.98973032557324e+17 8.33724071359039e+14 2.25642302419807e+08 2.18351415042674e+11 
7.81732125583298e-03 2.78625159060480e+02 2.78302051582436e+02 2.10250810572107e+20 1.99205261868469e+18 2.96854340868366e+16 4.31514063785902e+15 6.58009842802667e+14 4.59527061139457e+18 2.55399792619287e+15 1.38003588616964e+10 1.98210134591693e+15 9.54140351421851e+15 4.89287726282565e+10 2.14069702669417e+20 2.10315041122657e+16 2.29998880677283e+12 3.33166376917003e+17 8.33858825496637e+14 2.51216266055501e+08 2.44362110926804e+11 
8.61976872366029e-03 2.78627852556480e+02 2.78302963822118e+02 2.09856772852317e+20 2.17865333977241e+18 3.00926773271061e+16 4.30657887705523e+15 7.07308009606412e+14 5.04141193676879e+18 2.58236398718295e+15 1.50678611689308e+10 1.83050032743184e+15 1.02562205263141e+16 5.38247884664661e+10 2.14035527750011e+20 2.10219528422870e+16 2.27746602022648e+12 3.67350684575805e+17 8.34018240834910e+14 2.76682833200059e+08 2.70460897590340e+11 
9.42221619148760e-03 2.78630508007280e+02 2.78303862969636e+02 2.09468005568837e+20 2.36214271366342e+18 3.04930396287432e+16 4.29813185342921e+15 7.54882122467572e+14 5.48329304145247e+18 2.61045903801670e+15 1.63115592232264e+10 1.70220696003952e+15 1.09468586440306e+16 5.86305636657465e+10 2.14001361294120e+20 2.10124623658509e+16 2.25403197751990e+12 4.01526444749023e+17 8.34201656869820e+14 3.02043943844617e+08 2.96647111808963e+11 
1.02246636593149e-02 2.78633127656568e+02 2.78304749958236e+02 2.09084424476558e+20 2.54257181441760e+18 3.08866761297640e+16 4.28979769752663e+15 8.00819465689081e+14 5.92097596776534e+18 2.63828688142408e+15 1.75326852945941e+10 1.59244061584194e+15 1.16163071250061e+16 6.33485362542830e+10 2.13967202929650e+20 2.10030320276608e+16 2.23015445761760e+12 4.35694030307897e+17 8.34408485299712e+14 3.27303368320594e+08 3.22920002709161e+11 
1.10271111271422e-02 2.78635713365057e+02 2.78305625504003e+02 2.08705949735719e+20 2.71999075766977e+18 3.12737342520803e+16 4.28157464027895e+15 8.45198491325090e+14 6.35451667202375e+18 2.66585096855491e+15 1.87323186254470e+10 1.49738474509861e+15 1.22669460027910e+16 6.79809502298516e+10 2.13933052373629e+20 2.09936611137887e+16 2.20623483772564e+12 4.69853725073166e+17 8.34638190108894e+14 3.52466737883699e+08 3.49278759442526e+11 
1.23782078590197e-02 2.78639994165377e+02 2.78306490199839e+02 2.08080032387487e+20 3.01204924026052e+18 3.19109085817969e+16 4.26797570747124e+15 9.16598317723944e+14 7.07525788685706e+18 2.71167387404548e+15 2.07063015921250e+10 1.36293341011014e+15 1.33248714166570e+16 7.55931807539539e+10 2.13875569497208e+20 2.09780151639663e+16 2.16655659206768e+12 5.27351805406911e+17 8.35075290154636e+14 3.94632417299621e+08 3.93851109746379e+11 
1.37293045908971e-02 2.78644187882436e+02 2.78307922822208e+02 2.07468025781821e+20 3.29594287080829e+18 3.25303427295378e+16 4.25467924833012e+15 9.84121556884387e+14 7.78462797614187e+18 2.75677219013512e+15 2.26263850958069e+10 1.25307628079151e+15 1.43418772294114e+16 8.29785751549073e+10 2.13818107320201e+20 2.09625319267411e+16 2.12800244062358e+12 5.84828960968617e+17 8.35573675072364e+14 4.36553738440377e+08 4.38660241952843e+11 
1.50804013227746e-02 2.78648298685961e+02 2.78309327580838e+02 2.06869597343706e+20 3.57189498192927e+18 3.31325594318498e+16 4.24167793336239e+15 1.04806632928902e+15 8.48283477283473e+18 2.80115897386791e+15 2.44962777136263e+10 1.16148257814897e+15 1.53232662222753e+16 9.01461823777663e+10 2.13760665279388e+20 2.09472082354647e+16 2.09108819287724e+12 6.42285759613696e+17 8.36131364664390e+14 4.78256833290523e+08 4.83701813877299e+11 
1.64314980546520e-02 2.78652329711147e+02 2.78310705790361e+02 2.06284429849518e+20 3.84012238949960e+18 3.37180602405174e+16 4.22896478491809e+15 1.10869750538882e+15 9.17007047000197e+18 2.84484636576927e+15 2.63191815050043e+10 1.08393264183793e+15 1.62729284727368e+16 9.71044653541622e+10 2.13703243018441e+20 2.09320411425822e+16 2.05588413375174e+12 6.99722562371612e+17 8.36746539573230e+14 5.19753951905597e+08 5.28971364615695e+11 
1.77825947865295e-02 2.78656283595757e+02 2.78312058432918e+02 2.05712218010299e+20 4.10083585217919e+18 3.42873251972769e+16 4.21653309465458e+15 1.16625190930720e+15 9.84651683744907e+18 2.88784589707424e+15 2.80979218787009e+10 1.01747857274413e+15 1.71938777410304e+16 1.03861421397260e+11 2.13645840305707e+20 2.09170278334194e+16 2.02239073436272e+12 7.57139605410632e+17 8.37417502343075e+14 5.61057908124249e+08 5.74464386861205e+11 
1.97106421741319e-02 2.78661796713495e+02 2.78313386331568e+02 2.04917513780936e+20 4.46027095330350e+18 3.50724663289515e+16 4.19926745255225e+15 1.24346290651013e+15 1.07934797352014e+19 2.94803781903403e+15 3.05645659041154e+10 9.37837086922250e+14 1.84629949852484e+16 1.13170014851752e+11 2.13563958832526e+20 2.08958644780022e+16 1.97741251574462e+12 8.39041170615195e+17 8.38468455345353e+14 6.19679589846909e+08 6.39762072209526e+11 
2.16386895617343e-02 2.78667163483802e+02 2.78315239797280e+02 2.04147766803157e+20 4.80539733688561e+18 3.58267643025127e+16 4.18254369027245e+15 1.31539564374009e+15 1.17193093787847e+19 3.00688243210530e+15 3.29521686558140e+10 8.71155221812693e+14 1.96841451973670e+16 1.22104834549342e+11 2.13482116691299e+20 2.08750012756631e+16 1.93591061648072e+12 9.20902993790167e+17 8.39625423355871e+14 6.77996136164678e+08 7.05492543289225e+11 
2.35667369493367e-02 2.78672388670456e+02 2.78317046213447e+02 2.03402182144562e+20 5.13676999155465e+18 3.65514430874381e+16 4.16634439618659e+15 1.38254621197885e+15 1.26244717401477e+19 3.06440958086340e+15 3.52660331152639e+10 8.15107495518584e+14 2.08616180794719e+16 1.30685241131307e+11 2.13400313826638e+20 2.08544309913232e+16 1.89724825426603e+12 1.00272514225693e+18 8.40884355529085e+14 7.35990841450756e+08 7.71642823474936e+11 
2.54947843369392e-02 2.78677477127868e+02 2.78318807048679e+02 2.02679997705832e+20 5.45492190192958e+18 3.72476735448411e+16 4.15065288580675e+15 1.44534103428251e+15 1.35094142496584e+19 3.12064799992664e+15 3.75103796264435e+10 7.67089929069248e+14 2.19987767246251e+16 1.38929321201859e+11 2.13318550369208e+20 2.08341466867253e+16 1.86142862705023e+12 1.08450749608299e+18 8.42241467395397e+14 7.93720521492085e+08 8.38200072606504e+11 
2.74228317245416e-02 2.78682433039253e+02 2.78320523806031e+02 2.01980479227078e+20 5.76036555401066e+18 3.79165786199264e+16 4.13545310040379e+15 1.50415872463351e+15 1.43745707984792e+19 3.17562558798292e+15 3.96898771876315e+10 7.25496640559040e+14 2.30983087692341e+16 1.46854078229723e+11 2.13236826526733e+20 2.08141416559032e+16 1.82805500867258e+12 1.16624985823328e+18 8.43693186634652e+14 8.51193872440001e+08 9.05151581389570e+11 
3.01039635100218e-02 2.78689111815036e+02 2.78322197775987e+02 2.01044087648131e+20 6.16490831776723e+18 3.88033379089394e+16 4.11510484865065e+15 1.57996173551769e+15 1.55455533120794e+19 3.25003215335645e+15 4.26178513902211e+10 6.76136336856400e+14 2.45687922225561e+16 1.57373104943280e+11 2.13123248187517e+20 2.07867748284218e+16 1.78539918375977e+12 1.27985334337005e+18 8.45862935479232e+14 9.30737149671573e+08 9.98885945828914e+11 
3.27850952955019e-02 2.78695551904071e+02 2.78324456762952e+02 2.00148332314154e+20 6.54709286529416e+18 3.96420852424914e+16 4.09563770078333e+15 1.64951892474829e+15 1.66801929418076e+19 3.32212425901790e+15 4.54335562443420e+10 6.34705522189370e+14 2.59757880136867e+16 1.67345221293686e+11 2.13009747764118e+20 2.07599185720392e+16 1.74651847368568e+12 1.39337822961978e+18 8.48200702418552e+14 1.00985125056720e+09 1.09332596096527e+12 
3.54662270809821e-02 2.78701762841610e+02 2.78326638455058e+02 1.99291468379201e+20 6.90812099227158e+18 4.04354299359764e+16 4.07701359233364e+15 1.71352624511550e+15 1.77795582291854e+19 3.39197095670080e+15 4.81441261033264e+10 5.99103118707071e+14 2.73233333864390e+16 1.76806940770869e+11 2.12896326217901e+20 2.07335566020443e+16 1.71107514545050e+12 1.50682358014423e+18 8.50698615840409e+14 1.08863662507722e+09 1.18843985237469e+12 
3.81473588664622e-02 2.78707753292657e+02 2.78328745807442e+02 1.98471833004365e+20 7.24912928310987e+18 4.11858330024808e+16 4.05919627816190e+15 1.77257838641167e+15 1.88446855635017e+19 3.45963924728305e+15 5.07550874735983e+10 5.68429475637434e+14 2.86147461825850e+16 1.85791873959766e+11 2.12782984524884e+20 2.07076732069855e+16 1.67853514325850e+12 1.62018844253429e+18 8.53349342538116e+14 1.16707308614741e+09 1.28419677745155e+12 
4.08284906519424e-02 2.78713531695366e+02 2.78330781506272e+02 1.97687839461759e+20 7.57119413048292e+18 4.18956214462032e+16 4.04215119760086e+15 1.82718760573034e+15 1.98765814179493e+19 3.52519425019958e+15 5.32719447276532e+10 5.41637810002750e+14 2.98528827511673e+16 1.94331020146365e+11 2.12669723700836e+20 2.06822532200647e+16 1.64861672398776e+12 1.73347182335613e+18 8.56146026399181e+14 1.24521916223408e+09 1.38056698093039e+12 
4.64111670482663e-02 2.78724916970982e+02 2.78332748176541e+02 1.96163334812869e+20 8.18532223609102e+18 4.32525306475797e+16 4.00899762009490e+15 1.92846242362385e+15 2.19227694237832e+19 3.65518322817355e+15 5.82309186885083e+10 4.95451999485485e+14 3.22700941844543e+16 2.10802510996794e+11 2.12434154992206e+20 2.06307475874424e+16 1.59339758378629e+12 1.96908562609953e+18 8.62410100165562e+14 1.40710214393734e+09 1.58307247343244e+12 
5.19938434445902e-02 2.78735483742742e+02 2.78336632246801e+02 1.94774107715487e+20 8.73014819332147e+18 4.44610051763452e+16 3.97877343238435e+15 2.01566704171355e+15 2.38375615530943e+19 3.77683077229137e+15 6.28382612897661e+10 4.59211072473644e+14 3.44863121207151e+16 2.25692415158749e+11 2.12198950061065e+20 2.05810622754413e+16 1.54601495900803e+12 2.20433326831585e+18 8.69226763258223e+14 1.56789338209782e+09 1.78786765830113e+12 
5.75765198409141e-02 2.78745293934525e+02 2.78340248554678e+02 1.93508458963633e+20 9.21330489896331e+18 4.55374376838467e+16 3.95122465361647e+15 2.09141177499022e+15 2.56289985080213e+19 3.89065818808163e+15 6.71252450227366e+10 4.29639244624214e+14 3.65177125131282e+16 2.39194820900139e+11 2.11964117670813e+20 2.05330793783292e+16 1.50502843132027e+12 2.43920615293304e+18 8.76549258867968e+14 1.72794293850386e+09 1.99472780248865e+12 
6.31591962372380e-02 2.78754403784501e+02 2.78343616584542e+02 1.92355783624968e+20 9.64156591667079e+18 4.64963491863407e+16 3.92612127133822e+15 2.15768431432438e+15 2.73046623886969e+19 3.99715637945716e+15 7.11183143049619e+10 4.05204921288224e+14 3.83779018505179e+16 2.51475627338202e+11 2.11729666233076e+20 2.04866889011284e+16 1.46917713796612e+12 2.67369602138585e+18 8.84335990639086e+14 1.88727665713688e+09 2.20344647604633e+12 
6.87418726335619e-02 2.78762865133585e+02 2.78346754113896e+02 1.91306431810449e+20 1.00209647669015e+19 4.73506526704194e+16 3.90325417884212e+15 2.21601517954924e+15 2.88717137611325e+19 4.09678846363608e+15 7.48407998586219e+10 3.84758652199104e+14 4.00791204999383e+16 2.62677408570630e+11 2.11495603518501e+20 2.04417880321216e+16 1.43756795726447e+12 2.90779524413840e+18 8.92549743198993e+14 2.04596168423022e+09 2.41383557307862e+12 
7.71555594891712e-02 2.78774495688683e+02 2.78349677610512e+02 1.89901208961141e+20 1.05119714211317e+19 4.84651939801154e+16 3.87260567546004e+15 2.29150613557355e+15 3.10429238036825e+19 4.23492003894760e+15 7.99846485950936e+10 3.59498911252869e+14 4.23669015925291e+16 2.77785750611181e+11 2.11143596259050e+20 2.03767230082496e+16 1.39645913698878e+12 3.25985417647561e+18 9.05662891017819e+14 2.28413344267087e+09 2.73369512248156e+12 
8.55692463447805e-02 2.78784909852786e+02 2.78353712327231e+02 1.88683893645847e+20 1.09201792816302e+19 4.94022920629842e+16 3.84602446396460e+15 2.35502068976403e+15 3.30042724572195e+19 4.35983510977850e+15 8.46227858839877e+10 3.39304132539994e+14 4.43540160778518e+16 2.91068591400380e+11 2.10792510903131e+20 2.03145214657075e+16 1.36165075875287e+12 3.61098753926580e+18 9.19569378791773e+14 2.52121282310928e+09 3.05645098653829e+12 
9.39829332003898e-02 2.78794240632025e+02 2.78357343058124e+02 1.87630856577203e+20 1.12592189755945e+19 5.01909522935675e+16 3.82300002163924e+15 2.40905140666709e+15 3.47755805879682e+19 4.47281136133071e+15 8.88100787371065e+10 3.22643301264659e+14 4.60717175672467e+16 3.02807054877873e+11 2.10442368697225e+20 2.02549087576518e+16 1.33183633680151e+12 3.96117445084886e+18 9.34180768104085e+14 2.75759508653049e+09 3.38167102256073e+12 
1.02396620055999e-01 2.78802605100803e+02 2.78360612751840e+02 1.86721634889473e+20 1.15404487516240e+19 5.08553289749012e+16 3.80309041232533e+15 2.45534470982676e+15 3.63749020748069e+19 4.57500825194059e+15 9.25932888228967e+10 3.08995440431472e+14 4.75486852213355e+16 3.13230923811340e+11 2.10093187650368e+20 2.01976374450413e+16 1.30607555048743e+12 4.31039722793442e+18 9.49420063502951e+14 2.99300476962745e+09 3.70898543029886e+12 
1.10810306911608e-01 2.78810108329569e+02 2.78363559415958e+02 1.85938406188763e+20 1.17733945788143e+19 5.14156690048550e+16 3.78591086702252e+15 2.49532728972571e+15 3.78186938233885e+19 4.66747972180130e+15 9.60151665007665e+10 2.97276882159240e+14 4.88102832363914e+16 3.22529059695941e+11 2.09744985288903e+20 2.01424845304568e+16 1.28361892058283e+12 4.65863863664222e+18 9.65218855339237e+14 3.22809406705710e+09 4.03808711459984e+12 
1.21567252545933e-01 2.78818591719546e+02 2.78366217336447e+02 1.85096278607383e+20 1.20133140282929e+19 5.20069362457592e+16 3.76739901894146e+15 2.53892311326106e+15 3.94615740028850e+19 4.77303959432016e+15 9.99217719102917e+10 2.84949862355239e+14 5.01462609701342e+16 3.33021087180369e+11 2.09301255660563e+20 2.00747410304314e+16 1.25883998522113e+12 5.10241469076744e+18 9.86138098141133e+14 3.52762630640532e+09 4.46103796118052e+12 
1.32324198180258e-01 2.78825989485206e+02 2.78369242437141e+02 1.84406722218250e+20 1.22011647787397e+19 5.24851621558168e+16 3.75219798659092e+15 2.57575389721796e+15 4.09028476361877e+19 4.86605921292042e+15 1.03366435562599e+11 2.74714805905360e+14 5.12121070422990e+16 3.42189235933849e+11 2.08859178668372e+20 2.00097585450676e+16 1.23767111351988e+12 5.54453463797402e+18 1.00776142110107e+15 3.82650023435990e+09 4.88607748561920e+12 
1.43081143814583e-01 2.78832449877239e+02 2.78371901451233e+02 1.83846026900234e+20 1.23480460971198e+19 5.28739479120803e+16 3.73979584061939e+15 2.60715251409324e+15 4.21675454557240e+19 4.94812402768220e+15 1.06409836378325e+11 2.66156209595791e+14 5.20467221056677e+16 3.50250367833341e+11 2.08418778901470e+20 1.99472071935842e+16 1.21937930935412e+12 5.98497431750622e+18 1.02999140906419e+15 4.12465690989292e+09 5.31282185720917e+12 
1.53838089448908e-01 2.78838100004901e+02 2.78374243458338e+02 1.83394360603233e+20 1.24627063676678e+19 5.31918674129018e+16 3.72976478535367e+15 2.63412950493845e+15 4.32776726030225e+19 5.02062868699017e+15 1.09102519972753e+11 2.58928820692532e+14 5.26841168777480e+16 3.57369294409738e+11 2.07980077439814e+20 1.98868022187986e+16 1.20350773089464e+12 6.42371302283673e+18 1.05274003693191e+15 4.42220147923973e+09 5.74108794901171e+12 
1.64595035083232e-01 2.78843050026559e+02 2.78376310719537e+02 1.83035020943611e+20 1.25520915222109e+19 5.34537670071929e+16 3.72174359348123e+15 2.65749318664129e+15 4.42526031416967e+19 5.08478815461237e+15 1.11490903685932e+11 2.52737233527607e+14 5.31539076861460e+16 3.63692321981144e+11 2.07543093019215e+20 1.98282920345113e+16 1.18956464359827e+12 6.86073234440712e+18 1.07593337851361e+15 4.71926295371298e+09 6.17060952023832e+12 
1.88713866042140e-01 2.78852048461317e+02 2.78378140001189e+02 1.82499764029074e+20 1.26852778233848e+19 5.38902430846380e+16 3.70965440816624e+15 2.69971564238799e+15 4.60276080012816e+19 5.20333645166202e+15 1.15921401831007e+11 2.41709366298429e+14 5.37178857166212e+16 3.75525155072277e+11 2.06569622998981e+20 1.97029586502259e+16 1.16392181214671e+12 7.83427345016754e+18 1.12923939169613e+15 5.38377290741921e+09 7.13741454749531e+12 
2.12832697001047e-01 2.78858838809207e+02 2.78381525358425e+02 1.82237369643567e+20 1.27620767696092e+19 5.41965899328237e+16 3.70353165939317e+15 2.73202116730602e+15 4.73625510788300e+19 5.29491884935106e+15 1.19366059888375e+11 2.33643622512247e+14 5.37978268652170e+16 3.84893750037935e+11 2.05605002211828e+20 1.95841071593310e+16 1.14399998315695e+12 8.79895757090876e+18 1.18380515366066e+15 6.04538942775538e+09 8.10879572348013e+12 
2.36951527959954e-01 2.78864052721725e+02 2.78384155026523e+02 1.82160786319879e+20 1.28094069253695e+19 5.44312740261172e+16 3.70148697690772e+15 2.75772241988803e+15 4.83769609764942e+19 5.36694960460954e+15 1.22095667887858e+11 2.27381788008934e+14 5.35668422172806e+16 3.92490140900062e+11 2.04649323984151e+20 1.94702426508475e+16 1.12795427504487e+12 9.75469339386864e+18 1.23911439730360e+15 6.70514665006048e+09 9.08416232310041e+12 
2.61070358918862e-01 2.78868127194965e+02 2.78386242839935e+02 1.82212938392606e+20 1.28412132061016e+19 5.46254237185111e+16 3.70227703447017e+15 2.77881286109120e+15 4.91566296785997e+19 5.42469659793668e+15 1.24302265276922e+11 2.22466358450304e+14 5.31433605924469e+16 3.98797540619251e+11 2.03702635041920e+20 1.93602999551559e+16 1.11468110488012e+12 1.07014356504744e+19 1.29477646267436e+15 7.36225404555562e+09 1.00630473191887e+13 
2.85189189877769e-01 2.78871373251006e+02 2.78387937399916e+02 1.82355114451093e+20 1.28649389676521e+19 5.47962376332018e+16 3.70505559426794e+15 2.79669252492329e+15 4.97637980944480e+19 5.47195706811011e+15 1.26125187158311e+11 2.18404631707303e+14 5.26066004596400e+16 4.04158947148511e+11 2.02764954888055e+20 1.92535106730392e+16 1.10335572206271e+12 1.16391658975756e+19 1.35050120469481e+15 8.01726965171143e+09 1.10449988167378e+13 
3.23839270792609e-01 2.78875359588969e+02 2.78389344840855e+02 1.82708638783247e+20 1.28955650293425e+19 5.50440652353994e+16 3.71229508658169e+15 2.82070567265481e+15 5.04818588522621e+19 5.53218589295816e+15 1.28477984940752e+11 2.13303045875478e+14 5.16317237999508e+16 4.11343620430097e+11 2.01281072104614e+20 1.90876618434152e+16 1.08816263340507e+12 1.31231240658371e+19 1.43940013018718e+15 9.06073186240846e+09 1.26241902008348e+13 
3.62489351707449e-01 2.78878421182485e+02 2.78391176753626e+02 1.83148926765679e+20 1.29260204006831e+19 5.52821862668422e+16 3.72147347143194e+15 2.84125507757916e+15 5.10038596529753e+19 5.58049800534830e+15 1.30396346941216e+11 2.09212896517174e+14 5.06426638122337e+16 4.17420914385044e+11 1.99820134225379e+20 1.89268718826978e+16 1.07522258756946e+12 1.45841333876975e+19 1.52717432534026e+15 1.00967417346759e+10 1.42091801433814e+13 
4.01139432622289e-01 2.78880938009058e+02 2.78392683857685e+02 1.83633180177031e+20 1.29589857327588e+19 5.55189836300724e+16 3.73164581418072e+15 2.85970321923426e+15 5.14100621586226e+19 5.62174318823870e+15 1.32059755943028e+11 2.05752612613863e+14 4.97073221806350e+16 4.22823213643507e+11 1.98381889949634e+20 1.87701438832829e+16 1.06369459374972e+12 1.60224466214447e+19 1.61336528638532e+15 1.11246849588299e+10 1.57986549129858e+13 
4.39789513537129e-01 2.78883113868078e+02 2.78393997218459e+02 1.84140020911158e+20 1.29939003355631e+19 5.57550638057554e+16 3.74233640139844e+15 2.87674983062609e+15 5.17446008441363e+19 5.65856408565933e+15 1.33566926865539e+11 2.02709256248780e+14 4.88465053235264e+16 4.27796568899540e+11 1.96966016453476e+20 1.86169067359349e+16 1.05310921794773e+12 1.74383873941183e+19 1.69774302651093e+15 1.21441864614967e+10 1.73910568570529e+13 
4.78439594451969e-01 2.78885066443478e+02 2.78395187316995e+02 1.84657605618788e+20 1.30299108058255e+19 5.59897562100883e+16 3.75328049070876e+15 2.89281002414842e+15 5.20332227590822e+19 5.69249796608106e+15 1.34975464416121e+11 1.99956245276553e+14 4.80614035061281e+16 4.32486443070045e+11 1.95572156603898e+20 1.84668058245606e+16 1.04319059996388e+12 1.88323133056932e+19 1.78019705991312e+15 1.31550989739603e+10 1.89848064164471e+13 
5.49491878355118e-01 2.78888285228596e+02 2.78396294943731e+02 1.85615888694968e+20 1.30978401751220e+19 5.64172066539134e+16 3.77358613980330e+15 2.92051743500572e+15 5.24900631986151e+19 5.75010808446868e+15 1.37410570021775e+11 1.95423365558802e+14 4.67952865433202e+16 4.40625383219177e+11 1.93065957010611e+20 1.81983359513790e+16 1.02619711440280e+12 2.13386319764236e+19 1.92667624057524e+15 1.49910065303534e+10 2.19131020812668e+13 
6.20544162258267e-01 2.78891259538384e+02 2.78398189516544e+02 1.86559953122812e+20 1.31661561777549e+19 5.68380136169304e+16 3.79361708445100e+15 2.94666540534539e+15 5.29031682993707e+19 5.80465819446066e+15 1.39763651831111e+11 1.91339906057828e+14 4.57228156659059e+16 4.48434824233713e+11 1.90630586596389e+20 1.79386765729832e+16 1.01028168066013e+12 2.37741193724327e+19 2.06644816886576e+15 1.67972265981326e+10 2.48326664004219e+13 
6.91596446161415e-01 2.78894088083576e+02 2.78399983044418e+02 1.87481439476611e+20 1.32336054207084e+19 5.72507128994306e+16 3.81318315973232e+15 2.97158469702639e+15 5.32942558242062e+19 5.85745238669536e+15 1.42083194601130e+11 1.87597442683929e+14 4.47944429125704e+16 4.56041476103663e+11 1.88263703889842e+20 1.76872609483469e+16 9.95199343303811e+11 2.61411173162573e+19 2.19973561222479e+15 1.85735796371662e+10 2.77366234406607e+13 
7.62648730064564e-01 2.78896791155841e+02 2.78401710226718e+02 1.88380038853454e+20 1.32996048257217e+19 5.76544305547378e+16 3.83227469317490e+15 2.99539057265601e+15 5.36675060426220e+19 5.90873237250791e+15 1.44376724178137e+11 1.84146594854620e+14 4.39708615407407e+16 4.63470488471734e+11 1.85963032199869e+20 1.74437290752980e+16 9.80855371594668e+11 2.84419024738137e+19 2.32693023748063e+15 2.03205595390842e+10 3.06186998628828e+13 
8.33701013967713e-01 2.78899379513713e+02 2.78403378285691e+02 1.89256092140738e+20 1.33639947424973e+19 5.80490254117755e+16 3.85089741102200e+15 3.01818626512762e+15 5.40247819002933e+19 5.95860562427244e+15 1.46646722540073e+11 1.80946834828338e+14 4.32272535032816e+16 4.70731876623884e+11 1.83726420867272e+20 1.72077656370596e+16 9.67177444640903e+11 3.06786254381812e+19 2.44841916406998e+15 2.20388489732980e+10 3.34733248737090e+13 
9.72982710237677e-01 2.78904171877102e+02 2.78404991103143e+02 1.90907090604143e+20 1.34855276290283e+19 5.87967656486114e+16 3.88601728695102e+15 3.06027774507961e+15 5.46882766486170e+19 6.05286210786854e+15 1.51044604057413e+11 1.75285648035807e+14 4.19526583672932e+16 4.84530314679038e+11 1.79520395905636e+20 1.67660459919712e+16 9.42062664359611e+11 3.48848638118870e+19 2.67124929883520e+15 2.53253491715401e+10 3.89725287036988e+13 
1.11226440650764e+00 2.78908638971890e+02 2.78408010971193e+02 1.92472422894075e+20 1.36007948814185e+19 5.95111643520622e+16 3.91934078038199e+15 3.09930728846768e+15 5.53109060576088e+19 6.14295323948734e+15 1.55383214413797e+11 1.70304142641887e+14 4.08533603316463e+16 4.97794462304435e+11 1.75538627834413e+20 1.63502379302059e+16 9.18925208430129e+11 3.88668379653199e+19 2.87564443431208e+15 2.85055650935020e+10 4.43230508474605e+13 
1.25154610277761e+00 2.78912812064287e+02 2.78410861069229e+02 1.93956376972652e+20 1.37100674677562e+19 6.01935447782102e+16 3.95095438705248e+15 3.13557262287399e+15 5.58968432432630e+19 6.22913184338335e+15 1.59661617095982e+11 1.65906063281911e+14 3.98901624858820e+16 5.10544603611394e+11 1.71767941464632e+20 1.59585566060451e+16 8.97544518661992e+11 4.26377229254032e+19 3.06356865483241e+15 3.15811368094434e+10 4.95078801342966e+13 
1.39082779904757e+00 2.78916711121042e+02 2.78413553806063e+02 1.95363801446047e+20 1.38137033250920e+19 6.08452634156603e+16 3.98095831843264e+15 3.16933046806555e+15 5.64478636885934e+19 6.31150738345407e+15 1.63873625834223e+11 1.62004701016957e+14 3.90422249675363e+16 5.22787855454514e+11 1.68196208881808e+20 1.55894010542991e+16 8.77733787371720e+11 4.62096464834441e+19 3.23675828065187e+15 3.45542084333340e+10 5.45151928062865e+13 
1.53010949531753e+00 2.78920357852912e+02 2.78416097631898e+02 1.96698849718923e+20 1.39120209161233e+19 6.14676123018464e+16 4.00943813813502e+15 3.20084562674107e+15 5.69662373548966e+19 6.39022616332504e+15 1.68015213042282e+11 1.58507951283933e+14 3.82910651735198e+16 5.34536112157435e+11 1.64812269948090e+20 1.52413153989547e+16 8.59308660480733e+11 4.95937687916898e+19 3.39666045063616e+15 3.74276464881486e+10 5.93397275199010e+13 
1.88881215389398e+00 2.78928723025200e+02 2.78418501678357e+02 1.99828074604451e+20 1.41425129728522e+19 6.29429747874299e+16 4.07626165188411e+15 3.27296726413230e+15 5.81678792815484e+19 6.57724220274575e+15 1.78340150516896e+11 1.51019547345510e+14 3.67011586009859e+16 5.62611735493920e+11 1.56893375598645e+20 1.44329274911185e+16 8.17352184171525e+11 5.75131005361102e+19 3.75614618038513e+15 4.43782145950273e+10 7.08818431704807e+13 
2.24751481247043e+00 2.78935825410593e+02 2.78424107411769e+02 2.02558835905489e+20 1.43437189828366e+19 6.42503036308605e+16 4.13465561918408e+15 3.33414308027474e+15 5.92028872731105e+19 6.74352401138537e+15 1.88138864353962e+11 1.45181670249727e+14 3.54692876488837e+16 5.87745428114772e+11 1.49995821791080e+20 1.37357727281882e+16 7.81931705387600e+11 6.44110440050005e+19 4.05336458367407e+15 5.07092422683049e+10 8.11860757248423e+13 
2.60621747104689e+00 2.78941881560728e+02 2.78428968733290e+02 2.04942599065554e+20 1.45194062725913e+19 6.54072446423342e+16 4.18568944026610e+15 3.38633207835891e+15 6.00971149058606e+19 6.89118888236791e+15 1.97375861859498e+11 1.40547664992626e+14 3.44943249630119e+16 6.10178455455231e+11 1.43983566389145e+20 1.31332980441053e+16 7.51773890047511e+11 7.04236448863113e+19 4.30124894181816e+15 5.64540267777055e+10 9.03217167334657e+13 
2.96492012962334e+00 2.78947061962845e+02 2.78433190289686e+02 2.07023606149478e+20 1.46728308609605e+19 6.64296299386267e+16 4.23028718660316e+15 3.43105788087740e+15 6.08710534996707e+19 7.02209705961818e+15 2.06023435206803e+11 1.36809540247184e+14 3.37141202017095e+16 6.30141913101405e+11 1.38741283949588e+20 1.26118793970808e+16 7.25931700601794e+11 7.56662325416815e+19 4.50941101694584e+15 6.16472308547180e+10 9.83835456271803e+13 
3.32362278819979e+00 2.78951505164482e+02 2.78436859085571e+02 2.08840067387534e+20 1.48067997559158e+19 6.73317874479508e+16 4.26925009121938e+15 3.46951992735949e+15 6.15418640115906e+19 7.13795623371555e+15 2.14065747665637e+11 1.33754118939853e+14 3.30806922334354e+16 6.47860899128508e+11 1.34169900325065e+20 1.21601193927677e+16 7.03683545444558e+11 8.02378850760285e+19 4.68518850562028e+15 6.63245180165015e+10 1.05474245927315e+14 
3.90750785198808e+00 2.78957441482279e+02 2.78440049272913e+02 2.11313303578056e+20 1.49892847532998e+19 6.85752465052924e+16 4.32235237847412e+15 3.52110785699979e+15 6.24487688109060e+19 7.29821594800213e+15 2.25846140556953e+11 1.29861661473799e+14 3.22780211282433e+16 6.72433390374781e+11 1.27951728405314e+20 1.15499393974748e+16 6.73751681771101e+11 8.64564264353800e+19 4.91623966684826e+15 7.29245835634052e+10 1.15188015499685e+14 
4.49139291577638e+00 2.78962102213037e+02 2.78444375546373e+02 2.13294668841192e+20 1.51355331756669e+19 6.95842230382635e+16 4.36493628264840e+15 3.56174299630095e+15 6.31701958214830e+19 7.42875416332592e+15 2.36052394493273e+11 1.26995723310941e+14 3.16826693821115e+16 6.92494730553229e+11 1.22975040626766e+20 1.10651371537149e+16 6.50109193052201e+11 9.14334129100270e+19 5.09453067616990e+15 7.84100113383763e+10 1.23022083744208e+14 
5.07527797956467e+00 2.78965783008087e+02 2.78447826057583e+02 2.14882682025805e+20 1.52527998619542e+19 7.04015895920491e+16 4.39909374470870e+15 3.59402281002517e+15 6.37456229283124e+19 7.53486005893463e+15 2.44792196521298e+11 1.24772863985442e+14 3.12278619523165e+16 7.08819168611301e+11 1.18988939047831e+20 1.06790658936130e+16 6.31197293217858e+11 9.54197550350451e+19 5.23379298214206e+15 8.29518078744777e+10 1.29301595950878e+14 
5.65916304335296e+00 2.78968693027955e+02 2.78450583766681e+02 2.16155521484864e+20 1.53468168595934e+19 7.10621481594344e+16 4.42648923979917e+15 3.61959185514569e+15 6.42047139208335e+19 7.62081856884350e+15 2.52184665717439e+11 1.23109640582348e+14 3.08825001989404e+16 7.22060993202989e+11 1.15795972714636e+20 1.03712694751097e+16 6.16196896610802e+11 9.86129154296087e+19 5.34247740477175e+15 8.66780467445276e+10 1.34365351126123e+14 
6.24304810714126e+00 2.78971002450911e+02 2.78452786888036e+02 2.17175170675451e+20 1.54221559476248e+19 7.15950967939002e+16 4.44844669062504e+15 3.63996496527022e+15 6.45714282062601e+19 7.69033079861625e+15 2.58379837013807e+11 1.21799603979527e+14 3.06152137773463e+16 7.32770400111395e+11 1.13239114562177e+20 1.01256800869898e+16 6.04167455275475e+11 1.01169929272388e+20 5.42834140198308e+15 8.97295899768382e+10 1.38411507937585e+14 
7.10699150023057e+00 2.78973572109851e+02 2.78454548630514e+02 2.18319807555623e+20 1.55067570132004e+19 7.21972868138783e+16 4.47310753168978e+15 3.66275140998503e+15 6.49820366987567e+19 7.76903895586480e+15 2.65641978228482e+11 1.20347205606782e+14 3.03185368299090e+16 7.44905339130509e+11 1.10369822819766e+20 9.85107560471358e+15 5.90650094392259e+11 1.04039396519494e+20 5.52289941659475e+15 9.32244810584853e+10 1.42964420544842e+14 
7.97093489331988e+00 2.78975404722109e+02 2.78456522987593e+02 2.19143546632258e+20 1.55676513984198e+19 7.26332868747440e+16 4.49086239770701e+15 3.67902502177231e+15 6.52767920796759e+19 7.82613841401828e+15 2.71083733141499e+11 1.19348428721781e+14 3.01113555892260e+16 7.53709112516844e+11 1.08305626155881e+20 9.65413150841047e+15 5.80967321452233e+11 1.06103719752719e+20 5.59000413181730e+15 9.57842605261274e+10 1.46240988047728e+14 
8.83487828640919e+00 2.78976719743396e+02 2.78457940941589e+02 2.19737910824845e+20 1.56115982690757e+19 7.29494716316034e+16 4.50367739464794e+15 3.69071940609312e+15 6.54892532327105e+19 7.86762383177149e+15 2.75153230449831e+11 1.18640048856096e+14 2.99664408681830e+16 7.60097800302146e+11 1.06816399825508e+20 9.51232744410931e+15 5.73969199115903e+11 1.07593037267380e+20 5.63828214018296e+15 9.76617137318087e+10 1.48591021139840e+14 
9.69882167949850e+00 2.78977661724494e+02 2.78458963106332e+02 2.20167133379962e+20 1.56433317852335e+19 7.31781066968026e+16 4.51293369934321e+15 3.69908432207989e+15 6.56420576813820e+19 7.89761278436292e+15 2.78122516914012e+11 1.18165260578053e+14 2.98677958222892e+16 7.64730624228968e+11 1.05741561186368e+20 9.41021063881835e+15 5.68996209285039e+11 1.08667942411660e+20 5.67217330172233e+15 9.90176315991755e+10 1.50317731339380e+14 
1.05627650725878e+01 2.78978340264250e+02 2.78459699105148e+02 2.20476386103051e+20 1.56662042016426e+19 7.33434870756732e+16 4.51960413540213e+15 3.70514377230184e+15 6.57522435539075e+19 7.91934185458882e+15 2.80300185609934e+11 1.17801918341426e+14 2.97948625574015e+16 7.68078275334368e+11 1.04967041120332e+20 9.33667286420634e+15 5.65353943776813e+11 1.09442510074049e+20 5.69689145575758e+15 1.00009594849262e+11 1.51544988370537e+14 
1.17933477559263e+01 2.78978984955380e+02 2.78460229866018e+02 2.20770710385012e+20 1.56879735931032e+19 7.35010297049498e+16 4.52595331556754e+15 3.71091506173352e+15 6.58571044917586e+19 7.94004771252062e+15 2.82401500852199e+11 1.17454888307397e+14 2.97232985821668e+16 7.71274942168222e+11 1.04229918941430e+20 9.26678829486126e+15 5.61889091487195e+11 1.10179677726805e+20 5.72013625544667e+15 1.00955894663941e+11 1.52715109531301e+14 
1.30239304392648e+01 2.78979387278278e+02 2.78460734974619e+02 2.20955138048791e+20 1.57016145264067e+19 7.35999959523188e+16 4.52993236499319e+15 3.71451272698920e+15 6.59227406329303e+19 7.95306625081757e+15 2.83739894418676e+11 1.17244995931964e+14 2.96796094574216e+16 7.73282606918333e+11 1.03768095105525e+20 9.22303786952708e+15 5.59725999783735e+11 1.10641530212786e+20 5.73466695902609e+15 1.01553191375534e+11 1.53448906357947e+14 
1.42545131226033e+01 2.78979641965543e+02 2.78461051025393e+02 2.21071949776357e+20 1.57102550358108e+19 7.36627062479874e+16 4.53245268796712e+15 3.71679079854084e+15 6.59642879311198e+19 7.96131557273900e+15 2.84590594901955e+11 1.17111651141273e+14 2.96526327271181e+16 7.74554655222281e+11 1.03475609152610e+20 9.19533524458366e+15 5.58354332086128e+11 1.10934034499019e+20 5.74386297884725e+15 1.01932307622103e+11 1.53913508485424e+14 
1.54850958059418e+01 2.78979803282067e+02 2.78461251220340e+02 2.21145944684870e+20 1.57157283170228e+19 7.37024349235143e+16 4.53404920771332e+15 3.71823297234915e+15 6.59906115755756e+19 7.96654231598398e+15 2.85129773410354e+11 1.17027930907743e+14 2.96354235218357e+16 7.75360709262086e+11 1.03290327801467e+20 9.17778782093505e+15 5.57487128662768e+11 1.11119327541394e+20 5.74968619220055e+15 1.02172292843457e+11 1.54207884383547e+14 
1.67156784892802e+01 2.78979904630180e+02 2.78461378060796e+02 2.21192427941303e+20 1.57191665914115e+19 7.37273973222844e+16 4.53505214193577e+15 3.71913942448609e+15 6.60071491001547e+19 7.96982673258695e+15 2.85469226131738e+11 1.16974974023682e+14 2.96245192171208e+16 7.75867162074453e+11 1.03173934092710e+20 9.16676516350903e+15 5.56941394999275e+11 1.11235728593837e+20 5.75334312488029e+15 1.02323260200371e+11 1.54392793634219e+14 
1.92221138110938e+01 2.78979999887787e+02 2.78461457757427e+02 2.21236120119425e+20 1.57223984468121e+19 7.37508593728993e+16 4.53599485529257e+15 3.71999119779238e+15 6.60226918870132e+19 7.97291355754744e+15 2.85788112158192e+11 1.16925351047446e+14 2.96143271695062e+16 7.76343165940410e+11 1.03064530753373e+20 9.15640438654937e+15 5.56428801802893e+11 1.11345138832172e+20 5.75678072033777e+15 1.02465105887005e+11 1.54566603306945e+14 
2.17285491329073e+01 2.78980037258552e+02 2.78461532674604e+02 2.21253662123944e+20 1.57236966490587e+19 7.37604124281491e+16 4.53637372067435e+15 3.72032894733785e+15 6.60289013185525e+19 7.97417628080774e+15 2.85928405975373e+11 1.16906714295536e+14 2.96104766619346e+16 7.76537882456724e+11 1.03020634682282e+20 9.15227750304548e+15 5.56223281171624e+11 1.11389038142659e+20 5.75811387329592e+15 1.02524472733182e+11 1.54636382778556e+14 
2.42349844547208e+01 2.78980058384081e+02 2.78461562414734e+02 2.21263294759068e+20 1.57244091963467e+19 7.37655676232337e+16 4.53658150744721e+15 3.72051745520229e+15 6.60323308400233e+19 7.97485367095059e+15 2.85997772535293e+11 1.16895485681694e+14 2.96082111127466e+16 7.76642280186384e+11 1.02996511904762e+20 9.14998848235750e+15 5.56109900396635e+11 1.11413163247454e+20 5.75887974873877e+15 1.02555485329092e+11 1.54674665049314e+14 
2.67414197765344e+01 2.78980069691591e+02 2.78461578981327e+02 2.21268320152468e+20 1.57247805564747e+19 7.37682097373870e+16 4.53668978838332e+15 3.72061696654023e+15 6.60341312260758e+19 7.97519881863988e+15 2.86028069760594e+11 1.16889381173747e+14 2.96069462686359e+16 7.76695617994500e+11 1.02983916763519e+20 9.14878399519500e+15 5.56051295347301e+11 1.11425759804733e+20 5.75929176550336e+15 1.02570682404251e+11 1.54694725441960e+14 
2.92478550983479e+01 2.78980073456419e+02 2.78461587736260e+02 2.21269944391477e+20 1.57249005360435e+19 7.37690501129071e+16 4.53672474099125e+15 3.72064977548625e+15 6.60347176681285e+19 7.97530805594147e+15 2.86037315253502e+11 1.16887169313923e+14 2.96065010754471e+16 7.76712414115401e+11 1.02979841589600e+20 9.14839037933950e+15 5.56031983653250e+11 1.11429835479800e+20 5.75943228049589e+15 1.02575412735944e+11 1.54701159351915e+14 
3.80531884870496e+01 2.78980076465882e+02 2.78461590609169e+02 2.21271310343144e+20 1.57250015397052e+19 7.37697785959425e+16 4.53675420174436e+15 3.72067652171149e+15 6.60352046981308e+19 7.97540368259468e+15 2.86046776478710e+11 1.16885594175245e+14 2.96061747373063e+16 7.76727174119285e+11 1.02976420054882e+20 9.14806535222046e+15 5.56016018860603e+11 1.11433257772946e+20 5.75954104877425e+15 1.02579745831094e+11 1.54706607034616e+14 
4.68585218757512e+01 2.78980073775107e+02 2.78461592963955e+02 2.21269941623035e+20 1.57249000835221e+19 7.37689996824379e+16 4.53672454277540e+15 3.72065125835899e+15 6.60347284157240e+19 7.97529929473066e+15 2.86033117551088e+11 1.16886714920489e+14 2.96064155980157e+16 7.76711051103396e+11 1.02979837775802e+20 9.14837882985205e+15 5.56031923618484e+11 1.11429839125773e+20 5.75944947457689e+15 1.02574526564675e+11 1.54701152168421e+14 
5.56638552644529e+01 2.78980072984379e+02 2.78461590731068e+02 2.21269680908631e+20 1.57248809495908e+19 7.37688919255077e+16 4.53671900855986e+15 3.72064508971487e+15 6.60346275279504e+19 7.97528649928852e+15 2.86033732299464e+11 1.16887349164630e+14 2.96065366640936e+16 7.76709115449126e+11 1.02980498391835e+20 9.14844905067282e+15 5.56035157913198e+11 1.11429177845147e+20 5.75941659154190e+15 1.02574235970092e+11 1.54700127202736e+14 
6.44691886531546e+01 2.78980073310509e+02 2.78461590197115e+02 2.21269866770218e+20 1.57248947762525e+19 7.37690046499132e+16 4.53672305225407e+15 3.72064837479975e+15 6.60346909761020e+19 7.97530190757663e+15 2.86036535317651e+11 1.16887225618907e+14 2.96065119720102e+16 7.76711462596957e+11 1.02980035529200e+20 9.14840786527589e+15 5.56032887531044e+11 1.11429640550468e+20 5.75942749194710e+15 1.02575095725891e+11 1.54700848923674e+14 
1.52522522540171e+02 2.78980073530940e+02 2.78461590485050e+02 2.21269963369479e+20 1.57249019081525e+19 7.37690544628561e+16 4.53672513101332e+15 3.72065028976539e+15 6.60347255640252e+19 7.97530835810018e+15 2.86036960696490e+11 1.16887111238965e+14 2.96064883543028e+16 7.76712469934006e+11 1.02979793654106e+20 9.14838461494787e+15 5.56031797461641e+11 1.11429882178711e+20 5.75943544024662e+15 1.02575363204931e+11 1.54701239150474e+14 
2.40575856427188e+02 2.78980073516090e+02 2.78461590654427e+02 2.21269957353953e+20 1.57249014642275e+19 7.37690514769427e+16 4.53672500199586e+15 3.72065016368169e+15 6.60347233572384e+19 7.97530797549550e+15 2.86036924992357e+11 1.16887120960668e+14 2.96064902613770e+16 7.76712411746121e+11 1.02979808771973e+20 9.14838610900171e+15 5.56031870956506e+11 1.11429867076697e+20 5.75943486334140e+15 1.02575347388415e+11 1.54701215497228e+14 
3.28629190314205e+02 2.78980073516324e+02 2.78461590643434e+02 2.21269956590636e+20 1.57249014063265e+19 7.37690507881007e+16 4.53672498473019e+15 3.72065015793177e+15 6.60347231564685e+19 7.97530787298322e+15 2.86036897713527e+11 1.16887119049704e+14 2.96064899154103e+16 7.76712395664997e+11 1.02979810620483e+20 9.14838621844054e+15 5.56031878751651e+11 1.11429865228492e+20 5.75943490725926e+15 1.02575340069897e+11 1.54701212416667e+14 
4.28629190314205e+02 2.78980073516239e+02 2.78461590642866e+02 2.21269956596094e+20 1.57249014067810e+19 7.37690508030860e+16 4.53672498488763e+15 3.72065015748717e+15 6.60347231541277e+19 7.97530787540867e+15 2.86036898542490e+11 1.16887119232740e+14 2.96064899494960e+16 7.76712396104699e+11 1.02979810611412e+20 9.14838622093599e+15 5.56031878948406e+11 1.11429865237619e+20 5.75943490152273e+15 1.02575340263623e+11 1.54701212472331e+14 
5.28629190314205e+02 2.78980073516248e+02 2.78461590642837e+02 2.21269956600181e+20 1.57249014070842e+19 7.37690508053337e+16 4.53672498497630e+15 3.72065015756974e+15 6.60347231555932e+19 7.97530787570654e+15 2.86036898597396e+11 1.16887119226354e+14 2.96064899483656e+16 7.76712396149088e+11 1.02979810601362e+20 9.14838621997783e+15 5.56031878893802e+11 1.11429865247718e+20 5.75943490187504e+15 1.02575340279248e+11 1.54701212487118e+14 
6.28629190314205e+02 2.78980073516248e+02 2.78461590642844e+02 2.21269956600373e+20 1.57249014070979e+19 7.37690508053977e+16 4.53672498498053e+15 3.72065015756899e+15 6.60347231556278e+19 7.97530787571128e+15 2.86036898586543e+11 1.16887119228291e+14 2.96064899487445e+16 7.76712396151442e+11 1.02979810600927e+20 9.14838621994381e+15 5.56031878898828e+11 1.11429865248169e+20 5.75943490184900e+15 1.02575340278136e+11 1.54701212489133e+14 
7.28629190314205e+02 2.78980073516248e+02 2.78461590642844e+02 2.21269956600348e+20 1.57249014070960e+19 7.37690508053753e+16 4.53672498497994e+15 3.72065015756901e+15 6.60347231556228e+19 7.97530787570814e+15 2.86036898584623e+11 1.16887119228150e+14 2.96064899487172e+16 7.76712396150917e+11 1.02979810600964e+20 9.14838621994510e+15 5.56031878898897e+11 1.11429865248135e+20 5.75943490185215e+15 1.02575340277885e+11 1.54701212489052e+14 
8.28629190314205e+02 2.78980073516248e+02 2.78461590642844e+02 2.21269956600368e+20 1.57249014070974e+19 7.37690508053829e+16 4.53672498498045e+15 3.72065015756927e+15 6.60347231556280e+19 7.97530787570862e+15 2.86036898584735e+11 1.16887119228177e+14 2.96064899487247e+16 7.76712396151097e+11 1.02979810600968e+20 9.14838621994507e+15 5.56031878898966e+11 1.11429865248133e+20 5.75943490185161e+15 1.02575340277874e+11 1.54701212489044e+14 
9.28629190314205e+02 2.78980073516249e+02 2.78461590642844e+02 2.21269956600399e+20 1.57249014070997e+19 7.37690508053959e+16 4.53672498498122e+15 3.72065015756974e+15 6.60347231556360e+19 7.97530787570955e+15 2.86036898584801e+11 1.16887119228186e+14 2.96064899487301e+16 7.76712396151410e+11 1.02979810600970e+20 9.14838621994493e+15 5.56031878898962e+11 1.11429865248127e+20 5.75943490185077e+15 1.02575340277870e+11 1.54701212488998e+14 
1.00000000000000e+03 2.78980073516249e+02 2.78461590642844e+02 2.21269956600425e+20 1.57249014071015e+19 7.37690508054063e+16 4.53672498498182e+15 3.72065015757012e+15 6.60347231556425e+19 7.97530787571028e+15 2.86036898584823e+11 1.16887119228196e+14 2.96064899487348e+16 7.76712396151659e+11 1.02979810600971e+20 9.14838621994477e+15 5.56031878898962e+11 1.11429865248121e+20 5.75943490185005e+15 1.02575340277865e+11 1.54701212488961e+14 
