Time(s)              GasTemp(K)           NearWallTemp(K)      [O2(X)](m^-3)        [O2(a1Dg)](m^-3)     [O2(b1Sg+)](m^-3)    [O2(A3Su+_C3Du_c1Su-)](m^-3) [O2(+,X)](m^-3)      [O(3P)](m^-3)        [O(1D)](m^-3)        [O(+,gnd)](m^-3)     [O(-,gnd)](m^-3)     [O3(X)](m^-3)        [O3(exc)](m^-3)      [CO2(X)](m^-3)       [CO2(e1)](m^-3)      [CO2(+,X)](m^-3)     [CO(X)](m^-3)        [CO(a3P)](m^-3)      [CO(+,X)](m^-3)      [C(X)](m^-3)        
0.00000000000000e+00 4.50279763680000e+02 3.80358393656000e+02 4.12198235971697e+22 4.12198235971697e-03 4.12198235971697e-03 4.12198235971697e-03 0.00000000000000e+00 0.00000000000000e+00 0.00000000000000e+00 0.00000000000000e+00 0.00000000000000e+00 0.00000000000000e+00 0.00000000000000e+00 0.00000000000000e+00 0.00000000000000e+00 0.00000000000000e+00 0.00000000000000e+00 0.00000000000000e+00 0.00000000000000e+00 0.00000000000000e+00 
6.44977598081896e-17 4.50279763679996e+02 3.99380774848576e+02 4.12198235971697e+22 1.21679083457570e+07 2.88477883136375e+06 3.72049308490448e+06 1.54192324952732e+02 9.40211336580887e+06 1.30616288341716e+06 2.52109818090110e-03 4.81423204708082e+05 1.08016877636893e-06 1.62548056953780e-10 0.00000000000000e+00 0.00000000000000e+00 0.00000000000000e+00 0.00000000000000e+00 0.00000000000000e+00 0.00000000000000e+00 0.00000000000000e+00 
1.28995519616379e-16 4.50279763679991e+02 3.99380774848573e+02 4.12198235971697e+22 2.43358166873969e+07 5.76955765870622e+06 7.44098616568453e+06 3.08384649905463e+02 1.88042267317492e+07 2.61232576670289e+06 5.04219636170117e-03 9.62846409414913e+05 3.40914027309414e-06 5.13020871738250e-10 0.00000000000000e+00 0.00000000000000e+00 0.00000000000000e+00 0.00000000000000e+00 0.00000000000000e+00 0.00000000000000e+00 0.00000000000000e+00 
1.93493279424569e-16 4.50279763679987e+02 3.99380774848570e+02 4.12198235971697e+22 3.65037250290418e+07 8.65433648615152e+06 1.11614792464621e+07 4.62576974858193e+02 2.82063400978236e+07 3.91848864985442e+06 7.56329454239806e-03 1.44426961412047e+06 7.01324130843251e-06 1.05538020778377e-09 0.00000000000000e+00 0.00000000000000e+00 0.00000000000000e+00 0.00000000000000e+00 0.00000000000000e+00 0.00000000000000e+00 0.00000000000000e+00 
4.74899841159305e-16 4.50279763679969e+02 3.99380774848568e+02 4.12198235971696e+22 8.95928440947626e+07 2.12407533428481e+07 2.73941541320911e+07 1.13532486780629e+03 6.92281740863241e+07 9.61733473399431e+06 1.85629567455941e-02 3.54474022236330e+06 3.66607335413958e-05 5.51685174969988e-09 0.00000000000000e+00 0.00000000000000e+00 0.00000000000000e+00 0.00000000000000e+00 0.00000000000000e+00 0.00000000000000e+00 0.00000000000000e+00 
7.56306402894041e-16 4.50279763679950e+02 3.99380774848555e+02 4.12198235971694e+22 1.42681963160577e+08 3.38271702014665e+07 4.36268290176734e+07 1.80807276075436e+03 1.10250008077332e+08 1.53161808156261e+07 2.95626189468620e-02 5.64521083058226e+06 9.01394840077834e-05 1.35645450060393e-08 0.00000000000000e+00 0.00000000000000e+00 0.00000000000000e+00 0.00000000000000e+00 0.00000000000000e+00 0.00000000000000e+00 0.00000000000000e+00 
1.03771296462878e-15 4.50279763679931e+02 3.99380774848543e+02 4.12198235971693e+22 1.95771082226487e+08 4.64135870620371e+07 5.98595039032083e+07 2.48082065370240e+03 1.51271842070888e+08 2.10150268947103e+07 4.05622811461712e-02 7.74568143877697e+06 1.67825859012208e-04 2.52550970627220e-08 0.00000000000000e+00 0.00000000000000e+00 0.00000000000000e+00 0.00000000000000e+00 0.00000000000000e+00 0.00000000000000e+00 0.00000000000000e+00 
1.31911952636351e-15 4.50279763679913e+02 3.99380774848531e+02 4.12198235971692e+22 2.48860201292492e+08 5.90000039245706e+07 7.60921787886955e+07 3.15356854665042e+03 1.92293676067006e+08 2.67138729712327e+07 5.15619433435112e-02 9.84615204694729e+06 2.69852685694486e-04 4.06084962718011e-08 0.00000000000000e+00 0.00000000000000e+00 0.00000000000000e+00 0.00000000000000e+00 0.00000000000000e+00 0.00000000000000e+00 0.00000000000000e+00 
2.15428868910565e-15 4.50279763679858e+02 3.99380774848519e+02 4.12198235971689e+22 4.06420120463910e+08 9.63544535559574e+07 1.24268132503229e+08 5.15017548796088e+03 3.14039844833420e+08 4.36271264246556e+07 8.42071617346562e-02 1.60800090982382e+07 7.16143091207376e-04 1.07768036389384e-07 0.00000000000000e+00 0.00000000000000e+00 0.00000000000000e+00 0.00000000000000e+00 0.00000000000000e+00 0.00000000000000e+00 0.00000000000000e+00 
2.98945785184778e-15 4.50279763679802e+02 3.99380774848482e+02 4.12198235971686e+22 5.63980039636171e+08 1.33708903204652e+08 1.72444086217342e+08 7.14678242927112e+03 4.35786013622421e+08 6.05403798554916e+07 1.16852380108437e-01 2.23138661493141e+07 1.37705017416067e-03 2.07223940455230e-07 0.00000000000000e+00 0.00000000000000e+00 0.00000000000000e+00 0.00000000000000e+00 0.00000000000000e+00 0.00000000000000e+00 0.00000000000000e+00 
3.82462701458991e-15 4.50279763679747e+02 3.99380774848446e+02 4.12198235971683e+22 7.21539958809276e+08 1.71063352870654e+08 2.20620039931034e+08 9.14338937058114e+03 5.57532182434008e+08 7.74536332637399e+07 1.49497598464853e-01 2.85477232001750e+07 2.25258060833547e-03 3.38977212773103e-07 0.00000000000000e+00 0.00000000000000e+00 0.00000000000000e+00 0.00000000000000e+00 0.00000000000000e+00 0.00000000000000e+00 0.00000000000000e+00 
4.65979617733204e-15 4.50279763679692e+02 3.99380774848409e+02 4.12198235971680e+22 8.79099877983225e+08 2.08417802553965e+08 2.68795993644307e+08 1.11399963118909e+04 6.79278351268181e+08 9.43668866494007e+07 1.82142816803905e-01 3.47815802508208e+07 3.34273287795948e-03 5.03027625250680e-07 0.00000000000000e+00 0.00000000000000e+00 0.00000000000000e+00 0.00000000000000e+00 0.00000000000000e+00 0.00000000000000e+00 0.00000000000000e+00 
1.30114878047534e-14 4.50279763679140e+02 3.99380774848373e+02 4.12198235971648e+22 2.45469906976910e+09 5.81962300338999e+08 7.50555530753917e+08 3.11060657249763e+04 1.89674004085215e+09 2.63499419263711e+08 5.08594999239379e-01 9.71201507454539e+07 2.60483276370650e-02 3.91985506596245e-06 0.00000000000000e+00 0.00000000000000e+00 0.00000000000000e+00 0.00000000000000e+00 0.00000000000000e+00 0.00000000000000e+00 0.00000000000000e+00 
2.13631794321747e-14 4.50279763678588e+02 3.99380774848010e+02 4.12198235971616e+22 4.03029826163932e+09 9.55506799854817e+08 1.23231506782150e+09 5.10721351380389e+04 3.11420173269475e+09 4.32631949619293e+08 8.35047179938410e-01 1.59458721218586e+08 7.02159141223001e-02 1.05663676650562e-05 0.00000000000000e+00 0.00000000000000e+00 0.00000000000000e+00 0.00000000000000e+00 0.00000000000000e+00 0.00000000000000e+00 0.00000000000000e+00 
2.97148710595960e-14 4.50279763678036e+02 3.99380774847646e+02 4.12198235971585e+22 5.60589745359388e+09 1.32905130110142e+09 1.71407460484707e+09 7.10382045510787e+04 4.33166342679596e+09 6.01764477716148e+08 1.16149935890100e+00 2.21797291670217e+08 1.35845473752072e-01 2.04425626330371e-05 0.00000000000000e+00 0.00000000000000e+00 0.00000000000000e+00 0.00000000000000e+00 0.00000000000000e+00 0.00000000000000e+00 0.00000000000000e+00 
3.80665626870174e-14 4.50279763677484e+02 3.99380774847282e+02 4.12198235971553e+22 7.18149664563280e+09 1.70259580407880e+09 2.19583414183061e+09 9.10042739640958e+04 5.54912512315579e+09 7.70897003554278e+08 1.48795153612715e+00 2.84135862100347e+08 2.22937003524476e-01 3.35484395252227e-05 0.00000000000000e+00 0.00000000000000e+00 0.00000000000000e+00 0.00000000000000e+00 0.00000000000000e+00 0.00000000000000e+00 0.00000000000000e+00 
1.21583478961231e-13 4.50279763671965e+02 3.99380774846919e+02 4.12198235971238e+22 2.29374885706609e+10 5.43804092904566e+09 7.01342950935467e+09 2.90664968093016e+05 1.77237422109781e+10 2.46222213770564e+09 4.75247321288438e+00 9.07521565219085e+08 2.27426071946508e+00 3.42239725916247e-04 0.00000000000000e+00 0.00000000000000e+00 0.00000000000000e+00 0.00000000000000e+00 0.00000000000000e+00 0.00000000000000e+00 0.00000000000000e+00 
2.05100395235444e-13 4.50279763666446e+02 3.99380774843283e+02 4.12198235970922e+22 3.86934805041235e+10 9.17348622709072e+09 1.18310248726763e+10 4.90325662219662e+05 2.98983595246622e+10 4.15354704598443e+09 8.01699471599751e+00 1.53090726618772e+09 6.47178153892642e+00 9.73899226220101e-04 0.00000000000000e+00 0.00000000000000e+00 0.00000000000000e+00 0.00000000000000e+00 0.00000000000000e+00 0.00000000000000e+00 0.00000000000000e+00 
2.88617311509657e-13 4.50279763660926e+02 3.99380774839648e+02 4.12198235970607e+22 5.44494724460207e+10 1.29089316982140e+10 1.66486202317956e+10 6.89986356344033e+05 4.20729770642082e+10 5.84487172839067e+09 1.12815160454666e+01 2.15429296500624e+09 1.28154994660121e+01 1.92852694779103e-03 0.00000000000000e+00 0.00000000000000e+00 0.00000000000000e+00 0.00000000000000e+00 0.00000000000000e+00 0.00000000000000e+00 0.00000000000000e+00 
3.72134227783870e-13 4.50279763655407e+02 3.99380774836012e+02 4.12198235970291e+22 7.02054643963525e+10 1.66443773424154e+10 2.14662155867124e+10 8.89647050466130e+05 5.42475948296159e+10 7.53619618492438e+09 1.45460372012915e+01 2.77767866167465e+09 2.13054144955834e+01 3.20612289691152e-03 0.00000000000000e+00 0.00000000000000e+00 0.00000000000000e+00 0.00000000000000e+00 0.00000000000000e+00 0.00000000000000e+00 0.00000000000000e+00 
1.20730339052600e-12 4.50279763600214e+02 3.99380774832377e+02 4.12198235967136e+22 2.27765384363569e+11 5.39988433037204e+10 6.96421689047483e+10 2.88625399156201e+06 1.75993784906079e+11 2.44494283272837e+10 4.71912392091202e+01 9.01153551010287e+09 2.24245402810137e+02 3.37453370623262e-02 0.00000000000000e+00 0.00000000000000e+00 0.00000000000000e+00 0.00000000000000e+00 0.00000000000000e+00 0.00000000000000e+00 0.00000000000000e+00 
2.04247255326814e-12 4.50279763545021e+02 3.99380774796021e+02 4.12198235963980e+22 3.85325305174239e+11 9.13533265728155e+10 1.17818121802543e+11 4.88286093243044e+06 2.97739997568684e+11 4.13626378824252e+10 7.98364238525521e+01 1.52453921435203e+10 6.41805093149525e+02 9.65813808056958e-02 0.00000000000000e+00 0.00000000000000e+00 0.00000000000000e+00 0.00000000000000e+00 0.00000000000000e+00 0.00000000000000e+00 0.00000000000000e+00 
2.87764171601027e-12 4.50279763489829e+02 3.99380774759666e+02 4.12198235960825e+22 5.42885226828362e+11 1.28707827149679e+11 1.65994074280098e+11 6.87946787307144e+06 4.19486232817402e+11 5.82758248503777e+10 1.12481591131597e+02 2.14792485619270e+10 1.27398447867054e+03 1.91714259833930e-01 0.00000000000000e+00 0.00000000000000e+00 0.00000000000000e+00 0.00000000000000e+00 0.00000000000000e+00 0.00000000000000e+00 0.00000000000000e+00 
3.71281087875240e-12 4.50279763434636e+02 3.99380774723311e+02 4.12198235957670e+22 7.00445149325937e+11 1.66062345034287e+11 2.14170026337411e+11 8.87607481348499e+06 5.41232490652203e+11 7.51889892311714e+10 1.45126741046263e+02 2.77131047653229e+10 2.12078355221011e+03 3.19143980124878e-01 0.00000000000000e+00 0.00000000000000e+00 0.00000000000000e+00 0.00000000000000e+00 0.00000000000000e+00 0.00000000000000e+00 0.00000000000000e+00 
1.20645025061737e-11 4.50279762882707e+02 3.99380774686955e+02 4.12198235926116e+22 2.27604442069128e+12 5.39608475797999e+11 6.95929523797303e+11 2.88421442051105e+07 1.75869631122388e+12 2.44319390756272e+11 4.71577285155720e+02 9.00516549736913e+10 2.23928545372371e+04 3.36976961542681e+00 0.00000000000000e+00 0.00000000000000e+00 0.00000000000000e+00 0.00000000000000e+00 0.00000000000000e+00 0.00000000000000e+00 0.00000000000000e+00 
2.04161941335951e-11 4.50279762330779e+02 3.99380774323402e+02 4.12198235894562e+22 3.85164377640098e+12 9.13156337309846e+11 1.17768897923312e+12 4.88082135739897e+07 2.97616239036944e+12 4.13447533599910e+11 7.98026092838647e+02 1.52390183680989e+11 6.41268861421363e+04 9.65008620617827e+00 0.00000000000000e+00 0.00000000000000e+00 0.00000000000000e+00 0.00000000000000e+00 0.00000000000000e+00 0.00000000000000e+00 0.00000000000000e+00 
2.87678857610164e-11 4.50279761778850e+02 3.99380773959848e+02 4.12198235863008e+22 5.42724321645436e+12 1.28670592954779e+12 1.65944839264486e+12 6.87742829201211e+07 4.19363072806011e+12 5.82573417790854e+11 1.12447316410443e+03 2.14728690887220e+11 1.27322871528688e+05 1.91600994598978e+01 0.00000000000000e+00 0.00000000000000e+00 0.00000000000000e+00 0.00000000000000e+00 0.00000000000000e+00 0.00000000000000e+00 0.00000000000000e+00 
3.71195773884377e-11 4.50279761226922e+02 3.99380773596295e+02 4.12198235831454e+22 7.00284274085069e+12 1.66025725248874e+12 2.14120776403253e+12 8.87403522435030e+07 5.41110132426575e+12 7.51697043359237e+11 1.45091849896291e+03 2.77067176592391e+11 2.11980803534782e+05 3.18998153543686e+01 0.00000000000000e+00 0.00000000000000e+00 0.00000000000000e+00 0.00000000000000e+00 0.00000000000000e+00 0.00000000000000e+00 0.00000000000000e+00 
1.20636493662651e-10 4.50279755707648e+02 3.99380773232742e+02 4.12198235515913e+22 2.27588426234146e+13 5.39586566221167e+12 6.95879916658671e+12 2.88401044225508e+08 1.75859314937436e+13 2.44280908570377e+12 4.71527634870304e+03 9.00450851087658e+11 2.23896459627660e+06 3.36932782236842e+02 0.00000000000000e+00 0.00000000000000e+00 0.00000000000000e+00 0.00000000000000e+00 0.00000000000000e+00 0.00000000000000e+00 0.00000000000000e+00 
2.04153409936864e-10 4.50279750188387e+02 3.99380769597213e+02 4.12198235200371e+22 3.85148509394473e+13 9.13164711586456e+12 1.17763863667380e+13 4.88061733930695e+08 2.97609874802962e+13 4.13369530021300e+12 7.97946056894430e+03 1.52383237548286e+12 6.41213486899467e+06 9.64942841360784e+02 0.00000000000000e+00 0.00000000000000e+00 0.00000000000000e+00 0.00000000000000e+00 0.00000000000000e+00 0.00000000000000e+00 0.00000000000000e+00 
2.87670326211078e-10 4.50279744669139e+02 3.99380765961694e+02 4.12198234884826e+22 5.42708676882584e+13 1.28676015914116e+13 1.65939693644898e+13 6.87722421357500e+08 4.19362692551596e+13 5.82435571564934e+12 1.12434711690733e+04 2.14721174978303e+12 1.27314847834966e+07 1.91593569883307e+03 0.00000000000000e+00 0.00000000000000e+00 0.00000000000000e+00 0.00000000000000e+00 0.00000000000000e+00 0.00000000000000e+00 0.00000000000000e+00 
3.71187242485291e-10 4.50279739149905e+02 3.99380762326183e+02 4.12198234569280e+22 7.00268928691251e+13 1.66037290657761e+13 2.14115481598456e+13 8.87383106504285e+08 5.41117767882110e+13 7.51479036213376e+12 1.45073081589208e+04 2.77058897399341e+12 2.11970071777146e+07 3.18991733032221e+03 0.00000000000000e+00 0.00000000000000e+00 0.00000000000000e+00 0.00000000000000e+00 0.00000000000000e+00 0.00000000000000e+00 0.00000000000000e+00 
1.20635640522742e-09 4.50279683958290e+02 3.99380758690681e+02 4.12198231413721e+22 2.27587608179476e+14 5.39745104018424e+13 6.95871049829165e+13 2.88398983197853e+09 1.75879257929297e+14 2.44067304237879e+13 4.71361330475495e+04 9.00424296306359e+12 2.23889126161775e+08 3.36962764628974e+04 0.00000000000000e+00 0.00000000000000e+00 0.00000000000000e+00 0.00000000000000e+00 0.00000000000000e+00 0.00000000000000e+00 0.00000000000000e+00 
2.04152556796956e-09 4.50279628768002e+02 3.99380722336144e+02 4.12198228257983e+22 3.85149165870001e+14 9.13625652747152e+13 1.17762241570463e+14 4.88059632758004e+09 2.97669280500336e+14 4.12761279771865e+13 7.97476081353526e+04 1.52376819491676e+13 6.41190311348898e+08 9.65083310793289e+04 0.00000000000000e+00 0.00000000000000e+00 0.00000000000000e+00 0.00000000000000e+00 0.00000000000000e+00 0.00000000000000e+00 0.00000000000000e+00 
2.87669473071169e-09 4.50279573579038e+02 3.99380685982483e+02 4.12198225102067e+22 5.42711565252140e+14 1.28767871706552e+14 1.65936957925886e+14 6.87720259174538e+09 4.19481815812982e+14 5.81230117090723e+13 1.12341742798256e+05 2.14709059373291e+13 1.27309372483731e+09 1.91631773193567e+05 0.00000000000000e+00 0.00000000000000e+00 0.00000000000000e+00 0.00000000000000e+00 0.00000000000000e+00 0.00000000000000e+00 0.00000000000000e+00 
3.71186389345382e-09 4.50279518391397e+02 3.99380649629697e+02 4.12198221945971e+22 7.00274805605619e+14 1.66190406707328e+14 2.14111254052748e+14 8.87380862283712e+09 5.41316833857656e+14 7.49474116273466e+13 1.44918546850947e+05 2.77039149328087e+13 2.11959220499440e+09 3.19072557372794e+05 0.00000000000000e+00 0.00000000000000e+00 0.00000000000000e+00 0.00000000000000e+00 0.00000000000000e+00 0.00000000000000e+00 0.00000000000000e+00 
9.98920513021956e-09 4.50279103629415e+02 3.99380613277784e+02 4.12198198218271e+22 1.88458654573282e+15 4.48016669379904e+14 5.76187916882464e+14 2.38807935107754e+10 1.45777597860698e+15 2.00687251254529e+14 3.89220312575251e+05 7.45458960484361e+13 1.53495079941101e+10 2.31186992174915e+06 0.00000000000000e+00 0.00000000000000e+00 0.00000000000000e+00 0.00000000000000e+00 0.00000000000000e+00 0.00000000000000e+00 0.00000000000000e+00 
1.62665463669853e-08 4.50278688941428e+02 3.99380340075535e+02 4.12198174480593e+22 3.06894545147108e+15 7.30805255771557e+14 9.38240841021146e+14 3.88877644433217e+10 2.37549092107981e+15 3.25171231247302e+14 6.32547712693280e+05 1.21375733891574e+14 4.06993167216818e+10 6.13324952721204e+06 0.00000000000000e+00 0.00000000000000e+00 0.00000000000000e+00 0.00000000000000e+00 0.00000000000000e+00 0.00000000000000e+00 0.00000000000000e+00 
2.25438876037510e-08 4.50278274326775e+02 3.99380066922150e+02 4.12198150733035e+22 4.25335122124516e+15 1.01454654071110e+15 1.30027002798425e+15 5.38947207242398e+10 3.29444909724223e+15 4.48411914926177e+14 8.74904894158563e+05 1.68193430697020e+14 7.81659720011762e+10 1.17857037131558e+07 0.00000000000000e+00 0.00000000000000e+00 0.00000000000000e+00 0.00000000000000e+00 0.00000000000000e+00 0.00000000000000e+00 0.00000000000000e+00 
2.88212288405168e-08 4.50277859784802e+02 3.99379793817193e+02 4.12198126975697e+22 5.43780355672238e+15 1.29923100291900e+15 1.66227547928643e+15 6.89016616579165e+10 4.21463807867021e+15 5.70421730002750e+14 1.11629598339725e+06 2.14998988696244e+14 1.27746429400057e+11 1.92716977851376e+07 0.00000000000000e+00 0.00000000000000e+00 0.00000000000000e+00 0.00000000000000e+00 0.00000000000000e+00 0.00000000000000e+00 0.00000000000000e+00 
3.50985700772825e-08 4.50277445314861e+02 3.99379520760234e+02 4.12198103208675e+22 6.62230216275606e+15 1.58484922319547e+15 2.02425719644163e+15 8.39085865493363e+10 5.13604557018453e+15 6.91212970944716e+14 1.35672508663921e+06 2.61792410117512e+14 1.89437646333676e+11 2.85936705557930e+07 0.00000000000000e+00 0.00000000000000e+00 0.00000000000000e+00 0.00000000000000e+00 0.00000000000000e+00 0.00000000000000e+00 0.00000000000000e+00 
9.60866241163646e-08 4.50273422118051e+02 3.99379247750846e+02 4.12197871813216e+22 1.81327515682662e+16 4.40654473784207e+15 5.53988685948785e+15 2.29708692569182e+11 1.41490618562283e+16 1.80376551769067e+15 3.64338389663692e+06 7.15786653727072e+14 1.41860016501593e+12 2.15213692312586e+08 0.00000000000000e+00 0.00000000000000e+00 0.00000000000000e+00 0.00000000000000e+00 0.00000000000000e+00 0.00000000000000e+00 0.00000000000000e+00 
1.57074678155447e-07 4.50269405106946e+02 3.99376597696598e+02 4.12197639595849e+22 2.96472885758637e+16 7.30744684787831e+15 9.05327772482453e+15 3.75506583228650e+11 2.32654355965369e+16 2.81295384875060e+15 5.84327626151714e+06 1.16863753431045e+15 3.78785497901289e+12 5.77448756483987e+08 0.00000000000000e+00 0.00000000000000e+00 0.00000000000000e+00 0.00000000000000e+00 0.00000000000000e+00 0.00000000000000e+00 0.00000000000000e+00 
2.18062732194529e-07 4.50265393776319e+02 3.99373951728532e+02 4.12197406632445e+22 4.11656825769497e+16 1.02802012698858e+16 1.25644311791705e+16 5.21301625615997e+11 3.24755669719673e+16 3.72837713975519e+15 7.95991365720051e+06 1.62034706600639e+15 7.29442039584664e+12 1.11720224574960e+09 0.00000000000000e+00 0.00000000000000e+00 0.00000000000000e+00 0.00000000000000e+00 0.00000000000000e+00 0.00000000000000e+00 0.00000000000000e+00 
2.79050786233611e-07 4.50261387667886e+02 3.99371309513861e+02 4.12197172991821e+22 5.26877243011547e+16 1.33181375226363e+16 1.60733486089289e+16 6.67093189189721e+11 4.17707487304830e+16 4.55874200426699e+15 9.99666407687287e+06 2.07091724874198e+15 1.19355184961794e+13 1.83620098141830e+09 0.00000000000000e+00 0.00000000000000e+00 0.00000000000000e+00 0.00000000000000e+00 0.00000000000000e+00 0.00000000000000e+00 0.00000000000000e+00 
3.40038840272693e-07 4.50257386365670e+02 3.99368670750719e+02 4.12196938736442e+22 6.42132237116301e+16 1.64152014719934e+16 1.95800313999610e+16 8.12880645880025e+11 5.11430781382209e+16 5.31195054271489e+15 1.19567580345905e+07 2.52035006971829e+15 1.77083755855029e+13 2.73601218245449e+09 0.00000000000000e+00 0.00000000000000e+00 0.00000000000000e+00 0.00000000000000e+00 0.00000000000000e+00 0.00000000000000e+00 0.00000000000000e+00 
4.01026894311775e-07 4.50253389492159e+02 3.99366035165111e+02 4.12196703922991e+22 7.57420082555362e+16 1.95658992569424e+16 2.30844809372913e+16 9.58663370221447e+11 6.05853837863336e+16 5.99517353557744e+15 1.38432935604620e+07 2.96864750444415e+15 2.46102227800165e+13 3.81805739167210e+09 0.00000000000000e+00 0.00000000000000e+00 0.00000000000000e+00 0.00000000000000e+00 0.00000000000000e+00 0.00000000000000e+00 0.00000000000000e+00 
5.90565482518614e-07 4.50240992707244e+02 3.99363402508374e+02 4.12195971144758e+22 1.11590482142674e+17 2.96479517195910e+16 3.39613642059799e+16 1.41168975291384e+12 9.03089132312070e+16 7.73968155652502e+15 1.92683929116801e+07 4.35463967028664e+15 5.32362216049568e+13 8.35752171942436e+09 0.00000000000000e+00 0.00000000000000e+00 0.00000000000000e+00 0.00000000000000e+00 0.00000000000000e+00 0.00000000000000e+00 0.00000000000000e+00 
7.80104070725453e-07 4.50228627081536e+02 3.99355237081381e+02 4.12195234720261e+22 1.47465367885338e+17 4.00790400977304e+16 4.48167326590700e+16 1.86464588965281e+12 1.20487719424194e+17 9.02879854669965e+15 2.40929689379220e+07 5.72974323304205e+15 9.26571169195365e+13 1.47007995369947e+10 0.00000000000000e+00 0.00000000000000e+00 0.00000000000000e+00 0.00000000000000e+00 0.00000000000000e+00 0.00000000000000e+00 0.00000000000000e+00 
9.69642658932291e-07 4.50216286390715e+02 3.99347092292055e+02 4.12194495583764e+22 1.83363807816623e+17 5.07686574926243e+16 5.56506277331093e+16 2.31751347488645e+12 1.51003655700670e+17 9.98065316315995e+15 2.83890079607247e+07 7.09401606582918e+15 1.42790640451291e+14 2.28712687818588e+10 0.00000000000000e+00 0.00000000000000e+00 0.00000000000000e+00 0.00000000000000e+00 0.00000000000000e+00 0.00000000000000e+00 0.00000000000000e+00 
1.15918124713913e-06 4.50203966009664e+02 3.99338964040576e+02 4.12193754429303e+22 2.19283671277812e+17 6.16495925721905e+16 6.64630907968655e+16 2.77027443570796e+12 1.81768983206013e+17 1.06829666274737e+16 3.22198197913911e+07 8.44751562868029e+15 2.03554939701195e+14 3.28862206642667e+10 0.00000000000000e+00 0.00000000000000e+00 0.00000000000000e+00 0.00000000000000e+00 0.00000000000000e+00 0.00000000000000e+00 0.00000000000000e+00 
1.34871983534597e-06 4.50191662475935e+02 3.99330849280477e+02 4.12193011776255e+22 2.55223356189801e+17 7.26715705756063e+16 7.72541631496026e+16 3.22291093070958e+12 2.12718070511137e+17 1.12013530813642e+16 3.56411480474582e+07 9.79029909298069e+15 2.74868577522842e+14 4.47585331137344e+10 0.00000000000000e+00 0.00000000000000e+00 0.00000000000000e+00 0.00000000000000e+00 0.00000000000000e+00 0.00000000000000e+00 0.00000000000000e+00 
1.53825842355281e-06 4.50179373224933e+02 3.99322745731107e+02 4.12192268009121e+22 2.91181668676283e+17 8.37973956319679e+16 8.80238860195566e+16 3.67540534902383e+12 2.43802358187575e+17 1.15843549900404e+16 3.87020522856459e+07 1.11224234080620e+16 3.56650532175458e+14 5.84977189317561e+10 0.00000000000000e+00 0.00000000000000e+00 0.00000000000000e+00 0.00000000000000e+00 0.00000000000000e+00 0.00000000000000e+00 0.00000000000000e+00 
1.82653881157712e-06 4.50160705025685e+02 3.99314651703192e+02 4.12191135253758e+22 3.45906549595910e+17 1.00858516218675e+17 1.04363353732447e+17 4.36331930339496e+12 2.91261285810817e+17 1.19854886009362e+16 4.27624832284633e+07 1.31282223021441e+16 5.00925467797152e+14 8.29889289647448e+10 0.00000000000000e+00 0.00000000000000e+00 0.00000000000000e+00 0.00000000000000e+00 0.00000000000000e+00 0.00000000000000e+00 0.00000000000000e+00 
2.11481919960143e-06 4.50142061135945e+02 3.99302356549240e+02 4.12190001228307e+22 4.00670390074951e+17 1.18033630553888e+17 1.20653673022220e+17 5.05080429268144e+12 3.38868153775964e+17 1.22381599471780e+16 4.62173025962833e+07 1.51096936079089e+16 6.68948777097664e+14 1.11831217388958e+11 0.00000000000000e+00 0.00000000000000e+00 0.00000000000000e+00 0.00000000000000e+00 0.00000000000000e+00 0.00000000000000e+00 0.00000000000000e+00 
2.40309958762575e-06 4.50123438706505e+02 3.99290077670093e+02 4.12188866358095e+22 4.55471797047709e+17 1.35281803093393e+17 1.36894987973124e+17 5.73780138435109e+12 3.86569503704590e+17 1.23957713361873e+16 4.91729117615353e+07 1.70670356728662e+16 8.60440882033747e+14 1.45034736815858e+11 0.00000000000000e+00 0.00000000000000e+00 0.00000000000000e+00 0.00000000000000e+00 0.00000000000000e+00 0.00000000000000e+00 0.00000000000000e+00 
2.69137997565006e-06 4.50104835788833e+02 3.99277813188638e+02 4.12187730933139e+22 5.10309787252695e+17 1.52575216621802e+17 1.53087442266179e+17 6.42425285009249e+12 4.34329001269034e+17 1.24946022436463e+16 5.17172527255400e+07 1.90004461879532e+16 1.07512440238850e+15 1.82605991752090e+11 0.00000000000000e+00 0.00000000000000e+00 0.00000000000000e+00 0.00000000000000e+00 0.00000000000000e+00 0.00000000000000e+00 0.00000000000000e+00 
2.97966036367438e-06 4.50086251114986e+02 3.99265561820981e+02 4.12186595141197e+22 5.65183687195926e+17 1.69895966579714e+17 1.69231179178064e+17 7.11010215853870e+12 4.82123251824764e+17 1.25579936466732e+16 5.39229512047956e+07 2.09101222256665e+16 1.31272415032814e+15 2.24548997441817e+11 0.00000000000000e+00 0.00000000000000e+00 0.00000000000000e+00 0.00000000000000e+00 0.00000000000000e+00 0.00000000000000e+00 0.00000000000000e+00 
3.26794075169869e-06 4.50067683952471e+02 3.99253322731463e+02 4.12185459089571e+22 6.20093067186377e+17 1.87233947228641e+17 1.85326341580002e+17 7.79529396821531e+12 5.29939041213400e+17 1.25991071839492e+16 5.58497882430419e+07 2.27962602359113e+16 1.57296712509654e+15 2.70866004771395e+11 0.00000000000000e+00 0.00000000000000e+00 0.00000000000000e+00 0.00000000000000e+00 0.00000000000000e+00 0.00000000000000e+00 0.00000000000000e+00 
3.77085778859807e-06 4.50035333458616e+02 3.99241095437053e+02 4.12183476756097e+22 7.15968837178884e+17 2.17505723382336e+17 2.13289155717120e+17 8.98890413678876e+12 6.13385884260584e+17 1.26386844250842e+16 5.86872885571991e+07 2.60309408974131e+16 2.08037119422336e+15 3.62143036488395e+11 0.00000000000000e+00 0.00000000000000e+00 0.00000000000000e+00 0.00000000000000e+00 0.00000000000000e+00 0.00000000000000e+00 0.00000000000000e+00 
4.27377482549746e-06 4.50003033373432e+02 3.99219791839762e+02 4.12181494042663e+22 8.11950474754131e+17 2.47792593635565e+17 2.41105323778936e+17 1.01800700225319e+13 6.96849348530251e+17 1.26589694580548e+16 6.10239292145884e+07 2.91956149717440e+16 2.65444306024764e+15 4.66737856072887e+11 0.00000000000000e+00 0.00000000000000e+00 0.00000000000000e+00 0.00000000000000e+00 0.00000000000000e+00 0.00000000000000e+00 0.00000000000000e+00 
4.77669186239684e-06 4.49970783102777e+02 3.99198522234216e+02 4.12179511023593e+22 9.08037204996448e+17 2.78088868476466e+17 2.68775595391512e+17 1.13685233835671e+13 7.80321898953592e+17 1.26672409520475e+16 6.30012892035789e+07 3.22913100818315e+16 3.29378070518380e+15 5.84649837058301e+11 0.00000000000000e+00 0.00000000000000e+00 0.00000000000000e+00 0.00000000000000e+00 0.00000000000000e+00 0.00000000000000e+00 0.00000000000000e+00 
5.27960889929623e-06 4.49938582243630e+02 3.99177286225712e+02 4.12177527744319e+22 1.00422834354550e+18 3.08391630052161e+17 2.96300716405065e+17 1.25540066085193e+13 8.63799624119252e+17 1.26671628326570e+16 6.47221850948245e+07 3.53190469113676e+16 3.99700202712884e+15 7.15877981535275e+11 0.00000000000000e+00 0.00000000000000e+00 0.00000000000000e+00 0.00000000000000e+00 0.00000000000000e+00 0.00000000000000e+00 0.00000000000000e+00 
5.78252593619561e-06 4.49906430188657e+02 3.99156083545422e+02 4.12175544280807e+22 1.10052311677765e+18 3.38694969869853e+17 3.23681428901581e+17 1.37362725842905e+13 9.47274714573927e+17 1.26663056212770e+16 6.62617064378855e+07 3.82798387588629e+16 4.76274472142747e+15 8.60420667494408e+11 0.00000000000000e+00 0.00000000000000e+00 0.00000000000000e+00 0.00000000000000e+00 0.00000000000000e+00 0.00000000000000e+00 0.00000000000000e+00 
6.28544297309500e-06 4.49874326440607e+02 3.99134913790067e+02 4.12173560692326e+22 1.19692080468337e+18 3.68994569092863e+17 3.50918471223278e+17 1.49150845617716e+13 1.03074144140060e+18 1.26701678202764e+16 6.76729939471871e+07 4.11746916132320e+16 5.58966615254583e+15 1.01827505108665e+12 0.00000000000000e+00 0.00000000000000e+00 0.00000000000000e+00 0.00000000000000e+00 0.00000000000000e+00 0.00000000000000e+00 0.00000000000000e+00 
7.19904705543749e-06 4.49816130081195e+02 3.99113776628892e+02 4.12169956908601e+22 1.37229952156656e+18 4.24037632725410e+17 4.00032380275275e+17 1.70469692365790e+13 1.18235941612770e+18 1.26756622937261e+16 7.00115827717212e+07 4.62680543707500e+16 7.24410206838005e+15 1.33908028786541e+12 0.00000000000000e+00 0.00000000000000e+00 0.00000000000000e+00 0.00000000000000e+00 0.00000000000000e+00 0.00000000000000e+00 0.00000000000000e+00 
8.11265113777999e-06 4.49758092148966e+02 3.99075462055991e+02 4.12166352714381e+22 1.54801288968178e+18 4.79080904527238e+17 4.48678960925201e+17 1.91654442013919e+13 1.33396542467170e+18 1.26791100484384e+16 7.21874979632146e+07 5.11530261186112e+16 9.08831660422040e+15 1.70378658930045e+12 0.00000000000000e+00 0.00000000000000e+00 0.00000000000000e+00 0.00000000000000e+00 0.00000000000000e+00 0.00000000000000e+00 0.00000000000000e+00 
9.02625522012248e-06 4.49700211422073e+02 3.99037254363729e+02 4.12162748196575e+22 1.72405747952765e+18 5.34123813766773e+17 4.96862547823178e+17 2.12693370962190e+13 1.48555830328905e+18 1.26804932079279e+16 7.42790943453116e+07 5.58354489799208e+16 1.11147402839772e+16 2.11237612100648e+12 0.00000000000000e+00 0.00000000000000e+00 0.00000000000000e+00 0.00000000000000e+00 0.00000000000000e+00 0.00000000000000e+00 0.00000000000000e+00 
9.93985930246497e-06 4.49642486588078e+02 3.98999152727836e+02 4.12159143453957e+22 1.90042985911036e+18 5.89164326668483e+17 5.44587434309339e+17 2.33575831383953e+13 1.63713503426758e+18 1.26817335504608e+16 7.63224136997243e+07 6.03210750534652e+16 1.33160184223563e+16 2.56483021980788e+12 0.00000000000000e+00 0.00000000000000e+00 0.00000000000000e+00 0.00000000000000e+00 0.00000000000000e+00 0.00000000000000e+00 0.00000000000000e+00 
1.08534633848075e-05 4.49584916404800e+02 3.98961156264671e+02 4.12155538573121e+22 2.07712666533963e+18 6.44201293886157e+17 5.91857873853438e+17 2.54292185459804e+13 1.78869380625299e+18 1.26836265332109e+16 7.83364008320004e+07 6.46155667214831e+16 1.56850025992773e+16 3.06112907681392e+12 0.00000000000000e+00 0.00000000000000e+00 0.00000000000000e+00 0.00000000000000e+00 0.00000000000000e+00 0.00000000000000e+00 0.00000000000000e+00 
1.28387576316654e-05 4.49460341937549e+02 3.98923264137083e+02 4.12147704907516e+22 2.46219793801596e+18 7.63785343307543e+17 6.93031577258337e+17 2.98698267155897e+13 2.11797207273199e+18 1.26881517766928e+16 8.26582892541728e+07 7.33151308492078e+16 2.13783840512195e+16 4.29066026433659e+12 0.00000000000000e+00 0.00000000000000e+00 0.00000000000000e+00 0.00000000000000e+00 0.00000000000000e+00 0.00000000000000e+00 0.00000000000000e+00 
1.48240518785234e-05 4.49336480253959e+02 3.98841279134847e+02 4.12139871668867e+22 2.84875247249282e+18 8.83347265776206e+17 7.92121787286228e+17 3.42206265788321e+13 2.44715540746843e+18 1.26930839173579e+16 8.69601527702192e+07 8.11939265846535e+16 2.77631583300061e+16 5.72690896488852e+12 0.00000000000000e+00 0.00000000000000e+00 0.00000000000000e+00 0.00000000000000e+00 0.00000000000000e+00 0.00000000000000e+00 0.00000000000000e+00 
1.68093461253814e-05 4.49213319567187e+02 3.98759775016782e+02 4.12132039534486e+22 3.23675783634568e+18 1.00288283811305e+18 8.89170328167640e+17 3.84759020409983e+13 2.77623722823971e+18 1.26978790863340e+16 9.12591327049734e+07 8.83056135234933e+16 3.47752184588092e+16 7.36964017033505e+12 0.00000000000000e+00 0.00000000000000e+00 0.00000000000000e+00 0.00000000000000e+00 0.00000000000000e+00 0.00000000000000e+00 0.00000000000000e+00 
1.87946403722394e-05 4.49090848289741e+02 3.98678743835503e+02 4.12124209123492e+22 3.62618244353217e+18 1.12238766022854e+18 9.84218160312253e+17 4.26316870810046e+13 3.10521161749854e+18 1.27027334976333e+16 9.55546651697395e+07 9.47016090895425e+16 4.23547445198430e+16 9.21860530434587e+12 0.00000000000000e+00 0.00000000000000e+00 0.00000000000000e+00 0.00000000000000e+00 0.00000000000000e+00 0.00000000000000e+00 0.00000000000000e+00 
2.07799346190974e-05 4.48969055063122e+02 3.98598177779783e+02 4.12116380996396e+22 4.01699551728508e+18 1.24185769527273e+18 1.07730541930992e+18 4.66855139031354e+13 3.43407390614391e+18 1.27078201615344e+16 9.98479454448361e+07 1.00431106840602e+17 5.04459239084479e+16 1.12735432852499e+13 0.00000000000000e+00 0.00000000000000e+00 0.00000000000000e+00 0.00000000000000e+00 0.00000000000000e+00 0.00000000000000e+00 0.00000000000000e+00 
2.63337513076847e-05 4.48631850121624e+02 3.98518069193924e+02 4.12094497980941e+22 5.11741294532184e+18 1.57585994184998e+18 1.32762855144521e+18 5.74837078456833e+13 4.35344320907221e+18 1.27228063429020e+16 1.11873909520561e+08 1.13300248847738e+17 7.53865669365364e+16 1.81138444376157e+13 0.00000000000000e+00 0.00000000000000e+00 0.00000000000000e+00 0.00000000000000e+00 0.00000000000000e+00 0.00000000000000e+00 0.00000000000000e+00 
3.18875679962719e-05 4.48299630983336e+02 3.98296334662775e+02 4.12072645630992e+22 6.22783852505574e+18 1.90949564575956e+18 1.56374083131609e+18 6.74930015726618e+13 5.27187432486647e+18 1.27388756027660e+16 1.23943252381045e+08 1.22244104550862e+17 1.02948724474601e+17 2.65574793756550e+13 0.00000000000000e+00 0.00000000000000e+00 0.00000000000000e+00 0.00000000000000e+00 0.00000000000000e+00 0.00000000000000e+00 0.00000000000000e+00 
3.74413846848592e-05 4.47972174531462e+02 3.98077964262897e+02 4.12050830726747e+22 7.34768268417514e+18 2.24270878591694e+18 1.78642939114171e+18 7.67636344766211e+13 6.18936605996871e+18 1.27557753174475e+16 1.36072944539425e+08 1.28075756309714e+17 1.32315452195118e+17 3.65975218760276e+13 0.00000000000000e+00 0.00000000000000e+00 0.00000000000000e+00 0.00000000000000e+00 0.00000000000000e+00 0.00000000000000e+00 0.00000000000000e+00 
4.29952013734465e-05 4.47649270126102e+02 3.97862807755748e+02 4.12029057831187e+22 8.47639493273742e+18 2.57545395569199e+18 1.99643634756760e+18 8.53722509580518e+13 7.10594928012296e+18 1.27734909852011e+16 1.48269028983496e+08 1.31477759780573e+17 1.62847225305513e+17 4.82265059791550e+13 0.00000000000000e+00 0.00000000000000e+00 0.00000000000000e+00 0.00000000000000e+00 0.00000000000000e+00 0.00000000000000e+00 0.00000000000000e+00 
4.85490180620338e-05 4.47330718653409e+02 3.97650723352859e+02 4.12007329828445e+22 9.61345910502025e+18 2.90769313214712e+18 2.19446234706846e+18 9.34049045645176e+13 8.02167354384464e+18 1.27919744978509e+16 1.60531984342061e+08 1.33014892333666e+17 1.94049317694924e+17 6.14364975709725e+13 0.00000000000000e+00 0.00000000000000e+00 0.00000000000000e+00 0.00000000000000e+00 0.00000000000000e+00 0.00000000000000e+00 0.00000000000000e+00 
5.71674648609300e-05 4.46844567412377e+02 3.97441577072661e+02 4.11973704878949e+22 1.13933651982545e+19 3.42218437791172e+18 2.47958386734631e+18 1.04922845801659e+14 9.44113417804731e+18 1.28219774806151e+16 1.79688550760392e+08 1.32776950128607e+17 2.42917857731015e+17 8.50465002262679e+13 0.00000000000000e+00 0.00000000000000e+00 0.00000000000000e+00 0.00000000000000e+00 0.00000000000000e+00 0.00000000000000e+00 0.00000000000000e+00 
6.57859116598263e-05 4.46367789290611e+02 3.97122544206645e+02 4.11940193922811e+22 1.31905328804729e+19 3.93526838097265e+18 2.73974866884704e+18 1.15535444612498e+14 1.08588953037262e+19 1.28533715993004e+16 1.98976931783213e+08 1.30460270062105e+17 2.91510890034486e+17 1.12410416257350e+14 0.00000000000000e+00 0.00000000000000e+00 0.00000000000000e+00 0.00000000000000e+00 0.00000000000000e+00 0.00000000000000e+00 0.00000000000000e+00 
7.44043584587225e-05 4.45899781392441e+02 3.96809840798816e+02 4.11906795531809e+22 1.50034213658345e+19 4.44684676765262e+18 2.97706811047947e+18 1.25467429157650e+14 1.22751716511140e+19 1.28859587230874e+16 2.18368396889026e+08 1.26955862854999e+17 3.39240201334583e+17 1.43492841957026e+14 0.00000000000000e+00 0.00000000000000e+00 0.00000000000000e+00 0.00000000000000e+00 0.00000000000000e+00 0.00000000000000e+00 0.00000000000000e+00 
8.30228052576187e-05 4.45439989672919e+02 3.96503061712496e+02 4.11873506592926e+22 1.68306167882275e+19 4.95682637290072e+18 3.19347839532886e+18 1.34884284867543e+14 1.36901453027714e+19 1.29195560143891e+16 2.37836516286406e+08 1.22854938767581e+17 3.85769435505127e+17 1.78256141327015e+14 0.00000000000000e+00 0.00000000000000e+00 0.00000000000000e+00 0.00000000000000e+00 0.00000000000000e+00 0.00000000000000e+00 0.00000000000000e+00 
9.16412520565149e-05 4.44987904917518e+02 3.96201834824977e+02 4.11840323137242e+22 1.86708211988801e+19 5.46511848648877e+18 3.39075503600957e+18 1.43905101669482e+14 1.51039666817791e+19 1.29539990574604e+16 2.57359223936309e+08 1.18537518450082e+17 4.30927152349648e+17 2.16660427733892e+14 0.00000000000000e+00 0.00000000000000e+00 0.00000000000000e+00 0.00000000000000e+00 0.00000000000000e+00 0.00000000000000e+00 0.00000000000000e+00 
1.00259698855411e-04 4.44543059412837e+02 3.95905818279949e+02 4.11807240751776e+22 2.05228444141454e+19 5.97163956005384e+18 3.57052481742763e+18 1.52616824881314e+14 1.65167610155570e+19 1.29891473628359e+16 2.76919409733247e+08 1.14235830274077e+17 4.74653060930986e+17 2.58663551506574e+14 0.00000000000000e+00 0.00000000000000e+00 0.00000000000000e+00 0.00000000000000e+00 0.00000000000000e+00 0.00000000000000e+00 0.00000000000000e+00 
1.12836600853440e-04 4.43906005013178e+02 3.95614698204009e+02 4.11759135844710e+22 2.32444708086227e+19 6.70746558789984e+18 3.80450527158258e+18 1.64901414168602e+14 1.85768140224341e+19 1.30414535829757e+16 3.05497506146490e+08 1.08246267827107e+17 5.35910513742716e+17 3.26324211926782e+14 0.00000000000000e+00 0.00000000000000e+00 0.00000000000000e+00 0.00000000000000e+00 0.00000000000000e+00 0.00000000000000e+00 0.00000000000000e+00 
1.25413502851468e-04 4.43282255504098e+02 3.95198061602913e+02 4.11711223256761e+22 2.59859100540793e+19 7.43912863869456e+18 4.00851293870007e+18 1.76790628315897e+14 2.06351422928010e+19 1.30946741281282e+16 3.34097445873084e+08 1.02723212452997e+17 5.94307246731729e+17 4.01407523050136e+14 0.00000000000000e+00 0.00000000000000e+00 0.00000000000000e+00 0.00000000000000e+00 0.00000000000000e+00 0.00000000000000e+00 0.00000000000000e+00 
1.37990404849497e-04 4.42670748536240e+02 3.94790436060024e+02 4.11663490702958e+22 2.87444825277420e+19 8.16643004859073e+18 4.18620255106140e+18 1.88371595387262e+14 2.26919409643483e+19 1.31485406116072e+16 3.62704457880408e+08 9.76959873100677e+16 6.50069994616675e+17 4.83757572251596e+14 0.00000000000000e+00 0.00000000000000e+00 0.00000000000000e+00 0.00000000000000e+00 0.00000000000000e+00 0.00000000000000e+00 0.00000000000000e+00 
1.50567306847525e-04 4.42070544142959e+02 3.94391109290483e+02 4.11615927403318e+22 3.15178295538937e+19 8.88919575775268e+18 4.34079098994989e+18 1.99704755266122e+14 2.47473650618482e+19 1.32028359275014e+16 3.91304690201889e+08 9.31479011892359e+16 7.03415411652265e+17 5.73209326727151e+14 0.00000000000000e+00 0.00000000000000e+00 0.00000000000000e+00 0.00000000000000e+00 0.00000000000000e+00 0.00000000000000e+00 0.00000000000000e+00 
1.63144208845554e-04 4.41480810459090e+02 3.93999451176036e+02 4.11568523959177e+22 3.43038757512547e+19 9.60727425242394e+18 4.47510860368054e+18 2.10830260973582e+14 2.68015364858619e+19 1.32573846325908e+16 4.19888095766945e+08 8.90339393105002e+16 7.54542350068076e+17 6.69589166198001e+14 0.00000000000000e+00 0.00000000000000e+00 0.00000000000000e+00 0.00000000000000e+00 0.00000000000000e+00 0.00000000000000e+00 0.00000000000000e+00 
1.75721110843582e-04 4.40900811505951e+02 3.93614904087713e+02 4.11521272098752e+22 3.71007977866023e+19 1.03205358262140e+19 4.59164307049738e+18 2.21775507828241e+14 2.88545546546693e+19 1.33120432324337e+16 4.48452372576019e+08 8.52955952946239e+16 8.03632410190562e+17 7.72715449919795e+14 0.00000000000000e+00 0.00000000000000e+00 0.00000000000000e+00 0.00000000000000e+00 0.00000000000000e+00 0.00000000000000e+00 0.00000000000000e+00 
2.03356570449889e-04 4.39657611141584e+02 3.93236974612406e+02 4.11417944565997e+22 4.32775146645753e+19 1.18703995489660e+19 4.79509621518509e+18 2.45271234462101e+14 3.33620011591644e+19 1.34320004987705e+16 5.11134654627484e+08 7.81377177801911e+16 9.05044225143796e+17 1.02206197081558e+15 0.00000000000000e+00 0.00000000000000e+00 0.00000000000000e+00 0.00000000000000e+00 0.00000000000000e+00 0.00000000000000e+00 0.00000000000000e+00 
2.30992030056197e-04 4.38452639234410e+02 3.92427805440279e+02 4.11315250774620e+22 4.94854154118702e+19 1.33956541449950e+19 4.94185273593833e+18 2.68166641365243e+14 3.78650303856181e+19 1.35511724609655e+16 5.73716165327512e+08 7.21416583511568e+16 9.98677484827733e+17 1.30094135690873e+15 0.00000000000000e+00 0.00000000000000e+00 0.00000000000000e+00 0.00000000000000e+00 0.00000000000000e+00 0.00000000000000e+00 0.00000000000000e+00 
2.58627489662504e-04 4.37281396540660e+02 3.91644700996557e+02 4.11213139391963e+22 5.57138652922556e+19 1.48957757963201e+19 5.04650386772376e+18 2.90593335246676e+14 4.23642611778502e+19 1.36691639665481e+16 6.36179605831510e+08 6.70428775408070e+16 1.08555008412706e+18 1.60712471655461e+15 0.00000000000000e+00 0.00000000000000e+00 0.00000000000000e+00 0.00000000000000e+00 0.00000000000000e+00 0.00000000000000e+00 0.00000000000000e+00 
2.86262949268812e-04 4.36140496606526e+02 3.90884638606640e+02 4.11111570831118e+22 6.19551401288173e+19 1.63705332845880e+19 5.11968321728439e+18 3.12635840335224e+14 4.68601668555568e+19 1.37857809262330e+16 6.98520390134855e+08 6.26517985999999e+16 1.16642343251256e+18 1.93828283272177e+15 0.00000000000000e+00 0.00000000000000e+00 0.00000000000000e+00 0.00000000000000e+00 0.00000000000000e+00 0.00000000000000e+00 0.00000000000000e+00 
3.13898408875119e-04 4.35027331722304e+02 3.90145335163757e+02 4.11010513547616e+22 6.82035417402147e+19 1.78199020846365e+19 5.16926361678734e+18 3.34352583153329e+14 5.13531220598561e+19 1.39009594403048e+16 7.60738624192824e+08 5.88271211525225e+16 1.24189167199744e+18 2.29202316626070e+15 0.00000000000000e+00 0.00000000000000e+00 0.00000000000000e+00 0.00000000000000e+00 0.00000000000000e+00 0.00000000000000e+00 0.00000000000000e+00 
3.57705912048165e-04 4.33314869666706e+02 3.89425025203590e+02 4.10851306214423e+22 7.81134246920165e+19 2.00657852590819e+19 5.21287984864635e+18 3.68207952388046e+14 5.84699629346969e+19 1.40805868702491e+16 8.59111027579072e+08 5.36725913494944e+16 1.35154667365149e+18 2.89310121960684e+15 0.00000000000000e+00 0.00000000000000e+00 0.00000000000000e+00 0.00000000000000e+00 0.00000000000000e+00 0.00000000000000e+00 0.00000000000000e+00 
4.01513415221211e-04 4.31660725197649e+02 3.88318900487724e+02 4.10693235487022e+22 8.80185289391639e+19 2.22491811190906e+19 5.22874932366003e+18 4.01493855789115e+14 6.55811333994336e+19 1.42570552050139e+16 9.57185266932188e+08 4.94026420293500e+16 1.45032545725977e+18 3.53523771115691e+15 0.00000000000000e+00 0.00000000000000e+00 0.00000000000000e+00 0.00000000000000e+00 0.00000000000000e+00 0.00000000000000e+00 0.00000000000000e+00 
4.45320918394257e-04 4.30060369449004e+02 3.87252737895952e+02 4.10536236512583e+22 9.79111552624303e+19 2.43715192580716e+19 5.22767379495981e+18 4.34293834762898e+14 7.26873312741332e+19 1.44308513696250e+16 1.05494563156837e+09 4.57693854611865e+16 1.53938931606540e+18 4.20904767475115e+15 0.00000000000000e+00 0.00000000000000e+00 0.00000000000000e+00 0.00000000000000e+00 0.00000000000000e+00 0.00000000000000e+00 0.00000000000000e+00 
4.89128421567303e-04 4.28510567826869e+02 3.86223403892769e+02 4.10380257612553e+22 1.07786845179497e+20 2.64345476114424e+19 5.21599601302418e+18 4.66676430235756e+14 7.97891039112176e+19 1.46023593875948e+16 1.15242269554363e+09 4.26651638840063e+16 1.61962424062066e+18 4.90556983435174e+15 0.00000000000000e+00 0.00000000000000e+00 0.00000000000000e+00 0.00000000000000e+00 0.00000000000000e+00 0.00000000000000e+00 0.00000000000000e+00 
5.32935924740349e-04 4.27008812233553e+02 3.85228623595489e+02 4.10225255777924e+22 1.17642888702980e+20 2.84401498230780e+19 5.19762370137306e+18 4.98684327528570e+14 8.68868395808095e+19 1.47719449029119e+16 1.24961023189047e+09 3.99789636479056e+16 1.69175903101136e+18 5.61644882383521e+15 0.00000000000000e+00 0.00000000000000e+00 0.00000000000000e+00 0.00000000000000e+00 0.00000000000000e+00 0.00000000000000e+00 0.00000000000000e+00 
6.11647563112726e-04 4.24424981480218e+02 3.84266607928790e+02 4.09949096281802e+22 1.35297768615740e+20 3.19055536880004e+19 5.15478318727481e+18 5.55342886269490e+14 9.96303946733636e+19 1.50720210812009e+16 1.42354550459863e+09 3.59441763266484e+16 1.80282848742680e+18 6.90665859447658e+15 0.00000000000000e+00 0.00000000000000e+00 0.00000000000000e+00 0.00000000000000e+00 0.00000000000000e+00 0.00000000000000e+00 0.00000000000000e+00 
6.90359201485104e-04 4.21979552162699e+02 3.82615890228087e+02 4.09675783532353e+22 1.52877976249686e+20 3.52028675728190e+19 5.10713723709095e+18 6.11044867398296e+14 1.12362857543059e+20 1.53677519214720e+16 1.59665167796306e+09 3.26850612349488e+16 1.89261609465577e+18 8.18167240751127e+15 0.00000000000000e+00 0.00000000000000e+00 0.00000000000000e+00 0.00000000000000e+00 0.00000000000000e+00 0.00000000000000e+00 0.00000000000000e+00 
7.69070839857481e-04 4.19664291462645e+02 3.81058845609265e+02 4.09405156240868e+22 1.70381337241954e+20 3.83429928038917e+19 5.05834076628881e+18 6.65895256185982e+14 1.25084748151099e+20 1.56598023104154e+16 1.76897571700174e+09 2.99958727190794e+16 1.96354377787828e+18 9.41252956086102e+15 0.00000000000000e+00 0.00000000000000e+00 0.00000000000000e+00 0.00000000000000e+00 0.00000000000000e+00 0.00000000000000e+00 0.00000000000000e+00 
8.47782478229858e-04 4.17472139194787e+02 3.79589437225903e+02 4.09137073837991e+22 1.87807568291287e+20 4.13363192209072e+19 5.00935166915382e+18 7.19965521742446e+14 1.37796136077794e+20 1.59484232925135e+16 1.94057120524860e+09 2.77427185372454e+16 2.01764774658268e+18 1.05793284761973e+16 0.00000000000000e+00 0.00000000000000e+00 0.00000000000000e+00 0.00000000000000e+00 0.00000000000000e+00 0.00000000000000e+00 0.00000000000000e+00 
9.26494116602236e-04 4.15396580785601e+02 3.78202465256672e+02 4.08871409144596e+22 2.05156777703852e+20 4.41925713467318e+19 4.96054561265725e+18 7.73307459200382e+14 1.50496784024870e+20 1.62337714972883e+16 2.11148210594893e+09 2.58199113454258e+16 2.05672713608840e+18 1.16701199948372e+16 0.00000000000000e+00 0.00000000000000e+00 0.00000000000000e+00 0.00000000000000e+00 0.00000000000000e+00 0.00000000000000e+00 0.00000000000000e+00 
1.04291399883822e-03 4.12527577368656e+02 3.76893155550658e+02 4.08482661668032e+22 2.30676497236386e+20 4.81847420606580e+19 4.88940244578017e+18 8.50959074975158e+14 1.69261213634381e+20 1.66502060035959e+16 2.36310603804936e+09 2.34392003575269e+16 2.09038863261185e+18 1.31354626778488e+16 0.00000000000000e+00 0.00000000000000e+00 0.00000000000000e+00 0.00000000000000e+00 0.00000000000000e+00 0.00000000000000e+00 0.00000000000000e+00 
1.15933388107420e-03 4.09881812674450e+02 3.75089619257603e+02 4.08098603273998e+22 2.56028705888940e+20 5.19236123706558e+19 4.82002376646256e+18 9.27240091219249e+14 1.87999390664820e+20 1.70603956284045e+16 2.61345282719286e+09 2.14919158897884e+16 2.09959568595005e+18 1.44236569326675e+16 0.00000000000000e+00 0.00000000000000e+00 0.00000000000000e+00 0.00000000000000e+00 0.00000000000000e+00 0.00000000000000e+00 0.00000000000000e+00 
1.27575376331019e-03 4.07442399451255e+02 3.73432960955033e+02 4.07718924791754e+22 2.81214481145826e+20 5.54334433953910e+19 4.75250621564360e+18 1.00224733478169e+15 2.06709204408573e+20 1.74646825145830e+16 2.86262716485671e+09 1.98675004395397e+16 2.08872846380614e+18 1.55493315028646e+16 0.00000000000000e+00 0.00000000000000e+00 0.00000000000000e+00 0.00000000000000e+00 0.00000000000000e+00 0.00000000000000e+00 0.00000000000000e+00 
1.39217364554617e-03 4.05193916129597e+02 3.71911134484545e+02 4.07343352484956e+22 3.06235039739632e+20 5.87358472836754e+19 4.68673952863200e+18 1.07605726686190e+15 2.25388361994885e+20 1.78632948150903e+16 3.11072366203796e+09 1.84799797011339e+16 2.06166063292770e+18 1.65349862017275e+16 0.00000000000000e+00 0.00000000000000e+00 0.00000000000000e+00 0.00000000000000e+00 0.00000000000000e+00 0.00000000000000e+00 0.00000000000000e+00 
1.50859352778216e-03 4.03122180528161e+02 3.70513245543864e+02 4.06971642115814e+22 3.31091586239502e+20 6.18500753938103e+19 4.62264230016360e+18 1.14873996850350e+15 2.44034620327850e+20 1.82564500527991e+16 3.35782952348032e+09 1.72883488598528e+16 2.02182940757141e+18 1.74041589293603e+16 0.00000000000000e+00 0.00000000000000e+00 0.00000000000000e+00 0.00000000000000e+00 0.00000000000000e+00 0.00000000000000e+00 0.00000000000000e+00 
1.64703146427217e-03 4.00870750188168e+02 3.69229375909284e+02 4.06534360178857e+22 3.60437307220321e+20 6.53317755236184e+19 4.54855584849375e+18 1.23378298795940e+15 2.66161682629519e+20 1.87171781275418e+16 3.65048337141757e+09 1.60739294727880e+16 1.96199875771875e+18 1.83146009545070e+16 0.00000000000000e+00 0.00000000000000e+00 0.00000000000000e+00 0.00000000000000e+00 0.00000000000000e+00 0.00000000000000e+00 0.00000000000000e+00 
1.78546940076218e-03 3.98830686648975e+02 3.67838682840964e+02 4.06101908324602e+22 3.89554753021606e+20 6.85969454930612e+19 4.47673103136243e+18 1.31740442832253e+15 2.88236111226468e+20 1.91708799537330e+16 3.94195596668064e+09 1.50304333495536e+16 1.89278945366745e+18 1.91182042958330e+16 0.00000000000000e+00 0.00000000000000e+00 0.00000000000000e+00 0.00000000000000e+00 0.00000000000000e+00 0.00000000000000e+00 0.00000000000000e+00 
1.92390733725220e-03 3.96983708533328e+02 3.66582660913473e+02 4.05674004791068e+22 4.18445925487994e+20 7.16676851148761e+19 4.40708874364650e+18 1.39968361751982e+15 3.10255208726786e+20 1.96178868460333e+16 4.23235058063844e+09 1.41291976675478e+16 1.81785776681624e+18 1.98363163754738e+16 0.00000000000000e+00 0.00000000000000e+00 0.00000000000000e+00 0.00000000000000e+00 0.00000000000000e+00 0.00000000000000e+00 0.00000000000000e+00 
2.06234527374221e-03 3.95313257416430e+02 3.65448913170960e+02 4.05250406564087e+22 4.47112827601177e+20 7.45630869515657e+19 4.33954173701410e+18 1.48068853070438e+15 3.32216725453373e+20 2.00585016474718e+16 4.52175717651345e+09 1.33373271242689e+16 1.74014455119767e+18 2.04842082886885e+16 0.00000000000000e+00 0.00000000000000e+00 0.00000000000000e+00 0.00000000000000e+00 0.00000000000000e+00 0.00000000000000e+00 0.00000000000000e+00 
2.20078321023223e-03 3.93804287470264e+02 3.64426320316610e+02 4.04830903392179e+22 4.75557451332830e+20 7.72997069227025e+19 4.27400881825026e+18 1.56048207736000e+15 3.54118847375267e+20 2.04930122895146e+16 4.81025927104512e+09 1.26347202193342e+16 1.66195607449972e+18 2.10724851627174e+16 0.00000000000000e+00 0.00000000000000e+00 0.00000000000000e+00 0.00000000000000e+00 0.00000000000000e+00 0.00000000000000e+00 0.00000000000000e+00 
2.40853964917522e-03 3.91813566815412e+02 3.63504873878996e+02 4.04208646219737e+22 5.17832071019969e+20 8.11389691653780e+19 4.17927806707632e+18 1.67807799292692e+15 3.86873532389878e+20 2.11342387954087e+16 5.24169139600833e+09 1.17269888543220e+16 1.54732917893996e+18 2.18588569982577e+16 0.00000000000000e+00 0.00000000000000e+00 0.00000000000000e+00 0.00000000000000e+00 0.00000000000000e+00 0.00000000000000e+00 0.00000000000000e+00 
2.61629608811821e-03 3.90114675080721e+02 3.62292589247839e+02 4.03594682855577e+22 5.59617160837737e+20 8.46938585177895e+19 4.08866667584706e+18 1.79324065555110e+15 4.19488164448565e+20 2.17631907780719e+16 5.67147765670684e+09 1.09529960875450e+16 1.43971542491210e+18 2.25459210916498e+16 0.00000000000000e+00 0.00000000000000e+00 0.00000000000000e+00 0.00000000000000e+00 0.00000000000000e+00 0.00000000000000e+00 0.00000000000000e+00 
2.82405252706120e-03 3.88671468830167e+02 3.61261027708106e+02 4.02988583979140e+22 6.00919256259321e+20 8.79983441880965e+19 4.00193733186909e+18 1.90611912598906e+15 4.51960870183770e+20 2.23806488389128e+16 6.09980657553854e+09 1.02843751403980e+16 1.34151269074595e+18 2.31458090702841e+16 0.00000000000000e+00 0.00000000000000e+00 0.00000000000000e+00 0.00000000000000e+00 0.00000000000000e+00 0.00000000000000e+00 0.00000000000000e+00 
3.03180896600418e-03 3.87452649965592e+02 3.60386886341556e+02 4.02389999705768e+22 6.41744781122957e+20 9.10801315176261e+19 3.91886468306388e+18 2.01684314142359e+15 4.84290906356148e+20 2.29873271430819e+16 6.52683992309437e+09 9.70262586249620e+15 1.25368867350983e+18 2.36675045644978e+16 0.00000000000000e+00 0.00000000000000e+00 0.00000000000000e+00 0.00000000000000e+00 0.00000000000000e+00 0.00000000000000e+00 0.00000000000000e+00 
3.23956540494717e-03 3.86430915872845e+02 3.59650190107144e+02 4.01798637296010e+22 6.82100032529966e+20 9.39623386609884e+19 3.83923685567756e+18 2.12552593366353e+15 5.16478242808036e+20 2.35838758665722e+16 6.95271262796983e+09 9.19178926027849e+15 1.17629756504512e+18 2.41189380436803e+16 0.00000000000000e+00 0.00000000000000e+00 0.00000000000000e+00 0.00000000000000e+00 0.00000000000000e+00 0.00000000000000e+00 0.00000000000000e+00 
3.57353447015098e-03 3.85143833928177e+02 3.59033678137864e+02 4.00862552908952e+22 7.46001017390719e+20 9.82243730281027e+19 3.71796191048647e+18 2.29620084137652e+15 5.67921526379136e+20 2.45230838816740e+16 7.63515460439231e+09 8.48890900468035e+15 1.07221061099527e+18 2.47150910945432e+16 0.00000000000000e+00 0.00000000000000e+00 0.00000000000000e+00 0.00000000000000e+00 0.00000000000000e+00 0.00000000000000e+00 0.00000000000000e+00 
3.90750353535479e-03 3.84220790573202e+02 3.58258358334300e+02 3.99943608198086e+22 8.08727502523778e+20 1.02088929186818e+20 3.60432650937689e+18 2.46223033398065e+15 6.18999350212034e+20 2.54397795855894e+16 8.31520521433077e+09 7.89673860315794e+15 9.90301219164823e+17 2.51744744647839e+16 0.00000000000000e+00 0.00000000000000e+00 0.00000000000000e+00 0.00000000000000e+00 0.00000000000000e+00 0.00000000000000e+00 0.00000000000000e+00 
4.24147260055860e-03 3.83592742645657e+02 3.57703101746407e+02 3.99041065278621e+22 8.70303550908437e+20 1.05611297604859e+20 3.49766133205797e+18 2.62393074777762e+15 6.69714371315879e+20 2.63358103598010e+16 8.99306670346254e+09 7.39353334012068e+15 9.26403771354954e+17 2.55196930748898e+16 0.00000000000000e+00 0.00000000000000e+00 0.00000000000000e+00 0.00000000000000e+00 0.00000000000000e+00 0.00000000000000e+00 0.00000000000000e+00 
4.57544166576241e-03 3.83204380777142e+02 3.57325492972354e+02 3.98154299279514e+22 9.30752393159315e+20 1.08836221923662e+20 3.39736892558764e+18 2.78156316221168e+15 7.20068944178277e+20 2.72127735059666e+16 9.66885409369950e+09 6.96063274162648e+15 8.76459842189027e+17 2.57700572867534e+16 0.00000000000000e+00 0.00000000000000e+00 0.00000000000000e+00 0.00000000000000e+00 0.00000000000000e+00 0.00000000000000e+00 0.00000000000000e+00 
4.90941073096622e-03 3.83010839899034e+02 3.57091828298785e+02 3.97282758624791e+22 9.90096489847786e+20 1.11801187427197e+20 3.30291458634631e+18 2.93535282293035e+15 7.70064674538738e+20 2.80720461279414e+16 1.03426085085292e+10 6.58304419483766e+15 8.37086376630688e+17 2.59420612640286e+16 0.00000000000000e+00 0.00000000000000e+00 0.00000000000000e+00 0.00000000000000e+00 0.00000000000000e+00 0.00000000000000e+00 0.00000000000000e+00 
5.43881304151418e-03 3.83018847806045e+02 3.56974951615428e+02 3.95931222012784e+22 1.08195682474241e+21 1.16043075598886e+20 3.16400361176815e+18 3.17171972021006e+15 8.48583532967073e+20 2.94008106852050e+16 1.14064549738061e+10 6.07675587485332e+15 7.90456633480029e+17 2.60866636527248e+16 0.00000000000000e+00 0.00000000000000e+00 0.00000000000000e+00 0.00000000000000e+00 0.00000000000000e+00 0.00000000000000e+00 0.00000000000000e+00 
5.96821535206213e-03 3.83311478810272e+02 3.56978196587090e+02 3.94614942471852e+22 1.17117887132577e+21 1.19816059251946e+20 3.03691738149523e+18 3.39959495201697e+15 9.26203646184369e+20 3.06920818741330e+16 1.24648788430740e+10 5.65316178381278e+15 7.56623916514785e+17 2.61138899487513e+16 0.00000000000000e+00 0.00000000000000e+00 0.00000000000000e+00 0.00000000000000e+00 0.00000000000000e+00 0.00000000000000e+00 0.00000000000000e+00 
6.49761766261008e-03 3.83804872229896e+02 3.57151889443411e+02 3.93332379960604e+22 1.25784250839203e+21 1.23203028749792e+20 2.92026568268024e+18 3.61954761786491e+15 1.00292391537543e+21 3.19491573582578e+16 1.35174720790433e+10 5.29592038660172e+15 7.31007700950344e+17 2.60579689444284e+16 0.00000000000000e+00 0.00000000000000e+00 0.00000000000000e+00 0.00000000000000e+00 0.00000000000000e+00 0.00000000000000e+00 0.00000000000000e+00 
7.02701997315803e-03 3.84440170752381e+02 3.57445995158484e+02 3.92082196424516e+22 1.34202413431563e+21 1.26267484858241e+20 2.81286079653981e+18 3.83203929249009e+15 1.07874228038104e+21 3.31748124969506e+16 1.45638122411034e+10 4.99070284028666e+15 7.11002979381905e+17 2.59435242420483e+16 0.00000000000000e+00 0.00000000000000e+00 0.00000000000000e+00 0.00000000000000e+00 0.00000000000000e+00 0.00000000000000e+00 0.00000000000000e+00 
7.55642228370598e-03 3.85175111259717e+02 3.57825484787455e+02 3.90863209222701e+22 1.42379699482012e+21 1.29058953303512e+20 2.71368208114204e+18 4.03747512764125e+15 1.15365657876011e+21 3.43713937603489e+16 1.56034817070596e+10 4.72572111960543e+15 6.94991186804206e+17 2.57883318539413e+16 0.00000000000000e+00 0.00000000000000e+00 0.00000000000000e+00 0.00000000000000e+00 0.00000000000000e+00 0.00000000000000e+00 0.00000000000000e+00 
8.28088799745137e-03 3.86289229059111e+02 3.58265232633699e+02 3.89243736828324e+22 1.53192311555284e+21 1.32504979817827e+20 2.58972473350187e+18 4.30780462204933e+15 1.25470555597793e+21 3.59653726886286e+16 1.70147326778630e+10 4.41676473276523e+15 6.77679445119129e+17 2.55321318013936e+16 0.00000000000000e+00 0.00000000000000e+00 0.00000000000000e+00 0.00000000000000e+00 0.00000000000000e+00 0.00000000000000e+00 0.00000000000000e+00 
9.00535371119675e-03 3.87476513278282e+02 3.58933101869766e+02 3.87678265439513e+22 1.63584179960019e+21 1.35591098138145e+20 2.47762191768791e+18 4.56644228755127e+15 1.35405475589045e+21 3.75129962910237e+16 1.84117734908012e+10 4.15272922340950e+15 6.63922422537244e+17 2.52484483959873e+16 0.00000000000000e+00 0.00000000000000e+00 0.00000000000000e+00 0.00000000000000e+00 0.00000000000000e+00 0.00000000000000e+00 0.00000000000000e+00 
9.72981942494214e-03 3.88700839760652e+02 3.59646315100540e+02 3.86164612022831e+22 1.73571687475007e+21 1.38375579190162e+20 2.37586887132209e+18 4.81410732746139e+15 1.45170256216105e+21 3.90176150690631e+16 1.97937810313907e+10 3.92846733274702e+15 6.52719204763789e+17 2.49500225706086e+16 0.00000000000000e+00 0.00000000000000e+00 0.00000000000000e+00 0.00000000000000e+00 0.00000000000000e+00 0.00000000000000e+00 0.00000000000000e+00 
1.04542851386875e-02 3.89940365317379e+02 3.60383295547263e+02 3.84700812036116e+22 1.83170392303158e+21 1.40901345632033e+20 2.28311673315870e+18 5.05143552867367e+15 1.54764932318629e+21 4.04824623762445e+16 2.11600697389993e+10 3.73338380271556e+15 6.43477514469545e+17 2.46472884045903e+16 0.00000000000000e+00 0.00000000000000e+00 0.00000000000000e+00 0.00000000000000e+00 0.00000000000000e+00 0.00000000000000e+00 0.00000000000000e+00 
1.11787508524329e-02 3.91181318270822e+02 3.61130945863338e+02 3.83285060615453e+22 1.92395101436271e+21 1.43201502651104e+20 2.19826722370382e+18 5.27902570600867e+15 1.64189720556608e+21 4.19099293366608e+16 2.25100773953623e+10 3.56204180089207e+15 6.35742895778020e+17 2.43461624958830e+16 0.00000000000000e+00 0.00000000000000e+00 0.00000000000000e+00 0.00000000000000e+00 0.00000000000000e+00 0.00000000000000e+00 0.00000000000000e+00 
1.21711726277623e-02 3.92868315974395e+02 3.61880960680833e+02 3.81420633840883e+22 2.04450145892747e+21 1.46032779824030e+20 2.09321138805297e+18 5.57596062752466e+15 1.76825435562984e+21 4.38085861817838e+16 2.43321316737053e+10 3.35932961111078e+15 6.27008395126697e+17 2.39417412902854e+16 0.00000000000000e+00 0.00000000000000e+00 0.00000000000000e+00 0.00000000000000e+00 0.00000000000000e+00 0.00000000000000e+00 0.00000000000000e+00 
1.31635944030917e-02 3.94526694579004e+02 3.62902935714187e+02 3.79639193607567e+22 2.15864210723031e+21 1.48544564021073e+20 1.99929419083267e+18 5.85689390637715e+15 1.89144566629042e+21 4.56455925156089e+16 2.61216708330700e+10 3.18596425703264e+15 6.19891839867294e+17 2.35515946212977e+16 0.00000000000000e+00 0.00000000000000e+00 0.00000000000000e+00 0.00000000000000e+00 0.00000000000000e+00 0.00000000000000e+00 0.00000000000000e+00 
1.41560161784211e-02 3.96148991169087e+02 3.63910207094143e+02 3.77936993121021e+22 2.26669793270932e+21 1.50778887153236e+20 1.91493182834863e+18 6.12295704519156e+15 2.01149075761488e+21 4.74246039768108e+16 2.78778519293489e+10 3.03577659356392e+15 6.14022698045313e+17 2.31782509208171e+16 0.00000000000000e+00 0.00000000000000e+00 0.00000000000000e+00 0.00000000000000e+00 0.00000000000000e+00 0.00000000000000e+00 0.00000000000000e+00 
1.51484379537505e-02 3.97732021877503e+02 3.64898061582722e+02 3.76310535520441e+22 2.36897508444371e+21 1.52768635403793e+20 1.83884148449551e+18 6.37511794677244e+15 2.12841418753654e+21 4.91485708988585e+16 2.96000262112667e+10 2.90564703020744e+15 6.09169689628046e+17 2.28221769578939e+16 0.00000000000000e+00 0.00000000000000e+00 0.00000000000000e+00 0.00000000000000e+00 0.00000000000000e+00 0.00000000000000e+00 0.00000000000000e+00 
1.61408597290799e-02 3.99274411324754e+02 3.65864367649925e+02 3.74756524659141e+22 2.46576287924097e+21 1.54541327132022e+20 1.76987099228542e+18 6.61432023994699e+15 2.24224452583673e+21 5.08202634313912e+16 3.12876661511865e+10 2.78971130744945e+15 6.05096572750917e+17 2.24845368621721e+16 0.00000000000000e+00 0.00000000000000e+00 0.00000000000000e+00 0.00000000000000e+00 0.00000000000000e+00 0.00000000000000e+00 0.00000000000000e+00 
1.76359471443576e-02 4.01520173702071e+02 3.66808092047291e+02 3.72545382661381e+22 2.60180541066872e+21 1.56852362367816e+20 1.67751990598010e+18 6.95205335922602e+15 2.40796395201125e+21 5.32442929895390e+16 3.37640315541935e+10 2.63917352972698e+15 6.00103335553126e+17 2.20088609392375e+16 0.00000000000000e+00 0.00000000000000e+00 0.00000000000000e+00 0.00000000000000e+00 0.00000000000000e+00 0.00000000000000e+00 0.00000000000000e+00 
1.91310345596352e-02 4.03672037036853e+02 3.68186078151558e+02 3.70481549313157e+22 2.72688654212321e+21 1.58791410175818e+20 1.59688206613718e+18 7.26484571102970e+15 2.56686183322298e+21 5.55601892364931e+16 3.61600596398104e+10 2.51158144539992e+15 5.96171650343107e+17 2.15711114768776e+16 0.00000000000000e+00 0.00000000000000e+00 0.00000000000000e+00 0.00000000000000e+00 0.00000000000000e+00 0.00000000000000e+00 0.00000000000000e+00 
2.06261219749128e-02 4.05731359823800e+02 3.69510744621741e+02 3.68555643412463e+22 2.84182264130771e+21 1.60413102887088e+20 1.52602128607351e+18 7.55489720175789e+15 2.71907700862555e+21 5.77729367662794e+16 3.84751542137027e+10 2.40199088532194e+15 5.93060211837369e+17 2.11689642998952e+16 0.00000000000000e+00 0.00000000000000e+00 0.00000000000000e+00 0.00000000000000e+00 0.00000000000000e+00 0.00000000000000e+00 0.00000000000000e+00 
2.21212093901905e-02 4.07700264260819e+02 3.70782345018787e+02 3.66758925815410e+22 2.94736861086715e+21 1.61762253830176e+20 1.46338652753425e+18 7.82414649237352e+15 2.86476156222307e+21 5.98867940320169e+16 4.07091211976113e+10 2.30675467645634e+15 5.90574862590039e+17 2.08000480766471e+16 0.00000000000000e+00 0.00000000000000e+00 0.00000000000000e+00 0.00000000000000e+00 0.00000000000000e+00 0.00000000000000e+00 0.00000000000000e+00 
2.36162968054681e-02 4.09581009503215e+02 3.72001650554667e+02 3.65083209580724e+22 3.04422516428138e+21 1.62877012800998e+20 1.40773457038332e+18 8.07431750143046e+15 3.00407807097604e+21 6.19055156427369e+16 4.28621051252245e+10 2.22334629556270e+15 5.88573577124910e+17 2.04618906550484e+16 0.00000000000000e+00 0.00000000000000e+00 0.00000000000000e+00 0.00000000000000e+00 0.00000000000000e+00 0.00000000000000e+00 0.00000000000000e+00 
2.63758228810649e-02 4.12828638947976e+02 3.73169563225049e+02 3.62282419049781e+22 3.20234796103058e+21 1.64426798193696e+20 1.32011541148146e+18 8.49105400335344e+15 3.24507196390028e+21 6.53929207779332e+16 4.66248984301778e+10 2.09390486697398e+15 5.85823337617241e+17 1.99107494139849e+16 0.00000000000000e+00 0.00000000000000e+00 0.00000000000000e+00 0.00000000000000e+00 0.00000000000000e+00 0.00000000000000e+00 0.00000000000000e+00 
2.91353489566617e-02 4.15799268915508e+02 3.75193583094616e+02 3.59823581567909e+22 3.33677225214222e+21 1.65453017888316e+20 1.24814408171726e+18 8.85617890516534e+15 3.46608550849516e+21 6.85873758603241e+16 5.01186229769557e+10 1.98925817355577e+15 5.83975418070631e+17 1.94429238277824e+16 0.00000000000000e+00 0.00000000000000e+00 0.00000000000000e+00 0.00000000000000e+00 0.00000000000000e+00 0.00000000000000e+00 0.00000000000000e+00 
3.18948750322585e-02 4.18509098181856e+02 3.77052967043787e+02 3.57667197103687e+22 3.45073703289299e+21 1.66082091553501e+20 1.18834909862238e+18 9.17654812890732e+15 3.66829575536643e+21 7.15071922820956e+16 5.33510360368013e+10 1.90269960664074e+15 5.82722359847045e+17 1.90470180717341e+16 0.00000000000000e+00 0.00000000000000e+00 0.00000000000000e+00 0.00000000000000e+00 0.00000000000000e+00 0.00000000000000e+00 0.00000000000000e+00 
3.46544011078552e-02 4.20974760839585e+02 3.78755691769416e+02 3.55777954720716e+22 3.54708084398184e+21 1.66412343522316e+20 1.13820895555996e+18 9.45803057019494e+15 3.85289681524072e+21 7.41699823592785e+16 5.63318846469551e+10 1.83019304730897e+15 5.81862489904556e+17 1.87127678719943e+16 0.00000000000000e+00 0.00000000000000e+00 0.00000000000000e+00 0.00000000000000e+00 0.00000000000000e+00 0.00000000000000e+00 0.00000000000000e+00 
3.74139271834520e-02 4.23213020275883e+02 3.80310387696101e+02 3.54124319675333e+22 3.62828806772247e+21 1.66519699955633e+20 1.09583692852785e+18 9.70557545803632e+15 4.02107907260866e+21 7.65929449275541e+16 5.90724110015031e+10 1.76900556123779e+15 5.81303628483404e+17 1.84311451208371e+16 0.00000000000000e+00 0.00000000000000e+00 0.00000000000000e+00 0.00000000000000e+00 0.00000000000000e+00 0.00000000000000e+00 0.00000000000000e+00 
4.01734532590488e-02 4.25240450430936e+02 3.81726100108399e+02 3.52678200646784e+22 3.69652527396274e+21 1.66462632392306e+20 1.05978735776798e+18 9.92339579239980e+15 4.17401386098145e+21 7.87929147808928e+16 6.15849306051836e+10 1.71670884945366e+15 5.80958755458392e+17 1.81946209843929e+16 0.00000000000000e+00 0.00000000000000e+00 0.00000000000000e+00 0.00000000000000e+00 0.00000000000000e+00 0.00000000000000e+00 0.00000000000000e+00 
4.49231458015310e-02 4.28282022778910e+02 3.83012043286448e+02 3.50606138229843e+22 3.78875189281944e+21 1.66103129041931e+20 1.00935747159373e+18 1.02389010664637e+16 4.40479096715230e+21 8.21038779279572e+16 6.54129053342009e+10 1.64274279896085e+15 5.80657468815498e+17 1.78752292221152e+16 0.00000000000000e+00 0.00000000000000e+00 0.00000000000000e+00 0.00000000000000e+00 0.00000000000000e+00 0.00000000000000e+00 0.00000000000000e+00 
4.96728383440133e-02 4.30824603645696e+02 3.84947543834426e+02 3.48967578888527e+22 3.85597457548765e+21 1.65554580453693e+20 9.70498963463733e+17 1.04923218971810e+16 4.59922959840362e+21 8.48814657187188e+16 6.86719751056757e+10 1.58562865252196e+15 5.80708679216041e+17 1.76435352452692e+16 0.00000000000000e+00 0.00000000000000e+00 0.00000000000000e+00 0.00000000000000e+00 0.00000000000000e+00 0.00000000000000e+00 0.00000000000000e+00 
5.44225308864955e-02 4.32940867796967e+02 3.86571260192233e+02 3.47673380915551e+22 3.90447157132749e+21 1.64926576868020e+20 9.39805946946530e+17 1.06961710344575e+16 4.76238992551382e+21 8.72021700934789e+16 7.14304123552391e+10 1.53968187244849e+15 5.80871448299084e+17 1.74762825947491e+16 0.00000000000000e+00 0.00000000000000e+00 0.00000000000000e+00 0.00000000000000e+00 0.00000000000000e+00 0.00000000000000e+00 0.00000000000000e+00 
5.91722234289778e-02 4.34695833168937e+02 3.87926669932530e+02 3.46652790245804e+22 3.93898809226358e+21 1.64280072653264e+20 9.15718209649845e+17 1.08603827191946e+16 4.89881373442306e+21 8.91316496418692e+16 7.37530492158052e+10 1.50257265652093e+15 5.81071515863316e+17 1.73583066190317e+16 0.00000000000000e+00 0.00000000000000e+00 0.00000000000000e+00 0.00000000000000e+00 0.00000000000000e+00 0.00000000000000e+00 0.00000000000000e+00 
6.39219159714600e-02 4.36146159957729e+02 3.89053365753148e+02 3.45849316633646e+22 3.96312651357041e+21 1.63654995962463e+20 8.96585297653060e+17 1.09924567668316e+16 5.01251746315207e+21 9.07305183701657e+16 7.56999768822913e+10 1.47326830705924e+15 5.81398097172335e+17 1.72772518384049e+16 0.00000000000000e+00 0.00000000000000e+00 0.00000000000000e+00 0.00000000000000e+00 0.00000000000000e+00 0.00000000000000e+00 0.00000000000000e+00 
7.12402580418737e-02 4.37892796844868e+02 3.89986302928897e+02 3.44938265862821e+22 3.98588087495860e+21 1.62781543939528e+20 8.74259466079501e+17 1.11467944469780e+16 5.15100699457275e+21 9.26623244544739e+16 7.80844186150692e+10 1.43817782829296e+15 5.81888114940773e+17 1.72039946883697e+16 0.00000000000000e+00 0.00000000000000e+00 0.00000000000000e+00 0.00000000000000e+00 0.00000000000000e+00 0.00000000000000e+00 0.00000000000000e+00 
7.85586001122875e-02 4.39180965057414e+02 3.91112005607142e+02 3.44310809555728e+22 3.99763132680044e+21 1.62045681764987e+20 8.58432248427772e+17 1.12574641820588e+16 5.25449793809484e+21 9.40916800816489e+16 7.98753418486410e+10 1.41235598163814e+15 5.82311694447895e+17 1.71697888534056e+16 0.00000000000000e+00 0.00000000000000e+00 0.00000000000000e+00 0.00000000000000e+00 0.00000000000000e+00 0.00000000000000e+00 0.00000000000000e+00 
8.58769421827012e-02 4.40128683414938e+02 3.91943722698637e+02 3.43877684627330e+22 4.00303477009271e+21 1.61445970284458e+20 8.47040541316785e+17 1.13370222509928e+16 5.33153589676277e+21 9.51464848481338e+16 8.12136721594925e+10 1.39363804880768e+15 5.82707560997742e+17 1.71577817211996e+16 0.00000000000000e+00 0.00000000000000e+00 0.00000000000000e+00 0.00000000000000e+00 0.00000000000000e+00 0.00000000000000e+00 0.00000000000000e+00 
9.31952842531149e-02 4.40823340373471e+02 3.92556427189471e+02 3.43578999107579e+22 4.00482579536305e+21 1.60970113111405e+20 8.38811760042331e+17 1.13942029752527e+16 5.38865726655219e+21 9.59212590737901e+16 8.22082640220636e+10 1.37975205255763e+15 5.83033796099775e+17 1.71583017388980e+16 0.00000000000000e+00 0.00000000000000e+00 0.00000000000000e+00 0.00000000000000e+00 0.00000000000000e+00 0.00000000000000e+00 0.00000000000000e+00 
1.00513626323529e-01 4.41330511883728e+02 3.93005951351369e+02 3.43373695758842e+22 4.00463966375819e+21 1.60598341480802e+20 8.32834808436969e+17 1.14351765329548e+16 5.43084419336568e+21 9.64883877600807e+16 8.29439057033701e+10 1.36962938502353e+15 5.83314869772180e+17 1.71653405058584e+16 0.00000000000000e+00 0.00000000000000e+00 0.00000000000000e+00 0.00000000000000e+00 0.00000000000000e+00 0.00000000000000e+00 0.00000000000000e+00 
1.11760849432314e-01 4.41849044869958e+02 3.93334373145908e+02 3.43180026758926e+22 4.00253124800314e+21 1.60187376462927e+20 8.26739942163748e+17 1.14763654836817e+16 5.47462733324254e+21 9.70699674996939e+16 8.37078710503491e+10 1.35895809630123e+15 5.83617895853158e+17 1.71816753929960e+16 0.00000000000000e+00 0.00000000000000e+00 0.00000000000000e+00 0.00000000000000e+00 0.00000000000000e+00 0.00000000000000e+00 0.00000000000000e+00 
1.23008072541100e-01 4.42166314154184e+02 3.93670339289243e+02 3.43071147817422e+22 4.00010473646152e+21 1.59917310293161e+20 8.23037702998691e+17 1.15012435799031e+16 5.50180262198036e+21 9.74270432353970e+16 8.41826148355020e+10 1.35235018851444e+15 5.83822395430937e+17 1.71969208236514e+16 0.00000000000000e+00 0.00000000000000e+00 0.00000000000000e+00 0.00000000000000e+00 0.00000000000000e+00 0.00000000000000e+00 0.00000000000000e+00 
1.34255295649886e-01 4.42362366557036e+02 3.93875994681997e+02 3.43008197223793e+22 3.99809591328829e+21 1.59742125361016e+20 8.20755054003065e+17 1.15164515957684e+16 5.51876462571647e+21 9.76480884644390e+16 8.44790416804688e+10 1.34821801585755e+15 5.83960292268012e+17 1.72087471005917e+16 0.00000000000000e+00 0.00000000000000e+00 0.00000000000000e+00 0.00000000000000e+00 0.00000000000000e+00 0.00000000000000e+00 0.00000000000000e+00 
1.45502518758672e-01 4.42483234718285e+02 3.94003110694338e+02 3.42971829136766e+22 3.99656746338207e+21 1.59629517160758e+20 8.19346482149130e+17 1.15257126036135e+16 5.52932273073266e+21 9.77846266953750e+16 8.46635514731363e+10 1.34563149078475e+15 5.84049347696085e+17 1.72174493182038e+16 0.00000000000000e+00 0.00000000000000e+00 0.00000000000000e+00 0.00000000000000e+00 0.00000000000000e+00 0.00000000000000e+00 0.00000000000000e+00 
1.56749741867457e-01 4.42556908097639e+02 3.94081490785720e+02 3.42951449028613e+22 3.99543024069787e+21 1.59557403361676e+20 8.18515547750937e+17 1.15312306693131e+16 5.53581878837010e+21 9.78680765007447e+16 8.47775209063398e+10 1.34408114409412e+15 5.84111931104679e+17 1.72234923696034e+16 0.00000000000000e+00 0.00000000000000e+00 0.00000000000000e+00 0.00000000000000e+00 0.00000000000000e+00 0.00000000000000e+00 0.00000000000000e+00 
1.79089932535122e-01 4.42620678891814e+02 3.94129269981492e+02 3.42936683459769e+22 3.99408724153587e+21 1.59489582416225e+20 8.17727483235774e+17 1.15360362186121e+16 5.54159487535220e+21 9.79406267094763e+16 8.48778256170426e+10 1.34256827212628e+15 5.84158483225533e+17 1.72310961100460e+16 0.00000000000000e+00 0.00000000000000e+00 0.00000000000000e+00 0.00000000000000e+00 0.00000000000000e+00 0.00000000000000e+00 0.00000000000000e+00 
2.01430123202786e-01 4.42645139441010e+02 3.94170626067026e+02 3.42931567909421e+22 3.99350521849728e+21 1.59462495265193e+20 8.17430539545600e+17 1.15379191664826e+16 5.54383670374563e+21 9.79686304296738e+16 8.49169204894359e+10 1.34198913430142e+15 5.84176882724319e+17 1.72342780929286e+16 0.00000000000000e+00 0.00000000000000e+00 0.00000000000000e+00 0.00000000000000e+00 0.00000000000000e+00 0.00000000000000e+00 0.00000000000000e+00 
2.23770313870451e-01 4.42658961533431e+02 3.94186489088243e+02 3.42927981775909e+22 3.99326279122028e+21 1.59448515814040e+20 8.17271618660869e+17 1.15389631213762e+16 5.54506700285221e+21 9.79842876349489e+16 8.49384112950723e+10 1.34168966118869e+15 5.84189388112091e+17 1.72355883662576e+16 0.00000000000000e+00 0.00000000000000e+00 0.00000000000000e+00 0.00000000000000e+00 0.00000000000000e+00 0.00000000000000e+00 0.00000000000000e+00 
2.46110504538115e-01 4.42666195141149e+02 3.94195454164650e+02 3.42926076432447e+22 3.99313939580316e+21 1.59441250055999e+20 8.17190182069912e+17 1.15394886790205e+16 5.54570952444875e+21 9.79924711519880e+16 8.49496303263902e+10 1.34153667716090e+15 5.84196480707426e+17 1.72362419598817e+16 0.00000000000000e+00 0.00000000000000e+00 0.00000000000000e+00 0.00000000000000e+00 0.00000000000000e+00 0.00000000000000e+00 0.00000000000000e+00 
2.68450695205780e-01 4.42668248363841e+02 3.94200146014703e+02 3.42925821807180e+22 3.99307075997245e+21 1.59438717526881e+20 8.17173355400484e+17 1.15396120314047e+16 5.54590280032720e+21 9.79948080714887e+16 8.49530791234746e+10 1.34150220653119e+15 5.84201860655333e+17 1.72365263720451e+16 0.00000000000000e+00 0.00000000000000e+00 0.00000000000000e+00 0.00000000000000e+00 0.00000000000000e+00 0.00000000000000e+00 0.00000000000000e+00 
3.69575894582002e-01 4.42670422255630e+02 3.94201477467353e+02 3.42925600942481e+22 3.99299098531280e+21 1.59435756257957e+20 8.17148176572455e+17 1.15397679264575e+16 5.54611248327926e+21 9.79973083535385e+16 8.49566301015587e+10 1.34144971576816e+15 5.84204577075746e+17 1.72369554666272e+16 0.00000000000000e+00 0.00000000000000e+00 0.00000000000000e+00 0.00000000000000e+00 0.00000000000000e+00 0.00000000000000e+00 0.00000000000000e+00 
4.70701093958225e-01 4.42667353731559e+02 3.94202887029412e+02 3.42926432385120e+22 3.99304052907610e+21 1.59438795318613e+20 8.17182036416827e+17 1.15395433783354e+16 5.54584097575236e+21 9.79938403642926e+16 8.49518853972857e+10 1.34151279941873e+15 5.84201328696206e+17 1.72366960625827e+16 0.00000000000000e+00 0.00000000000000e+00 0.00000000000000e+00 0.00000000000000e+00 0.00000000000000e+00 0.00000000000000e+00 0.00000000000000e+00 
5.71826293334447e-01 4.42667135945181e+02 3.94200896683652e+02 3.42926383819459e+22 3.99305253549488e+21 1.59439095139401e+20 8.17165868169766e+17 1.15395891922139e+16 5.54582612723016e+21 9.79936376629298e+16 8.49513846662422e+10 1.34148236990514e+15 5.84195114492637e+17 1.72368209982748e+16 0.00000000000000e+00 0.00000000000000e+00 0.00000000000000e+00 0.00000000000000e+00 0.00000000000000e+00 0.00000000000000e+00 0.00000000000000e+00 
6.72951492710670e-01 4.42667633749559e+02 3.94200755294303e+02 3.42926287420446e+22 3.99304507485560e+21 1.59438673838444e+20 8.17180848841968e+17 1.15395625401281e+16 5.54586112143504e+21 9.79941529672206e+16 8.49523053008427e+10 1.34151158608270e+15 5.84201631106463e+17 1.72366525974580e+16 0.00000000000000e+00 0.00000000000000e+00 0.00000000000000e+00 0.00000000000000e+00 0.00000000000000e+00 0.00000000000000e+00 0.00000000000000e+00 
1.33025160838712e+00 4.42667706098063e+02 3.94201078444876e+02 3.42926273286419e+22 3.99304207619054e+21 1.59438576605357e+20 8.17173266300970e+17 1.15395824962539e+16 5.54587016095523e+21 9.79942510983497e+16 8.49524010009923e+10 1.34149669861346e+15 5.84199602463123e+17 1.72367300848334e+16 0.00000000000000e+00 0.00000000000000e+00 0.00000000000000e+00 0.00000000000000e+00 0.00000000000000e+00 0.00000000000000e+00 0.00000000000000e+00 
1.98755172406357e+00 4.42667694347607e+02 3.94201125297025e+02 3.42926276723411e+22 3.99304229499487e+21 1.59438590729273e+20 8.17173765762621e+17 1.15395810778442e+16 5.54586900650901e+21 9.79942366993677e+16 8.49523835784012e+10 1.34149755778806e+15 5.84199675712492e+17 1.72367243618057e+16 0.00000000000000e+00 0.00000000000000e+00 0.00000000000000e+00 0.00000000000000e+00 0.00000000000000e+00 0.00000000000000e+00 0.00000000000000e+00 
2.64485183974003e+00 4.42667692912403e+02 3.94201117678584e+02 3.42926276681576e+22 3.99304229807623e+21 1.59438592004670e+20 8.17173114214228e+17 1.15395830928933e+16 5.54586900827493e+21 9.79942375378472e+16 8.49523806342298e+10 1.34149622572253e+15 5.84199399320883e+17 1.72367297506453e+16 0.00000000000000e+00 0.00000000000000e+00 0.00000000000000e+00 0.00000000000000e+00 0.00000000000000e+00 0.00000000000000e+00 0.00000000000000e+00 
9.21785299650454e+00 4.42667692980995e+02 3.94201116743996e+02 3.42926276721755e+22 3.99304229727067e+21 1.59438592041862e+20 8.17173168128719e+17 1.15395829607783e+16 5.54586900161627e+21 9.79942374399239e+16 8.49523808517575e+10 1.34149632365557e+15 5.84199417164076e+17 1.72367292166534e+16 0.00000000000000e+00 0.00000000000000e+00 0.00000000000000e+00 0.00000000000000e+00 0.00000000000000e+00 0.00000000000000e+00 0.00000000000000e+00 
1.57908541532691e+01 4.42667693030926e+02 3.94201116788851e+02 3.42926276698832e+22 3.99304229811483e+21 1.59438591836011e+20 8.17173191665616e+17 1.15395828818043e+16 5.54586900483489e+21 9.79942374087106e+16 8.49523808989046e+10 1.34149638331712e+15 5.84199431481862e+17 1.72367291303536e+16 0.00000000000000e+00 0.00000000000000e+00 0.00000000000000e+00 0.00000000000000e+00 0.00000000000000e+00 0.00000000000000e+00 0.00000000000000e+00 
2.23638553100336e+01 4.42667693029966e+02 3.94201116821271e+02 3.42926276699896e+22 3.99304229810162e+21 1.59438591854332e+20 8.17173192254690e+17 1.15395828828040e+16 5.54586900461344e+21 9.79942374050487e+16 8.49523808951561e+10 1.34149638211686e+15 5.84199431056410e+17 1.72367291116643e+16 0.00000000000000e+00 0.00000000000000e+00 0.00000000000000e+00 0.00000000000000e+00 0.00000000000000e+00 0.00000000000000e+00 0.00000000000000e+00 
8.80938668776788e+01 4.42667693033027e+02 3.94201116820653e+02 3.42926276698508e+22 3.99304229815100e+21 1.59438591839716e+20 8.17173193590826e+17 1.15395828782560e+16 5.54586900481835e+21 9.79942374035282e+16 8.49523808977482e+10 1.34149638588344e+15 5.84199431967089e+17 1.72367291087863e+16 0.00000000000000e+00 0.00000000000000e+00 0.00000000000000e+00 0.00000000000000e+00 0.00000000000000e+00 0.00000000000000e+00 0.00000000000000e+00 
1.53823878445324e+02 4.42667693032841e+02 3.94201116822640e+02 3.42926276698587e+22 3.99304229814612e+21 1.59438591840336e+20 8.17173193486442e+17 1.15395828784858e+16 5.54586900480852e+21 9.79942374037159e+16 8.49523808976185e+10 1.34149638570364e+15 5.84199431923910e+17 1.72367291093231e+16 0.00000000000000e+00 0.00000000000000e+00 0.00000000000000e+00 0.00000000000000e+00 0.00000000000000e+00 0.00000000000000e+00 0.00000000000000e+00 
2.19553890012969e+02 4.42667693033053e+02 3.94201116822519e+02 3.42926276698451e+22 3.99304229814921e+21 1.59438591839210e+20 8.17173193580289e+17 1.15395828781350e+16 5.54586900482327e+21 9.79942374036211e+16 8.49523808978199e+10 1.34149638598129e+15 5.84199431991063e+17 1.72367291091761e+16 0.00000000000000e+00 0.00000000000000e+00 0.00000000000000e+00 0.00000000000000e+00 0.00000000000000e+00 0.00000000000000e+00 0.00000000000000e+00 
3.19553890012969e+02 4.42667693033042e+02 3.94201116822657e+02 3.42926276698497e+22 3.99304229814910e+21 1.59438591839331e+20 8.17173193569443e+17 1.15395828781690e+16 5.54586900482222e+21 9.79942374036351e+16 8.49523808978005e+10 1.34149638595450e+15 5.84199431984593e+17 1.72367291092042e+16 0.00000000000000e+00 0.00000000000000e+00 0.00000000000000e+00 0.00000000000000e+00 0.00000000000000e+00 0.00000000000000e+00 0.00000000000000e+00 
4.19553890012969e+02 4.42667693033065e+02 3.94201116822649e+02 3.42926276698566e+22 3.99304229814976e+21 1.59438591839354e+20 8.17173193569550e+17 1.15395828781716e+16 5.54586900482303e+21 9.79942374036330e+16 8.49523808977985e+10 1.34149638595417e+15 5.84199431984582e+17 1.72367291092064e+16 0.00000000000000e+00 0.00000000000000e+00 0.00000000000000e+00 0.00000000000000e+00 0.00000000000000e+00 0.00000000000000e+00 0.00000000000000e+00 
5.19553890012969e+02 4.42667693033085e+02 3.94201116822664e+02 3.42926276698633e+22 3.99304229815035e+21 1.59438591839381e+20 8.17173193568926e+17 1.15395828781758e+16 5.54586900482369e+21 9.79942374036312e+16 8.49523808977943e+10 1.34149638595248e+15 5.84199431984232e+17 1.72367291092105e+16 0.00000000000000e+00 0.00000000000000e+00 0.00000000000000e+00 0.00000000000000e+00 0.00000000000000e+00 0.00000000000000e+00 0.00000000000000e+00 
6.19553890012969e+02 4.42667693033111e+02 3.94201116822678e+02 3.42926276698707e+22 3.99304229815105e+21 1.59438591839404e+20 8.17173193569055e+17 1.15395828781778e+16 5.54586900482457e+21 9.79942374036292e+16 8.49523808977924e+10 1.34149638595274e+15 5.84199431984366e+17 1.72367291092137e+16 0.00000000000000e+00 0.00000000000000e+00 0.00000000000000e+00 0.00000000000000e+00 0.00000000000000e+00 0.00000000000000e+00 0.00000000000000e+00 
7.19553890012969e+02 4.42667693033098e+02 3.94201116822694e+02 3.42926276698671e+22 3.99304229815068e+21 1.59438591839390e+20 8.17173193569002e+17 1.15395828781769e+16 5.54586900482408e+21 9.79942374036280e+16 8.49523808977906e+10 1.34149638595260e+15 5.84199431984297e+17 1.72367291092120e+16 0.00000000000000e+00 0.00000000000000e+00 0.00000000000000e+00 0.00000000000000e+00 0.00000000000000e+00 0.00000000000000e+00 0.00000000000000e+00 
8.19553890012969e+02 4.42667693033092e+02 3.94201116822686e+02 3.42926276698650e+22 3.99304229815052e+21 1.59438591839387e+20 8.17173193568976e+17 1.15395828781763e+16 5.54586900482391e+21 9.79942374036310e+16 8.49523808977943e+10 1.34149638595257e+15 5.84199431984273e+17 1.72367291092112e+16 0.00000000000000e+00 0.00000000000000e+00 0.00000000000000e+00 0.00000000000000e+00 0.00000000000000e+00 0.00000000000000e+00 0.00000000000000e+00 
9.19553890012969e+02 4.42667693033104e+02 3.94201116822682e+02 3.42926276698686e+22 3.99304229815087e+21 1.59438591839399e+20 8.17173193568994e+17 1.15395828781774e+16 5.54586900482435e+21 9.79942374036307e+16 8.49523808977942e+10 1.34149638595259e+15 5.84199431984311e+17 1.72367291092128e+16 0.00000000000000e+00 0.00000000000000e+00 0.00000000000000e+00 0.00000000000000e+00 0.00000000000000e+00 0.00000000000000e+00 0.00000000000000e+00 
1.00000000000000e+03 4.42667693033120e+02 3.94201116822690e+02 3.42926276698734e+22 3.99304229815130e+21 1.59438591839412e+20 8.17173193569030e+17 1.15395828781788e+16 5.54586900482488e+21 9.79942374036284e+16 8.49523808977915e+10 1.34149638595264e+15 5.84199431984366e+17 1.72367291092149e+16 0.00000000000000e+00 0.00000000000000e+00 0.00000000000000e+00 0.00000000000000e+00 0.00000000000000e+00 0.00000000000000e+00 0.00000000000000e+00 
