Time(s)              GasTemp(K)           NearWallTemp(K)      [O2(X)](m^-3)        [O2(a1Dg)](m^-3)     [O2(b1Sg+)](m^-3)    [O2(A3Su+_C3Du_c1Su-)](m^-3) [O2(+,X)](m^-3)      [O(3P)](m^-3)        [O(1D)](m^-3)        [O(+,gnd)](m^-3)     [O(-,gnd)](m^-3)     [O3(X)](m^-3)        [O3(exc)](m^-3)      [CO2(X)](m^-3)       [CO2(e1)](m^-3)      [CO2(+,X)](m^-3)     [CO(X)](m^-3)        [CO(a3P)](m^-3)      [CO(+,X)](m^-3)      [C(X)](m^-3)        
0.00000000000000e+00 3.67727597568000e+02 3.29459918905600e+02 5.08620339261545e+21 5.08620339261545e-04 5.08620339261545e-04 5.08620339261545e-04 0.00000000000000e+00 0.00000000000000e+00 0.00000000000000e+00 0.00000000000000e+00 0.00000000000000e+00 0.00000000000000e+00 0.00000000000000e+00 5.08620339261545e+21 5.08620339261545e-04 0.00000000000000e+00 0.00000000000000e+00 0.00000000000000e+00 0.00000000000000e+00 0.00000000000000e+00 
6.08213611321705e-16 3.67727597567930e+02 3.32862274172486e+02 5.08620339261543e+21 9.24592164722881e+06 2.11409815559305e+06 2.90345153542021e+06 1.32274450585641e+03 9.69299654012631e+06 2.87388238802960e+06 1.01038678616760e-01 4.13764741667285e+05 1.08016877635745e-06 3.34854261537667e-11 5.08620339261545e+21 3.91442166889268e+06 3.43968149147507e+02 7.43289552731551e+05 1.29155348578350e+05 2.18745549167208e-14 9.85256341586027e-13 
1.21642722264341e-15 3.67727597567861e+02 3.32862274172448e+02 5.08620339261541e+21 1.84918432939588e+07 4.22819631093942e+06 5.80690307032503e+06 2.64548901176796e+03 1.93859930815595e+07 5.74776477478257e+06 2.02077356942056e-01 8.27529483328313e+05 3.40914027304487e-06 1.05683961029907e-10 5.08620339261544e+21 7.82884333703705e+06 6.87936298235207e+02 1.48657910548766e+06 2.58310697129412e+05 6.90386795790686e-14 3.10958541567182e-12 
1.82464083396512e-15 3.67727597567791e+02 3.32862274172409e+02 5.08620339261539e+21 2.77377649406988e+07 6.34229446655327e+06 8.71035460522294e+06 3.96823351773579e+03 2.90789896243271e+07 8.62164716023201e+06 3.03116034969742e-01 1.24129422498295e+06 7.01324130830342e-06 2.17411740730240e-10 5.08620339261544e+21 1.17432650049367e+07 1.03190444726184e+03 2.22986865826885e+06 3.87466045652610e+05 1.42025519686762e-13 6.39700075167256e-12 
4.47830356124856e-15 3.67727597567487e+02 3.32862274172371e+02 5.08620339261530e+21 6.80781275973076e+07 1.55661976721327e+07 2.13782413068102e+07 9.73942595447166e+03 7.13699597231304e+07 2.11605223485632e+07 7.43952226282575e-01 3.04656798458283e+06 3.66607335482801e-05 1.13648932765822e-09 5.08620339261541e+21 2.88220588431370e+07 2.53265260390960e+03 5.47287365724419e+06 9.50976509477134e+05 7.42418444780449e-13 3.34394226258080e-11 
7.13196628853200e-15 3.67727597567183e+02 3.32862274172203e+02 5.08620339261521e+21 1.08418490254103e+08 2.47901008827109e+07 3.40461280082682e+07 1.55106183922596e+04 1.13660929846873e+08 3.36993975125323e+07 1.18478841203330e+00 4.85184174406331e+06 9.01394840289613e-05 2.79434020286944e-09 5.08620339261539e+21 4.59008526767633e+07 4.03340075941606e+03 8.71587865668819e+06 1.51448697278092e+06 1.82541942725949e-12 8.22190941147554e-11 
9.78562901581544e-15 3.67727597566879e+02 3.32862274172035e+02 5.08620339261512e+21 1.48758852911088e+08 3.40140040983669e+07 4.67140147095950e+07 2.12818108311162e+04 1.55951899995949e+08 4.62382726517545e+07 1.62562459213408e+00 6.65711550342250e+06 1.67825859053778e-04 5.20263178987660e-09 5.08620339261537e+21 6.29796465057435e+07 5.53414891376322e+03 1.19588836566083e+07 2.07799743555574e+06 3.39865027396545e-12 1.53079310914684e-10 
1.24392917430989e-14 3.67727597566575e+02 3.32862274171868e+02 5.08620339261503e+21 1.89099215568264e+08 4.32379073191284e+07 5.93819014107898e+07 2.70530032710474e+04 1.98242870170498e+08 5.87771477660941e+07 2.06646076655392e+00 8.46238926265975e+06 2.69852685761256e-04 8.36548175434405e-09 5.08620339261535e+21 8.00584403300519e+07 7.03489706694470e+03 1.52018886570070e+07 2.64150789779870e+06 5.46480086691352e-12 2.46141228893473e-10 
2.03149335606078e-14 3.67727597565673e+02 3.32862274171700e+02 5.08620339261477e+21 3.08822887990097e+08 7.06129603954180e+07 9.69781404563835e+07 4.41809691072156e+04 3.23755630395737e+08 9.59905011400729e+07 3.37479120559729e+00 1.38201498259048e+07 7.16143093151638e-04 2.22005646032581e-08 5.08620339261529e+21 1.30745538347194e+08 1.14888748739169e+04 2.48266030340164e+07 4.31391581425884e+06 1.45026510354610e-11 6.53216922984607e-10 
2.81905753781167e-14 3.67727597564770e+02 3.32862274171202e+02 5.08620339261451e+21 4.28546560413610e+08 9.79880135167249e+07 1.34574379500814e+08 6.13089349528584e+04 4.49268390845573e+08 1.33203854294654e+08 4.68312159455012e+00 1.91779103880746e+07 1.37705017936727e-03 4.26888030919459e-08 5.08620339261523e+21 1.81432636323146e+08 1.59428526706110e+04 3.44513174152464e+07 5.98632372602938e+06 2.78867144066548e-11 1.25605132514599e-09 
3.60662171956256e-14 3.67727597563868e+02 3.32862274170704e+02 5.08620339261425e+21 5.48270232838805e+08 1.25363066683051e+08 1.72170618544081e+08 7.84369008079763e+04 5.74781151520014e+08 1.70417207229832e+08 5.99145193341087e+00 2.45356709491692e+07 2.25258061815582e-03 6.98304041206097e-08 5.08620339261517e+21 2.32119734257904e+08 2.03968304570268e+04 4.40760318006971e+07 7.65873163311018e+06 4.56171259428941e-11 2.05465052283185e-09 
4.39418590131345e-14 3.67727597562966e+02 3.32862274170206e+02 5.08620339261398e+21 6.67993905265681e+08 1.52738119894395e+08 2.09766857586184e+08 9.55648666725690e+04 7.00293912419057e+08 2.07630559945607e+08 7.29978222217987e+00 2.98934315091884e+07 3.34273289371049e-03 1.03625320712182e-07 5.08620339261510e+21 2.82806832151469e+08 2.48508082331642e+04 5.37007461903686e+07 9.33113953550127e+06 6.76938547537459e-11 3.04901313354646e-09 
1.22698277188223e-13 3.67727597553943e+02 3.32862274169708e+02 5.08620339261135e+21 1.86523062962689e+09 4.26488654483826e+08 5.85729247943223e+08 2.66844525839612e+05 1.95542153376249e+09 5.79764075036344e+08 2.03830823548552e+01 8.34710370502409e+07 2.60483277720871e-02 8.07502851455940e-07 5.08620339261448e+21 7.89677808821560e+08 6.93905854292372e+04 1.49947890319218e+08 2.60552183014809e+07 5.27505912694152e-10 2.37595094274102e-08 
2.01454695363312e-13 3.67727597544920e+02 3.32862274164728e+02 5.08620339260872e+21 3.06246735415621e+09 7.00239193575064e+08 9.61691638183910e+08 4.38124185954139e+05 3.21054917756597e+09 9.51897568187019e+08 3.34663774784037e+01 1.37048642483766e+08 7.02159144689236e-02 2.17670600591500e-06 5.08620339261386e+21 1.29654878137243e+09 1.13930361597488e+05 2.46195034870132e+08 4.27792965984935e+07 1.42194559196006e-09 6.40461721609439e-08 
2.80211113538401e-13 3.67727597535897e+02 3.32862274159748e+02 5.08620339260609e+21 4.25970407885363e+09 9.73989737168105e+08 1.33765402830825e+09 6.09403847016150e+05 4.46567684382947e+09 1.32403103939765e+09 4.65496675928317e+01 1.90626247809764e+08 1.35845474369729e-01 4.21123421962603e-06 5.08620339261324e+21 1.80341974980409e+09 1.58470136737917e+05 3.42442179843110e+08 5.95033744265397e+07 2.75101233102834e-09 1.23908984469558e-07 
3.58967531713490e-13 3.67727597526874e+02 3.32862274154768e+02 5.08620339260346e+21 5.45694080371915e+09 1.24774028526295e+09 1.71361641831623e+09 7.80683509025645e+05 5.72080453255300e+09 1.69616448866825e+09 5.96329526981418e+01 2.44203853028234e+08 2.22937004438146e-01 6.91108741164701e-06 5.08620339261263e+21 2.31029071411654e+09 2.03009910850524e+05 4.38689325238152e+08 7.62274517856195e+07 4.51470587510556e-09 2.03347943703386e-07 
1.14653171346438e-12 3.67727597436643e+02 3.32862274149789e+02 5.08620339257715e+21 1.74293080616199e+10 3.98524601381042e+09 5.47324031199677e+09 2.49348018123216e+06 1.82720826550891e+10 5.41749777467253e+09 1.90465528250436e+02 7.79979899298933e+08 2.27426071224578e+00 7.05024993948145e-05 5.08620339260643e+21 7.37900013068423e+09 6.48407595446442e+05 1.40116080240210e+09 2.43468199583269e+08 4.60560466202133e-08 2.07442570393194e-06 
1.93409589521527e-12 3.67727597346413e+02 3.32862274099991e+02 5.08620339255084e+21 2.94016753363309e+10 6.72275219253780e+09 9.23286419404219e+09 4.20627694818699e+06 3.08233630236262e+10 9.13882886667444e+09 3.21297602893108e+02 1.31575593481690e+09 6.47178148670954e+00 2.00626425819057e-04 5.08620339260023e+21 1.24477091353306e+10 1.09380517726028e+06 2.36363232177246e+09 4.10708900484290e+08 1.31059848046611e-07 5.90311833893169e-06 
2.72166007696616e-12 3.67727597256183e+02 3.32862274050193e+02 5.08620339252453e+21 4.13740426278520e+10 9.46025882144486e+09 1.29924880644525e+10 5.91907380989010e+06 4.33746456381628e+10 1.28601577646752e+10 4.52129176627989e+02 1.85153195958213e+09 1.28154992990354e+01 3.97282878381136e-04 5.08620339259403e+21 1.75164177280556e+10 1.53920265629208e+06 3.32610388334922e+09 5.77949554488696e+08 2.59525925010032e-07 1.16894259367200e-05 
3.50922425871705e-12 3.67727597165953e+02 3.32862274000394e+02 5.08620339249822e+21 5.33464099361833e+10 1.21977659005313e+10 1.67521119232277e+10 7.63187076634147e+06 5.59259304986979e+10 1.65814844686760e+10 5.82960249457000e+02 2.38730797359462e+09 2.13054141096286e+01 6.60471869039280e-04 5.08620339258783e+21 2.25851259088593e+10 1.98460003254190e+06 4.28857548713236e+09 7.45190161596500e+08 4.31454083406560e-07 1.94333485808755e-05 
1.13848660762259e-11 3.67727596263650e+02 3.32862273950596e+02 5.08620339223511e+21 1.73070083944051e+11 3.95728614511646e+10 5.43483498710478e+10 2.47598455420010e+07 1.81438902633485e+11 5.37946308391591e+10 1.89124342861940e+03 7.74506752231924e+09 2.24245382035581e+02 6.95165567410428e-03 5.08620339252584e+21 7.32721850612373e+10 6.43856814204904e+06 1.39132938463107e+10 2.41759365336617e+09 4.54107990213917e-06 2.04541432120980e-04 
1.92605078937348e-11 3.67727595361347e+02 3.32862273452616e+02 5.08620339197200e+21 2.92793759632924e+11 6.69480020194281e+10 9.19445866553558e+10 4.18878297924593e+07 3.06952099366617e+11 9.10075578111307e+10 3.19947651938957e+03 1.31028259957706e+10 6.41805002202209e+02 1.98961068768343e-02 5.08620339246385e+21 1.23959203021524e+11 1.08925259734149e+07 2.35380164261140e+10 4.08999245549063e+09 1.29966920816238e-05 5.85411113630507e-04 
2.71361497112437e-11 3.67727594459045e+02 3.32862272954635e+02 5.08620339170890e+21 4.12517437002795e+11 9.43231876050630e+10 1.29540822276152e+11 5.90158235176939e+07 4.32465520696849e+11 1.28220265385824e+11 4.50765952360172e+03 1.84605833939490e+10 1.27398423486867e+03 3.94938368345158e-02 5.08620339240186e+21 1.74646179789752e+11 1.53464735266873e+07 3.31627432265310e+10 5.76238656798241e+09 2.57981052714875e-05 1.16204247113986e-03 
3.50117915287527e-11 3.67727593556742e+02 3.32862272456655e+02 5.08620339144579e+21 5.32241116053654e+11 1.21698418207798e+11 1.67137056733436e+11 7.61438267176806e+07 5.57979166622876e+11 1.65432753564532e+11 5.81579244317690e+03 2.38183397168545e+10 2.12078303841605e+03 6.57448574424418e-02 5.08620339233987e+21 2.25333115365953e+11 1.98004108019163e+07 4.27874742475500e+10 7.43477599085467e+09 4.29451253501620e-05 1.93443558637818e-03 
1.13768209703842e-10 3.67727584533730e+02 3.32862271958674e+02 5.08620338881473e+21 1.72947799901359e+12 3.95453200077647e+11 5.43099337313133e+11 2.47424379820291e+08 1.81312797818000e+12 5.37545569039754e+11 1.88943676787916e+04 7.73958438059752e+10 2.23928324141499e+04 6.94190353093836e-01 5.08620339171999e+21 7.32200205578649e+11 6.43392182799204e+07 1.39035016586565e+11 2.41584122952556e+10 4.53353488508977e-04 2.04252929834303e-02 
1.92524627878931e-10 3.67727575510738e+02 3.32862266978876e+02 5.08620338618367e+21 2.92671505006281e+12 6.69212483348017e+11 9.19061501541677e+11 4.18705880370874e+08 3.06829924782673e+12 9.09636446392090e+11 3.19679366448574e+04 1.30973240368039e+11 6.41267913337404e+04 1.98797850224950e+00 5.08620339110011e+21 1.23906317662696e+12 1.08876998010734e+08 2.35282980972261e+11 4.08815796527094e+10 1.29810087011242e-03 5.84924195106470e-02 
2.71281046054020e-10 3.67727566487764e+02 3.32862261999089e+02 5.08620338355260e+21 4.12395226919328e+12 9.42976267760238e+11 1.29502354941911e+12 5.89988328346652e+08 4.32349297431794e+12 1.28170538685481e+12 4.50365011741996e+04 1.84550529403234e+11 1.27322620061458e+05 3.94712066113045e+00 5.08620339048024e+21 1.74592202854282e+12 1.53413750042107e+08 3.31531367393349e+11 5.76042780757574e+10 2.57700207556771e-03 1.16135893182687e-01 
3.50037464229109e-10 3.67727557464810e+02 3.32862257019313e+02 5.08620338092153e+21 5.32118965639657e+12 1.21674455304340e+12 1.67098548094545e+12 7.61271723723772e+08 5.57870915634959e+12 1.65375239171953e+12 5.81000631857642e+04 2.38127710911759e+11 2.11980276979562e+05 6.57162872323190e+00 5.08620338986037e+21 2.25277676135966e+12 1.97949474424041e+08 4.27780175838005e+11 7.43265075775347e+10 4.28986321656744e-03 1.93355795698928e-01 
8.22574302658408e-10 3.67727503327677e+02 3.32862252039547e+02 5.08620336513504e+21 1.25045921122450e+13 2.85944296001204e+12 3.92674665165318e+12 1.78898835660510e+09 1.31104511128847e+13 3.88556595625575e+12 1.36376212708737e+05 5.59587405422266e+11 1.17061753728274e+06 3.62918760142618e+01 5.08620338614125e+21 5.29380790795130e+12 4.65141298286495e+08 1.00527984660539e+12 1.74649683317314e+11 2.36693101954775e-02 1.06778042782616e+00 
1.29511114108771e-09 3.67727449191236e+02 3.32862222161283e+02 5.08620334934838e+21 1.96880006165519e+13 4.50230332891541e+12 6.18250363376125e+12 2.81673908968251e+09 2.06430011345220e+13 6.11659017035584e+12 2.14472755759824e+05 8.81043229050006e+11 2.90186465823480e+06 8.99681238015108e+01 5.08620338242228e+21 8.33469077645597e+12 7.32296139615846e+08 1.58279470713357e+12 2.74955981321425e+11 5.86224323334372e-02 2.64697209657527e+00 
1.76764797951701e-09 3.67727395055484e+02 3.32862192283404e+02 5.08620333356154e+21 2.68714151674961e+13 6.14532560112282e+12 8.43825642727790e+12 3.84452391779440e+09 2.81763589390396e+13 8.34682531355395e+12 2.92390106304349e+05 1.20249518183791e+12 5.40571262769528e+06 1.67602946102091e+02 5.08620337870346e+21 1.13754253741142e+13 9.99414009204666e+08 2.16032475486281e+12 3.75245404433461e+11 1.09107435868282e-01 4.93094846850939e+00 
2.24018481794631e-09 3.67727340920423e+02 3.32862162405910e+02 5.08620331777454e+21 3.40548357632584e+13 7.78850971806696e+12 1.06940050322113e+13 4.87234283578524e+09 3.57105242445196e+13 1.05762716650822e+13 3.70128677024174e+05 1.52394326382888e+12 8.68215244005463e+06 2.69198914164217e+02 5.08620337498479e+21 1.44160117081612e+13 1.26649491781658e+09 2.73786998723565e+12 4.75517955494484e+11 1.75082675184430e-01 7.91972718196392e+00 
2.71272165637561e-09 3.67727286786051e+02 3.32862132528801e+02 5.08620330198736e+21 4.12382624020215e+13 9.43185562124000e+12 1.29497494485698e+13 5.90019583850526e+09 4.32454967693302e+13 1.28049295038890e+13 4.47688879355151e+05 1.84538747506579e+12 1.27311750956735e+07 3.94758596637382e+02 5.08620337126626e+21 1.74564497858267e+13 1.53353887618724e+09 3.31543040169676e+12 5.75773637343216e+11 2.56506648605221e-01 1.16133258483105e+01 
7.43648408160792e-09 3.67726745664214e+02 3.32862102652076e+02 5.08620314415971e+21 1.13048447016365e+14 2.58686092033847e+13 3.54992970409496e+13 1.61771049269321e+10 1.18613920090583e+14 3.50406548463759e+13 1.21331329255337e+06 5.05852438636005e+12 9.56701514045630e+07 2.96764259561136e+03 5.08620333410193e+21 4.78423501389469e+13 4.20104229055300e+09 9.08990556630374e+12 1.57706314740285e+12 1.91054427697647e+00 8.72805743110195e+01 
1.21602465068402e-08 3.67726204611180e+02 3.32861804007508e+02 5.08620298631483e+21 1.84859233527649e+14 4.23214662672332e+13 5.80484260695035e+13 2.64574145292968e+10 1.94062701709877e+14 5.71978883347271e+13 1.96155823377608e+06 8.27127453241270e+12 2.55805017421779e+08 7.93808572989682e+03 5.08620329695258e+21 7.82134428724412e+13 6.86486484329356e+09 1.48658951028725e+13 2.57666999883421e+12 5.06362123559888e+00 2.33401161830396e+02 
1.68840089320726e-08 3.67725663626810e+02 3.32861505401314e+02 5.08620282845279e+21 2.56670620131882e+14 5.87903687344630e+13 8.05971365424243e+13 3.67411195411751e+10 2.69591562054289e+14 7.92769068699081e+13 2.69281920140339e+06 1.14836379560132e+13 4.93126788841529e+08 1.53086380111476e+04 5.08620325981820e+21 1.08569735199428e+14 9.52501693062958e+09 2.06433964670531e+13 3.57459701815991e+12 9.67612038782669e+00 4.49992425783104e+02 
2.16077713573049e-08 3.67725122710968e+02 3.32861206833419e+02 5.08620267057363e+21 3.28482605030588e+14 7.52752587045772e+13 1.03145428467909e+14 4.70282148778835e+10 3.45200222401750e+14 1.01277986505222e+14 3.40748287992071e+06 1.46956146999614e+13 8.07626478152021e+08 2.50818417903674e+04 5.08620322269878e+21 1.38911234332862e+14 1.21815087679948e+10 2.64224071175947e+13 4.57084702846900e+12 1.57094683619029e+01 7.37071562822089e+02 
2.63315337825372e-08 3.67724581863516e+02 3.32860908303746e+02 5.08620251267743e+21 4.00295186431249e+14 9.17760784691592e+13 1.25693301854156e+14 5.73186954753315e+10 4.20888404949692e+14 1.23201402378347e+14 4.10592725803687e+06 1.79072048070561e+13 1.19929509696728e+09 3.72602311112661e+04 5.08620318559432e+21 1.69237947483664e+14 1.48343503946749e+10 3.22029245169962e+13 5.56542284869337e+12 2.31261174673215e+01 1.09465562445665e+03 
3.10552962077695e-08 3.67724041084318e+02 3.32860609812220e+02 5.08620235476424e+21 4.72108362547896e+14 1.08292770530861e+14 1.48240756709362e+14 6.76125562913328e+10 4.96655832906473e+14 1.45047428620808e+14 4.78852168597787e+06 2.11184083200809e+13 1.66812365904104e+09 5.18463308658916e+04 5.08620314850481e+21 1.99549881858304e+14 1.74835516767344e+10 3.79849461323570e+13 6.55832729266258e+12 3.18895335001148e+01 1.52276151124748e+03 
6.04027956006382e-08 3.67720682885662e+02 3.32860311358765e+02 5.08620137331408e+21 9.18278043186496e+14 2.11258781984668e+14 2.88312814538012e+14 1.31641047661679e+11 9.69137714683374e+14 2.79053802143864e+14 8.69571127411354e+06 4.10601159565687e+13 6.30908322945709e+09 1.96565372159608e+05 5.08620291841189e+21 3.87539312005480e+14 3.38613663092134e+10 7.39406806900468e+13 1.26897067145888e+13 1.14397475666577e+02 5.76355875815052e+03 
8.97502949935069e-08 3.67717327284000e+02 3.32858457993975e+02 5.08620039122494e+21 1.36447018945066e+15 3.14821682358277e+14 4.28368720138394e+14 1.95798630348028e+11 1.44460248433488e+15 4.10148182387618e+14 1.20840457170042e+07 6.09869136878235e+13 1.39257709627709e+10 4.34909376205028e+05 5.08620268889391e+21 5.74960310877467e+14 5.01012293436724e+10 1.09953775424426e+14 1.87573515049968e+13 2.39863227675534e+02 1.27308841000922e+04 
1.19097794386376e-07 3.67713974247697e+02 3.32856606077935e+02 5.08619940851085e+21 1.81068438916508e+15 4.18968202818396e+14 5.68408475475177e+14 2.60084144609483e+11 1.92298625287532e+15 5.38393831902051e+14 1.50226927429109e+07 8.08988117470137e+13 2.45160348008591e+10 7.67461350205990e+05 5.08620245994909e+21 7.61814597223822e+14 6.62051480801850e+10 1.46023634006008e+14 2.47619241524153e+13 4.01745601757755e+02 2.24284095089112e+04 
1.48445293779244e-07 3.67710623745732e+02 3.32854755593147e+02 5.08619842518553e+21 2.25692023907903e+15 5.23685362233878e+14 7.08432082512814e+14 3.24496455307120e+11 2.40422650917721e+15 6.63852641776680e+14 1.75715287911817e+07 1.00795820354047e+14 3.80777239914993e+10 1.19479185637323e+06 5.08620223157565e+21 9.48103884698581e+14 8.21749751396731e+10 1.82149666279241e+14 3.07040802955582e+13 5.94520053770544e+02 3.48595928678218e+04 
1.77792793172113e-07 3.67707275747687e+02 3.32852906522455e+02 5.08619744126242e+21 2.70317734467340e+15 6.28960460955302e+14 8.48439543215469e+14 3.89034449368521e+11 2.88826209026999e+15 7.86585161290744e+14 1.97824757363382e+07 1.20677949715468e+14 5.46086891587962e+10 1.71745927422625e+06 5.08620200377180e+21 1.13382988182046e+15 9.80124389295469e+10 2.18331288211994e+14 3.65844687779965e+13 8.13508628740131e+02 5.00276809590389e+04 
2.07140292564982e-07 3.67703930223736e+02 3.32851058849037e+02 5.08619645675465e+21 3.14945531998854e+15 7.34781075266235e+14 9.88430859546917e+14 4.53697033762342e+11 3.37503315485227e+15 9.06650624361565e+14 2.17005896087832e+07 1.40545210024233e+14 7.41067823947787e+10 2.33601003458630e+06 5.08620177653579e+21 1.31899429191444e+15 1.13719164139305e+11 2.54567921856479e+14 4.24037316903946e+13 1.05475142037477e+03 6.79357122093400e+04 
2.64709655506016e-07 3.67697374570009e+02 3.32849212556398e+02 5.08619452385111e+21 4.02495327090971e+15 9.43901761112534e+14 1.26299717622206e+15 5.80899848902550e+11 4.33762766592605e+15 1.13465016470185e+15 2.47588242052513e+07 1.79474560120953e+14 1.20965931845888e+11 3.82995433464370e+06 5.08620133242220e+21 1.68059623722665e+15 1.44156248591664e+11 3.25808929706212e+14 5.36439282140373e+13 1.58011816827318e+03 1.11034705547994e+05 
3.22279018447050e-07 3.67690828110178e+02 3.32845594735644e+02 5.08619258884106e+21 4.90052732426918e+15 1.15498626280194e+15 1.53750139093050e+15 7.08570045867563e+11 5.31009632326633e+15 1.35303209265507e+15 2.70766208993632e+07 2.18346809224334e+14 1.79218292008808e+11 5.69882002220440e+06 5.08620089047363e+21 2.04005645892076e+15 1.74106913134336e+11 3.97255178880934e+14 6.46560725571758e+13 2.15875512892068e+03 1.64706992605011e+05 
3.79848381388084e-07 3.67684290637810e+02 3.32841982047601e+02 5.08619065181463e+21 5.77617483701421e+15 1.36794951565872e+15 1.81194351848413e+15 8.36699919325283e+11 6.29202916792650e+15 1.56220198765969e+15 2.88342237559123e+07 2.57162033843797e+14 2.48847697519384e+11 7.94635437046772e+06 5.08620045067693e+21 2.39738764254082e+15 2.03581102928837e+11 4.68902504774753e+14 7.54447916782791e+13 2.77651924294408e+03 2.28968789356427e+05 
4.37417744329118e-07 3.67677761954175e+02 3.32838374378096e+02 5.08618871285818e+21 6.65189327724764e+15 1.58271003833795e+15 2.08632357369006e+15 9.65281955583682e+11 7.28303341030497e+15 1.76254834741457e+15 3.01687771082424e+07 2.95920310308045e+14 3.29838004024955e+11 1.05761494037450e+07 5.08620001301902e+21 2.75260239854648e+15 2.32588136276342e+11 5.40746827259184e+14 8.60146187187511e+13 3.42311066902879e+03 3.03833480011363e+05 
4.94987107270153e-07 3.67671241867925e+02 3.32834771617217e+02 5.08618677205448e+21 7.52768021950104e+15 1.79918978044227e+15 2.36064157135057e+15 1.09430881349957e+12 8.28273270199153e+15 1.95444331424481e+15 3.11846989918851e+07 3.34621714770109e+14 4.22173088194166e+11 1.35916484537402e+07 5.08619957748691e+21 3.10571326272194e+15 2.61136835019236e+11 6.12784148954958e+14 9.63699949118268e+13 4.09099202287286e+03 3.89311697968340e+05 
5.52556470211187e-07 3.67664730194795e+02 3.32831173659135e+02 5.08618482948288e+21 8.40353334030946e+15 2.01731397986444e+15 2.63489752626320e+15 1.22377330954241e+12 9.29076645405156e+15 2.13824335511276e+15 3.19617327345587e+07 3.73266323212012e+14 5.25836847703999e+11 1.69961521748594e+07 5.08619914406769e+21 3.45673269658612e+15 2.89235602816279e+11 6.85010553586004e+14 1.06515271402706e+14 4.77472210531354e+03 4.85411402231503e+05 
6.50214278585635e-07 3.67653702859421e+02 3.32827580401933e+02 5.08618153037056e+21 9.88943219965066e+15 2.39088948351856e+15 3.09998985983005e+15 1.44437156296860e+12 1.10188387434684e+16 2.43247519040730e+15 3.28926210604123e+07 4.38691440210386e+14 7.27550021675596e+11 2.36698839476440e+07 5.08619841363292e+21 4.04743644926916e+15 3.35894553844353e+11 8.07953493517117e+14 1.23256692311567e+14 5.96004408112525e+03 6.72735202301558e+05 
7.47872086960083e-07 3.67642698401886e+02 3.32821495454739e+02 5.08617822673909e+21 1.13755048746368e+16 2.76866238583640e+15 3.56490377365422e+15 1.66617553874874e+12 1.27683140356620e+16 2.70596252849828e+15 3.34935613363837e+07 5.03953707858255e+14 9.61738013588499e+11 3.14866603094300e+07 5.08619768917932e+21 4.63221749458316e+15 3.81319225878530e+11 9.31411312607190e+14 1.39426001699781e+14 7.16777020324346e+03 8.90647522309059e+05 
8.45529895334531e-07 3.67631716048776e+02 3.32815423298195e+02 5.08617491891471e+21 1.28617418339911e+16 3.15032610759440e+15 4.02963933987860e+15 1.88915282320193e+12 1.45377119560039e+16 2.96016720013786e+15 3.38868478335099e+07 5.69053493903734e+14 1.22832263356397e+12 4.04600615978105e+07 5.08619697064552e+21 5.21113521842252e+15 4.25544995678490e+11 1.05536641465370e+15 1.55042749858076e+14 8.39098241655397e+03 1.13913820069089e+06 
9.43187703708979e-07 3.67620755073387e+02 3.32809363504501e+02 5.08617160720111e+21 1.43481342149391e+16 3.53559562000378e+15 4.49419663060958e+15 2.11327194714488e+12 1.63256554857484e+16 3.19644830309612e+15 3.41559242618588e+07 6.33991164868204e+14 1.52722586376212e+12 5.06027322190456e+07 5.08619625797081e+21 5.78424841139683e+15 4.68605652279801e+11 1.17980180410339e+15 1.70125819729208e+14 9.62525426869136e+03 1.41817826566309e+06 
1.04084551208343e-06 3.67609814792538e+02 3.32803315671680e+02 5.08616829188100e+21 1.58346737762406e+16 3.92420593053854e+15 4.95857571791754e+15 2.33850233999187e+12 1.81308637229428e+16 3.41606941992700e+15 3.43538746328896e+07 6.98767086094507e+14 1.85836985789507e+12 6.19264460277152e+07 5.08619555109512e+21 6.35161527479180e+15 5.10533610632996e+11 1.30470106552924e+15 1.84693449702192e+14 1.08677530198255e+04 1.72772090441590e+06 
1.13850332045788e-06 3.67598894563718e+02 3.32797279421817e+02 5.08616497321748e+21 1.73213528561441e+16 4.31591072750881e+15 5.42277667383748e+15 2.56481429307693e+12 1.99521454014005e+16 3.62020507906250e+15 3.45090305494055e+07 7.63381621789124e+14 2.22167694075862e+12 7.44421648064663e+07 5.08619484995906e+21 6.91329342630797e+15 5.51360043664877e+11 1.43004834444364e+15 1.98763254924958e+14 1.21168675599586e+04 2.06770236881691e+06 
1.31935248590794e-06 3.67578722686807e+02 3.32791254399476e+02 5.08615881948863e+21 2.00748277340339e+16 5.04870079684612e+15 6.28194445987787e+15 2.98667225860612e+12 2.33636512612691e+16 3.96099869934214e+15 3.47454284298381e+07 8.82614147104769e+14 2.97914131540091e+12 1.00801412156196e+08 5.08619356650653e+21 7.93861720863796e+15 6.24157685610199e+11 1.66330618480666e+15 2.23561362048210e+14 1.44444171580305e+04 2.77740000952589e+06 
1.50020165135801e-06 3.67558613996633e+02 3.32780125392117e+02 5.08615265652923e+21 2.28287161344009e+16 5.79001618127489e+15 7.14050206467129e+15 3.41196429928112e+12 2.68201745844084e+16 4.25863828812481e+15 3.49434766237120e+07 1.00129675681907e+15 3.84614966750513e+12 1.31341723214397e+08 5.08619230216883e+21 8.94498439515343e+15 6.93462087536738e+11 1.89795571494685e+15 2.46813043611784e+14 1.67888189708628e+04 3.59056071333215e+06 
1.68105081680807e-06 3.67538565333151e+02 3.32769031801493e+02 5.08614648556924e+21 2.55829824284192e+16 6.53871262832737e+15 7.99844994476180e+15 3.84052261811283e+12 3.03161666310141e+16 4.51858070663754e+15 3.51186586765576e+07 1.11943173567636e+15 4.82221331165652e+12 1.66114424458816e+08 5.08619105658566e+21 9.93274546851455e+15 7.59444562588681e+11 2.13391015431920e+15 2.68614716547992e+14 1.91484584166123e+04 4.50638212942580e+06 
1.86189998225814e-06 3.67518573855182e+02 3.32757971879106e+02 5.08614030768688e+21 2.83375954584340e+16 7.29379001943434e+15 8.85578855629754e+15 4.27218752490683e+12 3.38467713829968e+16 4.74559569232968e+15 3.52796653912790e+07 1.23702135726352e+15 5.90684554419297e+12 2.05164556370728e+08 5.08618982940382e+21 1.09022444344540e+16 8.22267164257927e+11 2.37108812263690e+15 2.89056797495779e+14 2.15216082494790e+04 5.52391884054476e+06 
2.04274914770820e-06 3.67498637001256e+02 3.32746944052727e+02 5.08613412382796e+21 3.10925279637556e+16 8.05437385881064e+15 9.71251835503393e+15 4.70680698701473e+12 3.74077369494617e+16 4.94385410133030e+15 3.54463659403015e+07 1.35406788450385e+15 7.09956163426157e+12 2.48531663808750e+08 5.08618862027704e+21 1.18538189422395e+16 8.82083449175463e+11 2.60941330060611e+15 3.08224079746273e+14 2.39069899480223e+04 6.64209804659628e+06 
2.22359831315827e-06 3.67478752457802e+02 3.32735946904743e+02 5.08612793482149e+21 3.38477561151515e+16 8.81970026660381e+15 1.05686397963357e+16 5.14423626653440e+12 4.09953437135990e+16 5.11699944653467e+15 3.56362943764564e+07 1.47057357004858e+15 8.39987881550435e+12 2.96250447031701e+08 5.08618742886581e+21 1.27878003987387e+16 9.39039020870077e+11 2.84881412623717e+15 3.26196070693181e+14 2.63039119694210e+04 7.85973350442124e+06 
2.66118637454425e-06 3.67430843789319e+02 3.32724979154570e+02 5.08611294242102e+21 4.05154974366109e+16 1.06874651626474e+16 1.26376228200317e+16 6.21347077004078e+12 4.97683571346383e+16 5.44952242133443e+15 3.61223173336920e+07 1.75025031104184e+15 1.19884033599760e+13 4.29883567717690e+08 5.08618461738700e+21 1.49768573112246e+16 1.06582277819334e+12 3.43213735789310e+15 3.65167944866520e+14 3.21476658800091e+04 1.12091362439558e+07 
3.09877443593024e-06 3.67383204178765e+02 3.32698556320726e+02 5.08609793224086e+21 4.71846167223714e+16 1.25717045394675e+16 1.47030532465926e+16 7.29657119538613e+12 5.86421602285632e+16 5.68888470749980e+15 3.66508409637796e+07 2.02680527214023e+15 1.61973185638882e+13 5.89513075923847e+08 5.08618190313926e+21 1.70692608037289e+16 1.17844194924781e+12 4.02052413455505e+15 3.98512794841763e+14 3.80463033930089e+04 1.51129112057161e+07 
3.53636249731623e-06 3.67335812840424e+02 3.32672285002634e+02 5.08608291048718e+21 5.38549382701193e+16 1.44668149070193e+16 1.67649374991842e+16 8.39192623026193e+12 6.75892210748657e+16 5.86182549961082e+15 3.72011613325343e+07 2.30026970038477e+15 2.10199229375673e+13 7.75401073134961e+08 5.08617928176078e+21 1.90692891105758e+16 1.27849915235803e+12 4.61323603614052e+15 4.27051004031913e+14 4.39915631157383e+04 1.95489691893972e+07 
3.97395055870221e-06 3.67288653088020e+02 3.32646153687039e+02 5.08606788152574e+21 6.05263397917900e+16 1.63689145041880e+16 1.88232819869522e+16 9.49811349458790e+12 7.65903338075756e+16 5.98687557249529e+15 3.77712497824099e+07 2.57067452619221e+15 2.64495834338229e+13 9.87733411517191e+08 5.08617674910068e+21 2.09810223583561e+16 1.36740302129870e+12 5.20964813150024e+15 4.51476857515496e+14 4.99765980003765e+04 2.44936268454053e+07 
4.41153862008820e-06 3.67241711066651e+02 3.32620153126506e+02 5.08605284849636e+21 6.71987342830190e+16 1.82752588181208e+16 2.08780931052797e+16 1.06138717759400e+13 8.56318109010027e+16 6.07714369130027e+15 3.83620968394257e+07 2.83805038177027e+15 3.24797331675668e+13 1.22664516692879e+09 5.08617430120263e+21 2.28083565896015e+16 1.44639836395870e+12 5.80922840733004e+15 4.72381399019258e+14 5.59957212287126e+04 2.99223497476928e+07 
5.08038930581495e-06 3.67170355260391e+02 3.32594275638986e+02 5.08602986762259e+21 7.73992337522674e+16 2.11931243105444e+16 2.40120460139058e+16 1.23353305274404e+13 9.95086176081498e+16 6.16785325481819e+15 3.92955328241061e+07 3.24094835338245e+15 4.28424286105115e+13 1.64339586549664e+09 5.08617071493986e+21 2.54466806375493e+16 1.55041984687802e+12 6.73081541684211e+15 4.98629074697250e+14 6.52511556067317e+04 3.90990376855828e+07 
5.74923999154170e-06 3.67099444521183e+02 3.32554945482978e+02 5.08600688847936e+21 8.76017463552493e+16 2.41113722892160e+16 2.71377815687494e+16 1.40730759856709e+13 1.13431483987085e+17 6.22289802387993e+15 4.02540471699914e+07 3.63694769362740e+15 5.45699374305154e+13 2.12273898400804e+09 5.08616730521146e+21 2.79090464570938e+16 1.63725768324366e+12 7.65740530319477e+15 5.19314926541492e+14 7.45603910799493e+04 4.92614705194730e+07 
6.41809067726844e-06 3.67028948581117e+02 3.32515867565579e+02 5.08598391481852e+21 9.78061716292182e+16 2.70269766487382e+16 3.02553224277752e+16 1.58241711667980e+13 1.27384690317601e+17 6.25678881373417e+15 4.12272921585914e+07 4.02615406633981e+15 6.76396547448792e+13 2.66484796125326e+09 5.08616406013021e+21 3.02072194229297e+16 1.70977906066403e+12 8.58792488380820e+15 5.35631099762959e+14 8.39118403009479e+04 6.03244846405217e+07 
7.08694136299519e-06 3.66958841817933e+02 3.32477025082221e+02 5.08596094886962e+21 1.08012450755175e+17 2.99382526272753e+16 3.33646911723290e+16 1.75861798811784e+13 1.41359163728905e+17 6.27764102536272e+15 4.22094968040175e+07 4.40867158586640e+15 8.20293257966493e+13 3.26983317588940e+09 5.08616096865254e+21 3.23521486488592e+16 1.77034862231147e+12 9.52154287322600e+15 5.48500971329699e+14 9.32965595197806e+04 7.22065950128341e+07 
7.75579204872194e-06 3.66889101671580e+02 3.32438403799937e+02 5.08593799204930e+21 1.18220546294648e+17 3.28442036144990e+16 3.64659103099226e+16 1.93570640114392e+13 1.55349299446737e+17 6.29028860953225e+15 4.31967258956681e+07 4.78460288479227e+15 9.77170326346165e+13 3.93777122847270e+09 5.08615802049369e+21 3.43540447453261e+16 1.82093289213438e+12 1.04576072279821e+16 5.58648767140630e+14 1.02707539670793e+05 8.48313646413431e+07 
8.92480432376701e-06 3.66768031995122e+02 3.32399991182832e+02 5.08589789274670e+21 1.36066471718873e+17 3.79087832262692e+16 4.18666958215297e+16 2.24687128907865e+13 1.79828987249954e+17 6.30072390754482e+15 4.49239533680566e+07 5.42613907714530e+15 1.28188510132853e+14 5.25651413120960e+09 5.08615318394535e+21 3.75372472018802e+16 1.88995681270473e+12 1.20981142397316e+16 5.71418597245136e+14 1.19203826739229e+05 1.08474224320707e+08 
1.00938165988121e-05 3.66647924865181e+02 3.32333322320079e+02 5.08585782745057e+21 1.53917772803959e+17 4.29532642679268e+16 4.72427738269584e+16 2.55950336229325e+13 2.04333077698782e+17 6.30504952086061e+15 4.66453875799176e+07 6.04839374706952e+15 1.62446568443116e+14 6.76796423335880e+09 5.08614870967107e+21 4.03586410368638e+16 1.94033437185395e+12 1.37425163192033e+16 5.79846555357972e+14 1.35741841378847e+05 1.33835493958214e+08 
1.12628288738571e-05 3.66528697105871e+02 3.32267203406547e+02 5.08581779777717e+21 1.71774392518102e+17 4.79769082892624e+16 5.25942629538479e+16 2.87305257720841e+13 2.28855714057369e+17 6.30721831035145e+15 4.83563983457160e+07 6.65188419619107e+15 2.00381125376263e+14 8.47227853996484e+09 5.08614455615595e+21 4.28595850158469e+16 1.97720961125139e+12 1.53894428741618e+16 5.85454241589683e+14 1.52306850934811e+05 1.60626710939060e+08 
1.24318411489022e-05 3.66410276931647e+02 3.32201588205890e+02 5.08577780440096e+21 1.89636293390875e+17 5.29795975769325e+16 5.79212811530563e+16 3.18712190367493e+13 2.53394548881623e+17 6.30822209031099e+15 5.00550124829028e+07 7.23711437455138e+15 2.41885102579242e+14 1.03695717206243e+10 5.08614068689188e+21 4.50764900295163e+16 2.00421136566068e+12 1.70380407206930e+16 5.89188419102841e+14 1.68889688543466e+05 1.88606926788675e+08 
1.36008534239473e-05 3.66292601240555e+02 3.32136436805375e+02 5.08573784769113e+21 2.07503442114557e+17 5.79613392187778e+16 6.32239457264543e+16 3.50141693247625e+13 2.77948153555476e+17 6.30845657258371e+15 5.17408139651208e+07 7.80457553007325e+15 2.86854272718198e+14 1.24599421629191e+10 5.08613706961504e+21 4.70415569486097e+16 2.02395842489107e+12 1.86877562996830e+16 5.91662991200058e+14 1.85484407374065e+05 2.17575159812540e+08 
1.56058584359380e-05 3.66092352171814e+02 3.32071714117147e+02 5.08566940287774e+21 2.38160003543209e+17 6.64569226702247e+16 7.22623219530549e+16 4.04041193344772e+13 3.20091780608596e+17 6.30812921499304e+15 5.46033657011459e+07 8.73783713630572e+15 3.71761089337324e+14 1.64950052395595e+10 5.08613137361311e+21 4.99040477556652e+16 2.04593143000314e+12 2.15188779401984e+16 5.94030441155455e+14 2.13963894732946e+05 2.69108691862817e+08 
1.76108634479287e-05 3.65893890855575e+02 3.31961619164091e+02 5.08560106736320e+21 2.68831746970567e+17 7.48911462086383e+16 8.12299852678458e+16 4.57861435541346e+13 3.62270851669852e+17 6.30770758082087e+15 5.74377982429103e+07 9.62256602004661e+15 4.66070494631634e+14 2.10987009156154e+10 5.08612621296178e+21 5.22313704064016e+16 2.05878560300230e+12 2.43510149868439e+16 5.95209173692976e+14 2.42453949846412e+05 3.22400364161397e+08 
1.96158684599194e-05 3.65697019825543e+02 3.31852561619254e+02 5.08553284127854e+21 2.99518521344159e+17 8.32644168711315e+16 9.01275150492276e+16 5.11549724123083e+13 4.04482479291310e+17 6.30739473164202e+15 6.02537780345322e+07 1.04610029086594e+16 5.69309800488089e+14 2.62713783843782e+10 5.08612148645337e+21 5.41246681052329e+16 2.06647347230602e+12 2.71835793645942e+16 5.95847759503606e+14 2.70948286152800e+05 3.76962830112770e+08 
2.16208734719102e-05 3.65501580771447e+02 3.31744431628212e+02 5.08546472444982e+21 3.30220179888921e+17 9.15772050527763e+16 9.89554852986903e+16 5.65073538598611e+13 4.46724563639304e+17 6.30708114895095e+15 6.30568964011235e+07 1.12552887014697e+16 6.81028550811149e+14 3.20133422251266e+10 5.08611711306158e+21 5.56649440545075e+16 2.07106424223364e+12 3.00163417116653e+16 5.96196610381094e+14 2.99444471549219e+05 4.32455311565116e+08 
2.36258784839009e-05 3.65307445126238e+02 3.31637141051800e+02 5.08539671661983e+21 3.60936577516985e+17 9.98299654953750e+16 1.07714464867648e+17 6.18410508107475e+13 4.88995161496918e+17 6.30672158665409e+15 6.58504990920482e+07 1.20074711880178e+16 8.00796969171969e+14 3.83248638654733e+10 5.08611302723587e+21 5.69177394837817e+16 2.07373506076257e+12 3.28491924453919e+16 5.96373424689397e+14 3.27941361911589e+05 4.88632234411585e+08 
2.73032244110175e-05 3.64954450746509e+02 3.31530618246077e+02 5.08527226688265e+21 4.17310837718083e+17 1.14811645699819e+17 1.23601721684905e+17 7.15698440035518e+13 5.66590927748074e+17 6.30606753177794e+15 7.09572872992143e+07 1.32839849518248e+16 1.04005038596586e+15 5.13817447540613e+10 5.08610611847412e+21 5.86306962471082e+16 2.07576259560237e+12 3.80448906159091e+16 5.96478117382953e+14 3.80206658584356e+05 5.92911547390855e+08 
3.09805703381341e-05 3.64604996243779e+02 3.31337062714281e+02 5.08514818069589e+21 4.73733328356861e+17 1.29595562378410e+17 1.39262231383623e+17 8.12226352655568e+13 6.44265719918561e+17 6.30544862159694e+15 7.60568483719593e+07 1.44367599522026e+16 1.30264543566902e+15 6.63565910924312e+10 5.08609975084743e+21 5.98027779567600e+16 2.07642595444872e+12 4.32403909086527e+16 5.96522032951920e+14 4.32469322422737e+05 6.98144406925018e+08 
3.46579162652507e-05 3.64258727801618e+02 3.31145618126693e+02 5.08502445559188e+21 5.30203200998312e+17 1.44184400830628e+17 1.54699377510697e+17 9.07944860819910e+13 7.22010060184217e+17 6.30487389626656e+15 8.11570735081869e+07 1.54763159214965e+16 1.58639695235192e+15 8.32503916590306e+10 5.08609374897003e+21 6.06093783212216e+16 2.07668675616918e+12 4.84356209788817e+16 5.96568634068653e+14 4.84728763086912e+05 8.03899340064634e+08 
3.83352621923673e-05 3.63915408754874e+02 3.30956086024054e+02 5.08490108882978e+21 5.86719627697846e+17 1.58580823302071e+17 1.69916487660497e+17 1.00282217793434e+14 7.99815452956808e+17 6.30432357815789e+15 8.62581734090246e+07 1.64123033097949e+16 1.88931013183207e+15 1.02063863968519e+11 5.08608799853825e+21 6.11648144551240e+16 2.07670403384869e+12 5.36305794273328e+16 5.96605705873521e+14 5.36985132492599e+05 9.09962408134586e+08 
4.20126081194839e-05 3.63574873985370e+02 3.30768332701853e+02 5.08477807748391e+21 6.43281798993758e+17 1.72787459948194e+17 1.84916835955484e+17 1.09683548987978e+14 8.77674164546339e+17 6.30379073422223e+15 9.13594640299430e+07 1.72535941371757e+16 2.20955980923141e+15 1.22797486897885e+11 5.08608242258695e+21 6.15460618272854e+16 2.07653975167722e+12 5.88252601648287e+16 5.96628948402932e+14 5.89238513358306e+05 1.01621436153394e+09 
4.82018025436896e-05 3.63007717310826e+02 3.30582264011365e+02 5.08457183578013e+21 7.38580444064773e+17 1.96276739151880e+17 2.09682778302194e+17 1.25307603641448e+14 1.00881660284196e+18 6.30294376984360e+15 9.99476360796908e+07 1.84776451115260e+16 2.78322332803855e+15 1.62029393994230e+11 5.08607329943528e+21 6.19268897322357e+16 2.07612551634778e+12 6.75675508464494e+16 5.96662275067386e+14 6.77177245581984e+05 1.19528291108903e+09 
5.43909969678953e-05 3.62447709776365e+02 3.30272727533920e+02 5.08436657655470e+21 8.34002757418219e+17 2.19247947527388e+17 2.33858841483060e+17 1.40678273259485e+14 1.14006073724903e+18 6.30215791966473e+15 1.08543642964161e+08 1.94911506839120e+16 3.39422537212045e+15 2.06701197530003e+11 5.08606435531647e+21 6.21295545579441e+16 2.07570901075975e+12 7.63089692934817e+16 5.96698048688595e+14 7.65107394257712e+05 1.37446361602077e+09 
6.05801913921011e-05 3.61894597407204e+02 3.29967533700554e+02 5.08416228342375e+21 9.29545178778608e+17 2.41713038985045e+17 2.57459685562879e+17 1.55795037463813e+14 1.27138121395498e+18 6.30143043596473e+15 1.17141831601512e+08 2.03245707413710e+16 4.03641364247481e+15 2.56811569966684e+11 5.08605550151526e+21 6.22427864718564e+16 2.07534905911392e+12 8.50494994452549e+16 5.96737372931166e+14 8.53029319090000e+05 1.55368094829805e+09 
6.67693858163068e-05 3.61348220326508e+02 3.29666528729928e+02 5.08395893927608e+21 1.02520426515322e+18 2.63683704751752e+17 2.80499568330887e+17 1.70660487211127e+14 1.40275678026178e+18 6.30075807329546e+15 1.25739650243438e+08 2.10040729270974e+16 4.70455090382212e+15 3.12357851926469e+11 5.08604669840422e+21 6.23062180975829e+16 2.07502723860132e+12 9.37891401028188e+16 5.96776268926733e+14 9.40943278202119e+05 1.73291703035428e+09 
7.29585802405125e-05 3.60808456114824e+02 3.29369610855059e+02 5.08375652652543e+21 1.12097667777074e+18 2.85171375802571e+17 3.02992368026144e+17 1.85279231628497e+14 1.53416953332458e+18 6.30013910399756e+15 1.34339047883655e+08 2.15522141174367e+16 5.39416131451604e+15 3.73336276299650e+11 5.08603792573190e+21 6.23400985543535e+16 2.07472836797842e+12 1.02527894605277e+17 5.96813750699070e+14 1.02884950550426e+06 1.91216414195760e+09 
8.52693088734147e-05 3.59754078591492e+02 3.29076699230679e+02 5.08335661148570e+21 1.31179879760333e+18 3.26519595562391e+17 3.46158363430381e+17 2.13649811150145e+14 1.79561453189604e+18 6.29906147293399e+15 1.51448291829317e+08 2.23233155346474e+16 6.81572443581714e+15 5.10754297302735e+11 5.08602052463893e+21 6.23617367257636e+16 2.07422151457841e+12 1.19907275304990e+17 5.96887994863738e+14 1.20367906838696e+06 2.26871369060666e+09 
9.75800375063168e-05 3.58724691905960e+02 3.28505711418933e+02 5.08296016863992e+21 1.50303206322040e+18 3.66085709799518e+17 3.87315151643730e+17 2.41124466162070e+14 2.05705602069638e+18 6.29817877268501e+15 1.68555826551730e+08 2.27735438471069e+16 8.28344899101436e+15 6.69597912799176e+11 5.08600314141254e+21 6.23688853949665e+16 2.07378838640184e+12 1.37283279012165e+17 5.96962088416669e+14 1.37848064658982e+06 2.62526474050408e+09 
1.09890766139219e-04 3.57719631230274e+02 3.27949777967702e+02 5.08256705625988e+21 1.69465316359165e+18 4.03950936675793e+17 4.26560017194762e+17 2.67762910989891e+14 2.31842729203784e+18 6.29748100995823e+15 1.85659387748387e+08 2.29962095107719e+16 9.77949682338413e+15 8.49810186292998e+11 5.08598576223738e+21 6.23752354713389e+16 2.07340853359479e+12 1.54656030101506e+17 5.97036104274730e+14 1.55325583627411e+06 2.98181497339735e+09 
1.22201494772121e-04 3.56738273543202e+02 3.27408438748311e+02 5.08217713462897e+21 1.88664000326839e+18 4.40192535457426e+17 4.63985038072503e+17 2.93625386329970e+14 2.57968410811085e+18 6.29695919438908e+15 2.02756752482165e+08 2.30577154812750e+16 1.12914718313531e+16 1.05132454714921e+12 5.08596838878983e+21 6.23789721024808e+16 2.07307056468345e+12 1.72025667402218e+17 5.97109705735797e+14 1.72800606847393e+06 3.33836887630245e+09 
1.34512223405023e-04 3.55780006942932e+02 3.26881261477607e+02 5.08179026819352e+21 2.07897153691753e+18 4.74884034960135e+17 4.99677522351297e+17 3.18765399361999e+14 2.84079666208172e+18 6.29660500341232e+15 2.19848683097823e+08 2.30054606840195e+16 1.28106937662428e+16 1.27406688913034e+12 5.08595102135432e+21 6.23796854342086e+16 2.07267168191857e+12 1.89392316406252e+17 5.97182920784632e+14 1.90273185707223e+06 3.69492884353466e+09 
1.53701494615296e-04 3.54330952388277e+02 3.26367824874552e+02 5.08119302709640e+21 2.37940797136593e+18 5.26031320533468e+17 5.52050698759125e+17 3.56640849528812e+14 3.24747668752325e+18 6.29636880983055e+15 2.46442392349719e+08 2.27742563790595e+16 1.51798764353266e+16 1.66340464724637e+12 5.08592395687476e+21 6.23795155335033e+16 2.07227687767798e+12 2.16456852089082e+17 5.97296529855388e+14 2.17504176115563e+06 4.25073014385936e+09 
1.72890765825569e-04 3.52934351339270e+02 3.25593946555699e+02 5.08060241754000e+21 2.68056226888537e+18 5.73831535622023e+17 6.00708435295599e+17 3.93069813604586e+14 3.65371730766901e+18 6.29649377005956e+15 2.73014113988178e+08 2.24424657950305e+16 1.75364337128617e+16 2.10379546810912e+12 5.08589689834274e+21 6.23798575207696e+16 2.07192570659496e+12 2.43514928892339e+17 5.97409561248813e+14 2.44729989583269e+06 4.80655651464458e+09 
1.92080037035842e-04 3.51588102890890e+02 3.24850970571359e+02 5.08001799671310e+21 2.98236785705624e+18 6.18517144792150e+17 6.45922988114654e+17 4.28193377181501e+14 4.05949972109323e+18 6.29695540116661e+15 2.99555475164172e+08 2.20636023726876e+16 1.98719407589031e+16 2.59488525128294e+12 5.08586984528867e+21 6.23808128178863e+16 2.07152254381925e+12 2.70566915036311e+17 5.97522034623026e+14 2.71950957931900e+06 5.36241429085761e+09 
2.11269308246115e-04 3.50290202369668e+02 3.24137483319818e+02 5.07943935373721e+21 3.28476306002110e+18 6.60303182788258e+17 6.87944768792506e+17 4.62126042183019e+14 4.46482148689962e+18 6.29773148470870e+15 3.26064390839048e+08 2.16655098358998e+16 2.21827008639818e+16 3.13629491858383e+12 5.08584279817646e+21 6.23816152335001e+16 2.07110019432268e+12 2.97613112738140e+17 5.97633993725599e+14 2.99167327132274e+06 5.91830859488482e+09 
2.30458579456388e-04 3.49038734345017e+02 3.23452146176539e+02 5.07886610838525e+21 3.58769056193290e+18 6.99389092835683e+17 7.27004802404406e+17 4.94958744197537e+14 4.86968658241317e+18 6.29880210438958e+15 3.52544839735134e+08 2.12627250717295e+16 2.44672839830554e+16 3.72762390687588e+12 5.08581575694462e+21 6.23820908368628e+16 2.07060729295917e+12 3.24653757412168e+17 5.97745488623202e+14 3.26379221678603e+06 6.47424315854700e+09 
2.62651774704068e-04 3.47038532028437e+02 3.22793689967097e+02 5.07791556956525e+21 4.09695522816716e+18 7.59393792074211e+17 7.86452246485843e+17 5.47812639000695e+14 5.54791503038798e+18 6.30120816992941e+15 3.96850827974352e+08 2.06006177008794e+16 2.82405640881248e+16 4.83062269065970e+12 5.08577040274399e+21 6.23827102064899e+16 2.06995502880885e+12 3.70007152296288e+17 5.97931580413506e+14 3.72022526078983e+06 7.40701522933958e+09 
2.94844969951748e-04 3.45155774050433e+02 3.21746140165354e+02 5.07697772482200e+21 4.60734200618839e+18 8.13110099337478e+17 8.39066597404592e+17 5.98166099773575e+14 6.22492803524532e+18 6.30431334499793e+15 4.41063047760672e+08 1.99748917535864e+16 3.19403712857850e+16 6.07082861776853e+12 5.08572506262895e+21 6.23832077193573e+16 2.06927813766912e+12 4.15346584552326e+17 5.98116600041966e+14 4.17654720690991e+06 8.33992463775234e+09 
3.27038165199428e-04 3.43382900034477e+02 3.20765593913147e+02 5.07605123528027e+21 5.11864770420803e+18 8.61245919504261e+17 8.85650573549121e+17 6.46289085149806e+14 6.90077356524372e+18 6.30805053009319e+15 4.85186935764501e+08 1.93887711209030e+16 3.55707030976434e+16 7.44600997520750e+12 5.08567973584727e+21 6.23835723021259e+16 2.06852150825823e+12 4.60672817404922e+17 5.98300672406180e+14 4.63276489686463e+06 9.27298302337687e+09 
3.59231360447108e-04 3.41712927648218e+02 3.19847189535238e+02 5.07513492951434e+21 5.63069371297316e+18 9.04423934458629e+17 9.26903621683949e+17 6.92401774734870e+14 7.57549763957520e+18 6.31236118077811e+15 5.29222498653634e+08 1.88382853102205e+16 3.91362383958224e+16 8.95380201023871e+12 5.08563442180626e+21 6.23837492777246e+16 2.06773282069553e+12 5.05986498055796e+17 5.98483906224234e+14 5.08888405594585e+06 1.02061994612243e+10 
3.91424555694788e-04 3.40139385824766e+02 3.18986486297384e+02 5.07422777541066e+21 6.14332233642033e+18 9.43194903246000e+17 9.63439109134553e+17 7.36697906184832e+14 8.24914252235829e+18 6.31719708525448e+15 5.73163817389642e+08 1.83203115311433e+16 4.26411432145559e+16 1.05917240395866e+13 5.08558911988806e+21 6.23837517241565e+16 2.06694222259688e+12 5.51288231168805e+17 5.98666402248678e+14 5.54491015454808e+06 1.11395827299321e+10 
4.78880045521878e-04 3.36306931465927e+02 3.18179414589790e+02 5.07180313262818e+21 7.53786340298480e+18 1.02975730407767e+18 1.04270164954961e+18 8.49070527723874e+14 1.00739855623741e+19 6.33262115968808e+15 6.92055073468788e+08 1.70601141672511e+16 5.18829622593965e+16 1.56768253998245e+13 5.08546611042554e+21 6.23830438130664e+16 2.06469648297052e+12 6.74297908715052e+17 5.99158996889121e+14 6.78330803698061e+06 1.36760969625812e+10 
5.66335535348969e-04 3.33037811145412e+02 3.16229874848432e+02 5.06942494803712e+21 8.93345895776411e+18 1.09513802328380e+18 1.09956871500328e+18 9.51968034976954e+14 1.18917949205531e+19 6.35086965958210e+15 8.10302445491135e+08 1.59778288587243e+16 6.07659726232696e+16 2.16472552472145e+13 5.08534317650505e+21 6.23814135850340e+16 2.06238353896628e+12 7.97232970153831e+17 5.99648050912315e+14 8.02113943409352e+06 1.62140522521142e+10 
6.53791025176059e-04 3.30243385709957e+02 3.14585214272727e+02 5.06708231436682e+21 1.03284215835237e+19 1.14525035453608e+18 1.14039477441054e+18 1.04742561727351e+15 1.37031153618532e+19 6.37142442298312e+15 9.27947576670819e+08 1.50358063849932e+16 6.93406335800281e+16 2.84440423317434e+13 5.08522030997692e+21 6.23789923922832e+16 2.06000055792228e+12 9.20101432804532e+17 6.00134550403863e+14 9.25847739306619e+06 1.87535849892775e+10 
7.41246515003150e-04 3.27851264570103e+02 3.13192937207369e+02 5.06476765859656e+21 1.17215733006637e+19 1.18422746970274e+18 1.16953726833491e+18 1.13688044545171e+15 1.55083832063697e+19 6.39389185184146e+15 1.04502212934070e+09 1.42061217563932e+16 7.76458184484652e+16 3.60052517882395e+13 5.08509750419059e+21 6.23758965695236e+16 2.05755930147047e+12 1.04290983022750e+18 6.00619169677802e+14 1.04953821317074e+07 2.12948096137292e+10 
8.28702004830240e-04 3.25801502132191e+02 3.12011165730829e+02 5.06247558286956e+21 1.31120735676281e+19 1.21501659757185e+18 1.19006271383187e+18 1.22145268631506e+15 1.73079724733547e+19 6.41796409916814e+15 1.16147776190007e+09 1.34746258123313e+16 8.57126941748257e+16 4.42673397447090e+13 5.08497475323638e+21 6.23722277348060e+16 2.05519054228604e+12 1.16566396988668e+18 6.01102383800248e+14 1.17319084541060e+07 2.38378279576304e+10 
9.56009567888950e-04 3.23330293289254e+02 3.11005995974960e+02 5.05917180993181e+21 1.51302701533247e+19 1.24935036332730e+18 1.20883393178591e+18 1.33735272141754e+15 1.99180420757829e+19 6.45536257109335e+15 1.33017091279801e+09 1.25400621193129e+16 9.70803322783385e+16 5.74152894393884e+13 5.08479615558559e+21 6.23660269334953e+16 2.05153771084159e+12 1.34426711989199e+18 6.01803913056104e+14 1.35313044502666e+07 2.75430348808923e+10 
1.08331713094766e-03 3.21351752081116e+02 3.09803417574486e+02 5.05589890295246e+21 1.71401864608758e+19 1.27558295414168e+18 1.21891650981768e+18 1.44646036276433e+15 2.25174732021669e+19 6.49504009942534e+15 1.49776783123329e+09 1.17319967965520e+16 1.08059529496279e+17 7.17182177795956e+13 5.08461765217253e+21 6.23589987635223e+16 2.04785832387284e+12 1.52277686111283e+18 6.02503890487611e+14 1.53301003982799e+07 3.12524459287396e+10 
1.21062469400637e-03 3.19765278510784e+02 3.08847963127576e+02 5.05265122500571e+21 1.91409492470994e+19 1.29673180094133e+18 1.22342855814005e+18 1.55016517525338e+15 2.51068979848511e+19 6.53653407710159e+15 1.66434808450774e+09 1.10283846858776e+16 1.18699462886759e+17 8.69881042946284e+13 5.08443923271156e+21 6.23513137781899e+16 2.04416576102415e+12 1.70120330817679e+18 6.03202760192873e+14 1.71283920502975e+07 3.49662497944227e+10 
1.33793225706508e-03 3.18492942818986e+02 3.08086627568137e+02 5.04942533306890e+21 2.11320375638061e+19 1.31459129133371e+18 1.22423665664730e+18 1.64944381498712e+15 2.76868310403464e+19 6.57946611906353e+15 1.82994496036411e+09 1.04100272076277e+16 1.29039413739331e+17 1.03047154824894e+14 5.08426088877263e+21 6.23431053574172e+16 2.04045497798728e+12 1.87955475751729e+18 6.03900768128919e+14 1.89262584756321e+07 3.86845976199337e+10 
1.46523982012379e-03 3.17473198369550e+02 3.07479151179345e+02 5.04621899074753e+21 2.31131269682816e+19 1.33028333283167e+18 1.22253060600668e+18 1.74501044371866e+15 3.02576972130598e+19 6.62352641588818e+15 1.99459086499029e+09 9.86087370148217e+15 1.39111292331783e+17 1.19730215299652e+14 5.08408261336025e+21 6.23344793703125e+16 2.03673683641379e+12 2.05783809858350e+18 6.04598057215515e+14 2.07237657518368e+07 4.24076106124010e+10 
1.68451570718756e-03 3.16177180402446e+02 3.06994289881537e+02 5.04073819353839e+21 2.65014112018000e+19 1.35410298715742e+18 1.21576737906441e+18 1.90234741745662e+15 3.46655041032032e+19 6.70137382615795e+15 2.27602816922996e+09 9.04831742269351e+15 1.55901833224167e+17 1.49504334189165e+14 5.08377569427748e+21 6.23188709138438e+16 2.03033060900043e+12 2.36477159024626e+18 6.05797605536126e+14 2.38191209087204e+07 4.88313731097527e+10 
1.90379159425132e-03 3.15297661220743e+02 3.06380691912934e+02 5.03530574730373e+21 2.98588319134278e+19 1.37592211655118e+18 1.20649278168291e+18 2.05225120252079e+15 3.90489221969743e+19 6.78085068877771e+15 2.55484261090851e+09 8.36299346599218e+15 1.72079220431309e+17 1.80017759674738e+14 5.08346893678523e+21 6.23026015975064e+16 2.02394310640378e+12 2.67154415384485e+18 6.06995514052690e+14 2.69138060799905e+07 5.52696579292147e+10 
2.12306748131509e-03 3.14702556683188e+02 3.05965996441593e+02 5.02991880966462e+21 3.31852055164963e+19 1.39677725433791e+18 1.19600831747099e+18 2.19608116676268e+15 4.34091259485021e+19 6.86123515257978e+15 2.83113548682468e+09 7.78236864253476e+15 1.87724443069313e+17 2.10724874420431e+14 5.08316232126160e+21 6.22859023601478e+16 2.01758178779566e+12 2.97817518028414e+18 6.08191849505573e+14 3.00080018223516e+07 6.17227548608699e+10 
2.34234336837886e-03 3.14305312682151e+02 3.05686228056911e+02 5.02457589948785e+21 3.64805969500591e+19 1.41701197661505e+18 1.18486045666629e+18 2.33468724305500e+15 4.77470214734067e+19 6.94203719518885e+15 3.10498287943683e+09 7.28176585606304e+15 2.02899375302054e+17 2.41209824429209e+14 5.08285583282741e+21 6.22689245996242e+16 2.01125923953376e+12 3.28467939734649e+18 6.09386593179861e+14 3.31018524781275e+07 6.81908579529607e+10 
2.56161925544263e-03 3.14046915727659e+02 3.05499888894268e+02 5.01927597467661e+21 3.97451573760992e+19 1.43677874635913e+18 1.17336710349243e+18 2.46865512535222e+15 5.20633335178962e+19 7.02283631375839e+15 3.37645738116342e+09 6.84522487221244e+15 2.17652115514280e+17 2.71151567539839e+14 5.08254945964608e+21 6.22517713519664e+16 2.00497979599032e+12 3.59106853858936e+18 6.10579719137914e+14 3.61954643997563e+07 7.46740827833188e+10 
2.87296439818685e-03 3.13842393510751e+02 3.05378902603574e+02 5.01182290300343e+21 4.43278525554605e+19 1.46426029051060e+18 1.15687410933307e+18 2.65173537262671e+15 5.81560125222857e+19 7.13723180927963e+15 3.75794758838597e+09 6.31361208966022e+15 2.37946001275375e+17 3.12315946473976e+14 5.08211462697748e+21 6.22272472659493e+16 1.99614558944271e+12 4.02592403958718e+18 6.12271005201156e+14 4.05877781603873e+07 8.39056168962791e+10 
3.18430954093108e-03 3.13753251333779e+02 3.05283362279758e+02 5.00445265922221e+21 4.88494124449989e+19 1.49123654777330e+18 1.14054357868844e+18 2.82733224747299e+15 6.42077936298551e+19 7.25078640347566e+15 4.13491749944887e+09 5.86637471855748e+15 2.57554918768619e+17 3.51511538109343e+14 5.08167998495890e+21 6.22026558127370e+16 1.98741015351001e+12 4.46058896113735e+18 6.13958959414072e+14 4.49799915544414e+07 9.31679604030464e+10 
3.49565468367530e-03 3.13730916780799e+02 3.05241921947707e+02 4.99716363309652e+21 5.33105555156785e+19 1.51777680399302e+18 1.12455154660150e+18 2.99614434432299e+15 7.02198031278803e+19 7.36323813385424e+15 4.50749347625794e+09 5.48098075026861e+15 2.76547424315220e+17 3.88533934038445e+14 5.08124551644984e+21 6.21780803846313e+16 1.97878276993868e+12 4.89508036035561e+18 6.15643554709228e+14 4.93722719084845e+07 1.02461149368697e+11 
3.80699982641953e-03 3.13748798142085e+02 3.05231780346282e+02 4.98995448352726e+21 5.77120408869022e+19 1.54388894334621e+18 1.10895294751173e+18 3.15869657723258e+15 7.61929468292361e+19 7.47446588577508e+15 4.87579036693990e+09 5.14706468172416e+15 2.94975320271038e+17 4.23338557977837e+14 5.08081120807834e+21 6.21535656455870e+16 1.97026134241897e+12 5.32941156456543e+18 6.17324781313895e+14 5.37647266561516e+07 1.11785143323930e+11 
4.11834496916375e-03 3.13791276471647e+02 3.05240475593084e+02 4.98282398679961e+21 6.20546335529083e+19 1.56957812425889e+18 1.09376934679833e+18 3.31540239562978e+15 8.21279825957962e+19 7.58441040562656e+15 5.23991027370063e+09 4.85538000608035e+15 3.12880350807304e+17 4.55974221267378e+14 5.08037704905065e+21 6.21291370090816e+16 1.96184649091822e+12 5.76359334208289e+18 6.19002646259638e+14 5.81574473169591e+07 1.21139854055682e+11 
4.79552934239102e-03 3.13930592128462e+02 3.05260695144825e+02 4.96758122938150e+21 7.13001676545070e+19 1.62406360565725e+18 1.06221539005405e+18 3.63762072345293e+15 9.49080561148387e+19 7.81910701302716e+15 6.01789597873286e+09 4.33040600189907e+15 3.50162416211002e+17 5.19987736142180e+14 5.07943321953363e+21 6.20763600218949e+16 1.94391284191185e+12 6.70747199562359e+18 6.22640588784413e+14 6.77129593071388e+07 1.41591960908867e+11 
5.47271371561829e-03 3.14086203221612e+02 3.05326682474677e+02 4.95269438286269e+21 8.02783764194854e+19 1.67673386874145e+18 1.03264743367282e+18 3.93683163165633e+15 1.07516149602124e+20 8.04776684224519e+15 6.77742264284462e+09 3.91791210544630e+15 3.85389401149354e+17 5.75489658535628e+14 5.07848998714859e+21 6.20241407309785e+16 1.92647200869935e+12 7.65075297426903e+18 6.26263117382347e+14 7.72705793252670e+07 1.62187074506742e+11 
6.14989808884556e-03 3.14241147561651e+02 3.05400352558284e+02 4.93815359369101e+21 8.89968004557661e+19 1.72768370206586e+18 1.00492058510098e+18 4.21547224809006e+15 1.19956494682174e+20 8.27067737321178e+15 7.51925109177717e+09 3.58410422935447e+15 4.18750925475080e+17 6.23907918685204e+14 5.07754730184158e+21 6.19724941778276e+16 1.90951243652166e+12 8.59348631646053e+18 6.29870721020928e+14 8.68306599139737e+07 1.82923187733022e+11 
6.82708246207283e-03 3.14395315529185e+02 3.05473757092443e+02 4.92394978767933e+21 9.74627602628242e+19 1.77698868028084e+18 9.78863468885137e+17 4.47548337981551e+15 1.32232436470047e+20 8.48819607068198e+15 8.24405769443961e+09 3.31043709906851e+15 4.50380235054594e+17 6.66514355619912e+14 5.07660512823976e+21 6.19214081388776e+16 1.89301316069410e+12 9.53570740667808e+18 6.33463982719551e+14 9.63933588005256e+07 2.03798046497999e+11 
7.50426683530010e-03 3.14548750352856e+02 3.05546843858826e+02 4.91007443758501e+21 1.05683347820434e+20 1.82471834782533e+18 9.54331498277188e+17 4.71859808482356e+15 1.44346737841682e+20 8.70063497940963e+15 8.95245120637650e+09 3.07899366061537e+15 4.80375408879751e+17 7.04286978218528e+14 5.07566344105596e+21 6.18708719904599e+16 1.87696610132761e+12 1.04774415420922e+19 6.37043536345636e+14 1.05958836500209e+08 2.24809251381110e+11 
8.51737770358766e-03 3.14772954241830e+02 3.05619632342027e+02 4.88991177660789e+21 1.17538576375622e+20 1.89332699775553e+18 9.20217271690192e+17 5.05401874369767e+15 1.62173840963909e+20 9.00953652081837e+15 9.98282201327057e+09 2.79522067778142e+15 5.22362293800644e+17 7.53319470283741e+14 5.07425548485432e+21 6.17962802584110e+16 1.85375977802622e+12 1.18854669959214e+19 6.42374614853120e+14 1.20274592110962e+08 2.56492527052205e+11 
9.53048857187522e-03 3.14988841073335e+02 3.05726099252067e+02 4.87044007159166e+21 1.28882213477215e+20 1.95876172128546e+18 8.88876068724302e+17 5.35949090074004e+15 1.79651851465306e+20 9.30843289717942e+15 1.09794561416729e+10 2.56593468345624e+15 5.61085001673125e+17 7.95165960714141e+14 5.07284852237550e+21 6.17228810468844e+16 1.83147162033980e+12 1.32924975602382e+19 6.47678675202548e+14 1.34596629400821e+08 2.88467157488755e+11 
1.05435994401628e-02 3.15196588761237e+02 3.05828746264061e+02 4.85163455973593e+21 1.39735620349062e+20 2.02120378165662e+18 8.59992402154287e+17 5.63863838804519e+15 1.96787328395301e+20 9.59800846551580e+15 1.19439430230592e+10 2.37835036420878e+15 5.96727624116629e+17 8.31271754673935e+14 5.07144251444073e+21 6.16506476499964e+16 1.81004901445656e+12 1.46985724383582e+19 6.52957894432725e+14 1.48924794043885e+08 3.20724865054957e+11 
1.15567103084503e-02 3.15397339460616e+02 3.05927646069403e+02 4.83347171029828e+21 1.50119246567710e+20 2.08081842224264e+18 8.33296144917479e+17 5.89459177428028e+15 2.13586212798069e+20 9.87886418326835e+15 1.28777368490823e+10 2.21984844844963e+15 6.29443841683679e+17 8.62701001422893e+14 5.07003743365418e+21 6.15795538985779e+16 1.78945516206361e+12 1.61037190502034e+19 6.58214401263462e+14 1.63259027952825e+08 3.53257405646372e+11 
1.25698211767379e-02 3.15591730555051e+02 3.06023326974365e+02 4.81592900402177e+21 1.60052696509578e+20 2.13775755105390e+18 8.08556933067973e+17 6.13003442800200e+15 2.30054092408630e+20 1.01515128724698e+16 1.37821834844462e+10 2.08523494165888e+15 6.59372528489247e+17 8.90266995161333e+14 5.06863325922989e+21 6.15095758720455e+16 1.76964362257363e+12 1.75079582036579e+19 6.63450254356649e+14 1.77599027289688e+08 3.86056653221144e+11 
1.36824280070430e-02 3.15798097946570e+02 3.06116081127197e+02 4.79735227516254e+21 1.70465355988103e+20 2.19737274073557e+18 7.83406456588687e+17 6.36766337095993e+15 2.47764268762486e+20 1.04420208559706e+16 1.47431361344127e+10 1.95877906321627e+15 6.89186140835899e+17 9.16857523440919e+14 5.06709220794006e+21 6.14339845616215e+16 1.74874242738271e+12 1.90490793407681e+19 6.69178858294138e+14 1.93353686809438e+08 4.22374896633806e+11 
1.47950348373480e-02 3.15997277615805e+02 3.06214663722897e+02 4.77946991301636e+21 1.80381605148793e+20 2.25410233582858e+18 7.60147933369564e+17 6.58590703428006e+15 2.65088600703799e+20 1.07236995615166e+16 1.56717570326990e+10 1.84991924788733e+15 7.15966876460610e+17 9.40255250791206e+14 5.06555221247628e+21 6.13596837889669e+16 1.72869127821079e+12 2.05891433801827e+19 6.74887415957431e+14 2.09114667106365e+08 4.58994990648472e+11 
1.59076416676531e-02 3.16189642815071e+02 3.06309925486221e+02 4.76225554056654e+21 1.89824253226488e+20 2.30810501626628e+18 7.38585976824987e+17 6.78697949856800e+15 2.82033813189124e+20 1.09970139712657e+16 1.65694898708374e+10 1.75531684749977e+15 7.39879637095905e+17 9.60986005878061e+14 5.06401325904959e+21 6.12866458718826e+16 1.70944489243742e+12 2.21281641362426e+19 6.80578282667845e+14 2.24881582278053e+08 4.95906997381815e+11 
1.70202484979582e-02 3.16375571006055e+02 3.06402034101327e+02 4.74568386284250e+21 1.98815081302995e+20 2.35952818750976e+18 7.18550794944741e+17 6.97275596081659e+15 2.98606501448800e+20 1.12623775181327e+16 1.74376836562587e+10 1.67239819372968e+15 7.61086283559497e+17 9.79466071673570e+14 5.06247533658577e+21 6.12148438629800e+16 1.69096136685578e+12 2.36661527079578e+19 6.86253681416383e+14 2.40654048804702e+08 5.33101295154225e+11 
1.81328553282632e-02 3.16555371302918e+02 3.06491160142576e+02 4.72973059885509e+21 2.07374898173682e+20 2.40850922533602e+18 6.99894181453543e+17 7.14485661516983e+15 3.14813161449423e+20 1.15201597248707e+16 1.82776017526765e+10 1.59902391996358e+15 7.79745635479911e+17 9.96035854956422e+14 5.06093843624232e+21 6.11442515661866e+16 1.67320224209180e+12 2.52031179619540e+19 6.91915705144895e+14 2.56431705172992e+08 5.70568584892237e+11 
2.04476412969733e-02 3.16910914576438e+02 3.06577442632202e+02 4.69842228290665e+21 2.23886740027066e+20 2.50313080750097e+18 6.64954055533176e+17 7.46480407672192e+15 3.47386073638333e+20 1.20335990869291e+16 1.99395278512131e+10 1.47057984343137e+15 8.11074299903362e+17 1.02552984300603e+15 5.05774415317912e+21 6.10011499043248e+16 1.63841958295169e+12 2.83975323374727e+19 7.03661027307708e+14 2.89272204313899e+08 6.49355335541085e+11 
2.27624272656833e-02 3.17243211686040e+02 3.06748336239114e+02 4.66949361828166e+21 2.38784695235589e+20 2.58877308271043e+18 6.34467399428150e+17 7.74193732794659e+15 3.78459272363860e+20 1.25182322172388e+16 2.14938673651529e+10 1.36666154652622e+15 8.33398473503176e+17 1.04984318602712e+15 5.05455421991468e+21 6.08629511493010e+16 1.60632280904585e+12 3.15875920410724e+19 7.15372853416681e+14 3.22130375870095e+08 7.29208828341606e+11 
2.50772132343933e-02 3.17554145288626e+02 3.06908393231422e+02 4.64276179330700e+21 2.52221453968674e+20 2.66635698177875e+18 6.07689229636950e+17 7.98418508188597e+15 4.08088815770153e+20 1.29762525359007e+16 2.29492734850391e+10 1.28101686506553e+15 8.48000577041316e+17 1.07025221022639e+15 5.05136860674307e+21 6.07294401832422e+16 1.57665224114729e+12 3.47733269800922e+19 7.27065230791290e+14 3.55003120192286e+08 8.10058894276238e+11 
2.73919992031033e-02 3.17845372944656e+02 3.07058461630496e+02 4.61805918445755e+21 2.64335063943578e+20 2.73669369840501e+18 5.84029040152257e+17 8.19735936308775e+15 4.36329836351052e+20 1.34095350945995e+16 2.43134652240586e+10 1.20936060854522e+15 8.56075370950014e+17 1.08765766259526e+15 5.04818729542140e+21 6.06004095878838e+16 1.54917974603771e+12 3.79547555930355e+19 7.38750241366240e+14 3.87887560492479e+08 8.91841030432443e+11 
2.97067851718133e-02 3.18118362280945e+02 3.07199290197577e+02 4.59523161441587e+21 2.75250694626376e+20 2.80050216352503e+18 5.63015131214505e+17 8.38591597365086e+15 4.63236568622203e+20 1.38197061527106e+16 2.55933588944385e+10 1.14875610586676e+15 8.58719419806309e+17 1.10273133832201e+15 5.04501027356532e+21 6.04756590521921e+16 1.52370389787168e+12 4.11318904544459e+19 7.50438249862254e+14 4.20781035848390e+08 9.74496214582892e+11 
3.30523355781846e-02 3.18483341112613e+02 3.07331543782439e+02 4.56527003055736e+21 2.89135335292601e+20 2.88246531645725e+18 5.36534780510050e+17 8.62250163792334e+15 4.99874369375280e+20 1.43746552367931e+16 2.73067522973037e+10 1.07492706547182e+15 8.54865433385470e+17 1.12143592376535e+15 5.04042611842707e+21 6.03025311581098e+16 1.49005705132240e+12 4.57162017180535e+19 7.67353500281039e+14 4.68333403046241e+08 1.09539119361515e+12 
3.63978859845559e-02 3.18816488296845e+02 3.07508744961198e+02 4.53854141508401e+21 3.01059308278136e+20 2.95381452501286e+18 5.13884978165744e+17 8.82462450604246e+15 5.33992613637055e+20 1.48881666163550e+16 2.88736384702847e+10 1.01446974757794e+15 8.44228599487598e+17 1.13734724417125e+15 5.03585093109378e+21 6.01373830209694e+16 1.45974582676704e+12 5.02915371457054e+19 7.84315088356567e+14 5.15893262313967e+08 1.21785301548790e+12 
3.97434363909272e-02 3.19120915713403e+02 3.07670888988482e+02 4.51469847714279e+21 3.11290071184104e+20 3.01600703366370e+18 4.94360967858392e+17 8.99880864593361e+15 5.65743137004635e+20 1.53637117955196e+16 3.03085631092392e+10 9.63938411692901e+14 8.28906017689870e+17 1.15117749006559e+15 5.03128473152070e+21 5.99796845387506e+16 1.43237298051532e+12 5.48578772954682e+19 8.01340017612857e+14 5.63455086563220e+08 1.34175951790946e+12 
4.30889867972985e-02 3.19399383710774e+02 3.07819403508369e+02 4.49343414451818e+21 3.20058424056882e+20 3.07029337079281e+18 4.77389799327274e+17 9.14989169859218e+15 5.95272109744686e+20 1.58043579619608e+16 3.16244825751514e+10 9.20986775097274e+14 8.10555566868553e+17 1.16348811598201e+15 5.02672755340568e+21 5.98289337353929e+16 1.40758965560230e+12 5.94151889597147e+19 8.18440861561642e+14 6.11013748947944e+08 1.46699461679735e+12 
4.64345372036698e-02 3.19654284639051e+02 3.07955561306538e+02 4.47447569582895e+21 3.27564370367067e+20 3.11773272657095e+18 4.62580593449930e+17 9.28168185350283e+15 6.22719744182892e+20 1.62127430308440e+16 3.28324570343972e+10 8.84213604962904e+14 7.90456766273701e+17 1.17457334944028e+15 5.02217943580057e+21 5.96846579357552e+16 1.38510905001320e+12 6.39634335505928e+19 8.35626806574425e+14 6.58564933710074e+08 1.59347217106645e+12 
5.17120011481301e-02 3.20013670412922e+02 3.08080469617220e+02 4.44867376885875e+21 3.37255252480489e+20 3.18085468799152e+18 4.42818280334980e+17 9.45754361534196e+15 6.62109186387501e+20 1.67973584006233e+16 3.45425075579396e+10 8.36169164787040e+14 7.57511583298520e+17 1.19011876685853e+15 5.01502348036512e+21 5.94691591939745e+16 1.35371914600081e+12 7.11195770164767e+19 8.62924663662562e+14 7.33550385714803e+08 1.79531799543499e+12 
5.69894650925903e-02 3.20327227226445e+02 3.08257058435362e+02 4.42718819063363e+21 3.44802316203669e+20 3.23222441663750e+18 4.26550391205523e+17 9.60219642385619e+15 6.97145682307496e+20 1.73166689768960e+16 3.60426387602985e+10 7.96823414112060e+14 7.25130402170487e+17 1.20389735263606e+15 5.00789034505147e+21 5.92670536876151e+16 1.32658986084258e+12 7.82528867205562e+19 8.90462347865551e+14 8.08495758688047e+08 1.99979817109837e+12 
6.22669290370506e-02 3.20601207756556e+02 3.08411635059974e+02 4.40933615233001e+21 3.50657415072754e+20 3.27422098518884e+18 4.13055828240426e+17 9.72241746818467e+15 7.28283450680995e+20 1.77781966044296e+16 3.73613079900869e+10 7.64522359778688e+14 6.94701171851101e+17 1.21631200503641e+15 5.00078022272278e+21 5.90768834445569e+16 1.30304375264546e+12 8.53631712565955e+19 9.18241743953722e+14 8.83389877671404e+08 2.20671032612926e+12 
6.75443929815109e-02 3.20840985184963e+02 3.08547140174096e+02 4.39454600340644e+21 3.55182169960837e+20 3.30875333260520e+18 4.01776998152256e+17 9.82332471908727e+15 7.55937586178922e+20 1.81887249503626e+16 3.85227007964308e+10 7.37340806399897e+14 6.66906488797874e+17 1.22761066539770e+15 4.99369331303224e+21 5.88973381976192e+16 1.28252624233224e+12 9.24502322886307e+19 9.46256869424382e+14 9.58224796016884e+08 2.41589883208857e+12 
7.28218569259711e-02 3.21051165358415e+02 3.08666114953438e+02 4.38233829444332e+21 3.58665639373512e+20 3.33735132771063e+18 3.92286167558176e+17 9.90869959529393e+15 7.80485702868935e+20 1.85541968120330e+16 3.95474557763969e+10 7.14469466165430e+14 6.42000915069096e+17 1.23797513970652e+15 4.98662980371446e+21 5.87272435730884e+16 1.26458020880129e+12 9.95138832681880e+19 9.74496244268163e+14 1.03299310505620e+09 2.62724380366431e+12 
7.80993208704314e-02 3.21235697963413e+02 3.08770748272108e+02 4.37231174365493e+21 3.61337147232046e+20 3.36123447814063e+18 3.84256792191199e+17 9.98141119569076e+15 8.02269809451360e+20 1.88798993524034e+16 4.04532766443916e+10 6.94993550831369e+14 6.19965567995632e+17 1.24752716634260e+15 4.97958986309845e+21 5.85655499162046e+16 1.24882704094539e+12 1.06553956932210e+20 1.00294429130637e+15 1.10768923988101e+09 2.84065274641180e+12 
8.70552732132319e-02 3.21499218266698e+02 3.08862925231098e+02 4.35940647319847e+21 3.64477316071622e+20 3.39348438509433e+18 3.73284520157481e+17 1.00820936322816e+16 8.33743924596587e+20 1.93541660876654e+16 4.17593241719835e+10 6.67880169373415e+14 5.88499753611468e+17 1.26216051724433e+15 4.96769735902153e+21 5.83078540794978e+16 1.22625424882720e+12 1.18446669654084e+20 1.05165041524805e+15 1.23427129820596e+09 3.20731210031073e+12 
9.60112255560325e-02 3.21712175015143e+02 3.08995184788011e+02 4.35052821994122e+21 3.66441300293913e+20 3.41842822336242e+18 3.64863528851543e+17 1.01616808975143e+16 8.59437566313308e+20 1.97465914307484e+16 4.28274304368283e+10 6.46479934434181e+14 5.63472333445203e+17 1.27502173646959e+15 4.95587396359238e+21 5.80677987646980e+16 1.20787535602462e+12 1.30270255627062e+20 1.10080583741984e+15 1.36061372971425e+09 3.57944261170323e+12 
1.04967177898833e-01 3.21885391623883e+02 3.09102763340972e+02 4.34468521932244e+21 3.67673121505045e+20 3.43851847181737e+18 3.58344204704297e+17 1.02259183632154e+16 8.80445980771249e+20 2.00731976521848e+16 4.37065404937516e+10 6.29358866403291e+14 5.43549863847069e+17 1.28632574952418e+15 4.94412028765534e+21 5.78421605842886e+16 1.19275730546461e+12 1.42024107339933e+20 1.15030292773640e+15 1.48670261592454e+09 3.95686257072714e+12 
1.13923130241634e-01 3.22027191340174e+02 3.09190894327506e+02 4.34115632615171e+21 3.68449436659272e+20 3.45534141229669e+18 3.53259150318517e+17 1.02787297130884e+16 8.97658953478774e+20 2.03467853967017e+16 4.44349389043349e+10 6.15411596304242e+14 5.27553028069354e+17 1.29629859422257e+15 4.93243680472774e+21 5.76283518573141e+16 1.18019053860770e+12 1.53707753968882e+20 1.20003784163036e+15 1.61252730450937e+09 4.33940977542604e+12 
1.22879082584434e-01 3.22144068171263e+02 3.09263617391954e+02 4.33940318479436e+21 3.68947082988820e+20 3.46995188420867e+18 3.49268877071708e+17 1.03230551206101e+16 9.11800472469677e+20 2.05776459260882e+16 4.50428446767888e+10 6.03866202903488e+14 5.14561591379655e+17 1.30514116247212e+15 4.92082387966438e+21 5.74242890437198e+16 1.16963163167734e+12 1.65320832840226e+20 1.24991375425521e+15 1.73807896434294e+09 4.72693461484937e+12 
1.38382531735250e-01 3.22301291753078e+02 3.09324094327788e+02 4.33946979714119e+21 3.69446058403927e+20 3.49188294403108e+18 3.44277167985747e+17 1.03852978039597e+16 9.30622405195915e+20 2.08987902688285e+16 4.58755439029247e+10 5.88170772388424e+14 4.97366895332040e+17 1.31826143930903e+15 4.90088834299355e+21 5.70894973351262e+16 1.15495577082017e+12 1.85256617190558e+20 1.33635794375766e+15 1.95475084223889e+09 5.40909802061215e+12 
1.53885980886066e-01 3.22418618149776e+02 3.09406579751461e+02 4.34212527990284e+21 3.69809165218388e+20 3.51166865637314e+18 3.40924614970026e+17 1.04357098154019e+16 9.44313357873390e+20 2.11491043903827e+16 4.65111651858064e+10 5.76107866058960e+14 4.84663202056318e+17 1.32916462458081e+15 4.88116540199607e+21 5.67723604318147e+16 1.14348268618852e+12 2.04979788435066e+20 1.42256546367498e+15 2.17055811445494e+09 6.10506252464686e+12 
1.69389430036882e-01 3.22509431606755e+02 3.09469378516972e+02 4.34639261860144e+21 3.70188289345373e+20 3.53049573417948e+18 3.38634470528472e+17 1.04786075278400e+16 9.54527409179451e+20 2.13515416596627e+16 4.70142937375801e+10 5.66461912542090e+14 4.74864723531826e+17 1.33840867507565e+15 4.86165474513061e+21 5.64682540554789e+16 1.13415289852955e+12 2.24490663073299e+20 1.50820260842676e+15 2.38548299512001e+09 6.81409718214939e+12 
1.84892879187698e-01 3.22582202958371e+02 3.09519062482479e+02 4.35169594561710e+21 3.70616110748906e+20 3.54882764359306e+18 3.37050533703347e+17 1.05164809895862e+16 9.62354589106615e+20 2.15210758206611e+16 4.74268927999608e+10 5.58432010165004e+14 4.67026202035413e+17 1.34646024152052e+15 4.84235532143880e+21 5.61741375872689e+16 1.12628569978845e+12 2.43790295340535e+20 1.59303296653043e+15 2.59951223847382e+09 7.53538900918682e+12 
2.00396328338514e-01 3.22642509802333e+02 3.09559799473183e+02 4.35767078756627e+21 3.71091610885761e+20 3.56686720900011e+18 3.35944220552648e+17 1.05508725167247e+16 9.68529395328713e+20 2.16677533802774e+16 4.77769920096613e+10 5.51559060279727e+14 4.60538991904910e+17 1.35366007071257e+15 4.82326548291218e+21 5.58879586658207e+16 1.11943340685332e+12 2.62880335465150e+20 1.67688984664478e+15 2.81263657759420e+09 8.26811421423722e+12 
2.25386158503059e-01 3.22722213530436e+02 3.09594338110380e+02 4.36815216735115e+21 3.71946888689945e+20 3.59560065882480e+18 3.34819020755595e+17 1.06012800724124e+16 9.76161653113036e+20 2.18718896638972e+16 4.82536562497555e+10 5.42152348485630e+14 4.51987125260991e+17 1.36400240213913e+15 4.79293047156462e+21 5.54401037257130e+16 1.10983388865928e+12 2.93215660606760e+20 1.80976052562858e+15 3.15425365008112e+09 9.47128216323648e+12 
2.50375988667603e-01 3.22789735730867e+02 3.09641271468963e+02 4.37908762359506e+21 3.72886344557466e+20 3.62414827989242e+18 3.34123964616247e+17 1.06481133704665e+16 9.82183507328108e+20 2.20534359630793e+16 4.86698895608044e+10 5.33863954001652e+14 4.44750711938942e+17 1.37338280568556e+15 4.76312493821588e+21 5.50052975146885e+16 1.10128218911623e+12 3.23021497834582e+20 1.93946892425762e+15 3.49350436606577e+09 1.06988613119222e+13 
2.75365818832148e-01 3.22850520135287e+02 3.09682076509271e+02 4.39014634412902e+21 3.73873290840157e+20 3.65254708733525e+18 3.33661490436596e+17 1.06923359260771e+16 9.87343025249329e+20 2.22226115902746e+16 4.90538662159486e+10 5.26494257639206e+14 4.38333804629657e+17 1.38217034496504e+15 4.73383761333093e+21 5.45813234760090e+16 1.09335739886911e+12 3.52309119062399e+20 2.06585819216093e+15 3.83039021944671e+09 1.19478714580115e+13 
3.00355648996693e-01 3.22907071846934e+02 3.09719448008965e+02 4.40119237888541e+21 3.74878229524752e+20 3.68075873092176e+18 3.33326949694607e+17 1.07346253922310e+16 9.91983843681154e+20 2.23841550854940e+16 4.94187083130467e+10 5.19640044030282e+14 4.32502201368363e+17 1.39057686437641e+15 4.70505673967895e+21 5.41670562933343e+16 1.08585703521645e+12 3.81090282675363e+20 2.18890327869485e+15 4.16492832953856e+09 1.32154702849748e+13 
3.25345479161237e-01 3.22960654261842e+02 3.09754627205349e+02 4.41215897284568e+21 3.75884946319817e+20 3.70875252498870e+18 3.33069876355230e+17 1.07753618265632e+16 9.96284479810107e+20 2.25403878684713e+16 4.97708816604599e+10 5.13239991803502e+14 4.27094856955308e+17 1.39871474463558e+15 4.67677038148508e+21 5.37617445001238e+16 1.07866442473738e+12 4.09376925061468e+20 2.30873981121025e+15 4.49712331497058e+09 1.44990515144065e+13 
3.73898607250010e-01 3.23059534516277e+02 3.09788241227933e+02 4.43307631388195e+21 3.77819996142836e+20 3.76253797650710e+18 3.32676688849490e+17 1.08510135277868e+16 1.00410023654185e+21 2.28349242154424e+16 5.04356375422195e+10 5.01695415708407e+14 4.17395941979706e+17 1.41398918097526e+15 4.62317244156023e+21 5.29978337455560e+16 1.06533259397441e+12 4.62975402531038e+20 2.53258113457789e+15 5.13605046115733e+09 1.70308382085364e+13 
4.22451735338783e-01 3.23153012991125e+02 3.09850701052825e+02 4.45341644458386e+21 3.79714513545179e+20 3.81550620219263e+18 3.32369480544908e+17 1.09224447807667e+16 1.01140590199312e+21 2.31202814261717e+16 5.10820703812413e+10 4.91204176642110e+14 4.08603617997298e+17 1.42867465610972e+15 4.57131881001811e+21 5.22634338116405e+16 1.05271314819482e+12 5.14829553347889e+20 2.74514779034433e+15 5.76628198621070e+09 1.95989819942805e+13 
4.71004863427556e-01 3.23242449476242e+02 3.09910144298062e+02 4.47313926665433e+21 3.81557276608529e+20 3.86764634821022e+18 3.32101461166724e+17 1.09902116297199e+16 1.01837698810995e+21 2.33988189089332e+16 5.17164779397056e+10 4.81564099669780e+14 4.00532532345041e+17 1.44288120701069e+15 4.52113728494156e+21 5.15566734828915e+16 1.04067960605370e+12 5.65011580586916e+20 2.94716481706853e+15 6.38785280299047e+09 2.21902831847859e+13 
5.19557991516329e-01 3.23328396560238e+02 3.09967253669234e+02 4.49225018267353e+21 3.83345439982708e+20 3.91895753262920e+18 3.31856990618110e+17 1.10546755821291e+16 1.02507819608791e+21 2.36713941621300e+16 5.23410067764538e+10 4.72658879928324e+14 3.93073681250627e+17 1.45665641002166e+15 4.47255841061048e+21 5.08760515567607e+16 1.02917071560653e+12 6.13590940778543e+20 3.13933341617070e+15 7.00081427153678e+09 2.47936297407942e+13 
6.15645448624538e-01 3.23489132754071e+02 3.10022311379451e+02 4.52837350408159e+21 3.86730749541200e+20 4.01814144948456e+18 3.31429480316277e+17 1.11735495610564e+16 1.03762480234423e+21 2.41944091341313e+16 5.35500375449979e+10 4.56903471114265e+14 3.79851512717779e+17 1.48273804912108e+15 4.38083715368328e+21 4.96003906475828e+16 1.00779515885745e+12 7.05313114218878e+20 3.49334518668763e+15 8.18937477161763e+09 2.99497346316275e+13 
7.11732905732748e-01 3.23638281512530e+02 3.10125729068300e+02 4.56234958274564e+21 3.89922385159085e+20 4.11414901127696e+18 3.31067958729474e+17 1.12820939023617e+16 1.04928061707233e+21 2.46958984064433e+16 5.47229665361713e+10 4.43241227975581e+14 3.68371645975859e+17 1.50731746814163e+15 4.29468947142563e+21 4.84133125087750e+16 9.88123323955998e+11 7.91461656007165e+20 3.81580111398480e+15 9.34458856796739e+09 3.50594163901257e+13 
8.07820362840957e-01 3.23776950676420e+02 3.10222224329896e+02 4.59432057647381e+21 3.92933159140187e+20 4.20701182874545e+18 3.30760140167921e+17 1.13816997786038e+16 1.06013107141602e+21 2.51767553527066e+16 5.58607088211430e+10 4.31274411189572e+14 3.58291096169431e+17 1.53049408503219e+15 4.21372098677547e+21 4.73072089657522e+16 9.69970115008483e+11 8.72430947128876e+20 4.11043063686462e+15 1.04664481655102e+10 4.00784450587616e+13 
9.03907819949167e-01 3.23906093119405e+02 3.10312396072713e+02 4.62441854226121e+21 3.95774712737847e+20 4.29676940671785e+18 3.30496157881408e+17 1.14734338030044e+16 1.07025120286562e+21 2.56378313002570e+16 5.69641344153197e+10 4.20719646144441e+14 3.49368123310500e+17 1.55236023992942e+15 4.13756993550080e+21 4.62752778865799e+16 9.53177553660206e+11 9.48582755504931e+20 4.38037848980029e+15 1.15550596765165e+10 4.49766849206577e+13 
1.06742415913665e+00 3.24106158061360e+02 3.10396767191258e+02 4.67164460140387e+21 4.00248630003676e+20 4.44241602781441e+18 3.30126780920880e+17 1.16139232504066e+16 1.08596258723176e+21 2.63787056910880e+16 5.87638874185829e+10 4.05337000104920e+14 3.36307049712792e+17 1.58677037025045e+15 4.01820772683060e+21 4.46738016314376e+16 9.27365644930590e+11 1.06794614773791e+21 4.79032660970710e+15 1.33306501115266e+10 5.29668449041144e+13 
1.23094049832412e+00 3.24284227221641e+02 3.10528220124134e+02 4.71431853197012e+21 4.04308114857344e+20 4.57931781724104e+18 3.29836912643783e+17 1.17371742638760e+16 1.09999603403596e+21 2.70673986434306e+16 6.04674945420511e+10 3.92742951781158e+14 3.25517856253100e+17 1.61797654993660e+15 3.91046701319025e+21 4.32447601248797e+16 9.04578820629352e+11 1.17568792624737e+21 5.14698452587819e+15 1.50101585065690e+10 6.04898912231753e+13 
1.39445683751160e+00 3.24443274320555e+02 3.10646009419766e+02 4.75291816876405e+21 4.07995273993295e+20 4.70776873784185e+18 3.29605327591474e+17 1.18463408889231e+16 1.11257004804732e+21 2.77071831460310e+16 6.20778657018619e+10 3.82113573233761e+14 3.16372354413899e+17 1.64630104776294e+15 3.81309075781100e+21 4.19663898720520e+16 8.84360882291625e+11 1.27306514069059e+21 5.45925333558879e+15 1.65955728966867e+10 6.75044755651757e+13 
1.55797317669908e+00 3.24585659785341e+02 3.10751833568823e+02 4.78785087755173e+21 4.11345825819993e+20 4.82800573846203e+18 3.29418403050710e+17 1.19435526871478e+16 1.12386184051399e+21 2.83007691407762e+16 6.35967496922155e+10 3.73025485225842e+14 3.08476112494717e+17 1.67202113765595e+15 3.72501632859599e+21 4.08208232760639e+16 8.66369750302997e+11 1.36114043469486e+21 5.73350751690677e+15 1.80882041484943e+10 7.40248262892618e+13 
1.72148951588656e+00 3.24713195944304e+02 3.10847063487548e+02 4.81947839307849e+21 4.14390964909041e+20 4.94028854984070e+18 3.29266738604819e+17 1.20300326761676e+16 1.13401584741723e+21 2.88506729221242e+16 6.50259143083210e+10 3.65333551124314e+14 3.01730274640596e+17 1.69537733139544e+15 3.64531323671172e+21 3.97926706329678e+16 8.50313712618942e+11 1.44084430669972e+21 5.97554270084180e+15 1.94897677582385e+10 8.00451832944918e+13 
1.96694988735264e+00 3.24880415240983e+02 3.10932782905751e+02 4.86143800716701e+21 4.18448974332827e+20 5.09452589409225e+18 3.29089768608699e+17 1.21427602561324e+16 1.14738962512202e+21 2.95993814685609e+16 6.70070951055194e+10 3.55807261332081e+14 2.93323131220697e+17 1.72646729663728e+15 3.53962161397429e+21 3.84416159360003e+16 8.29334266446161e+11 1.54653696012609e+21 6.28777787460893e+15 2.14274524878833e+10 8.81925296369010e+13 
2.21241025881872e+00 3.25022968331928e+02 3.11045785418493e+02 4.89762000694017e+21 4.21966224199176e+20 5.23264377312058e+18 3.28955604975756e+17 1.22386849575746e+16 1.15884607131357e+21 3.02636565251838e+16 6.88002471275137e+10 3.48007453155169e+14 2.86360565209785e+17 1.75337917473530e+15 3.44851182031899e+21 3.72881440737270e+16 8.11512235839177e+11 1.63764763869349e+21 6.54916900052546e+15 2.31751426745678e+10 9.53573822520738e+13 
2.45787063028480e+00 3.25144686165293e+02 3.11142653577483e+02 4.92883963912534e+21 4.25015252553395e+20 5.35582319768854e+18 3.28852698100769e+17 1.23203769850818e+16 1.16867851216213e+21 3.08513798263214e+16 7.04155272713256e+10 3.41652927647971e+14 2.80613685768438e+17 1.77667702122760e+15 3.36991332444569e+21 3.63012182654678e+16 7.96320953858487e+11 1.71624689516989e+21 6.76920969972435e+15 2.47440190837251e+10 1.01630291863289e+14 
2.70333100175088e+00 3.25248789117166e+02 3.11225773634332e+02 4.95578744829659e+21 4.27658220172877e+20 5.46528986313842e+18 3.28773234438222e+17 1.23901620014258e+16 1.17712660649484e+21 3.13700609903959e+16 7.18642309550123e+10 3.36409218630267e+14 2.75837092662538e+17 1.79684570973628e+15 3.30207936827158e+21 3.54555784386116e+16 7.83342753718102e+11 1.78408150633092e+21 6.95505983976951e+15 2.61465248897504e+10 1.07111285658254e+14 
2.94879137321695e+00 3.25337945074147e+02 3.11297171035931e+02 4.97905321743800e+21 4.29948718088523e+20 5.56220905324054e+18 3.28710753487774e+17 1.24498838480923e+16 1.18439393881229e+21 3.18265479851271e+16 7.31577078094544e+10 3.32063479630284e+14 2.71837578738109e+17 1.81430033457261e+15 3.24351789214973e+21 3.47298476471918e+16 7.72224883784154e+11 1.84264354669537e+21 7.11279402632571e+15 2.73949096380374e+10 1.11882641393394e+14 
3.41893380745122e+00 3.25474610752635e+02 3.11358547925845e+02 5.01504594737477e+21 4.33508921791484e+20 5.71674516036247e+18 3.28624183441926e+17 1.25415322005264e+16 1.19559364033239e+21 3.25493143364001e+16 7.52421271792215e+10 3.25590914707319e+14 2.65824778380107e+17 1.84138341114377e+15 3.15292160253785e+21 3.36150155834598e+16 7.55175977547514e+11 1.93324070589771e+21 7.35182789099185e+15 2.93985894602232e+10 1.19337978858119e+14 
3.88907624168548e+00 3.25576772442486e+02 3.11453043548481e+02 5.04222672912415e+21 4.36211492950079e+20 5.83736235891839e+18 3.28566258726848e+17 1.26101155864517e+16 1.20401929852562e+21 3.31092315871348e+16 7.68885505041808e+10 3.20919801546478e+14 2.61424634184605e+17 1.86190410513416e+15 3.08450140707908e+21 3.27795034790370e+16 7.42417194614298e+11 2.00166155474295e+21 7.52837410937377e+15 3.09739547492754e+10 1.25023880496383e+14 
4.35921867591974e+00 3.25653488828480e+02 3.11524020046312e+02 5.06280386876004e+21 4.38265961987306e+20 5.93100282945097e+18 3.28526861299373e+17 1.26616634474725e+16 1.21037875878201e+21 3.35414154104754e+16 7.81791473429109e+10 3.17511520154527e+14 2.58185907958266e+17 1.87747662150599e+15 3.03270129834049e+21 3.21505496097575e+16 7.32820553775852e+11 2.05346215669257e+21 7.65982722263693e+15 3.22041833868902e+10 1.29359148670724e+14 
4.82936111015400e+00 3.25711246363356e+02 3.11577517299370e+02 5.07839001514595e+21 4.39827129129661e+20 6.00329105887058e+18 3.28499377999169e+17 1.27005205785803e+16 1.21518537202554e+21 3.38736196247624e+16 7.91828185451961e+10 3.14994750254877e+14 2.55776721011642e+17 1.88929366696309e+15 2.99346279943227e+21 3.16761743227269e+16 7.25585308208534e+11 2.09270102886607e+21 7.75816822722894e+15 3.31581294562093e+10 1.32659090848115e+14 
5.29950354438826e+00 3.25754765698596e+02 3.11617906914461e+02 5.09018771267018e+21 4.41011757346205e+20 6.05881029175127e+18 3.28479770298544e+17 1.27298332367427e+16 1.21881838787943e+21 3.41279370534588e+16 7.99580752893833e+10 3.13124577952506e+14 2.53973644609754e+17 1.89825126847953e+15 2.96375956508536e+21 3.13182479397981e+16 7.20126866287100e+11 2.12240454567031e+21 7.83191293379030e+15 3.38932967859341e+10 1.35165944631674e+14 
6.11393109818858e+00 3.25805812233980e+02 3.11648404555390e+02 5.10409039476416e+21 4.42411541928308e+20 6.12524795501890e+18 3.28457527099089e+17 1.27643044146330e+16 1.22309531005462e+21 3.44312164432678e+16 8.08920026447964e+10 3.10946267605070e+14 2.51862628458668e+17 1.90882080990761e+15 2.92875123559563e+21 3.08976357802374e+16 7.13707364665468e+11 2.15741320976319e+21 7.91817658130867e+15 3.47765098548446e+10 1.38125319211839e+14 
6.92835865198890e+00 3.25837206127480e+02 3.11684252857961e+02 5.11267254950395e+21 4.43277483257022e+20 6.16677885953316e+18 3.28444227279183e+17 1.27855422710704e+16 1.22573345214458e+21 3.46202849113478e+16 8.14789549108058e+10 3.09616704448138e+14 2.50566736993824e+17 1.91535358879361e+15 2.90713776821176e+21 3.06386416423962e+16 7.09752837841711e+11 2.17902688713115e+21 7.97105428737753e+15 3.53303585321366e+10 1.39955941823639e+14 
7.74278620578922e+00 3.25856831927120e+02 3.11706338535653e+02 5.11805198833872e+21 4.43820840631488e+20 6.19296670190767e+18 3.28436557695634e+17 1.27987947770568e+16 1.22738457047466e+21 3.47393343412998e+16 8.18500394832398e+10 3.08803878683259e+14 2.49773044961153e+17 1.91945123217210e+15 2.89359108902249e+21 3.04766016938383e+16 7.07281490609832e+11 2.19257370193467e+21 8.00397161910290e+15 3.56801436199754e+10 1.41108446878164e+14 
8.55721375958954e+00 3.25869143656593e+02 3.11720161108534e+02 5.12142979075948e+21 4.44162067807285e+20 6.20942465211542e+18 3.28432112350909e+17 1.28070871956414e+16 1.22841983531768e+21 3.48141430332480e+16 8.20829904213692e+10 3.08303001869637e+14 2.49283406636246e+17 1.92202518675867e+15 2.88508633528896e+21 3.03749989563953e+16 7.05734489444956e+11 2.20107854323497e+21 8.02453202375835e+15 3.58998576722165e+10 1.41834508910144e+14 
9.37164131338986e+00 3.25876789695659e+02 3.11728836508904e+02 5.12352794654110e+21 4.44374049430641e+20 6.21965802530414e+18 3.28429410719922e+17 1.28122366641791e+16 1.22906261484609e+21 3.48606562250600e+16 8.22276571474573e+10 3.07992255289642e+14 2.48977512186387e+17 1.92362463887548e+15 2.87980374274832e+21 3.03119412007669e+16 7.04775023455051e+11 2.20636119056559e+21 8.03726577145721e+15 3.60363982758054e+10 1.42286161486134e+14 
1.06708512454808e+01 3.25883085925133e+02 3.11734225395249e+02 5.12526077173288e+21 4.44549570309961e+20 6.22822601841743e+18 3.28426843897263e+17 1.28165161841578e+16 1.22959465962769e+21 3.48994671165577e+16 8.23501041550311e+10 3.07726982056493e+14 2.48716663643999e+17 1.92494582999646e+15 2.87543866377500e+21 3.02598266343621e+16 7.03977800380108e+11 2.21072631834488e+21 8.04784741335043e+15 3.61513969306340e+10 1.42656492933820e+14 
1.19700611775717e+01 3.25886035115218e+02 3.11738667728907e+02 5.12607275123530e+21 4.44631898040018e+20 6.23225717279942e+18 3.28425575360044e+17 1.28185250577672e+16 1.22984424292430e+21 3.49177092316685e+16 8.24080569600226e+10 3.07601693810984e+14 2.48593635629365e+17 1.92556510347087e+15 2.87339278171356e+21 3.02354052336825e+16 7.03603664719349e+11 2.21277222939424e+21 8.05281035081871e+15 3.62056542538194e+10 1.42829737413209e+14 
1.32692711096627e+01 3.25887591495717e+02 3.11740749067936e+02 5.12649980431454e+21 4.44674966850690e+20 6.23432123831655e+18 3.28425152973928e+17 1.28195598473849e+16 1.22997462859593e+21 3.49271155055188e+16 8.24367998612546e+10 3.07542932698312e+14 2.48536786145580e+17 1.92589063595287e+15 2.87231820207053e+21 3.02225916445901e+16 7.03409906962170e+11 2.21384682907556e+21 8.05537846529180e+15 3.62329872251495e+10 1.42922507095490e+14 
1.45684810417536e+01 3.25888419510965e+02 3.11741846043577e+02 5.12672549334700e+21 4.44697575290845e+20 6.23537437863466e+18 3.28425070995342e+17 1.28200969654059e+16 1.23004299868987e+21 3.49319577218675e+16 8.24510158636485e+10 3.07514946560673e+14 2.48509175778765e+17 1.92606270665042e+15 2.87175121845375e+21 3.02158464846865e+16 7.03309514985511e+11 2.21441382480359e+21 8.05670447576819e+15 3.62467117561608e+10 1.42972575435962e+14 
1.58676909738446e+01 3.25888803197479e+02 3.11742428325688e+02 5.12682948739480e+21 4.44707955059212e+20 6.23584981154210e+18 3.28425062849479e+17 1.28203435449447e+16 1.23007438682357e+21 3.49341556012835e+16 8.24574202044415e+10 3.07502298614632e+14 2.48495854592538e+17 1.92614206314280e+15 2.87149017399500e+21 3.02127472341777e+16 7.03263784423547e+11 2.21467487476395e+21 8.05730507770842e+15 3.62528820927909e+10 1.42995980595669e+14 
1.91656319898314e+01 3.25889164937125e+02 3.11742697671150e+02 5.12692583070808e+21 4.44717396691377e+20 6.23624571784148e+18 3.28425206835982e+17 1.28205594056901e+16 1.23010292632018e+21 3.49360410979853e+16 8.24621464881658e+10 3.07494674580131e+14 2.48487621863825e+17 1.92621550284134e+15 2.87124929567500e+21 3.02098955295501e+16 7.03223495154756e+11 2.21491575217873e+21 8.05783300377822e+15 3.62577136479772e+10 1.43018759951164e+14 
2.24635730058181e+01 3.25889114545415e+02 3.11742950127989e+02 5.12691253592166e+21 4.44716091121339e+20 6.23619117581302e+18 3.28425188750114e+17 1.28205288672142e+16 1.23009898026074e+21 3.49357813661556e+16 8.24614384895854e+10 3.07495979073248e+14 2.48489459705641e+17 1.92620532106525e+15 2.87128254068575e+21 3.02102866980466e+16 7.03228999815799e+11 2.21488249780342e+21 8.05776262273474e+15 3.62570282160502e+10 1.43015552056798e+14 
2.57615140218049e+01 3.25889060269292e+02 3.11742915045875e+02 5.12689892180731e+21 4.44714846462448e+20 6.23615775023368e+18 3.28425092631727e+17 1.28205045563900e+16 1.23009521900361e+21 3.49355907416064e+16 8.24613923360736e+10 3.07495049984690e+14 2.48488638642922e+17 1.92619499685152e+15 2.87131608522582e+21 3.02106806010137e+16 7.03233670470420e+11 2.21484894690521e+21 8.05770164773489e+15 3.62567987830090e+10 1.43011792165287e+14 
2.90594550377917e+01 3.25889054109404e+02 3.11742877902278e+02 5.12689740625819e+21 4.44714727266345e+20 6.23615756855284e+18 3.28425022395170e+17 1.28205054331397e+16 1.23009505716608e+21 3.49355762849076e+16 8.24616485646761e+10 3.07493839308442e+14 2.48488222564368e+17 1.92619358154334e+15 2.87131951875616e+21 3.02106929500579e+16 7.03233053330225e+11 2.21484551119748e+21 8.05771811969870e+15 3.62569182550907e+10 1.43010911449950e+14 
6.09158083510016e+01 3.25889062271689e+02 3.11742873799330e+02 5.12690003571486e+21 4.44715025839943e+20 6.23617990858839e+18 3.28425027010324e+17 1.28205123841746e+16 1.23009578261448e+21 3.49356724269246e+16 8.24619600377266e+10 3.07493225196963e+14 2.48486905312664e+17 1.92619589026524e+15 2.87131289600682e+21 3.02106406678889e+16 7.03232352589833e+11 2.21485213537983e+21 8.05771991896763e+15 3.62572140138199e+10 1.43011542318247e+14 
9.27721616642115e+01 3.25889063016210e+02 3.11742879826774e+02 5.12690065692348e+21 4.44715102835108e+20 6.23618691836262e+18 3.28425032918234e+17 1.28205125012398e+16 1.23009596108275e+21 3.49357004184468e+16 8.24620186592944e+10 3.07493645767010e+14 2.48487557926225e+17 1.92619634418200e+15 2.87131130623717e+21 3.02106215805091e+16 7.03232039411096e+11 2.21485373031396e+21 8.05772386042652e+15 3.62572960756699e+10 1.43011703742547e+14 
1.24628514977421e+02 3.25889062980496e+02 3.11742880652985e+02 5.12690046030681e+21 4.44715077791523e+20 6.23618434693256e+18 3.28425030002863e+17 1.28205129755186e+16 1.23009591297477e+21 3.49356900511458e+16 8.24619613844991e+10 3.07493337664672e+14 2.48486995282407e+17 1.92619619680761e+15 2.87131180414205e+21 3.02106260822137e+16 7.03232128409445e+11 2.21485323580803e+21 8.05772266913242e+15 3.62572549110923e+10 1.43011687462541e+14 
2.24628514977421e+02 3.25889063529254e+02 3.11742880495625e+02 5.12690050954140e+21 4.44715075566057e+20 6.23618270913386e+18 3.28425031066994e+17 1.28205128680513e+16 1.23009592400693e+21 3.49356847437381e+16 8.24619270783165e+10 3.07493403657693e+14 2.48487118635053e+17 1.92619621428985e+15 2.87131169982174e+21 3.02106236908087e+16 7.03232118277577e+11 2.21485334108123e+21 8.05772354587777e+15 3.62572262144268e+10 1.43011692072741e+14 
3.24628514977421e+02 3.25889063635419e+02 3.11742880805285e+02 5.12690052994710e+21 4.44715076768223e+20 6.23618258421685e+18 3.28425030861172e+17 1.28205128682100e+16 1.23009593088380e+21 3.49356844426935e+16 8.24619246871635e+10 3.07493417833424e+14 2.48487186904439e+17 1.92619622505291e+15 2.87131164813100e+21 3.02106227676526e+16 7.03232103845077e+11 2.21485339117653e+21 8.05772393188016e+15 3.62572235984704e+10 1.43011689665125e+14 
4.24628514977421e+02 3.25889063602793e+02 3.11742880873955e+02 5.12690053468168e+21 4.44715077861728e+20 6.23618277068960e+18 3.28425030868321e+17 1.28205128621127e+16 1.23009593268434e+21 3.49356850414357e+16 8.24619301507349e+10 3.07493424402774e+14 2.48487188539383e+17 1.92619622860849e+15 2.87131163367787e+21 3.02106225667490e+16 7.03232097307058e+11 2.21485340499480e+21 8.05772398359968e+15 3.62572274637608e+10 1.43011690983110e+14 
5.24628514977421e+02 3.25889063591177e+02 3.11742880861288e+02 5.12690053493258e+21 4.44715078097985e+20 6.23618282652317e+18 3.28425030754092e+17 1.28205128650469e+16 1.23009593324264e+21 3.49356851987329e+16 8.24619324561843e+10 3.07493424065243e+14 2.48487200818712e+17 1.92619622866206e+15 2.87131163197066e+21 3.02106225186441e+16 7.03232094314420e+11 2.21485340679012e+21 8.05772402311486e+15 3.62572290097033e+10 1.43011689881549e+14 
6.24628514977421e+02 3.25889063596585e+02 3.11742880855843e+02 5.12690053590812e+21 4.44715078145047e+20 6.23618281811371e+18 3.28425030784585e+17 1.28205128636484e+16 1.23009593345497e+21 3.49356851741391e+16 8.24619323014212e+10 3.07493425215502e+14 2.48487197042218e+17 1.92619622922451e+15 2.87131162982473e+21 3.02106224840386e+16 7.03232094044392e+11 2.21485340909591e+21 8.05772402960106e+15 3.62572288949612e+10 1.43011690299013e+14 
7.24628514977421e+02 3.25889063598334e+02 3.11742880859217e+02 5.12690053565221e+21 4.44715078090942e+20 6.23618280932292e+18 3.28425030772675e+17 1.28205128643036e+16 1.23009593338655e+21 3.49356851496620e+16 8.24619318379327e+10 3.07493424756005e+14 2.48487200312624e+17 1.92619622903981e+15 2.87131163053646e+21 3.02106224946712e+16 7.03232094399880e+11 2.21485340842879e+21 8.05772402967699e+15 3.62572286181961e+10 1.43011690061674e+14 
8.24628514977421e+02 3.25889063599379e+02 3.11742880859914e+02 5.12690053593357e+21 4.44715078110706e+20 6.23618280847973e+18 3.28425030776555e+17 1.28205128639771e+16 1.23009593346608e+21 3.49356851489410e+16 8.24619316995987e+10 3.07493425069184e+14 2.48487198561802e+17 1.92619622919268e+15 2.87131162985772e+21 3.02106224828422e+16 7.03232094288111e+11 2.21485340909485e+21 8.05772403315817e+15 3.62572285510153e+10 1.43011690126947e+14 
9.24628514977421e+02 3.25889063598669e+02 3.11742880860638e+02 5.12690053577793e+21 4.44715078100898e+20 6.23618280923732e+18 3.28425030775538e+17 1.28205128641156e+16 1.23009593341930e+21 3.49356851504524e+16 8.24619317335262e+10 3.07493424909627e+14 2.48487199728753e+17 1.92619622911175e+15 2.87131163021954e+21 3.02106224893580e+16 7.03232094374177e+11 2.21485340872273e+21 8.05772403087652e+15 3.62572285731217e+10 1.43011690108072e+14 
1.00000000000000e+03 3.25889063598784e+02 3.11742880860172e+02 5.12690053582995e+21 4.44715078105937e+20 6.23618280944949e+18 3.28425030775136e+17 1.28205128640719e+16 1.23009593343817e+21 3.49356851511051e+16 8.24619317697593e+10 3.07493424965260e+14 2.48487199345293e+17 1.92619622913851e+15 2.87131163008520e+21 3.02106224868645e+16 7.03232094312963e+11 2.21485340885589e+21 8.05772403188191e+15 3.62572285889254e+10 1.43011690107309e+14 
